Iteracja nr: 71
( 0,9215043931951825 -1,0643107238510665 -2,0145198826849517 1,9280699991907713 1,8857269698335117 0,9691808415477081 1,0271272728356768 2,010027887012216 -0,947202941203348 1,9648121118860105 1,4034254224593898 1,035061026439406 1,0439074204732937 0,007378645754151749 -0,9676888670191572 -0,1348405390289167 ), 56,13773240392243
( 0,9214428081413422 -1,0642530330436584 -2,014479457452662 1,9281341862278698 1,8856899193955308 0,9692770385275169 1,0271422011074143 2,0100572641040753 -0,9471783327289942 1,9648257742792279 1,4034593709901344 1,0350500851765205 1,0438732546028393 0,0073366132887243375 -0,9676617986442679 -0,13484776172020196 ), 56,13773580890009
( 0,9214787911131588 -1,0642808138761812 -2,014522977226669 1,9280890951071796 1,8857152532245092 0,9692066034974529 1,0271351123459578 2,0100338733583056 -0,947190099557684 1,9648204175792525 1,4034302290692904 1,035069351379972 1,0438984720570283 0,007377841904034974 -0,967670315090157 -0,13483796668663095 ), 56,137740067878624
( 0,9215031559396244 -1,0644162549657983 -2,014326103302822 1,928140384369333 1,885756131159851 0,9691639887925789 1,0270332148340071 2,010032938282616 -0,9470192946033827 1,9648168452400054 1,4034365982669954 1,035043471658559 1,0439722350192253 0,007468318141100505 -0,9677663263676761 -0,13482505740116754 ), 56,13774112821925
( 0,9215389761693649 -1,0643470963072705 -2,0145509587298633 1,9280306548990296 1,885758044529741 0,9691009373377037 1,0271093839436367 2,0100017969367046 -0,9471884978721566 1,964809705150546 1,4033924796842754 1,0350865160765168 1,0439439944517075 0,007441902763934636 -0,967702168950049 -0,13482521034810988 ), 56,13774410421533
( 0,9216274618928856 -1,0644707366531656 -2,0145480948942716 1,9279624516701765 1,8858306433930698 0,9689385259293121 1,0270476456495798 2,009955212598381 -0,9471375840367314 1,9647970975480942 1,4033386662700542 1,0351109527236386 1,044029666386363 0,007563985365835089 -0,967768052269216 -0,13480129909572797 ), 56,13775817285227
( 0,9214278904719436 -1,064269073070107 -2,0144375519034328 1,928158530875748 1,885701985605745 0,9692558286781934 1,0271101336447463 2,0100499545351145 -0,9470891638883636 1,9648365344961165 1,4034477620063002 1,035071996294566 1,0439053247237606 0,00740598658655275 -0,9676692871351535 -0,13482878193754888 ), 56,13776584966398
( 0,9214826051429901 -1,0643176361219044 -2,0144857653289225 1,928097072089423 1,885738539702752 0,9691589887471935 1,027096425221732 2,0100191755743446 -0,9471054773963709 1,9648267718044121 1,403410651232035 1,0350916468424725 1,0439411284721745 0,007458237575907671 -0,967689130355333 -0,1348177149667875 ), 56,13776655443628
( 0,9215307612609913 -1,0643860485092507 -2,0144707916225895 1,928063965179124 1,8857714885395447 0,9690873168776293 1,0270659370551194 2,0100002106140082 -0,9470909936065959 1,9648157563734037 1,4033908104397486 1,0350905794028131 1,0439777983993863 0,007500188644156423 -0,9677288494074469 -0,13481185753840483 ), 56,13776689802218
( 0,9215317914656622 -1,0643673631724826 -2,0145136730469164 1,9280478620185568 1,8857705543197834 0,9690786999148762 1,0270805583226583 2,009994884935175 -0,9471160704310994 1,9648169863328875 1,4033824295944737 1,0351024206870836 1,0439726430973322 0,0074995235841332115 -0,967712973083604 -0,13481014049413945 ), 56,13776871965747
( 0,9215816855877135 -1,064514392911642 -2,014344026265221 1,928070326910961 1,8858166159502565 0,9690194336571013 1,0269882715854848 2,00998969031564 -0,9469935707265453 1,964803971769301 1,4033857630113562 1,03506733909271 1,0440412847951925 0,007568020529320187 -0,9678154458618358 -0,13480479692877956 ), 56,1377706590598
( 0,9214657212505516 -1,0643518912098349 -2,014392152482578 1,9281438771598323 1,8857471005141597 0,9691632758474888 1,0270530928733865 2,0100241398125793 -0,9470016227062349 1,9648351468844434 1,403417316285529 1,0350908998432886 1,0439702606256527 0,007508107739583754 -0,9677157443382405 -0,13480675227053387 ), 56,13777924215252
( 0,9215265406267783 -1,064376161869337 -2,0144956648160024 1,9280577708940307 1,8857771612730718 0,9690670509126705 1,0270656009970642 2,0099910840788824 -0,9470760183933083 1,9648218085151374 1,4033766513503791 1,035112665054656 1,0439881515861866 0,007532077832692526 -0,9677172604651055 -0,1348014265620243 ), 56,1377822535746
( 0,9215047253096856 -1,064460387482823 -2,0142749729754197 1,9281561184329634 1,8857835772917002 0,9691123692399997 1,0269852642433939 2,0100176552983453 -0,9469118488402903 1,964826072597574 1,4034161207721687 1,0350692624834121 1,0440235201768802 0,007564712295468551 -0,9677900986122535 -0,13480105385380253 ), 56,13778335538426
( 0,9215133537920924 -1,0643305111687242 -2,014548757489121 1,9280489907867648 1,8857607245304355 0,969090477805617 1,027097557973579 2,009994726179818 -0,9471256158532463 1,9648236641620798 1,403378833121964 1,0351178558888467 1,0439619659664332 0,007498790951159795 -0,9676864748276508 -0,13480661755188322 ), 56,13778342281162
( 0,9215282639018125 -1,0644142613229766 -2,0144265365479463 1,9280813274237496 1,8857859376849149 0,9690650095260368 1,0270345901079752 2,009994554003714 -0,9470200115054058 1,9648216068821323 1,4033833272316238 1,035101513737198 1,044007378015479 0,007554137792162307 -0,9677460675489292 -0,13479886979836955 ), 56,137784324192694
( 0,9215355078184029 -1,06452161688281 -2,0142265936114097 1,9281498462093403 1,885805490047 0,9690763177949488 1,026953282456808 2,010011422076986 -0,9468828407305394 1,9648178206040425 1,4034126472216564 1,0350561824391973 1,0440505941970364 0,00758878307781493 -0,9678308891704601 -0,13480007928314555 ), 56,13778699717341
( 0,9215007027291905 -1,0644063426748238 -2,014381324769068 1,9281194466830613 1,885777419184309 0,9690960912928315 1,0270233595589333 2,010004985626756 -0,9469709276680273 1,9648300847981817 1,403395229813366 1,0351005430987985 1,0440081772678103 0,00756298384311534 -0,9677453122117388 -0,13479576503643678 ), 56,13779144309558
( 0,9215011416067954 -1,064368075466222 -2,01446036986004 1,9280903672461107 1,8857719690404724 0,9690876071209724 1,027054006535804 2,0099974440002137 -0,9470252551150401 1,9648311341794193 1,4033828434444302 1,035118312357692 1,04399319284376 0,007551245051835892 -0,9677143904441369 -0,13479521139626363 ), 56,13779174320064
( 0,921570751833131 -1,0645224078827653 -2,014315956003977 1,9280883732534893 1,8858221740379355 0,9690128017072881 1,0269699498147653 2,0099876000110033 -0,9469408634261473 1,9648108468856527 1,4033818243921323 1,0350782499077902 1,0440582309890256 0,007604936875070522 -0,9678199629880929 -0,13479478620472926 ), 56,13779243341631
( 0,9214159074262898 -1,064237338149832 -2,014491088668608 1,9281469023323943 1,8857030219675615 0,9692363830713707 1,0271213828672678 2,0100382748742747 -0,9470852744252232 1,96484551772831 1,4034282728026404 1,0351051184893882 1,0439098834237421 0,007438819119453864 -0,9676407532268538 -0,13481569205781224 ), 56,13779555090471
( 0,9214964381946464 -1,0644620986039468 -2,014260129627356 1,9281676980479963 1,8857857451608686 0,9691107294963732 1,026975845292985 2,0100169412332645 -0,9468814857408531 1,9648307116594559 1,4034142350085623 1,0350762984614672 1,044032240550933 0,007585408448793078 -0,9677908688864256 -0,13479519404757626 ), 56,13779639701791
( 0,921559685049627 -1,0645075839801834 -2,0143239590468864 1,928093859383016 1,8858184288563469 0,9690185596422958 1,0269736838186987 2,0099878286804302 -0,9469339425426421 1,9648152730204236 1,4033804025240004 1,035086454685757 1,0440564011273743 0,007610872086180757 -0,967809414886892 -0,13479157369779823 ), 56,137798241964646
( 0,9215124717721421 -1,064342159598938 -2,0145430435117526 1,928051090622425 1,8857738833336546 0,9690609948773751 1,0270799516459488 2,009984494288406 -0,9470796932274093 1,9648299385710115 1,4033642268984963 1,0351381873605878 1,0439859564486815 0,007549724134708557 -0,9676896837619405 -0,13479277361564004 ), 56,13780080811706
( 0,9215023732234459 -1,0643927212303799 -2,01442115744415 1,9281026677397028 1,885780624239275 0,9690765229410251 1,0270317967949008 2,009995745896418 -0,9469816668307837 1,964832326401372 1,4033814584529716 1,035118182943363 1,0440108648803246 0,007578512623894387 -0,9677310264546174 -0,13478959335747387 ), 56,137805855139035
( 0,9214743077576111 -1,0643861053725474 -2,0143645670281645 1,9281456376259343 1,8857677338435235 0,9691210788588844 1,027022192597669 2,010011576407912 -0,9469402346254389 1,9648385278304428 1,4034012334965904 1,035106680517337 1,0440048918514688 0,007570027490106582 -0,9677338708987242 -0,13479177657808594 ), 56,13780644035026
( 0,9215127916455595 -1,0644407332548114 -2,0143535376804875 1,9281195850022428 1,885794692786384 0,9690635397196605 1,026997738763525 2,0099964732367996 -0,9469279374219159 1,9648303582814974 1,4033854056427686 1,0351066144451169 1,0440347827335712 0,007604709592765043 -0,9677656653017236 -0,13478688095342103 ), 56,13780645221448
( 0,9215263817833992 -1,0644082200683922 -2,0144496155874165 1,9280732802266645 1,885793172735936 0,9690404368072773 1,0270321890404317 2,009984111274916 -0,947003282058537 1,9648268113719274 1,4033676857609507 1,0351235747754401 1,0440198920818955 0,007588896084320952 -0,9677365357697029 -0,13478785437318727 ), 56,13780686932239
( 0,9215150446471307 -1,0644026654531673 -2,0144366516980994 1,9280867784343558 1,8857898713166572 0,9690510341547451 1,0270289969059552 2,009987273476659 -0,9469849311227568 1,9648306240807192 1,40337085411569 1,035125506088849 1,0440202686505304 0,007594176275679766 -0,9677340281638618 -0,13478583329880423 ), 56,1378113440185
( 0,9215073733719537 -1,064451377233069 -2,0143193028918103 1,928135910676411 1,8857944565187008 0,9690723538567736 1,026985921262738 2,01000085042786 -0,9469017038489258 1,9648313180377301 1,4033916202689984 1,0351003616652272 1,0440393683112514 0,007609484192302448 -0,9677753100986747 -0,13478658758446638 ), 56,13781371009266
( 0,9215199797757037 -1,0644645847562078 -2,014324577733487 1,9281240277869394 1,8858021865451169 0,9690534332254067 1,0269818560205493 2,0099953258369654 -0,9469050767564923 1,964828506427779 1,4033854271100692 1,0351016958255286 1,0440467201878525 0,007617993122575168 -0,967782098379885 -0,13478531164683047 ), 56,13781450074819
( 0,9215376017453705 -1,0644794205042867 -2,0143392926109684 1,9281046619677986 1,8858124177708002 0,9690261927812385 1,0269790505465428 2,0099868743413145 -0,9469148827323383 1,9648246306350605 1,4033755761212596 1,035105204066144 1,0440555546094783 0,007628754067620984 -0,9677886455390738 -0,13478346865682894 ), 56,137816394701346
( 0,9213984232052805 -1,0642462531327488 -2,014461284923869 1,9281703160596513 1,8857155563678543 0,9692136444759588 1,027092476878782 2,0100298243948225 -0,9469966919568206 1,9648590306411398 1,403414353980937 1,035133460567921 1,0439422624744852 0,007513129535273029 -0,9676426977722763 -0,1347947975725346 ), 56,13782361468185
( 0,9215147852061747 -1,0644263185338645 -2,0143958970534728 1,928101152767513 1,8857978956865213 0,9690424118694659 1,027006811538572 2,0099864493119775 -0,9469399861486388 1,9648323666892782 1,4033705239960979 1,0351251218480266 1,0440374304954598 0,007620815452265515 -0,9677503973938945 -0,13478037081506575 ), 56,13782498088858
( 0,9214964526995678 -1,0644571072811881 -2,014298366041117 1,9281516548633626 1,8858011787492457 0,9690617753674458 1,0269685702424542 2,0099970461447976 -0,946849019888912 1,9648392134299317 1,403385071900448 1,035115321997776 1,044057670440198 0,0076510376491416955 -0,9677773807288793 -0,13477502697521396 ), 56,13783744486571
( 0,9215989406951809 -1,0645321697587167 -2,01439862990512 1,9280337102509726 1,8858542068000983 0,9689141570188897 1,026964292054805 2,0099508119895573 -0,9469329566455467 1,964814287233507 1,4033316403817822 1,0351304121911018 1,0440968192437798 0,007691200111107459 -0,9678089091561974 -0,1347697243762772 ), 56,13784605080406
( 0,9215357622045208 -1,0645160089257362 -2,0142796900040683 1,928127229922167 1,8858284432820016 0,9690046225818645 1,026941407023938 2,009982483934678 -0,9468333529041019 1,9648301806366024 1,4033703165384324 1,035112660379663 1,0440885252222303 0,007685443416322385 -0,9678124544648906 -0,1347705645680807 ), 56,13784910412076
( 0,9216682502408329 -1,0645851661100685 -2,0144458927071835 1,9279615353067203 1,8858809812095576 0,968840502746393 1,0269657520293636 2,0099299185112853 -0,9470085656328197 1,964792081687583 1,403310761306943 1,0351191033619291 1,0441088498286324 0,007681891604328403 -0,9678369266679216 -0,13477710528185036 ), 56,137849309195445
( 0,9214973944848046 -1,0643949121380656 -2,0144373195654555 1,9280989113316542 1,8857980118146929 0,969029580309513 1,0270143288607754 2,0099773794907456 -0,9469233939522939 1,9648434914529675 1,4033542169363409 1,0351576313399184 1,0440432433954916 0,007656555098574896 -0,9677233815940556 -0,134766647458989 ), 56,137851243777604
( 0,9215170333333614 -1,064534710089858 -2,014187138552916 1,928175835789153 1,885818704399243 0,9690513715950643 1,0269195642020519 2,010002199970875 -0,9467839211917803 1,9648310668748172 1,4033977507986866 1,0350845401412878 1,044086256915391 0,007669085548112825 -0,9678352926322171 -0,1347775793511933 ), 56,13785408257404
( 0,9215778929318268 -1,0645467206850976 -2,014325211246864 1,9280765721380995 1,8858524786851445 0,9689366094883152 1,0269380741105663 2,0099605050580722 -0,9468622612840027 1,9648209915275607 1,4033440340018355 1,03512431213856 1,0441085635118352 0,007711837838024932 -0,9678238053266544 -0,13476536142400336 ), 56,137862444135564
( 0,9215183342259309 -1,0644956004075548 -2,014285163830367 1,9281380257261398 1,8858222153842708 0,9690154830334972 1,0269452752922168 2,0099837700704644 -0,9468197049385852 1,9648364692211262 1,403369567258361 1,035122943993133 1,0440858130396817 0,0076934921577017056 -0,9677983466830596 -0,13476611441548028 ), 56,13786334399671
( 0,9214697519367687 -1,064373806815255 -2,01441914363089 1,9281264334150827 1,8857875883414572 0,9690562854347157 1,0270131706820382 2,0099844689911848 -0,9468916748865857 1,9648521124727092 1,4033607896920275 1,0351634974157362 1,0440394415516918 0,007663059931946832 -0,9677115381645836 -0,13476270939768434 ), 56,13786774630995
( 0,9215487927218189 -1,064408994365407 -2,0145417284605687 1,9280193391841656 1,8858246194078419 0,9689398696309262 1,0270283747001665 2,0099453508419587 -0,9469896750785786 1,9648333895596026 1,403313666711374 1,0351841528453067 1,0440596868518754 0,007684397871463727 -0,9677180318347544 -0,1347591363874527 ), 56,13787179538484
( 0,9215397079463394 -1,0645286023419964 -2,014274196918168 1,9281248388812784 1,8858378395877338 0,9689824335512912 1,026929229735387 2,0099751568737676 -0,9468081127119797 1,9648318247321659 1,403360574949686 1,0351226342145232 1,0441041501472006 0,00771543239512251 -0,9678177530106801 -0,1347628050108428 ), 56,1378747475065
( 0,9216243808762917 -1,064570073906633 -2,0143957921792066 1,9280137969353237 1,8858768838283995 0,9688619585269311 1,0269433284515594 2,009935337375513 -0,946910677016274 1,9648110372432013 1,4033132754787976 1,0351403598342128 1,0441253290420254 0,007734585501656684 -0,9678284227727318 -0,13476048075604763 ), 56,13787518212983
( 0,9215414919193637 -1,0645201579958161 -2,0143001464537305 1,9281134798670427 1,8858397965780371 0,9689702003419927 1,0269351148397174 2,009969425591514 -0,946817010915214 1,964832892069174 1,4033521108441804 1,0351331302562028 1,0441052908817294 0,007723707191600128 -0,9678089050448266 -0,134759380576411 ), 56,13788089880789
( 0,9215555010242507 -1,0645155796536312 -2,0143489318761607 1,928084481968499 1,8858477041644277 0,9689390717830364 1,0269444410125161 2,0099571965216905 -0,9468425296248555 1,9648314913176415 1,4033356244155648 1,0351482540175774 1,0441094885852011 0,007735981030123955 -0,9677997493361484 -0,13475509350259207 ), 56,13788452231168
( 0,9215290522349356 -1,0646212275034583 -2,014060094666436 1,928212266325653 1,8858478440864024 0,9690184141765826 1,0268498135593096 2,0099993917948638 -0,9466582380807667 1,9648322422602726 1,4033981613737163 1,0350756827096577 1,044140078120434 0,007743187742851403 -0,9678955381060367 -0,13476465688411912 ), 56,137919844300754
( 0,9216260002171602 -1,0646980062635294 -2,014156193910326 1,9280987993429992 1,8859062732387308 0,9688570349411472 1,0268358322639421 2,009947607848078 -0,9467110054040907 1,9648121541571653 1,4033361406742413 1,0351045491918096 1,0441922166874547 0,007814627574156113 -0,9679253970891052 -0,13475016570910783 ), 56,13795590040593
Liczba wywołań funkcji celu: 7322
