Iteracja nr: 10
( 0,9612402687641054 -1,1119429199922624 -1,9383033351666756 1,905030443198713 1,8906972816597105 0,9706551693916112 1,0359219918433165 2,0162606774027703 -1,0450082516349832 2,0440820052550395 1,4426224943664152 1,0749086813747382 1,0522013716368899 -0,039488148232070676 -1,0334317807139801 -0,17607935453677226 ), 63,501077275377284
( 0,9540470797523618 -1,1043639594469001 -1,896157459739565 1,9102552187718278 1,8884915300106397 0,9361707623505068 1,0305210900181645 2,004052423417398 -1,0046310827095133 2,0432309382630365 1,4339761766489512 1,0461789971896382 1,0813906046915056 -0,028573832290097606 -1,0513097330709125 -0,16633627502875828 ), 63,68328806986223
( 0,9554847276166056 -1,1091779692371215 -1,900908608799233 1,9135626381908268 1,8916408268748914 0,957097509115922 1,032289920531874 1,9979809412655876 -1,0112044019350295 2,0451831279559096 1,4407417524275452 1,0570990566070542 1,0643774744222112 -0,028095885122623874 -1,054802230429559 -0,1772315064580921 ), 63,77240966679648
( 0,9382898895490995 -1,088218873086659 -1,9087826510826096 1,917766126326688 1,8864518127754635 0,9834741621712213 1,0374175425523333 2,008097033183131 -1,0320713278092695 2,062464495067589 1,4475815196466626 1,0737363250932113 1,0585408635494666 -0,03190415348116542 -1,0464536781493874 -0,17940212126249305 ), 63,98607245867163
( 0,9467512161900243 -1,096325852713139 -1,943707484355505 1,9195053376898663 1,9032868634299198 0,9928142769550371 1,0361205277151608 2,0230901220069084 -1,0504750726695031 2,071051882342923 1,453278154214091 1,0879325928538361 1,06298318460151 -0,025555890289187793 -1,0489293452957293 -0,18023570605633868 ), 64,01229387376017
( 0,9434067702111032 -1,0962143860678033 -1,8985502681746578 1,9062609877013283 1,8787397936498658 0,9659229967310148 1,036661406240856 2,001753120458607 -1,0246158299167991 2,0437037664559305 1,438911319216799 1,0675943545180684 1,0539051323441564 -0,035157721622353096 -1,0389191510296067 -0,1773631638121053 ), 64,06251148382263
( 0,9378955885478139 -1,0876689471878611 -1,8880482991117775 1,9186890530280494 1,8790554911607422 0,9761392359881533 1,0373427895706484 2,002866196642149 -1,018615528281072 2,054874801885845 1,4463147027268757 1,0641021605040049 1,0577883750600925 -0,037363216143489975 -1,046724122303357 -0,17955036378853934 ), 64,36279242021948
( 0,9509125418435663 -1,0892713499076165 -1,9011760934240258 1,9551093487955005 1,9074167186057225 1,0120125248012886 1,044646268452009 2,0319251709577872 -1,0068942280221855 2,08025302010225 1,4773734336318936 1,054195165214103 1,0651431487521053 -0,05226287878679496 -1,0639226736606997 -0,1878696036841205 ), 64,40327524367966
( 0,917966044846401 -1,0839063663592987 -1,8415763858559848 1,9026872566472819 1,835700937211516 0,9505028395563823 1,0185985144143734 1,9876403566533998 -0,9693642672909705 1,9993113384598773 1,4049463649341727 1,0326686436516705 1,0454736112617442 -0,0366673987892781 -1,0029178175351252 -0,15259793740845484 ), 64,44122777614844
( 0,9768939518393807 -1,1367680296981575 -1,9092473353038635 1,927366018908242 1,8974112429480166 0,9669975936553642 1,020764231807465 2,010506982185233 -1,0231797207638502 2,0548406492311573 1,4575845945901682 1,045736573144251 1,0638615740906674 -0,04287625696259072 -1,0593518747439228 -0,17674173567191415 ), 64,51256567571986
( 0,9858968645456997 -1,1421847790342579 -1,924492530687047 1,9361939593658992 1,9171262076442697 0,9615642173745561 1,0233823407780156 2,01279509749792 -1,007980713751666 2,0614763435241246 1,4584471149101188 1,0457727215986157 1,0776561668215041 -0,029661930619042473 -1,0794532881925842 -0,17901916596511017 ), 64,53115694343792
( 0,9310704807041675 -1,0729653061466957 -1,9210740412342528 1,9180405460019971 1,8886545451305483 0,991978719075512 1,0497186904108649 2,011885792448558 -1,0433460528957879 2,063206216126851 1,4531322746428756 1,0922744787080814 1,051288539030866 -0,030269212953825415 -1,0452667872874033 -0,18628113913117786 ), 64,54849130327007
( 0,9469884337924768 -1,100539297542317 -1,9086139955983201 1,9357313113420964 1,883350580585389 0,9978527983516305 1,0410912502355496 2,0062367436442665 -1,020194611883387 2,071997297867451 1,4571769034956186 1,060974210395509 1,0517589390350846 -0,04761036185369581 -1,0484533491454229 -0,18801185539720638 ), 64,57371364144419
( 0,9384518240667185 -1,084294668976721 -1,8953899631387985 1,9295293104393825 1,8878510618960935 0,9865665897870021 1,0448566641646624 2,007806095141169 -1,0202382458327646 2,0689877399169863 1,4584686095668797 1,0648414219726918 1,0592602766924104 -0,0408718340124809 -1,0544071740586731 -0,18407975879580835 ), 64,5826531293849
( 0,9386819335238077 -1,0884159214247147 -1,8910327774061062 1,921471705173418 1,8810481364283689 0,9769020956842164 1,040881651637914 2,000941865429273 -1,0213698509553282 2,061276791096976 1,4511601451229026 1,0637337048315485 1,0571107048012238 -0,03887489415294638 -1,0503955455898373 -0,18129214696426166 ), 64,62954780351636
( 0,9435637799071707 -1,0934024454346363 -1,8974659665707672 1,9253748059983873 1,8864291641687754 0,9793484534120467 1,0408022812695015 2,0042914264690515 -1,0242973761235943 2,0658400491282145 1,4560396762870116 1,0639118908652587 1,0588978181923159 -0,03963179835898359 -1,0546614236915 -0,18259491398564848 ), 64,65332240182522
( 0,938380293039745 -1,0884363708062263 -1,889212368954792 1,9217313362562534 1,8804853867801432 0,9765833803506427 1,0406534292385896 2,0001796349669436 -1,0202335741151956 2,0610473357606915 1,4509925839280475 1,0628562955839451 1,0571029309801039 -0,038847820660049735 -1,0506095208802944 -0,18123675669679964 ), 64,66979547491388
( 0,9507156582631899 -1,1005994615169254 -1,9209664564767566 1,9386250539411145 1,904548760920962 0,997640341256727 1,036869895719304 2,0136283418023737 -1,0359669441752561 2,075829888818684 1,4717960005464419 1,0780964965593463 1,0561145214258614 -0,031229858509623162 -1,065674666515614 -0,19056603089025081 ), 64,74684410583518
( 0,9565780919688778 -1,1087129144691383 -1,9065835076463413 1,9328221226114122 1,8929947346671228 0,9821062076029237 1,0351494088454622 2,0090470120636166 -1,0285974891635783 2,0712926546797044 1,4641517522415504 1,0592967852496555 1,060336911182875 -0,04312473247842727 -1,0596589621989547 -0,18349143431713874 ), 64,75584338061512
( 0,956440937532939 -1,1080982518291806 -1,908872025280616 1,9346588078042206 1,8944474102229314 0,9847509627362132 1,0380095371395102 2,012417813394601 -1,0307144208334522 2,0729035078453517 1,4652274700812367 1,0620500657379182 1,0609982590553995 -0,04320708165225644 -1,0612781520173054 -0,184920169083159 ), 64,92216708149175
( 0,9775190655935148 -1,131890177251634 -1,9075617281021744 1,9363314647590575 1,88980878735792 0,9821386242960378 1,02354109341396 2,0153901636242146 -1,031477109230893 2,061143948027717 1,460587356566597 1,0466880968272305 1,0584241082601404 -0,053833271008062386 -1,0588994237037395 -0,181090588183538 ), 64,96706243103665
( 0,9777782452584007 -1,1315759070306013 -1,9097400259379436 1,9373307617786946 1,8901640244898228 0,9841993112363105 1,02450736629687 2,016672120386884 -1,0334490917432397 2,0626941406961525 1,4616464308997068 1,047877677988613 1,058025121721921 -0,054624809025649604 -1,0589124769131177 -0,1818236027564234 ), 65,0230227092664
( 0,9666074576988481 -1,1211372246175637 -1,9197013772304818 1,939447482594571 1,9080908475876315 0,9833722626969327 1,0331172191631712 2,0180429402783773 -1,0305184619224552 2,07741546776138 1,4729063692284574 1,0608934761682722 1,0673807538082651 -0,03978038472196144 -1,069813754624757 -0,1850181882365562 ), 65,04262438051519
( 0,9468098424795671 -1,1023221481516698 -1,8633791345131951 1,9272754200892057 1,8795335530304569 0,9852009853968945 1,0235994707012928 2,005247132031325 -0,9926283673408158 2,0507950384965516 1,4426318287627322 1,0498463619465102 1,0598868352488893 -0,04860319486843251 -1,0568115172915702 -0,1797779566303644 ), 65,07473763399656
( 0,944049150853022 -1,0979701045867458 -1,8986105365513937 1,9267742836979775 1,8844237318344264 0,9843967184817204 1,0471144409937365 2,003536992768043 -1,0273079173300228 2,0683546208976256 1,4593791915494945 1,063152335905919 1,0519602677735915 -0,046833764710803395 -1,051315450750289 -0,18474179061923104 ), 65,0855181883091
( 0,9634187109788128 -1,126533595078788 -1,873178163897219 1,9247570976505977 1,874942044855928 0,9663962501690686 1,019146698104079 2,001983064142402 -1,0120321997172752 2,04657098308658 1,4471578440804471 1,0376748110831084 1,0567163650106555 -0,04846460775536452 -1,048797706673039 -0,17326342511704781 ), 65,12480883955494
( 0,9394175144729124 -1,0742036743923715 -1,8785221144808049 1,9153815679801105 1,8712040232298395 0,9851557550936424 1,0242095887956 1,9803989074357577 -1,0215656642264137 2,061657375987736 1,4479437195765898 1,0621196006252758 1,046112105083554 -0,041317445038120265 -1,0537141048624392 -0,187954708566143 ), 65,12679510238699
( 0,9729092790388105 -1,139750570041619 -1,862575636508231 1,9341755348077618 1,8823360754882021 0,9731200207196397 1,0066429088054492 2,014221394422421 -0,9815157731795333 2,031122925219567 1,441102206427468 1,022816872597265 1,0643250403354525 -0,05500363484477352 -1,055469755118562 -0,17024005947411436 ), 65,13276199500002
( 1,001545073767899 -1,176295939881209 -1,92337413472951 1,9156653511485675 1,9053349167240763 0,9518501128900092 0,9989348943249884 2,0133361041726547 -1,0203491826051276 2,0333129887170487 1,4483265489284143 1,0329504048333955 1,0663896404469373 -0,0371267841362804 -1,0606251302077996 -0,1678785254720027 ), 65,16184871118446
( 0,9981531466957492 -1,163601214039534 -1,9199453381033693 1,9304392063843727 1,906647143485477 0,9614556289980448 1,009657272170262 2,0159445581303417 -1,0244338677886373 2,0511880615943987 1,4609624517974062 1,0361113805421283 1,06759473895872 -0,0449904788273711 -1,0642866162233162 -0,17421530342272767 ), 65,22136428572145
( 0,9757364370423085 -1,1394443744125542 -1,890802200626112 1,9466178238029714 1,8972122915414862 0,9760145544943505 1,0248829680709937 2,0115823582759242 -1,0105377067853132 2,0646716889831973 1,4698143251025475 1,033407399187722 1,0677142705007725 -0,045420863675366234 -1,0695281699237253 -0,17944477136414297 ), 65,46221066692448
( 0,9258774121631995 -1,092523822928656 -1,8469555769396375 1,8969841583565024 1,868907147551975 0,9410605164656631 1,0268660194867032 1,98407178586507 -0,9838332269583614 2,020761938872854 1,4201795241639583 1,0524389451285776 1,0618879421457557 -0,01780655572746903 -1,0434629318259074 -0,1693284871956203 ), 65,6124973062048
( 0,9385524406448651 -1,0917977307498559 -1,858980163496755 1,9258934604409796 1,8655480396516597 0,9766510746657575 1,0306426237352817 1,9882818891983012 -1,007333048291087 2,057162164635637 1,4489900424027629 1,0448932982344563 1,0516261038615693 -0,04657928346889827 -1,0496912289697073 -0,18010171448350734 ), 65,66718524220076
( 0,9859585114415602 -1,1285707191963084 -1,9150275736193079 1,9573222648807667 1,8735187634284385 1,0106006161375642 1,0260464725415122 2,038847363656889 -1,0545245673238726 2,056899525166445 1,462148994950675 1,0469470116836552 1,0499033998911493 -0,06996222027107556 -1,0501226907584953 -0,18420249528326832 ), 65,69551985620812
( 0,9707686887970606 -1,131012643728091 -1,8942591449661517 1,9606794878874714 1,9124969166769747 1,0104190079825643 1,03159800955518 2,03669837153194 -0,998920390459986 2,066841178202877 1,4738537250149621 1,0468391378286288 1,0708239316122845 -0,05023104736348032 -1,0801969365771118 -0,18827454908539526 ), 65,80760247663277
( 0,9916307560989019 -1,1342009709691712 -1,9661505291068833 1,9709775371298606 1,9256875898915515 0,9952027362512014 1,0302049932399393 2,034320182111229 -1,0642215454019273 2,111973095474992 1,5195997517356392 1,0430665581473044 1,08150449260044 -0,05427064780833918 -1,0802417865068479 -0,17714115141988607 ), 66,21329488020979
( 0,9572328336168873 -1,1257781056927993 -1,8448139787815618 1,9031311733813796 1,8539954988827927 0,9364468563506626 1,0123067109414479 1,9879651057010248 -0,9881435323220369 2,019980463462086 1,4218046508211086 1,0196791365923559 1,0597975265085136 -0,04919732655097878 -1,032936388555882 -0,16039469608271295 ), 66,21472749405979
( 0,9695119172614972 -1,1213946333344578 -1,918318666813708 1,9373596004009703 1,8996367222269643 0,9874933122950231 1,0319192243268227 2,030511170023241 -1,04706664732455 2,0888676855781663 1,475631122914824 1,0655891814701717 1,0692792810630638 -0,05686742338072124 -1,0654023184733497 -0,17926372809165395 ), 66,26824557397724
( 0,9061620475484619 -1,097626410599624 -1,9054781856902947 1,9461241698492422 1,9069046429511 0,9779680852915563 1,0799544881808278 2,046604818415835 -1,0217124037324143 2,072858269366373 1,4676590678681787 1,0859753622422483 1,083288458429393 -0,016414589755149603 -1,0492973893410704 -0,16867138722848968 ), 66,26872680239126
( 0,9402239715903938 -1,1016194552737437 -1,835745274869794 1,9158895059716385 1,8559127927330936 0,9575831033941524 1,0204066808732521 1,9796620265043094 -0,9884367027320579 2,0361828501681702 1,4337176727130452 1,0304832940003699 1,0528028834742187 -0,04377899669539086 -1,044015478379561 -0,17232850606771064 ), 66,32379225750714
( 0,9569259950399136 -1,11566741044785 -1,8720295936039264 1,9246238989854079 1,8731702634096068 0,9756294278955151 1,0364708895064907 1,9940304102755497 -1,0165703739059768 2,063016679100583 1,4503698660495874 1,0528361575955683 1,0490812693744516 -0,04890136088505832 -1,0501184403204693 -0,1868681626522467 ), 66,35981086433425
( 0,9391848528497565 -1,0748846984669678 -1,9498627145010345 1,9311831607216954 1,908894533599408 1,0033738441328992 1,0634085857855091 2,023198999283338 -1,0590147573487252 2,0981950513683256 1,4751095112658246 1,0997459315868108 1,0605814798388298 -0,03955113745059318 -1,062175596095438 -0,1944862932700025 ), 66,56594233616036
( 0,9889659371949829 -1,1473628694502167 -1,940682429017118 1,9525707361476443 1,920076896441526 0,9895665222674312 1,0344005391716602 2,028766081863255 -1,0428569742066445 2,0896590125376235 1,48836994036272 1,0544527996100905 1,0689070713238515 -0,04851914689320382 -1,0785939233552557 -0,1889806140905825 ), 66,60118132689568
( 0,9322362470292972 -1,092337325068421 -1,8666658917069947 1,938854505255309 1,8706073640440488 1,0020542590786348 1,0413631077293073 2,012328870756163 -1,029259027848453 2,0711950882207373 1,469217192950452 1,060014454028498 1,0483844153237565 -0,05677855215707425 -1,0465166309091127 -0,1868781077646149 ), 66,84948639855905
( 0,9442000041349028 -1,0810572340501403 -1,9216419705874621 1,9504186409084183 1,8954494882360613 1,0141912209381112 1,0589134771920896 2,0148932450101493 -1,0515614001568574 2,1138471667610896 1,4878544275019452 1,0755465853782942 1,05584815557213 -0,057800530425810646 -1,0684890624864174 -0,19775192783144196 ), 67,52278973602081
( 0,9454708393769599 -1,1250512923707796 -1,8047403804571645 1,8617919600602797 1,81294303787182 0,9116672816728965 0,9942264730787818 1,9472876959069099 -0,9625153983993245 1,953432385924146 1,37169390707119 1,0084691207313046 1,02948231204809 -0,04907572964258956 -0,9904525049177877 -0,148631628444314 ), 70,20536425702947
( 0,9914055390837729 -0,9760228492610779 -1,8108419513006524 1,8501681231970823 1,696281684000023 1,0103990049826586 1,0420765436825221 1,8978743008782861 -1,122621816406504 1,9942287571547026 1,3852063339453724 0,899423775180629 0,9284027481385475 -0,2708791186306413 -0,9148051295604795 -0,15432210899852752 ), 92,59065486979742
( -3,0977312759659985 3,6910463193333416 3,996074272462948 0,08642511546845291 -1,0268478699402892 1,1031429077038108 2,797415133765835 -0,06000457919237049 1,2012250051169107 -0,9445183710948806 -0,9874007601791988 -0,9112075583779341 -0,2324134130562565 -0,9735534202604541 -0,09002469944325919 -0,8702692749804909 ), 113,53310350502917
( -1,2171116601292344 1,151071466244197 0,9458417280571428 1,3751315512018774 0,18714704801757215 0,9331650101381287 1,6929623294376466 0,7582571933494698 0,11171361933533558 0,4675996660494567 0,7324375094609616 0,12059966831736164 0,19228670428327233 -0,8059056580514529 -0,8110226246155181 -0,2382140686606803 ), 141,24176020636813
( 0,8308328470408599 -0,8512013106909837 -2,1044719189250287 1,9673537348327454 2,0820005702079136 1,283048087554911 1,3647813594718552 2,1678771876348333 -1,2497103205122786 1,9566688448205234 1,6320539692923943 0,9655721884137641 0,9691057178523342 -0,2975609597102862 -1,2808759516139352 -0,41622226210507995 ), 149,6010170626458
Liczba wywołań funkcji celu: 1161
