Iteracja nr: 64
( 0,9209117473893808 -1,063894370751715 -2,014200445358331 1,9286333651247487 1,8855936788065624 0,9695291552213491 1,0270186001831556 2,0100972129996326 -0,9462745822412366 1,9650435003003508 1,4034467473075134 1,0353547574593722 1,0439781258786613 0,007863821725041947 -0,9674201141428184 -0,1346582267681975 ), 56,13851740031501
( 0,9209175684549114 -1,0639052507380293 -2,014198967901536 1,9286295012745762 1,8856014306143014 0,9695123809644332 1,0270107578375138 2,0100921401322642 -0,9462615724432655 1,9650441000805539 1,4034403580841548 1,03536054398533 1,0439889152539912 0,0078825070982028 -0,9674254302757012 -0,13465383994601515 ), 56,13851875785063
( 0,9208201218334653 -1,0637892039153607 -2,014202467277484 1,9287067457204243 1,885549215918327 0,9696326832987406 1,0270476195893254 2,0101235820304644 -0,9462340672130819 1,9650722128213052 1,4034711443542298 1,035376228980473 1,043941320525324 0,00784752024986509 -0,9673575854907811 -0,13465344447876426 ), 56,13861908512706
( 0,9210391391762259 -1,0637873016881025 -2,0147285310564835 1,9283163278257807 1,885623274941099 0,9692772978483885 1,027168030057375 2,009985958379043 -0,9466535178238422 1,9650059946251854 1,4032958030823715 1,0354697033206794 1,0439503846462308 0,007866388462875079 -0,967288745123433 -0,1346406268266125 ), 56,13862466847945
( 0,9208053921821181 -1,0637175947936428 -2,0143009638393417 1,9286794797082962 1,8855255990507847 0,9696543759039157 1,0270999023126022 2,010122932714114 -0,9463204933907674 1,9650724843065472 1,4034661338593872 1,0353892909773397 1,0439022062933285 0,007800928467747225 -0,9673059731401563 -0,13465929772637317 ), 56,138638093610055
( 0,9207659393149606 -1,0637476412681388 -2,0141415148415103 1,9287762831683368 1,8855148012309348 0,9697354637818218 1,0270570238120065 2,0101582907938735 -0,9462105946034485 1,9650835929161174 1,403514072176685 1,0353523148708181 1,043907500807875 0,007793945311078455 -0,9673450331342595 -0,13466634047226345 ), 56,13864549623307
( 0,9208524236861277 -1,0636820799003754 -2,014521921453369 1,9285563300490447 1,885557838794788 0,9695126227334807 1,027139761966238 2,0100642028978966 -0,9464097265044742 1,9650714296598804 1,4033844927234493 1,035472059023846 1,0439252150172549 0,007878583160120998 -0,9672518747166015 -0,13463125155042321 ), 56,13866508666756
( 0,9209034261559224 -1,0637615665224833 -2,0145168372286033 1,9285158335514818 1,8856083182383025 0,9693958082354129 1,0270919103911158 2,010028800621936 -0,9463493895648272 1,9650672330724603 1,4033414190830804 1,0355004383619375 1,0439912415964503 0,007984933011196876 -0,9672913069375987 -0,13460733436595507 ), 56,138670685625456
( 0,9207350874199983 -1,0636932106388388 -2,014160130942174 1,928792549284907 1,8854843299983075 0,9697968721813418 1,0270893082297166 2,01017485527652 -0,9462511084252784 1,9650859223914525 1,403532966264061 1,0353424237092812 1,0438682181193435 0,007736384681983767 -0,967314000204083 -0,13467766048471058 ), 56,138679707696454
( 0,9208953593134991 -1,0637740549869485 -2,014495313424314 1,92853196543464 1,885621292912045 0,9693758810512481 1,0270690566847762 2,010022739999623 -0,9462853495403112 1,9650775095287947 1,4033319768457844 1,0355205001832701 1,0440176720134537 0,008040661916820534 -0,9672973232200696 -0,1345927228908244 ), 56,1386977766593
( 0,9208353133416034 -1,0636968269341893 -2,014471238241395 1,9285875773624843 1,8855656150432467 0,9695071136787956 1,0271103396404333 2,0100631697197664 -0,9463275310808918 1,965081624031546 1,4033816530125682 1,0354849957115857 1,043950281977423 0,007931215722412618 -0,9672616435371975 -0,13461741355782386 ), 56,138716830095106
( 0,9209444154423723 -1,0637736020816997 -2,01462336280626 1,9284406799462206 1,8856437147825498 0,9692798913058327 1,0270921034392189 2,009985526494209 -0,9463653906959808 1,9650659000851307 1,4032833677408145 1,0355543665836977 1,0440293291704539 0,008068441586425557 -0,9672785929089874 -0,13458282608844044 ), 56,138722006999686
( 0,9209143235593243 -1,0637459527437083 -2,0145938398591174 1,9284757613267929 1,8856206490358771 0,9693410953223237 1,0271023350184736 2,0100054678537815 -0,946364568354371 1,9650697761385578 1,403308137785954 1,0355376557058693 1,0440045449024125 0,00802784009753717 -0,9672685575143153 -0,13459236287634055 ), 56,13872323048341
( 0,9208196021371673 -1,0636699678295136 -2,0144889346286345 1,9285933999086562 1,8855562457447739 0,969523404489584 1,027122449821956 2,010066045602063 -0,946333558051637 1,9650863953272297 1,4033831344003374 1,0354921210094565 1,0439400351264145 0,007924725469622515 -0,9672438070882057 -0,1346166823926302 ), 56,13873899749787
( 0,9208310114627914 -1,0636715841918134 -2,0145223193928192 1,928571012209979 1,8855659600773247 0,9694902964245855 1,027123780354908 2,010053462538776 -0,9463401002858247 1,9650861049932153 1,4033661314806156 1,0355082473155635 1,0439501936874074 0,007948031935166919 -0,9672387809532794 -0,13460965297021174 ), 56,138749247682384
( 0,9208719423404952 -1,0637081093733487 -2,014579178075067 1,9285177944675904 1,8856059457599221 0,9693844916747522 1,027105384365313 2,010017668452685 -0,9463231356910164 1,965086062496405 1,4033196689566032 1,0355498573011448 1,043997270773748 0,008035963755543822 -0,9672475642816497 -0,13458712968429998 ), 56,13875355698558
( 0,9207066517099481 -1,0637063127982775 -2,014084864334819 1,9288430208716674 1,8854875560507978 0,969810827756875 1,0270554162649501 2,010181182490967 -0,9461508978610437 1,9650993527140928 1,4035394849359388 1,0353502267565438 1,0438913210199068 0,007785436575023361 -0,96732629757249 -0,1346651176563149 ), 56,13875374843249
( 0,9208837645394828 -1,0637036328203262 -2,014604924209397 1,9284958246159418 1,885602091920116 0,9693801611491982 1,027119262265845 2,0100150725695483 -0,9463668160513482 1,9650778413919954 1,403317236030116 1,0355428693830007 1,043985459169275 0,008010785057176896 -0,9672429159019635 -0,13459332418106362 ), 56,13875452067127
( 0,9209567338645651 -1,0637521595034343 -2,0146906111232643 1,9284009029935647 1,8856406337855647 0,9692587187686406 1,0271169561294164 2,0099740790871743 -0,9464246596894698 1,9650589933779643 1,4032675627086486 1,0355638043065387 1,0440171115988728 0,008053916824709944 -0,9672574651366211 -0,13458377336085625 ), 56,13876035771945
( 0,9208306435845607 -1,0636590779975623 -2,014547740045885 1,9285610582842685 1,8855642913110504 0,9694854889208473 1,0271329260068458 2,010049986641794 -0,9463552345573448 1,9650863748589573 1,4033606108785892 1,0355153244194826 1,0439463432574072 0,007947154751471045 -0,9672280962533664 -0,13460843446685405 ), 56,13876122488091
( 0,9207645165759926 -1,0636078467214283 -2,0144734056051394 1,9286439888238833 1,8855211948106065 0,9696095836679023 1,027144642645754 2,010091338387524 -0,946327697404842 1,9650989703996362 1,4034116335707074 1,0354858416972732 1,0439043832218686 0,007881305347693466 -0,9672116694992473 -0,13462386475029103 ), 56,13878717489753
( 0,9207164875820649 -1,0635894876465128 -2,014368794799109 1,9287240564704387 1,8854857108201897 0,9697251792521999 1,0271432088926236 2,0101336075826337 -0,9462987923188935 1,9651041463645031 1,4034671960023242 1,0354395561422565 1,0438692300011851 0,0078094853022935284 -0,9672192657715215 -0,13464433432757336 ), 56,13879189334207
( 0,9209078978060076 -1,063703923833769 -2,0146890437249345 1,92844391873399 1,8856264513452181 0,9692986347218764 1,0271219414613975 2,0099837488167096 -0,9463754452526344 1,965079866072653 1,4032742435230392 1,0355873731714242 1,044012433765987 0,008075244391082885 -0,9672277740764095 -0,13457373782814264 ), 56,13880012025808
( 0,9208750397763004 -1,0636581940668952 -2,0146841770590433 1,9284711235585412 1,8855961839522253 0,9693674453342587 1,027146761874984 2,0100042856160263 -0,9464015643079964 1,9650825554542855 1,4032989916680483 1,0355712289736583 1,043975454676726 0,008017395814187141 -0,9672050017801076 -0,1345862592947586 ), 56,1388102292853
( 0,9208043897135614 -1,0636540839733792 -2,0145271694139093 1,9285907754333673 1,885573266473317 0,9694737195255593 1,0271101048960773 2,0100446107697736 -0,9462677767506364 1,9651044211154445 1,4033495227940962 1,0355480109771142 1,0439741998432626 0,008018844195780637 -0,9672218847125437 -0,1345874929568015 ), 56,13882602338259
( 0,9208171893385193 -1,06361070231726 -2,0146308691452357 1,9285391516709982 1,8855617564810514 0,9694650505335867 1,0271566769481437 2,010035883087356 -0,9463724785036933 1,9650956352221718 1,4033368455157564 1,0355548047833716 1,0439437785727637 0,007973783089352374 -0,967186470848489 -0,13459532948604314 ), 56,13882951156668
( 0,9209845033136627 -1,06374030398454 -2,014804518687435 1,9283334600212263 1,8856620520162346 0,9691725439506075 1,0271322681210298 2,009939300103965 -0,9464614472934985 1,965058420011156 1,4032195939483978 1,0356113865008418 1,0440364084241491 0,008108053139617094 -0,9672318821943217 -0,13456559094268783 ), 56,138830616335994
( 0,9208139269271824 -1,0636006418650117 -2,014646452776459 1,9285355569651366 1,8855607036185018 0,9694623882746399 1,0271615703653827 2,0100335460037417 -0,946375959189823 1,965097463008713 1,40333272494009 1,0355620884524175 1,0439426745923728 0,007977980818438521 -0,9671780993715291 -0,13459299812400194 ), 56,13884425264317
( 0,9207773851662799 -1,0635568198636263 -2,0146138250865793 1,9285763262143574 1,8855205708645952 0,9695618488258033 1,0271886582442307 2,0100661485947606 -0,9464131418515146 1,9650962197259554 1,4033747537932497 1,0355241602500456 1,0438918074257744 0,007885306335117213 -0,9671626083613951 -0,13461608231108 ), 56,13884587393751
( 0,9208392663893852 -1,0636255023642631 -2,0146743735054837 1,9285049186509369 1,8855841267054987 0,9694011638455508 1,0271493348281433 2,0100132148654777 -0,9463658480380899 1,9650962992070014 1,4033067391478848 1,0355834980759344 1,043970204914675 0,008027205871414094 -0,9671860004259725 -0,13458075740542494 ), 56,13884625665348
( 0,9207557309371815 -1,0635573969348089 -2,014575533978959 1,9286093959091395 1,8855218083896106 0,9695730820404326 1,0271707816520286 2,010070472793895 -0,9463509702113552 1,9651073687678255 1,4033785496399245 1,035533543126439 1,0439051130058554 0,00791775818851212 -0,9671651258197156 -0,1346072383573501 ), 56,138870492966134
( 0,9207385311967723 -1,063546049247344 -2,0145498153200694 1,928633630662507 1,8855095668439865 0,969610022978636 1,027173244521238 2,0100833220139402 -0,9463444327363681 1,965109968562163 1,4033949364069374 1,035521821685915 1,0438926369686972 0,007895436282012539 -0,9671633194587933 -0,13461304554529413 ), 56,138872029360314
( 0,9207807457553705 -1,0635758235443082 -2,014627040456235 1,928571421547997 1,88555098215594 0,969494490485578 1,0271594426954425 2,0100429226547907 -0,9463342994276962 1,9651106929537452 1,4033416656179372 1,035571748259413 1,043940597535481 0,007990024711947255 -0,9671649734911028 -0,13458772995881071 ), 56,138874372767276
( 0,9210202015536438 -1,0637493099715674 -2,0148906993866134 1,9282703434607227 1,885687048072572 0,9690865142663797 1,027137267084746 2,009907206921955 -0,9464905444640453 1,9650541231354468 1,4031771724261508 1,0356468465396158 1,0440598929790004 0,008158214772928418 -0,9672225683640633 -0,1345507472483165 ), 56,138887717781046
( 0,9206786913339952 -1,0635176477570412 -2,014409682169378 1,9287335235634187 1,8854515220112205 0,9697815039981803 1,027182975719961 2,0101452380443026 -0,9463432708708008 1,9651079614368532 1,40347771625807 1,0354412431866493 1,0438275001041672 0,0077591288322117185 -0,967173155810241 -0,13465114567038447 ), 56,13888782636782
( 0,9209788660120298 -1,0637015576861673 -2,014882373372154 1,9283072511079606 1,8856612412599292 0,9691495626725731 1,0271544940547366 2,0099254786130167 -0,9464864270790472 1,965064031536145 1,403197467637588 1,0356439111542228 1,0440336444156473 0,008127476578862232 -0,9671973488683607 -0,13455552760579106 ), 56,13889743755463
( 0,9208148809263571 -1,0635787742223948 -2,01471403908409 1,9285085170255105 1,8855697713862773 0,969420867213004 1,027171125957408 2,0100147403505613 -0,946379110673254 1,9651040022354267 1,4033046187536142 1,0355997330885796 1,043954419307155 0,008021086816228876 -0,9671531782774208 -0,13457774230636552 ), 56,13889810411089
( 0,9208822556227033 -1,063638588952709 -2,0147889934036063 1,928424645265034 1,8856235912712431 0,969272940362349 1,0271476194283033 2,0099652509597403 -0,946376493676045 1,965096044128141 1,403242120551766 1,0356449927897782 1,044014180029166 0,008124310817399553 -0,967171778645774 -0,13455228210236303 ), 56,1389203921572
( 0,9207708882423992 -1,0635313001381104 -2,0146912481811405 1,9285522736685243 1,8855384777375743 0,9694991346417607 1,0271893427576295 2,010038736624789 -0,9463794835943218 1,9651117888481666 1,4033330404931312 1,0355862267078717 1,043921154116378 0,007973566692970342 -0,9671308872585923 -0,13458741311629127 ), 56,13892632982164
( 0,9211553971351645 -1,06390095517636 -2,0149499987385378 1,9281399674695874 1,8857847190559802 0,9688458727864446 1,027076407762458 2,009834114896174 -0,9464801065653894 1,9650304713820514 1,403090977580156 1,0356869190225935 1,044165294510862 0,008308111783874831 -0,9672955450130284 -0,13452055496599385 ), 56,138926971393914
( 0,9210854968484066 -1,0638061182384677 -2,014969762515848 1,9281881037090607 1,8857416618143863 0,9689384863179156 1,027114231443613 2,009857606357423 -0,9464847902247066 1,9650484249700386 1,4031140723981368 1,0356958174414084 1,0441208284403671 0,00826579453170344 -0,9672390557477022 -0,13452396825938123 ), 56,138955386782484
( 0,9207033164304751 -1,0634722460920676 -2,0146312341694474 1,9286310993034166 1,8854947815637084 0,9696207437400279 1,0272057381849165 2,010078211701387 -0,9463575248707322 1,9651255668876364 1,4033808719156413 1,0355621503175347 1,0438778656389962 0,00790963532960038 -0,9671079578019925 -0,1346014734203929 ), 56,1389591815453
( 0,9205774973097306 -1,0633761736065879 -2,014444415036187 1,92880817274423 1,8853884888610006 0,9699291349702469 1,0272438818565754 2,010185545501401 -0,9463627813860472 1,9651366871260099 1,4035197605258 1,03544998177889 1,0437572419833792 0,007683450781449468 -0,9670920918095217 -0,13466115208505552 ), 56,138996101642064
( 0,9209945927751274 -1,063689342650333 -2,0149815476373862 1,9282565845103223 1,8856863940191093 0,9690623796539832 1,0271586253499059 2,0098903814982383 -0,9464829054931124 1,9650717299661942 1,403147552853583 1,0357032691489954 1,0440647688537246 0,008210579318647864 -0,9671713558335241 -0,1345292546112181 ), 56,13899855835085
( 0,9207058373388158 -1,0634444610102038 -2,0147021758306125 1,9286000217125767 1,885495937231983 0,9695932766139538 1,0272252173240084 2,0100638703083864 -0,9463882541890303 1,9651270205875089 1,4033593591636788 1,0355878886009848 1,0438758715256555 0,00792375806441152 -0,967080929792419 -0,13459382910470113 ), 56,13900768689136
( 0,9213017781077542 -1,0641516906889634 -2,014861026661571 1,9280612866391784 1,8859181312952744 0,9685760090135727 1,0269347488269382 2,009762522622223 -0,946319501878612 1,9650132249798475 1,4030114236040307 1,035717326915431 1,0443336695200431 0,008543504986856462 -0,9674404092732077 -0,13447664499639575 ), 56,13901806638839
( 0,9208260212353507 -1,063513264903089 -2,014903443110545 1,9284233535902968 1,8855802985800163 0,9693333555408722 1,0272164094940197 2,009972359117403 -0,9464484701664775 1,96510964249579 1,4032419219569976 1,035674837080434 1,0439591464998186 0,008076624532793768 -0,9670854391115793 -0,13455324090983653 ), 56,139043532942736
( 0,9205532243165546 -1,0633770239644729 -2,014386291880994 1,9288479460350982 1,8853805852816183 0,9699612307630466 1,0272285358074542 2,010197313404081 -0,9463116459392966 1,9651428552027301 1,4035343384161598 1,0354426361349238 1,0437588197624674 0,00768859969184018 -0,9670981477046834 -0,13465988764590475 ), 56,13904421905232
( 0,921333830857761 -1,0640876688489338 -2,0150602861009625 1,9279549831446046 1,8859142619211087 0,9685161723491095 1,0270046537321427 2,0097312268950014 -0,9464780339631165 1,9650007004399097 1,4029674114854158 1,0357525627914628 1,0443040264057861 0,008514046556090974 -0,9673791428445724 -0,1344767534707439 ), 56,13911198061275
( 0,9203176189670003 -1,063317644050145 -2,0137900163211184 1,9292693694713852 1,885198501789545 0,9705651918020568 1,0272045514145556 2,010421982194804 -0,9461544452529342 1,965159631567219 1,4038334619197381 1,0351757294417259 1,0435790645070868 0,007299587065877508 -0,9671655316306499 -0,13477396476910206 ), 56,13946019977337
Liczba wywołań funkcji celu: 6615
