Iteracja nr: 92
( 0,9218278922669921 -1,0648045756468563 -2,0140220186481192 1,928023076157818 1,8857655542736826 0,9692752201359514 1,0270282722651423 2,0101330384229947 -0,9475220140924498 1,9646422461517041 1,4036317649245806 1,0346063596673034 1,0438454517678957 0,00687973512655522 -0,9680966013684017 -0,13503940850712726 ), 56,13754219027584
( 0,9218303549782286 -1,064805590509715 -2,014026750096446 1,9280193277706963 1,8857671218253336 0,9692702668543691 1,0270285051260313 2,0101312818916544 -0,9475241193283707 1,9646418765079021 1,4036295118304856 1,0346080277211243 1,0438467857421287 0,00688218688403852 -0,9680964752165937 -0,13503874984551856 ), 56,13754219538029
( 0,9218368489650395 -1,0648039004049472 -2,0140378725034656 1,9280107804136375 1,885764712479425 0,9692739338063644 1,0270367194269228 2,0101327938637055 -0,9475502451412543 1,9646380046361016 1,4036323491041063 1,034600969929804 1,043838553664544 0,0068626726803783875 -0,9680961174184856 -0,1350443325755668 ), 56,137542271661914
( 0,9218248489185619 -1,0647934495067566 -2,0140331436205035 1,9280215368757605 1,8857603124253837 0,9692843428693898 1,027037025634279 2,0101352628451847 -0,9475375180146115 1,9646419507340487 1,4036342674337927 1,0346048175640439 1,0438369273241321 0,0068663921859741794 -0,968089762609816 -0,1350422210807349 ), 56,13754228006974
( 0,9218186760431082 -1,064788166273095 -2,014034059723777 1,9280255311567314 1,8857600939956658 0,9692835909976628 1,0270356757279115 2,010134119557771 -0,9475258322894057 1,9646450089533254 1,4036317460460186 1,034611412897512 1,0438395994127978 0,0068768681796076885 -0,9680853503145688 -0,1350385744235296 ), 56,13754228511948
( 0,9218188151763591 -1,0647865785169335 -2,01403594007221 1,9280248508133564 1,8857589353164843 0,969285926740548 1,027037690029348 2,0101348703122457 -0,9475306929811429 1,9646445119804756 1,403632795170376 1,034609989995986 1,0438373339566511 0,006872348323166929 -0,9680845993771316 -0,13503975393771384 ), 56,13754228801352
( 0,9218233148477452 -1,064795813133664 -2,0140296076909294 1,9280236479477926 1,8857629542570264 0,9692785838531939 1,027032281843153 2,0101331873851382 -0,9475242407843363 1,9646437280446356 1,4036311693155792 1,034609638663534 1,043842667339976 0,006879024812267784 -0,9680903825220967 -0,13503870998051357 ), 56,13754229048203
( 0,9218191999333093 -1,064789315208807 -2,0140309036579196 1,928026485864518 1,8857592716999763 0,9692866926564961 1,027035909274346 2,010135503790986 -0,9475281947997721 1,9646442584873047 1,4036338583876842 1,0346083466864535 1,0438380200238717 0,00687218578587168 -0,968086868206541 -0,13504010111783207 ), 56,13754229444217
( 0,9218152976240207 -1,0647843191407136 -2,0140304921317096 1,9280297446932126 1,8857563796070629 0,9692934032621443 1,0270381347502178 2,0101374470271955 -0,9475292921198974 1,9646449583935093 1,403636081959081 1,0346075380278634 1,0438347813846431 0,006867792700534133 -0,9680842380966188 -0,13504092246667582 ), 56,137542303938986
( 0,9218166166211283 -1,064786029646053 -2,0140328448814286 1,928027622212433 1,8857586551544672 0,9692872133862965 1,0270364471291 2,0101352340240757 -0,9475256876855109 1,9646453743310897 1,4036330674036168 1,0346107798571422 1,0438381042149767 0,006874743543488365 -0,9680843622547552 -0,1350390046326343 ), 56,13754230504145
( 0,9218115918714409 -1,064774757442692 -2,014045335243785 1,9280266568805045 1,8857560105438254 0,9692891859124981 1,027041839346219 2,0101345320379993 -0,9475293193206328 1,9646472769121883 1,4036310916169423 1,0346161837407715 1,0438351776467265 0,006875371978236001 -0,9680759283877296 -0,13503763768937194 ), 56,13754230905096
( 0,9218184973887401 -1,0647852861268954 -2,0140366802108636 1,928024906249609 1,8857579739807482 0,9692880439252527 1,0270389866145417 2,010135550563276 -0,9475334683776564 1,9646442848057646 1,4036337033402098 1,0346089832019445 1,043835717524819 0,006869255543809726 -0,9680840170781744 -0,13504054395174253 ), 56,137542312416215
( 0,9218184063993498 -1,0647878578039174 -2,014032220490157 1,9280265763295557 1,885758903422273 0,9692870736721133 1,0270365048665946 2,0101354567999916 -0,94752831673307 1,9646445520293259 1,4036336513399974 1,0346090524005322 1,0438376850489561 0,006872384031892588 -0,9680857975849413 -0,1350398906497673 ), 56,137542315095445
( 0,9218199253041442 -1,0647856813199261 -2,014038720423184 1,9280230861717493 1,8857582242338402 0,9692870287315855 1,0270397191640461 2,010135247453158 -0,9475365113301143 1,9646437555922485 1,4036334306392968 1,0346085954521855 1,0438353390747126 0,006867973638918134 -0,9680841650768609 -0,1350409526648605 ), 56,13754231730286
( 0,9218245653098245 -1,064791589338752 -2,0140362170776065 1,928020594381327 1,8857599046670395 0,9692843646686564 1,0270383430581747 2,0101350461039464 -0,9475395921232593 1,964642040574899 1,4036338537102078 1,034605536132741 1,0438361698058152 0,006865789496744659 -0,9680883270835932 -0,13504219898353195 ), 56,137542318673454
( 0,9218186176807901 -1,0647884009881685 -2,0140318201015432 1,9280265477866965 1,8857591775171008 0,9692865451771208 1,0270361155196304 2,0101353171480936 -0,9475276910652266 1,9646445476313983 1,4036334908720591 1,0346091433007978 1,043838096074946 0,006873019772984001 -0,968086116595148 -0,1350397567947718 ), 56,13754232336774
( 0,9218173998797599 -1,064785700814911 -2,0140342968323717 1,9280265584700294 1,8857582623916245 0,9692878713030205 1,027037594094583 2,0101354871508814 -0,9475292147801243 1,9646448663913003 1,4036335081507667 1,0346097985880196 1,0438369223888508 0,0068720097025520895 -0,9680842655288158 -0,1350397778668941 ), 56,137542323673784
( 0,9218189462663045 -1,0647858467197717 -2,014036241137962 1,9280247556085834 1,8857580088681938 0,9692881619207525 1,0270389507439455 2,0101356787874587 -0,9475340915765436 1,9646440548210906 1,4036339588398354 1,0346084040533352 1,043835578731455 0,006868513207211306 -0,9680844858712171 -0,13504082258431216 ), 56,137542326267095
( 0,9218199110075355 -1,0647871605644366 -2,0140355282900066 1,9280243107045214 1,8857583606377673 0,9692876593773759 1,027038604537019 2,0101356669853243 -0,9475346392647785 1,9646436911072762 1,4036340937155833 1,034607704034639 1,0438357666481115 0,006868039723813995 -0,9680854270283114 -0,13504109688744537 ), 56,13754232922672
( 0,9218151310217516 -1,064785093959703 -2,014032732555256 1,9280286810091336 1,8857588551906295 0,9692865050286922 1,0270357152668537 2,0101347879977616 -0,9475219125545041 1,9646462066059525 1,403632224266247 1,0346126720452262 1,0438392215715635 0,006878206844563589 -0,9680834535284698 -0,1350378813252112 ), 56,13754233037646
( 0,9218179908761285 -1,0647893331999883 -2,0140287347740773 1,9280281686529455 1,8857592718572338 0,9692871539162964 1,0270348982430004 2,010135642236903 -0,9475247361572543 1,9646447797503248 1,4036339303669991 1,0346088752295641 1,0438387489843202 0,006874041386768837 -0,9680869342532105 -0,13503956243400972 ), 56,13754233116178
( 0,9218197101673782 -1,064786550856173 -2,0140362037786264 1,9280242172032478 1,8857581457952763 0,9692879557001339 1,0270390053771448 2,010135706965745 -0,947535214366917 1,9646437267951635 1,4036341079252928 1,0346078000232437 1,0438354431468562 0,006867663314957131 -0,9680850108319676 -0,1350411451458055 ), 56,1375423328749
( 0,9218167418779709 -1,064786808135697 -2,014031084287304 1,9280282255251802 1,885758546294057 0,9692880388669686 1,0270360973541561 2,010135655661019 -0,9475255248727161 1,9646451909376443 1,4036337229668037 1,034609837557694 1,0438379411930654 0,006873816594002836 -0,9680851287295748 -0,1350393672849274 ), 56,137542334559484
( 0,9218174282020792 -1,064785375381128 -2,014034232183807 1,9280266248617408 1,8857577668789367 0,9692891305650962 1,0270381893717275 2,0101359510305192 -0,9475308478864323 1,9646446340899726 1,4036341741855658 1,03460891428275 1,0438360164148532 0,006869997423214349 -0,9680842670010896 -0,13504034578127164 ), 56,137542335871004
( 0,9218197788004475 -1,0647861658916338 -2,014037170754325 1,9280237980678452 1,8857581227709965 0,96928772793638 1,0270393398952464 2,0101355748461116 -0,9475358545985709 1,964643721478299 1,4036339090267964 1,0346080322624749 1,043835314750445 0,0068676003058955335 -0,9680846717315394 -0,13504112033208537 ), 56,13754233635714
( 0,921817601693354 -1,0647836356540241 -2,0140383594488505 1,9280249215814413 1,885757661840629 0,9692881579168113 1,027039589490546 2,01013537145079 -0,9475333561378924 1,964644669212015 1,403633285986659 1,0346100217160252 1,043835515752425 0,006869916324594124 -0,9680827415765915 -0,13504017459519507 ), 56,137542337077676
( 0,9218191820460341 -1,0647869432106771 -2,0140347030587615 1,928025141903267 1,8857583361038128 0,9692878511872057 1,027038167503657 2,010135689953754 -0,9475328450543273 1,964644014349411 1,40363404073874 1,0346081532511264 1,0438361355696375 0,0068691372104940146 -0,9680852742254625 -0,13504075316141426 ), 56,1375423386779
( 0,9218187551499266 -1,0647869595990336 -2,014033461854587 1,9280259534769226 1,8857580769309357 0,9692888086350009 1,027037987795614 2,0101360559202504 -0,9475322557074445 1,964644066963859 1,4036345277478388 1,0346077347082014 1,0438359493940474 0,006868694460094742 -0,9680854637199366 -0,13504089412641365 ), 56,137542340392145
( 0,9218152091979268 -1,0647846990446235 -2,014031944098094 1,9280290605078534 1,8857578022058417 0,9692893821472194 1,027036793253567 2,0101358883256357 -0,9475251343217012 1,964645677105452 1,4036338191199538 1,0346105420245226 1,0438373228146804 0,006873796946479504 -0,9680837252561548 -0,13503916092279628 ), 56,13754234152479
( 0,9218163188189246 -1,0647861444148288 -2,0140313784964565 1,928028442376301 1,885758265668869 0,9692885779784121 1,0270363977717745 2,0101357771939767 -0,9475256843847272 1,964645294397011 1,403633829958281 1,0346099267805426 1,0438376320527565 0,006873525485708097 -0,9680847120120485 -0,13503938693565212 ), 56,1375423447212
( 0,9218170876187413 -1,06478487554306 -2,014034116617862 1,9280269551906246 1,8857573843554447 0,9692900630877082 1,0270385186936892 2,010136250886649 -0,9475313286071922 1,9646446350198592 1,4036345554792566 1,0346085978484543 1,0438355035652196 0,006869090905741222 -0,9680840573242053 -0,1350405673620026 ), 56,13754234938068
( 0,9218205041167038 -1,0647860781572152 -2,0140380767483745 1,9280229815484022 1,8857577943200068 0,9692883899026309 1,027040231002283 2,010135855747723 -0,9475388180690569 1,964643249838502 1,40363439256074 1,0346070240811966 1,043834305783165 0,006865132925533506 -0,9680847598199129 -0,13504184167437858 ), 56,13754235000715
( 0,9218181325795254 -1,0647900723915205 -2,0140268833667476 1,9280288120249482 1,885759042621731 0,9692883128105374 1,0270346745334544 2,0101361927237305 -0,9475249585807126 1,964644532625108 1,4036347736353392 1,0346076799531547 1,0438383641961453 0,006872593808729831 -0,9680877376548672 -0,13504007711494187 ), 56,13754235466172
( 0,9218215890639393 -1,06478658672408 -2,0140396193132832 1,9280215668525311 1,8857582550054295 0,969286944316881 1,0270404540736162 2,010135381327383 -0,9475402504391159 1,9646429645342398 1,4036338378954059 1,0346071812726925 1,0438345081290288 0,006865224976989489 -0,9680848979721325 -0,13504185492995163 ), 56,137542359875695
( 0,9218277988195531 -1,0647974937715292 -2,0140311335505565 1,9280200909636422 1,8857615202348066 0,9692824180082305 1,0270358537666349 2,0101350749401905 -0,9475388355177314 1,9646409015895083 1,4036344601578252 1,0346029617836536 1,0438377337284306 0,006865497806256288 -0,9680925831706337 -0,13504289598085212 ), 56,137542360089114
( 0,9218143551276928 -1,0647794827723192 -2,0140398178689933 1,9280268042118076 1,885756292972434 0,9692905965489491 1,027040702727022 2,0101357387586942 -0,9475316986662031 1,9646457740682282 1,4036333185804923 1,0346117327120126 1,0438346003726702 0,006870635014619243 -0,9680799294896526 -0,13503954391402276 ), 56,13754236674882
( 0,9218163116628748 -1,0647783277503848 -2,0140461883781158 1,9280229556023447 1,885756446814236 0,9692885888852237 1,0270429947172683 2,010134884184495 -0,9475380499743435 1,9646451138382721 1,4036322436003712 1,034612155415948 1,043833544905387 0,006868688993162721 -0,9680787058189128 -0,13503997307845292 ), 56,137542368853545
( 0,9218165612191811 -1,0647810400582398 -2,014040278908723 1,928025068596358 1,8857563861269466 0,9692905833948701 1,0270413987729425 2,0101359970706203 -0,9475361700399288 1,9646447192231655 1,4036339890267726 1,0346096829004172 1,0438336309457197 0,006867076807573047 -0,9680811956526902 -0,135040754395761 ), 56,13754236898154
( 0,9218236416328293 -1,0647906989509117 -2,0140348626688223 1,9280218884803637 1,8857588840956134 0,9692871666714057 1,0270389073298318 2,0101360208380914 -0,9475403831080608 1,9646420072335344 1,4036351399064497 1,0346043367856017 1,0438348668227297 0,0068632374181292225 -0,968088170104108 -0,1350428793589507 ), 56,137542370633525
( 0,921818501265956 -1,0647858006914601 -2,014035055470976 1,9280255569331723 1,8857577165070964 0,9692891717704165 1,0270388199248746 2,010136056647455 -0,9475335906803471 1,964644102329724 1,4036344592318843 1,0346079730187427 1,0438353419524193 0,006867990757223185 -0,9680846363991942 -0,1350409799502197 ), 56,13754237555668
( 0,9218201309551529 -1,0647861886584982 -2,0140367247557247 1,9280237942621228 1,8857575410748149 0,9692893691416276 1,0270400262347326 2,010136242622521 -0,9475382689246902 1,9646432721393272 1,40363491940549 1,0346065205978991 1,0438341111123348 0,006864604368165661 -0,9680850272485653 -0,13504201758628578 ), 56,13754237742273
( 0,9218113638064455 -1,064779330521337 -2,0140365157185594 1,928030062792883 1,8857572187234122 0,9692888133017925 1,0270376828269858 2,010134898404632 -0,9475210603868418 1,9646475527465184 1,4036317681065646 1,0346153220864138 1,0438379598553913 0,006879180591795205 -0,9680793604058638 -0,13503700254313553 ), 56,13754237896741
( 0,9218189079243303 -1,0647848638062614 -2,014037007592059 1,9280245853238434 1,8857571887580362 0,9692899604903672 1,0270401667639109 2,0101362783280488 -0,9475369983106471 1,9646437481182488 1,4036347911397984 1,034607344796685 1,043834076376578 0,006865478096288702 -0,9680840867674458 -0,1350416253220788 ), 56,13754237983579
( 0,9218213893032793 -1,0647908530906873 -2,014030110250081 1,9280253304392938 1,885758635368029 0,9692888666168147 1,0270371185874072 2,010136626753918 -0,9475344346628559 1,9646428414552712 1,4036357846529128 1,0346046494010646 1,0438358127549157 0,006865600166146448 -0,9680885534230933 -0,13504221804016722 ), 56,13754238663128
( 0,9218275491642834 -1,0647970250066745 -2,014031219741409 1,9280202686626564 1,8857612021866226 0,9692831374251776 1,027036190256873 2,0101352966429813 -0,9475393814426257 1,9646408917337095 1,4036347388468264 1,0346027297222526 1,0438372823006983 0,00686471705040063 -0,9680923574588848 -0,1350430814873762 ), 56,13754239331438
( 0,9218221186833345 -1,0647971246860786 -2,014023249902137 1,9280270235080117 1,8857622458877832 0,969282086566588 1,027030901976753 2,010134682226332 -0,9475212601703824 1,9646437623452135 1,403633263664807 1,0346074764376376 1,0438423389826024 0,00687741838273441 -0,9680920483469989 -0,13503935393134908 ), 56,13754239938402
( 0,9218240066140877 -1,0647882816337693 -2,0140399972647214 1,928019726638245 1,8857582689648875 0,9692871916104402 1,027041287760315 2,010135767334466 -0,9475453814162041 1,9646417657224327 1,4036347218434555 1,034604740693687 1,0438332924804066 0,006860955929396657 -0,9680863289158579 -0,13504329148530872 ), 56,1375424010684
( 0,9218133140694775 -1,0647731583004458 -2,014051796366677 1,9280229621604883 1,8857558644069625 0,9692878366936098 1,027044447450562 2,0101338766254147 -0,9475361822094573 1,964646603671253 1,4036302655956399 1,0346163962628343 1,0438337007712961 0,006872704951262234 -0,9680744848675026 -0,13503823547296964 ), 56,137542436706426
( 0,9218075940137136 -1,0647795898561196 -2,014027350786502 1,9280363845039625 1,8857561108094436 0,9692937664503043 1,0270351803126505 2,0101367513865704 -0,9475128183931404 1,9646486018389724 1,4036340672864729 1,0346142491905592 1,0438383548204726 0,006880209885062225 -0,9680804238166655 -0,13503677567080824 ), 56,13754249257306
( 0,9218095216134868 -1,0647694005219581 -2,0140506863857106 1,9280262692941996 1,8857540951623273 0,9692919699536241 1,0270451250005659 2,010134941524782 -0,9475335630968597 1,9646477054462506 1,4036312687564634 1,0346171076169461 1,0438324763967561 0,006872433827483087 -0,9680722962059298 -0,13503795367918642 ), 56,13754249848142
Liczba wywołań funkcji celu: 9443
