Iteracja nr: 14
( 0,9205375387208958 -1,048425211689041 -1,9840102104082373 1,866129898173043 1,8852921260913869 0,9130972268932306 1,0495668696912166 1,9816063697138904 -0,9863295247575262 1,986933543924377 1,3776360009607955 1,0802167963094649 1,0607835246166124 0,019642128790717146 -0,9904681722753396 -0,14893250902271177 ), 59,86613032385793
( 0,9430525812325293 -1,074986463760582 -1,9783843889763641 1,8860293137947937 1,8975697474824365 0,9364285853853305 1,049324304150799 2,0011591135858824 -1,0102289584276842 2,006125941895234 1,40896359864846 1,0645685049948592 1,0625343091940156 -0,012019325024860233 -1,017967625071799 -0,1624804531825593 ), 59,86719577336197
( 0,9403056535903538 -1,0787812622240565 -1,9754136120107852 1,882962578523304 1,890617204418648 0,927125237489896 1,038333736661728 1,9951398495966757 -1,0016513600262968 2,015134821779136 1,399453869464134 1,0822006258872157 1,0658822449427876 0,007572532728123591 -1,004795771215141 -0,1529262612131438 ), 60,03377759438693
( 0,9343259810967198 -1,0734363697228655 -1,9668748884818645 1,8711315524939474 1,8827901693471867 0,9101346934123178 1,037802255870337 1,9877304274098422 -0,9877523539758262 1,9937236325617356 1,3839640057049871 1,0748748855007868 1,0653143933869589 0,012097088986859923 -0,9948057750463392 -0,14656998196330984 ), 60,0480814723835
( 0,938443750761445 -1,0695225923577463 -1,9801878433895195 1,872395721416134 1,8894006009603428 0,9164910638391319 1,0399945561850457 1,9891038950754534 -0,9983698097282482 2,0058888392638248 1,3904151928562825 1,0816827035657415 1,0661272440226692 0,010332806441669562 -1,0010836757383852 -0,15101711604627502 ), 60,050500818647365
( 0,9327982609913067 -1,0732271478874942 -1,9461321341560756 1,8806443628734673 1,8824243741433533 0,9244405826321219 1,038545506047496 1,988780766831687 -0,98535016021942 2,00034034888263 1,3928718002317972 1,0685042755985286 1,0636851557622378 0,002547693717615277 -1,0078870159888733 -0,15357870283302477 ), 60,06433490477174
( 0,9391148970025089 -1,0716707938072896 -1,9744273429589518 1,8729765887726981 1,8880644392213837 0,9167391801172284 1,038488274909804 1,9886162722422485 -0,997527996741876 2,005697909426761 1,3908688501753472 1,0797584519277743 1,0658624311454732 0,00891689343140659 -1,002405219118192 -0,15146479290629838 ), 60,091853689480715
( 0,9513835252009901 -1,0797330011547075 -1,953536250808547 1,8840188917346876 1,8773539061457545 0,9333856504947873 1,0364268624234458 1,9903614269043959 -1,0143219249133035 2,0165706316933734 1,404865289631018 1,0610706548956748 1,0578178191002823 -0,021257842829759205 -1,0062196343895387 -0,155079763216529 ), 60,09553214632494
( 0,9590863813909893 -1,102863735026079 -1,9596951484966054 1,894733417223566 1,8904384523249882 0,925803439071648 1,027749867346114 1,9953542207873798 -0,9995110595100118 2,0193817739473943 1,4100760602639877 1,0618449300699044 1,0683138075591911 -0,004906964669008931 -1,0159565456606072 -0,15253212393756752 ), 60,1427209928154
( 0,9410635951774802 -1,0750918189382377 -1,9695402157999349 1,875364584420999 1,8880592729229122 0,9188691700710814 1,0371819256520254 1,9893945499728354 -0,9984756347617774 2,007832147453595 1,3938605627069662 1,0777797125999797 1,0658177216306297 0,00620500806697905 -1,0055371085851994 -0,1528420512126425 ), 60,15233611062928
( 0,9617758224132071 -1,0993791352789564 -1,9903320894220164 1,884680378604884 1,8989200609820232 0,9181130425181145 1,0319122485312289 2,001449480804497 -1,008299100780824 2,0148723802378172 1,4028458711592457 1,074907714173183 1,0718886036548683 0,0032704195079485982 -1,009208122040228 -0,15007261925367466 ), 60,177646952849585
( 0,9383071641865107 -1,0670688332852727 -2,0028683443023367 1,8793387177613163 1,8989850753218047 0,9231697314282954 1,0472234569488201 1,9987672678841828 -1,0088628238375488 2,017606153892042 1,3989361127404076 1,0926219594791289 1,0696430206656797 0,013837504382123092 -1,0016022218873326 -0,1511855843585598 ), 60,24987621074436
( 0,9410496520519043 -1,0842080674341095 -1,9512993353315928 1,8810138881509275 1,88388810659847 0,9207487173872273 1,0325957575400904 1,9932725271126772 -0,993265211881362 2,00756274161038 1,3964974903350127 1,0710991296405095 1,0667425904905548 0,0009758864497648118 -1,0082169750306373 -0,15034581545356343 ), 60,25288813189097
( 0,9348041632205049 -1,0765163630837966 -1,9515625178115779 1,8767259158348084 1,8807175392389157 0,9194788285610501 1,0357453844803464 1,9867522420998867 -0,9923144026496593 2,0015876068686698 1,391823984908588 1,0724268375175727 1,061843622790527 0,005375075280082239 -1,0030873198920602 -0,15161823928257626 ), 60,27315017731482
( 0,940361800129606 -1,0831272459134345 -1,9530871590279668 1,879227830640086 1,8853665830395465 0,916937888812367 1,0342823477142769 1,988475239340739 -0,9906906708717734 2,0044889963624346 1,3948320345978424 1,069697823486704 1,0664887917242125 0,0051111203786315795 -1,0081981716436363 -0,15111281239111857 ), 60,28190135794058
( 0,9385111425367042 -1,078673848888414 -1,9497111695275022 1,8875200662762799 1,887811330149359 0,9327815230662998 1,0379797632477787 1,9953670584858882 -0,9966236361009496 2,017106105499006 1,4046258208241764 1,0740427402572597 1,0658806401904835 -0,002754512753967259 -1,0147486811879374 -0,15732115573124278 ), 60,340352267268
( 0,9470037709058441 -1,0883502919428742 -1,9608501269961596 1,884346204518858 1,8899449077266832 0,9233235544511763 1,0356549005279945 1,9954601428223593 -1,0018150181899308 2,0129820065109656 1,4032263246418786 1,0715239312303195 1,067632213973674 -0,0006994452196690429 -1,012611298628314 -0,15405326368117736 ), 60,345075556253065
( 0,9485663166132827 -1,0894696071875098 -1,9678056928189074 1,8872748762066092 1,8936483930714372 0,9287337052545614 1,0349213257741718 1,999389323568964 -1,0073228022309493 2,020299928404655 1,4071685675340493 1,0769087755273135 1,0687851557037946 0,0007504322141288482 -1,01392427423363 -0,1551193235612546 ), 60,37160449294275
( 0,9551414200261253 -1,0976994019593402 -1,9798777581555114 1,8850127719756202 1,8968907769410153 0,9181320739121726 1,0304739149930646 1,999109926492882 -1,0035245318172774 2,0165078103639464 1,4036750711297228 1,0793945789523518 1,071777495202912 0,007466504190269842 -1,0104373722280942 -0,1495657183659219 ), 60,378516924430755
( 0,9398207050469861 -1,0827684699104234 -1,9526212854290796 1,878018793820503 1,8838144464038986 0,9171082027741667 1,033495461270087 1,9885134269425893 -0,9922691604154543 2,004347587827664 1,3938425741780478 1,0728129101572368 1,0654963576755483 0,005266316818366449 -1,007211136606223 -0,15115285785025212 ), 60,40033580016215
( 0,9344124795540903 -1,0768656504552192 -1,9547793666533386 1,8638465782166798 1,8770386252332922 0,9008317992735486 1,0317097529021202 1,9804666476911859 -0,979517133432693 1,9841108993474728 1,3740714947108263 1,0706892552983889 1,0650183425075395 0,015246838154764571 -0,9922796350311989 -0,1431465384732657 ), 60,42459444392031
( 0,939924520418351 -1,080918342571912 -1,9591156009948374 1,8815481429254224 1,888887404608405 0,9238978422150098 1,0374872013103171 1,993945205604792 -1,000012275959561 2,0136142183196695 1,400300873805288 1,0777830547997194 1,0673025463768524 0,004125067666861739 -1,0106616789367395 -0,1543413171267441 ), 60,46365351610282
( 0,93532827823467 -1,0767777082519663 -1,9476499705008314 1,8730076724494897 1,8804219883101485 0,9139725350265991 1,034787663651974 1,9857923497758636 -0,9888110900980429 1,9984686734899135 1,3877712173193624 1,0716193338034257 1,0651226657198534 0,006884792524165161 -1,0039204652559588 -0,1505993053162926 ), 60,49290802592532
( 0,9428629523764441 -1,08680092806495 -1,9454165710472269 1,882400946113199 1,88330411817048 0,9222960625908861 1,0324288672171413 1,990409993541583 -0,9949974386374513 2,007849982363615 1,3990971459701957 1,068085295834128 1,0649931392457466 -0,000482748947826718 -1,0111588952822428 -0,15381650774378175 ), 60,50258331191135
( 0,9445248235042265 -1,088704965299278 -1,948228038381126 1,8820195569963363 1,8852312418918884 0,9209329637551132 1,0325050612219422 1,9938122741249291 -0,9967749256944856 2,0094629580219237 1,3995119751652352 1,069581085902095 1,0674989637167682 -0,0009629652452901507 -1,0120843112206448 -0,152615639112414 ), 60,54840002334545
( 0,9649196643423654 -1,1066849535207701 -1,9961840643700175 1,8901801764307187 1,9029878974552594 0,9197929276956155 1,0276900741647115 2,0035802652476016 -1,0103422714162729 2,0237676712123336 1,4100887451097457 1,0817791036377773 1,0735734612916608 0,007104044118621622 -1,0117822693860943 -0,14843865535776302 ), 60,554408742248214
( 0,9215837813213099 -1,0581166477238073 -1,95388097858805 1,8627406984097754 1,8765023949555366 0,9081072878455944 1,0429883192855511 1,9807806113660207 -0,9844568693829072 1,9867524442573463 1,3766628326030828 1,0753291832441014 1,0624124672237687 0,012077902870851028 -0,994516264474318 -0,14784450220901083 ), 60,59877143966345
( 0,9288330857990148 -1,0585818742706516 -1,9694733843812289 1,8788339063753245 1,8873506394001478 0,9336272463297832 1,0527352547807438 1,9936445376610883 -1,0091224366590263 2,017557304325154 1,4003570211635497 1,0848703777534159 1,061571510530734 -0,0026397678064042666 -1,00794978586251 -0,1604184193850434 ), 60,6357046948427
( 0,9315257479028872 -1,0769839980839957 -1,9348875207061158 1,8752356414443103 1,8765200912963702 0,912297366518399 1,031610421922292 1,981927138820873 -0,9799078301610616 1,9950841503917363 1,3874779702674875 1,0653588618272531 1,0649653137153423 0,00859590415803375 -1,0040480469196083 -0,14855832949173528 ), 60,639155916132594
( 0,9385670622667274 -1,0828138757781978 -1,940970609840813 1,8790873397964996 1,8821437785995572 0,9199305110869276 1,0342920687147497 1,989713693557333 -0,9922611028762557 2,0045209737098566 1,3955347171473038 1,0688388536018962 1,0656172188935304 0,0009111232955960201 -1,0105585837595576 -0,1537143290861684 ), 60,67479766452173
( 0,9394583107482107 -1,0729384972077625 -1,9707274026473185 1,8698655202544572 1,8950286412079533 0,9119301849020032 1,0446924953182464 1,9876164457485352 -0,999440402610124 2,003856515130004 1,3912262161436595 1,0784266660720727 1,070118798447228 0,010787162004860788 -1,013010942660534 -0,15620989182946585 ), 60,69396084582904
( 0,9460399608567056 -1,079942126233992 -1,9829646641506775 1,8667635380854712 1,9013753845387735 0,9071735305562012 1,0423798323404068 1,9877492102361163 -1,0004543724767143 2,0010345707882626 1,3895501270059187 1,0789801113561086 1,0720227906837756 0,015327962143404313 -1,0144707198142993 -0,15519742192904595 ), 60,743841945698776
( 0,949871663019913 -1,0968952301236927 -1,9411599559526727 1,8866493604783752 1,8851627253220111 0,9234747786721145 1,0290943071689045 1,9911857783554103 -0,9955343403798338 2,0118721166430893 1,4039037886309353 1,0641666730953192 1,0662072013363628 -0,003984927750115549 -1,0165971162742595 -0,1549852819097542 ), 60,7521581671234
( 0,9442039549663823 -1,0878411908092707 -1,94774633041793 1,881408498170886 1,888445654492848 0,9217737397922382 1,0345275852190754 1,993110978582341 -0,9983026730543018 2,0114860389156055 1,4010591231198475 1,0716804353806486 1,068252210012742 0,00031901305990267087 -1,0163959615451827 -0,15597578138621285 ), 60,80336278413533
( 0,9392094670192487 -1,084469698229703 -1,936420109326914 1,8795593502504746 1,8809984992330453 0,9201951125555795 1,0333611474737878 1,9888232712222194 -0,9922337108533996 2,0040617443361075 1,396314147473787 1,066662528998005 1,064932944248752 -0,0009060566331296851 -1,0121555499919728 -0,1543479882106217 ), 60,814242767902286
( 0,9299450619362982 -1,0770467690311467 -1,9284289677342756 1,8752690316602014 1,8748459074654051 0,9114990787153583 1,0305078379657462 1,980419434907094 -0,9771029380032327 1,9933320160181556 1,3871972505290875 1,0630462017416482 1,0648524402136603 0,008733529164985787 -1,0047409719783 -0,148245512351337 ), 60,83432059048327
( 0,9238428178509485 -1,0648332199869428 -1,94065884310639 1,8739324215803208 1,8796233615590103 0,9215006315263619 1,0414463375949679 1,984855735856921 -0,9879895014177734 2,003003680455988 1,3899896899881719 1,0775174786431905 1,06285000306864 0,006721288539144499 -1,0067269324225996 -0,1547952018632531 ), 60,859153326615726
( 0,9404236116310628 -1,0855606048714241 -1,9378981810355187 1,8831433409192206 1,8831355112616293 0,9259454612132596 1,0347312811487608 1,9914282072171876 -0,9970748867132194 2,0102065319295384 1,4018779311450549 1,0685316918214411 1,0644809922081988 -0,0038316131258007142 -1,0154349578067472 -0,15708389230834754 ), 60,885848235070256
( 0,9300238845094297 -1,0748087347160755 -1,9376029349252841 1,8737241393805681 1,879811612318408 0,9165162904515083 1,036092708549204 1,9856356533119635 -0,9859868788461593 1,999909429462739 1,3888394768575099 1,0738184985976593 1,064771876146145 0,007659651509283962 -1,0070149018487402 -0,15272070921442585 ), 60,89567995226761
( 0,9458542998901138 -1,0942888474894985 -1,9342722771765881 1,8833982317992024 1,8835392984784716 0,9199047207301128 1,0291336140667404 1,9914726498188853 -0,9924325686472835 2,007481702305642 1,39997666758766 1,0643658482036582 1,067595841459412 -0,0017034943480438258 -1,016087715904046 -0,15422720318075825 ), 60,96648390855597
( 0,9444777461142944 -1,0939482920914627 -1,9280153594496956 1,878806906144231 1,8789865384804474 0,9128743069568874 1,0261286010642527 1,9866820861447705 -0,9849374333880142 1,9973704118356885 1,3925812409679044 1,0589238995747536 1,066958300817242 0,00045343797666790964 -1,0121531557319658 -0,15103399269693618 ), 61,011221548912474
( 0,9215660834732451 -1,0636686904388055 -1,9379487170346203 1,8626170276711647 1,873500664779835 0,9071737312883087 1,0382555403614497 1,9814220924731292 -0,9805629122868733 1,9844959837706126 1,3753370157506888 1,0732001286247859 1,0630350210301662 0,012007286425326724 -0,996241282713886 -0,14821252091586662 ), 61,016963037243954
( 0,9218265926587486 -1,0631957577790756 -1,9352323851809554 1,8769409244553763 1,879814790527596 0,9269654696214062 1,0426849213438947 1,9859154121770466 -0,9884282227297121 2,0074534289438204 1,3936307390089213 1,078412627149393 1,062348102774104 0,004086252238773006 -1,010277191507123 -0,1573782957223478 ), 61,03704515115568
( 0,9535556350215373 -1,0896204569304337 -2,002810162923609 1,8923340693426258 1,9073911643401618 0,9333933651135157 1,0399868295944052 2,007289109605344 -1,0192654102233574 2,0385153912344753 1,41595280617758 1,0968474987623933 1,0723950351057467 0,008610502332639419 -1,0146745407368627 -0,156076616727913 ), 61,05783350926335
( 0,9382575154769263 -1,0846371430327546 -1,9302932750399016 1,8799250207017015 1,8807391119481938 0,9219326445548687 1,03436249347534 1,9902179831013747 -0,9927058816732047 2,0041591928224034 1,397222930271021 1,0660906379594004 1,06516045840566 -0,0027718014668055065 -1,0146863781562623 -0,15621957877398118 ), 61,07456908197307
( 0,9274277795895315 -1,071052423023882 -1,9242181556621283 1,8780661585464429 1,8722471750555043 0,9210046828722498 1,0380036714836973 1,982779743321497 -0,9870233983612919 1,9964253064217257 1,3939311625219528 1,0613157544947867 1,060325381058236 -0,006115698713945919 -1,0108277981377587 -0,15452155923412658 ), 61,076194993217825
( 0,9287797284230351 -1,0728900552689544 -1,9221589975910855 1,8884492627146616 1,8816122120836345 0,9388871662434134 1,0387456353122244 1,9925543777010242 -0,9899621184162335 2,01690577917784 1,405049301010987 1,0719093747356399 1,0632128647078238 -0,006793435377735586 -1,0201495018835807 -0,16174736998188813 ), 61,18435940630759
( 0,942385774809719 -1,0875308797531615 -1,932879371687523 1,883936390412644 1,8890064916314198 0,9225783105095754 1,0357010357373657 1,993584886631098 -0,9925775224719464 2,0091082718538273 1,4025660066056427 1,0657962995666175 1,0713771231926663 -0,002028511557332333 -1,02419709218684 -0,15920462854124376 ), 61,188275147933396
( 0,946846784330373 -1,0978460255747073 -1,9241269048593046 1,8885305720305725 1,8832206926818136 0,9270540444204897 1,0281555607278852 1,9928218915575326 -0,9948750444248083 2,0144148734803484 1,4065161424681123 1,0639375144469077 1,0665294921875934 -0,006168842028750411 -1,02205231870742 -0,15829369961858872 ), 61,44711333907803
( 0,9432301522288425 -1,093303769533457 -1,9187807305939506 1,8879058933313901 1,8813038038953012 0,9294044432437056 1,0318315715850788 1,9934870062238768 -0,998285881365278 2,0144853313587556 1,4080073163532363 1,0628873144263162 1,0656438435292381 -0,010782500835006854 -1,0233751573247278 -0,1600012982463137 ), 61,70256617984511
Liczba wywołań funkcji celu: 1565
