Iteracja nr: 63
( 0,9208357967583924 -1,0636695462649168 -2,0145399451247985 1,9285601893027609 1,8855684902044727 0,9694787327602695 1,0271271928220158 2,0100487528303956 -0,9463491954083019 1,965085376635916 1,4033597398325504 1,0355138708629539 1,0439515988982642 0,007952677042598943 -0,967235013792603 -0,13460790909603193 ), 56,13875262234562
( 0,9210253324676045 -1,0637765793145908 -2,0148910629062233 1,928270909179384 1,8857195756021268 0,9690219034757496 1,027103180567271 2,009886478047427 -0,9464050577597736 1,9650688638677687 1,4031480965634513 1,0356900680558756 1,0441111145948103 0,008262533370697078 -0,9672322334861935 -0,13452374076167575 ), 56,13892247883976
( 0,921027855956215 -1,0636970150715064 -2,0150294574102268 1,9282123344463957 1,8856900825016882 0,9690402352384004 1,0271774797317013 2,0098833610827205 -0,9465587821922609 1,9650577585283737 1,4031413200777763 1,0356922016663208 1,0440532340762616 0,008175774590279666 -0,9671736033973749 -0,13453976861523864 ), 56,13896298279502
( 0,9207883751891871 -1,0635225530182884 -2,0147963610348647 1,9284990751149422 1,8855702004787676 0,9693975390602957 1,027188656560279 2,009998738139129 -0,9463630057460783 1,965122401519441 1,403276208904112 1,0356555115781996 1,0439618336596812 0,00807701759845843 -0,9671050952514874 -0,13455570849186568 ), 56,13899895664409
( 0,9210954895163235 -1,0637779289512066 -2,015044642109689 1,9281478847844926 1,8857364262190899 0,9689209463899445 1,0271434305202374 2,009846833396061 -0,9465499670862455 1,965042280339955 1,403098722678052 1,0357064896036596 1,0441051979508131 0,008247392403798588 -0,9672133950935351 -0,13452541489555248 ), 56,13900890580467
( 0,9209042363009801 -1,0635605954320493 -2,015001552284004 1,9283239823920038 1,8856196934823193 0,969214407717041 1,0272201419367355 2,0099331898286623 -0,9465239620136855 1,9650905371419798 1,403195189168073 1,035693108850844 1,0439866755291867 0,008108708587797983 -0,9671002834631703 -0,1345474108352612 ), 56,139015173331146
( 0,9210454491120045 -1,0637070424546153 -2,015068016360429 1,9281794739402556 1,8857071208792557 0,9689823587910231 1,0271718371266507 2,0098615417789207 -0,9465534717844359 1,9650565099918524 1,4031120262503312 1,0357180412311036 1,0440750616063752 0,00822290720307956 -0,9671698573392343 -0,1345259417697966 ), 56,139043525330436
( 0,9209324742865483 -1,0636298408463205 -2,0149728651777292 1,92831158819076 1,8856665568841176 0,9691149958658506 1,0271640330999252 2,0099031494140047 -0,9464205915240967 1,9650962844639803 1,4031569423266859 1,0357296284591047 1,0440573942957616 0,008233860763201522 -0,9671350038812917 -0,13451745803194376 ), 56,13906010954314
( 0,9209833341091072 -1,0636573098616144 -2,015039087895385 1,9282447863515932 1,885688962866881 0,9690419109908938 1,027170390291688 2,0098786873522494 -0,9464795186682958 1,9650819636370982 1,4031279925901503 1,0357381323999462 1,0440702909257835 0,008245168842279592 -0,9671427516732087 -0,13451593123839586 ), 56,139061400446565
( 0,9207221740985171 -1,0633864877606225 -2,0148817350981196 1,9285195616926116 1,885506238052048 0,9695184888032802 1,0272714724855414 2,010028449033595 -0,9464693349391263 1,965131255602838 1,4033073842894381 1,0356504041503019 1,0438755356516958 0,007959917083518616 -0,9670223309151357 -0,13457659548889486 ), 56,13907814655386
( 0,9209879342585356 -1,0636508081208804 -2,0150616247281845 1,9282306751715905 1,8856882665417074 0,9690332427696234 1,0271782272420047 2,009874239167259 -0,9464987774833442 1,9650793968357976 1,4031219060095341 1,0357416591461497 1,0440668267668827 0,008241541238776781 -0,9671358083896223 -0,13451586650900144 ), 56,13908447138397
( 0,9208533721229646 -1,0635155080739356 -2,014984270919791 1,9283698638543083 1,885601821320731 0,9692584342842099 1,027221965769613 2,0099438004742933 -0,9464701961499646 1,9651082632800054 1,403203423373941 1,0357106906776594 1,0439802020069706 0,008125518148935668 -0,9670729378526901 -0,1345382846853673 ), 56,13909145419548
( 0,9208172827062001 -1,0635946042803037 -2,014788431940661 1,9284785676996963 1,885632576995474 0,9692579241047172 1,0271212809780519 2,00995356550646 -0,9462229104880915 1,965136313340163 1,4032159791947678 1,035722938201735 1,0440575868593498 0,008260746303431224 -0,9671345776897746 -0,134508946320599 ), 56,139092667449034
( 0,9208672486626672 -1,0635238298034464 -2,0150026019491554 1,928350799526137 1,8856090762684699 0,9692344520139299 1,0272221023719381 2,0099355020362406 -0,946482069206166 1,9651046376698422 1,4031932254947723 1,0357154411317508 1,043986118319423 0,008134164311134305 -0,9670747879733488 -0,13453619393611954 ), 56,1390991195088
( 0,920971675716205 -1,0636236154327425 -2,0150727241572994 1,9282385604769106 1,8856749893575888 0,969058655129619 1,0271923564533476 2,0098804190370303 -0,9465119808285106 1,9650819636227366 1,4031281997542278 1,0357414331801376 1,0440509512630762 0,008221966570877936 -0,9671192929673533 -0,134518816138467 ), 56,13910149978358
( 0,9209921643265789 -1,0636382411241967 -2,0150958919318813 1,9282135466536963 1,8856868945276062 0,9690248677774407 1,027190836007629 2,009869427622885 -0,9465259168744765 1,9650776576175755 1,4031149623621413 1,0357477777866932 1,044060978926748 0,008235655065623071 -0,967124471541561 -0,13451601861752363 ), 56,139104266136684
( 0,9206693988356593 -1,0633544653920493 -2,0147944297355775 1,9285926491504732 1,8854666748953692 0,9696304117512723 1,0272767099543112 2,0100667180630944 -0,9464469674062752 1,9651361447604654 1,4033563336039163 1,0356114446653104 1,0438368951861785 0,007890499685133289 -0,9670178366531369 -0,1345942131514319 ), 56,13910885126218
( 0,9208271468575348 -1,063488413704765 -2,014975941251181 1,928394498672724 1,8855879398976152 0,9692937128428587 1,0272290421167274 2,0099539396782418 -0,9464584166061781 1,9651156246488846 1,4032142848490718 1,035711708075028 1,043968055601214 0,008114895000838741 -0,967058456844379 -0,13453903288415192 ), 56,13911003457629
( 0,9209705865454574 -1,0636028289792447 -2,0151077514137135 1,9282259523761636 1,8856685978757777 0,9690624590591751 1,0272098466347455 2,0098793736522294 -0,9465450153080267 1,965080916574191 1,4031258366471477 1,0357448234318172 1,044038449806706 0,008205424129152905 -0,9671039045469326 -0,13452137675435333 ), 56,13911488128093
( 0,9208378764664824 -1,0634924599255993 -2,014992412378418 1,9283785000794127 1,8855917760316083 0,9692780876853702 1,0272319382556463 2,009948330429717 -0,9464741521534931 1,9651119935558699 1,4032075202289338 1,0357135545312572 1,0439695139617755 0,008115524973481229 -0,9670587221046124 -0,13453896691986894 ), 56,13911675416004
( 0,921098727502119 -1,0637579809677051 -2,015128639149605 1,9281140669767678 1,8857555678262217 0,9688542300673564 1,02714737742664 2,0098187939163417 -0,9465350537456835 1,9650536302990464 1,4030573615068014 1,0357626925106214 1,0441316693079803 0,00832438455717108 -0,9671854144777724 -0,13450056043892542 ), 56,13911824712295
( 0,9208562671369519 -1,063509174635026 -2,0150070983577475 1,9283573189187895 1,8856033530940093 0,9692452549572498 1,0272269896847466 2,009937658475596 -0,9464796200684127 1,9651078139415696 1,4031946499937102 1,0357193492138863 1,0439811666943697 0,008132511035082623 -0,9670652798329301 -0,13453518945653625 ), 56,13911988483886
( 0,9206575683594548 -1,0633447245490755 -2,014787606127466 1,9286051873958998 1,8854620174890846 0,9696441098320581 1,0272772573317304 2,010070783189328 -0,9464356119537337 1,9651402084657543 1,4033605591088913 1,035613184199559 1,0438342136877443 0,007890757249639807 -0,9670128533902488 -0,13459338629741918 ), 56,13912152779427
( 0,921142161382835 -1,0638448427790794 -2,01508449211975 1,9280983482732792 1,8858017183465605 0,9687662218170242 1,0270928447129637 2,0097961375306754 -0,9464600943453938 1,965051246357548 1,4030320663769476 1,0357752702556795 1,0441935083376002 0,008414527323102206 -0,9672366698445636 -0,1344830812770301 ), 56,13912177265185
( 0,9207504448573453 -1,0634156430133792 -2,0149166644051233 1,9284797085960443 1,8855356552009006 0,9694335635006338 1,0272530199708048 2,009998587428087 -0,9464448635314917 1,9651300183748075 1,4032682005709818 1,0356838514825246 1,043914264123974 0,008035116511042151 -0,9670282136891769 -0,13455634350831966 ), 56,13912709161502
( 0,9210389261756452 -1,0636636307283793 -2,015151968992976 1,9281506807500592 1,885704278659911 0,9689602164611434 1,027197450653284 2,0098472550299107 -0,9465844905685884 1,9650614925009797 1,4030890213515959 1,035751114251818 1,0440694576476726 0,008239009224635269 -0,9671316128471782 -0,1345161496078309 ), 56,13913679156802
( 0,9206126455861049 -1,0632904110694195 -2,014753283692293 1,9286553747845334 1,88541595787737 0,969761674794444 1,0273096431327517 2,0101094788973444 -0,9464763245041208 1,9651413949733718 1,4034100424033207 1,0355721441143568 1,0437756306437749 0,0077857521069905995 -0,9669930534797603 -0,13461951524965854 ), 56,13913744778415
( 0,9207419236120495 -1,0633989597240954 -2,014931383802746 1,9284806198043827 1,885530674920651 0,9694401049351407 1,0272608591002623 2,0099989446117683 -0,9464497857564299 1,9651327617372039 1,4032671908302312 1,035689888691056 1,0439087600692896 0,008033231485512415 -0,9670164174427054 -0,1345551809078485 ), 56,13915028467639
( 0,9213001338363044 -1,0640057528076863 -2,0151356987929074 1,927949662556637 1,8858826421278319 0,9685592709187619 1,0270534088471817 2,0097369122994424 -0,9465393920055714 1,965005606563681 1,4029692638256375 1,035765286951998 1,0442620703605272 0,008469076712772586 -0,967322957650175 -0,13448099509832298 ), 56,13915093749925
( 0,9207522746350113 -1,063406396461193 -2,0149467038755904 1,9284661170110053 1,885538752791873 0,9694163122444343 1,0272584826061506 2,009990677098589 -0,9464514078049542 1,9651315351778038 1,4032565684290066 1,035698016566579 1,0439175164688845 0,00804931359490649 -0,9670176543967549 -0,13455096324978083 ), 56,139155686350975
( 0,9208510943952525 -1,0634706199344097 -2,015070339609281 1,928337234696587 1,8855938872850504 0,9692478598003778 1,027255475810579 2,009933984344472 -0,9465268306476133 1,9651087364643283 1,4031873621024649 1,0357318638052262 1,043963495413516 0,008115232870242224 -0,9670359462680548 -0,13453611402599344 ), 56,13915805931944
( 0,921043110846288 -1,063610525648791 -2,015270477654151 1,9281061651691047 1,8856984122607252 0,9689456269838943 1,0272424143627532 2,0098361660171777 -0,946667518686174 1,965062941103664 1,4030711984396629 1,0357765656318867 1,044048361828957 0,008221144981651206 -0,9670884776784052 -0,13451607328321724 ), 56,13917313048873
( 0,9207010811500242 -1,0633596974307398 -2,0149056549088327 1,928523756988056 1,8855055491292345 0,9695066563035961 1,0272721758784773 2,0100195794279467 -0,94643667566082 1,9651419722801922 1,403291294128275 1,0356814441958375 1,0438845114764987 0,008001788194306709 -0,9669983813371602 -0,13456107414588564 ), 56,139177419685424
( 0,9207910380300578 -1,0634575412294753 -2,015002028796469 1,928420796119105 1,8856009297892358 0,969271529398653 1,027216014904585 2,0099426530222986 -0,9463667945300164 1,9651454518688687 1,4031921347792646 1,0357725083963556 1,0440007621999188 0,008213297846120784 -0,9670313379019826 -0,1345086860219541 ), 56,139178078915364
( 0,9214332239745403 -1,0642109963877566 -2,0150661293412977 1,927873469238135 1,885979900525394 0,9683643219867356 1,026955858893436 2,009688618531743 -0,946472757784077 1,9649787221978956 1,4029207235287529 1,0357589445950512 1,0443729930603214 0,008595730388987057 -0,9674467540595194 -0,1344642879859789 ), 56,139190908089546
( 0,9214352464701058 -1,064188425037555 -2,0150995269683647 1,9278554548718527 1,88596623343778 0,9683783071410161 1,02698044387361 2,0096906182257386 -0,9465299886041459 1,9649710562530434 1,4029233255960734 1,0357495896100322 1,0443486717262331 0,00855289635314375 -0,9674313338559232 -0,13447372576451136 ), 56,13919120470338
( 0,9212754279913035 -1,0639645467853918 -2,0151706009637884 1,927956370492026 1,8858735162208462 0,9685706251156697 1,0270681767003362 2,0097360794846133 -0,9465349210416621 1,9650162138173113 1,402963784635677 1,0357877062316092 1,0442551123487045 0,008480310903386858 -0,9672930422036361 -0,13447368916471947 ), 56,139193192507705
( 0,9206752481832373 -1,063328398191062 -2,014901630948176 1,9285461315479082 1,8854880851375273 0,969548231634634 1,0272847032106907 2,0100316121552875 -0,9464384567120073 1,965147474438816 1,4033048410721207 1,0356780900807572 1,0438658854278764 0,007978258862526495 -0,9669818445293815 -0,13456512022561928 ), 56,139204564701075
( 0,9210266163809476 -1,0636341033394114 -2,015202695345553 1,9281413864234345 1,8857071362165636 0,9689393236525017 1,027206094436089 2,0098354738468847 -0,9465740444019265 1,9650717793537873 1,4030693604647548 1,0357857733522295 1,0440769149805231 0,008277092123996587 -0,967104647490556 -0,1345019180643055 ), 56,139213191371255
( 0,9207580674824198 -1,0633837660138343 -2,015017940902421 1,9284315861519201 1,8855434022243416 0,9693792809052613 1,0272743832585352 2,0099731196087607 -0,9464768895851262 1,9651326063477288 1,4032309546128157 1,0357266863410464 1,0439205948669057 0,008072584155498531 -0,9669926077848277 -0,13454095527441323 ), 56,13922851030566
( 0,9215332062767218 -1,06429679846143 -2,0151272315666695 1,9277712361112216 1,886026366693696 0,9682400432194778 1,026945714942621 2,0096523155876187 -0,946552252624066 1,964949639953158 1,40288197046397 1,0357534238555217 1,0444052077941643 0,008613136770055539 -0,9674902652740243 -0,13446646992146732 ), 56,13923707861754
( 0,9209528053495921 -1,0635387400707903 -2,015207300868848 1,9281982402027682 1,8856584172165132 0,9690487179519204 1,0272447232755184 2,0098652808600543 -0,9465813465452221 1,9650883642995132 1,4031012389588193 1,035784471075487 1,0440254615416351 0,008218546724789987 -0,967050735531912 -0,13451003873778758 ), 56,139251337710334
( 0,9207377955584168 -1,0633844977559281 -2,014984126158146 1,9284584799895965 1,88554540825439 0,9693811422361608 1,0272557270826805 2,0099731531404545 -0,9464135177316736 1,965142233248585 1,4032288325444158 1,0357398117042558 1,043936305748163 0,008112035831289013 -0,9669928692634723 -0,1345294613116419 ), 56,139281204198085
( 0,9215082731809223 -1,0643197349236198 -2,0150975246392253 1,9278182467253082 1,8860691626188708 0,9681827461977661 1,0268884188662941 2,0096357560689904 -0,946374554887767 1,964988704314155 1,402854751765584 1,0358247474614253 1,0444827932438114 0,00878114371462908 -0,9674997916310727 -0,13442283861259952 ), 56,139300176336164
( 0,921547376282372 -1,0643512336676786 -2,015086428583176 1,9277772631254027 1,8860612992452226 0,9681760884792734 1,0268973162907185 2,0096345463186043 -0,9464552935000394 1,96495778242994 1,4028594132341101 1,0357791652362083 1,0444608231685 0,008711070313181957 -0,9675205080165806 -0,13444358603532114 ), 56,139326725655295
( 0,9212756595956846 -1,0639221899773132 -2,0152818473291956 1,927912296866208 1,885881138044496 0,9685176042720985 1,0270917466582525 2,0097101577413525 -0,9465594456268056 1,9650239411503716 1,4029245455893966 1,0358398649831884 1,0442627597331287 0,008527388618348787 -0,967249900678146 -0,13445482939793965 ), 56,13933544625692
( 0,920565814731407 -1,0632025148396345 -2,0148755160687952 1,928643508299311 1,8854176831547085 0,9697173385182495 1,0273305042192293 2,010080480974137 -0,9464299680597812 1,9651717932283266 1,4033594392449715 1,035666982266148 1,0437942097348607 0,007892047608749423 -0,9669154803456871 -0,1345788875790292 ), 56,13934966765149
( 0,9217101336564737 -1,0641743358057134 -2,0155977472843096 1,9274226235815783 1,8859475933412135 0,9682241458299962 1,0272112654565573 2,009628835377898 -0,9473264607981899 1,9648255846570164 1,402865316405468 1,0356356233666986 1,0441783786608014 0,008144573574841236 -0,9673911207005609 -0,13458308206785133 ), 56,13946325401429
( 0,9213938130016638 -1,0640485033625535 -2,0153475298200556 1,9277964860718002 1,8859669240022572 0,9683087447695886 1,02704388676006 2,0096468289130347 -0,9465589183101322 1,9650054128503227 1,4028495971289485 1,0358780092121895 1,0443527744115868 0,00865597776559824 -0,9673098378696505 -0,13442908676053286 ), 56,13946539677529
( 0,9213028929779873 -1,0639190163135201 -2,0153776442533147 1,9278521728273106 1,8859043076235735 0,968433030066062 1,0270996316468495 2,009677046864274 -0,9465819815428359 1,9650237639421102 1,4028792527578975 1,035884328829058 1,0442862838673845 0,008585969701912586 -0,9672314407524055 -0,13443637042463968 ), 56,13948170915684
Liczba wywołań funkcji celu: 6514
