Iteracja nr: 27
( 0,9339948546299099 -1,0783375699999393 -2,0065291973476587 1,92234167105343 1,887265654615108 0,9697588903534228 1,026627269098862 2,0123019472480372 -0,9644076988930508 1,9593084632960402 1,408731431393335 1,021705652186977 1,040994177602157 -0,010181282407366066 -0,9790585063039308 -0,1414942580731293 ), 56,383535514821986
( 0,9359626854042863 -1,080444674468214 -2,0081669355057072 1,9239540104540125 1,8898773170113943 0,9711888343258718 1,026784637897304 2,014039583659067 -0,9657991230063463 1,9608975216377342 1,4112236633694968 1,0213699129206146 1,0419481061701144 -0,011027301714052886 -0,9819266258597973 -0,14273584106462947 ), 56,39480028824812
( 0,935113996629034 -1,0789658991132465 -2,008331513710631 1,9238302644326144 1,8886454864989306 0,9721092754417298 1,0274342528612594 2,0139605942842183 -0,9666394221985672 1,96054827715073 1,4110845478617586 1,021066126761884 1,0408481238472997 -0,012268611601297016 -0,9806551058366335 -0,14271630908881144 ), 56,39676751086263
( 0,936304275766953 -1,0802598402168928 -2,0090204711908766 1,9248874340066608 1,8895278933384971 0,9730684616495227 1,0272054536243738 2,0148265936725447 -0,9673976696504679 1,961125670061744 1,4124329472827606 1,0203320953431196 1,0409945669580358 -0,01313983460839146 -0,9816761971446047 -0,1431569913995757 ), 56,40223599516072
( 0,9376198527074475 -1,0829812659323141 -2,0079210092911324 1,9244412760683487 1,8910934933773365 0,9704323480984637 1,025635022282741 2,0142806697166384 -0,965148793429791 1,960836138608763 1,4117354737232892 1,0206116241468957 1,0428688711350722 -0,01040308759993335 -0,9833327805043206 -0,14271042243777404 ), 56,404262909334975
( 0,9372546049680782 -1,0813769411187972 -2,0095926666989943 1,924787641696004 1,8903491266245718 0,9724016634513334 1,0268662961454063 2,0148842891702854 -0,9674882603277893 1,9612191155868688 1,412566926414883 1,0202849004854864 1,041554266455748 -0,012689415588436932 -0,9823858387855133 -0,14318199197388196 ), 56,40560169104327
( 0,9359491392850827 -1,0787247106507227 -2,0114151088856 1,9242943613244592 1,889061411576658 0,973516231118289 1,0283289557393582 2,014842255990468 -0,9691150394513637 1,9607872744330512 1,4122349815626263 1,0204462883701984 1,0400947256435409 -0,014077002435892131 -0,9804495323908207 -0,14322157146815934 ), 56,40842512283665
( 0,9369066749907277 -1,0796804977900005 -2,0123411415492543 1,9243154002431506 1,890375392141272 0,9729633937102741 1,0282949323685804 2,0150713435002676 -0,9694131543932285 1,9615789852245593 1,412655672404278 1,0209836147999864 1,0409770901452906 -0,013418983310872651 -0,9816455808722003 -0,1434985849438663 ), 56,40866005529264
( 0,9394920447961381 -1,0841430811788613 -2,0119311679113308 1,9247170431963692 1,8932005385357256 0,9704173120854295 1,0260972250835418 2,015142996213638 -0,9669741298455837 1,961542579323375 1,4128336655991147 1,0207486565273036 1,0434939151429121 -0,010438368314611306 -0,9844393967224472 -0,14318172307570218 ), 56,41012787482822
( 0,9374383489497816 -1,0818922036701666 -2,0087965661584257 1,925246106695996 1,8902739265762505 0,9728145807259442 1,0265394829294967 2,0150798472217435 -0,9672883328766524 1,961206184164341 1,4129383905367279 1,019757867138324 1,0414936492217381 -0,013088862340097096 -0,9826734141795975 -0,1432573440424516 ), 56,4109149886131
( 0,9375440887403328 -1,080290773323037 -2,0141797107792487 1,9220999029559027 1,893245851130901 0,9687690783164538 1,0285467085207616 2,0140255975127777 -0,9683874126719333 1,9627603446299642 1,411093748013271 1,0244738696346303 1,0438501706532037 -0,008791615621252474 -0,9836117117553025 -0,14344470264853293 ), 56,41152122536667
( 0,9383329089187783 -1,0830682852275926 -2,0092810729713126 1,9253582193782277 1,891286277155193 0,9722265941330851 1,026134303187002 2,015225670738589 -0,9670360052592559 1,9613741312152648 1,4131583659415508 1,0197685797467295 1,0422045843512784 -0,01241883183640067 -0,9835630123442599 -0,14329747244580282 ), 56,411522766781786
( 0,9369294016509554 -1,079948938404509 -2,0120101925284493 1,9244792213355175 1,8906343137168435 0,9730392441380973 1,0282063704555502 2,0152264212043334 -0,9691320852338354 1,961505348546702 1,4128139023045556 1,020869461154279 1,041134597834935 -0,013348516657565512 -0,9820624038852737 -0,1436302519352299 ), 56,414020783593045
( 0,9382201602849995 -1,0847536039751011 -2,005665529791775 1,9260764939145887 1,8908431588218342 0,9717651215733464 1,0243054338465984 2,014952396452912 -0,9640849304328376 1,960412817127508 1,4128080636506255 1,018692982374581 1,0426251863596974 -0,011453544042010027 -0,9839199838075705 -0,1426922508164119 ), 56,4142658149902
( 0,9353517093263681 -1,0784066672828125 -2,00854242424047 1,9238046914556817 1,8888736798011863 0,9729355121868636 1,0283096408288113 2,0143355838746966 -0,9684272572971312 1,961784783491833 1,4119135304343229 1,0214564714776544 1,040753902617578 -0,013548770755761929 -0,9814069374620732 -0,14351424045554434 ), 56,414573749282525
( 0,9380104193367439 -1,0817511316569364 -2,0113315322517376 1,9246129196392048 1,8915398062554813 0,9720677134415185 1,0273102251882682 2,015191447269671 -0,9684185851394608 1,9618509743161199 1,412972771155128 1,0208674281386196 1,0421138356638164 -0,012403015250197075 -0,9832307207028966 -0,14356338141167507 ), 56,41493058219585
( 0,9373540470181797 -1,0839571061985784 -2,004497160739805 1,925061999786384 1,890286921124633 0,9706587851203754 1,0244147829223431 2,014153966406701 -0,9634217319399259 1,960361050889212 1,411714605574854 1,01964895715519 1,0428351298996663 -0,010499148428854894 -0,9835536157897992 -0,14245381422147765 ), 56,41657204215262
( 0,9379631508825736 -1,0831784346394413 -2,007750228734942 1,9256994911292962 1,8908591428796524 0,972586946839591 1,0258306855522192 2,015261675023402 -0,9664138638532681 1,9612899444937368 1,4132488958559217 1,0194729927747486 1,042094005009905 -0,012611890069864119 -0,9836398416383019 -0,14330259004933796 ), 56,4174366480009
( 0,9375230493538455 -1,0807617133535299 -2,0116529937982355 1,9248613123970126 1,8904365181090061 0,9733430995872402 1,0277322135461757 2,0153644797948616 -0,9693337858542697 1,9613702505174557 1,4131785914400574 1,0200573369796313 1,0409154112563794 -0,013980566809375847 -0,9820750880998484 -0,14356788234278595 ), 56,417513371967445
( 0,938037970811026 -1,0825348529457088 -2,0094117846227304 1,9253537786964023 1,8914093274407773 0,9725598032097176 1,0266597777515425 2,015403588021412 -0,9675424914844899 1,9619196779566723 1,4134094541572522 1,0202792401805614 1,0422216519153136 -0,012617112595888946 -0,9838050358872598 -0,14362791213254328 ), 56,418606596560934
( 0,9376289266318173 -1,082089066153879 -2,009096772406905 1,9255692544605205 1,8905933092173925 0,9732657204388137 1,0266691924997386 2,015444508996925 -0,9675978758107409 1,9613125714489141 1,413397350364703 1,0195611752061338 1,041482266922327 -0,013441896123370786 -0,9830364861167592 -0,1435089180679556 ), 56,41883519578769
( 0,9389289266168741 -1,083425339239128 -2,0105621627382866 1,9251987989760497 1,8923604968409506 0,9718645561270077 1,0264790710631693 2,0154573827190196 -0,9677042885924833 1,962041100547865 1,4134844953400112 1,020425136511986 1,0427922753738486 -0,011999599384090846 -0,9843964609136041 -0,14363053684719176 ), 56,41959267737616
( 0,9368518639431919 -1,0785406797871913 -2,0149096960485324 1,9237409908630276 1,8906573598413219 0,9730808575121118 1,0294309011534828 2,0151822617157245 -0,9710798421283855 1,9618297775945934 1,4126590836869064 1,0216504369515433 1,0406699304536173 -0,013768752390896597 -0,9811882907830548 -0,14375328561242492 ), 56,41964468479625
( 0,9397513863098337 -1,0852689690095867 -2,0092299094577926 1,9256997143291732 1,8928840191251048 0,971266877142991 1,025221505441129 2,015451855466575 -0,9662420229256741 1,9617880225854347 1,4135795793702466 1,0197766118405962 1,0434972683335544 -0,011213232437324874 -0,9852425909823294 -0,14335914502650265 ), 56,41971618387433
( 0,9368272647121701 -1,0810495972886511 -2,008989974421501 1,9252754571127162 1,8891520307681027 0,9736871232417617 1,0268029643847958 2,0151427490296383 -0,9677322333085916 1,960087949412784 1,4128013480539816 1,018784295835354 1,040326933749557 -0,01430477216331603 -0,9814050821292513 -0,1431268769591987 ), 56,4211300745838
( 0,9378883775148616 -1,0815156173535445 -2,0104924826274067 1,9248316306500328 1,8911976667745591 0,9727534189399045 1,0274559024182948 2,015326861744677 -0,9688148108666116 1,96214978692511 1,4133396011568737 1,0206143881222027 1,041832161328731 -0,013259298855114576 -0,983394385888277 -0,14383675091332943 ), 56,42136320039971
( 0,937814537071143 -1,08136495448136 -2,0104875321637325 1,9246968576153531 1,8912328227314943 0,9726406851482083 1,0275644782497269 2,0152665625245416 -0,9688831403475412 1,9623123639279132 1,4132761132710727 1,0208635688514185 1,0419110135070861 -0,01315100617232003 -0,9834470099080884 -0,14387596629874883 ), 56,42168133169757
( 0,9366163137029769 -1,078316997807124 -2,0142071282814866 1,9224968209657647 1,891597695301936 0,9710739782091019 1,0297203122081768 2,0144697848805824 -0,9705645645386506 1,9631928754251502 1,4118489397218932 1,0240102746598752 1,042180821328011 -0,011603117239404968 -0,9823909462041415 -0,1439190010212798 ), 56,42231182030622
( 0,9389002786237997 -1,0830949279668853 -2,011146761620217 1,9250859067971018 1,8925207947181613 0,9719579367730367 1,0268646084175037 2,0155470686383934 -0,9682276495548247 1,9623209636857002 1,4135971602673068 1,0207361915975166 1,0427893711292664 -0,012120469322517275 -0,9844593593033526 -0,1438052385328967 ), 56,42311613975562
( 0,936410297240545 -1,079441305262417 -2,011090068381046 1,9251346626176846 1,8893716186165437 0,9745408310593153 1,0282585748674065 2,0155197303690904 -0,9695752597206837 1,9610940419380196 1,4132648003609347 1,0197774701735802 1,03999701908773 -0,015039231468610137 -0,9812059289575756 -0,14366973955327472 ), 56,425546784081845
( 0,9397298803120748 -1,084111195862667 -2,011607092743721 1,92518259066184 1,8933017814318396 0,9715700569195568 1,0265480541500658 2,0156961801980073 -0,9682408164942196 1,962455053342818 1,4138561570451547 1,0206252389774386 1,043276656185679 -0,011787088883382467 -0,9851671222609512 -0,14386896991411213 ), 56,428868705535976
( 0,9374975674339517 -1,0779857457289268 -2,018581758558923 1,9227213622050296 1,8921869371748075 0,9720010231952307 1,030610494977735 2,0151626266144826 -0,9727677024131423 1,962837727201415 1,4125394852548485 1,0233768809078698 1,0414156638327223 -0,012807765347910048 -0,9816368043196266 -0,14407455124761429 ), 56,43366955821048
( 0,9404774003724304 -1,0859137364071103 -2,0100107395055953 1,9257975422581 1,893830789001174 0,9711829313307146 1,0253742155605245 2,015784413658423 -0,9668795822278109 1,9624254337790048 1,4141333533948632 1,0200492718379097 1,0439828914125011 -0,011155126520876062 -0,9861974778109138 -0,14373750094519028 ), 56,433687773481694
( 0,9404559449205806 -1,0860899859530044 -2,009156959556337 1,9263806924363192 1,8935644743543116 0,9719887857192271 1,0251792251560874 2,016041313509293 -0,9667881534738939 1,962478432660139 1,4145948749493518 1,0194740477108357 1,0437177751598632 -0,0118545194060099 -0,986330141383552 -0,14386294335271185 ), 56,435170691682444
( 0,9405379307776912 -1,0853209814398264 -2,011415993812679 1,9255408222830923 1,8939781352442178 0,9713754567485176 1,0260254187035747 2,015901929293661 -0,9679635600152467 1,9626380306660598 1,4142518087572278 1,0203263720379607 1,0437721963939464 -0,011551896123803215 -0,9860030977021661 -0,14393856540334532 ), 56,43534858256373
( 0,9405986135909278 -1,0859035540146666 -2,0103966671385707 1,9258054618906963 1,8940143761161514 0,9712675611516518 1,0255327569817048 2,015890880557178 -0,967203156070857 1,9625833177919496 1,4142877174681676 1,020128311990962 1,0440067430126654 -0,011263471806454905 -0,986331136965359 -0,14385553209883606 ), 56,4367290271056
( 0,9409696641375234 -1,0863258874300739 -2,0104514686240367 1,9258338792383638 1,8941260608222927 0,9711211879035894 1,0253362258984844 2,0158787002791474 -0,9672917548613817 1,9626517249967028 1,4143638167381132 1,020001675660181 1,0440987820282417 -0,011261174907584798 -0,9864505900848063 -0,14381573630494188 ), 56,438102045001656
( 0,9411294399780245 -1,0861326578994792 -2,011974303836325 1,9258471882752808 1,894479935640689 0,9713273738148545 1,02571515979006 2,01613289109147 -0,9678605314532777 1,9624434762730238 1,4145226545052505 1,0199243378776046 1,0439554602224548 -0,011429433047925857 -0,9863151491094031 -0,14390864721077568 ), 56,439364993865595
( 0,9402544410866347 -1,0859612676933177 -2,008857605550434 1,9260682910217495 1,8934329281224092 0,9716054575305935 1,025208369284108 2,015851359026056 -0,9666458410600325 1,9623739670637896 1,4142942754228003 1,019699489384478 1,0437874134255598 -0,011587092472339092 -0,9862503308982494 -0,1438084748849057 ), 56,43950819231112
( 0,9401803228578925 -1,0848036754004222 -2,011145430523421 1,9257622722554368 1,8935166236798757 0,9721505446491351 1,0263402257085925 2,016096854260025 -0,9684478105686268 1,9627230518914947 1,414545118250735 1,020128444028053 1,0432969221551622 -0,012382365350353487 -0,9857686648891162 -0,14413216294330267 ), 56,44034780404024
( 0,9408351182991918 -1,0875079028903816 -2,0076837932867972 1,9263697994116724 1,8939879012114351 0,9707608996460408 1,0241089173254163 2,0157337379005407 -0,9650890890574114 1,962188144094035 1,4141731057791123 1,01944834400285 1,0445954538264945 -0,010436656165386417 -0,9869955981278457 -0,14349516229782874 ), 56,44211788904005
( 0,9390129688071243 -1,0825698245737123 -2,0127161997969556 1,9244454309812442 1,8929823961566317 0,9717530043414201 1,0277006641876025 2,0156267698897197 -0,9694946405131213 1,9624534931382347 1,4136047752540108 1,0212527162735572 1,042776083659868 -0,012292661292897746 -0,9846242145991035 -0,1441819043182208 ), 56,44293380691329
( 0,9390940982732708 -1,0827012374623228 -2,0126889304374393 1,9244590703017146 1,8930672456491955 0,9716817848138082 1,0276366328843383 2,015628084581642 -0,9694313016410412 1,9624772680054494 1,4136172120166053 1,0212561619240939 1,042856052140422 -0,012209884386336894 -0,9847181773616743 -0,1441776332344021 ), 56,442942696263415
( 0,9410183888273028 -1,0852324001431668 -2,0133297893741506 1,9254289848581114 1,8948373279981752 0,9714105738952297 1,0266439449150706 2,016237013632706 -0,9690646219311339 1,963131974757891 1,4146475902957703 1,020780547637863 1,0439891204309253 -0,011610013487955385 -0,9864205195407661 -0,14428106397207716 ), 56,444555585711015
( 0,9409142911856466 -1,0857483803588062 -2,011351225498172 1,9260839628698345 1,8940791844143972 0,9721252689042982 1,0259843346182542 2,0163545063976342 -0,9684719511979283 1,962862554378711 1,4149564716470027 1,0198237590085732 1,0436046359934514 -0,012370095292103644 -0,9863577868941825 -0,14420715442092438 ), 56,44655050239851
( 0,9416205524738834 -1,0859332852486465 -2,013728861225175 1,9247309611942394 1,8964229625304216 0,9694944132067373 1,0265400531035727 2,015813551991219 -0,968467737197503 1,9644932978641563 1,414241661864527 1,0226987884946452 1,0457057134302736 -0,009295242558334697 -0,9878340796798855 -0,14431604431036063 ), 56,44684329041914
( 0,9388920317529268 -1,084299220617861 -2,0077914982026646 1,9256801210815777 1,893077468007382 0,9720194475148264 1,0261536373331146 2,01576624479467 -0,9667888958034362 1,962998750149791 1,4141283606141666 1,020789830194598 1,043709118992922 -0,01168000658795027 -0,9864012818621053 -0,14429130016986852 ), 56,44712919398337
( 0,9405220016726821 -1,0845436797874421 -2,012889510172267 1,9256494931925106 1,894123012502348 0,9723294891637468 1,026974676820147 2,016390118003704 -0,9695847272577768 1,9631482241447615 1,4148992776641696 1,0204950969744109 1,0433341892778638 -0,012628119946863815 -0,9859805025271758 -0,1444451246429042 ), 56,447648829630495
( 0,9419201069612926 -1,0875246445458726 -2,0106642959387755 1,9262470758348615 1,8948517413930017 0,9711245481327518 1,024908598922555 2,0162089084068135 -0,9672849619083392 1,962680072761214 1,414883504751628 1,0194402036009924 1,0444605342816284 -0,011338423935547392 -0,9872545449465041 -0,1439452918868795 ), 56,448580902988226
( 0,9412455249703123 -1,0857303520321957 -2,0127934414699125 1,92561587216317 1,8943970454482075 0,9715792888636654 1,0262428514922084 2,016232145848742 -0,9690260246283346 1,96270248106905 1,4147201665658502 1,0200428483057078 1,0436621502985048 -0,012101639233824396 -0,9861773626605592 -0,14414433666077262 ), 56,449704393693196
Liczba wywołań funkcji celu: 2878
