Iteracja nr: 18
( 0,9306613218444727 -1,0623706955516634 -2,0329524719865666 1,9133738701944583 1,8867687589493012 0,9711713772737508 1,0415222014068914 2,012647217173085 -0,9848525117300084 1,9585844478486452 1,4070381487874397 1,027530059233983 1,0348126662910027 -0,017381738439316462 -0,9717330691936764 -0,14500127570988583 ), 56,87525707487275
( 0,9328626756472598 -1,0649100931253688 -2,0418250750328655 1,913354409072699 1,8876082176095261 0,9693057434106455 1,0388007670660375 2,0128404782476483 -0,9826057632232468 1,9521110387079563 1,4053538498220055 1,0237232545377375 1,0338456957239608 -0,015321826798068 -0,9676724503723453 -0,14209701822197413 ), 56,88075206115025
( 0,9394471178733652 -1,0723791811194758 -2,040453304857761 1,91216431060616 1,8919394883383196 0,964718288536928 1,038208409236223 2,013347208402946 -0,9869593803777644 1,9573918281067457 1,4072166443236453 1,0259953873849483 1,0382516659166774 -0,014320546895141072 -0,9742134008707158 -0,14390293599104956 ), 56,93582184314394
( 0,930149953795656 -1,0615129544886375 -2,0408286363687758 1,9138600403938708 1,885800757061643 0,9717008058945792 1,04123323566301 2,01307035098969 -0,9833069715839705 1,9514396696858667 1,405301380751462 1,0232270982570695 1,0320704138003591 -0,01737224429126797 -0,9663388200871385 -0,1428009871192174 ), 56,94632849276297
( 0,9327318213479912 -1,0638237440616998 -2,042354521950429 1,9114325841942092 1,8885457655971116 0,9672797160676853 1,0408911623755739 2,0123720976347337 -0,984588680770443 1,9538811300152752 1,40461954232445 1,0265217296591578 1,0350720801327278 -0,014371195402374982 -0,9689038738597399 -0,14293612818897608 ), 56,95173331971665
( 0,9335195469022369 -1,0655149613946902 -2,0315904924711674 1,9094425582034995 1,888258879187706 0,9649269577216413 1,0409994491354255 2,0109282384334763 -0,9875318068570141 1,9613236728820718 1,405814255428995 1,0309727479098174 1,0378091432791683 -0,014669686303721476 -0,9746724598721316 -0,14530694164997304 ), 56,96041334107693
( 0,9296498160091086 -1,0612962500701704 -2,0422899414849356 1,9163570771590221 1,8851050741693613 0,9751268835080965 1,041029782879702 2,0142226881257033 -0,9825208188239352 1,9488700160503802 1,406472046431866 1,0196692775598089 1,0300316993155274 -0,01945173986562277 -0,9648208272350426 -0,1426240201523417 ), 56,966598486947674
( 0,9330449760546172 -1,0651450269977918 -2,0434020642442166 1,9128184720261618 1,8875566035306308 0,9696293147725441 1,0396852462794666 2,01282083881804 -0,9825454047154251 1,9477001069296203 1,4043600735798416 1,0202583079909753 1,0323749840762189 -0,016750702799837605 -0,9670619376659089 -0,1423179365770227 ), 56,96779792310761
( 0,934324030320069 -1,0644437972078784 -2,044927072240614 1,9131873411329097 1,889976507499963 0,9694800207457289 1,0417335626497923 2,013457876801143 -0,9870206020511908 1,956187314081332 1,407050806123476 1,0262413471871907 1,034991871032995 -0,016023280777841716 -0,9703124059877067 -0,14401407527147564 ), 56,97335736614744
( 0,9248936721609795 -1,0558240409571635 -2,032371665160764 1,91107741601697 1,8810823339681706 0,9708922616752184 1,0427979468097257 2,0103268047665424 -0,9825277716310797 1,9543584592534933 1,4025556603031561 1,0279794956759774 1,0313834675071878 -0,016984699344465167 -0,9645661226935154 -0,14291757395901045 ), 56,97374045997908
( 0,9296249528248706 -1,0599766453362918 -2,0395745274154704 1,9115221067782668 1,8862908849380422 0,9694995153399648 1,0426724872303754 2,0119151483458784 -0,9849575606529635 1,9548950600586839 1,4045321515559912 1,027418853556439 1,0335874097211937 -0,015911690909334978 -0,9678357193502439 -0,1436142788438378 ), 56,97454901712692
( 0,9283361723951437 -1,0587309195420458 -2,038680380228737 1,9115065621459641 1,8850659733817594 0,9700789411694619 1,0427697643524054 2,0117221808319496 -0,9841304072550815 1,9537917869820374 1,4039202527086643 1,026917686863005 1,032763975702325 -0,016297838468260294 -0,9666013653671425 -0,14330765065921774 ), 56,97862367683332
( 0,9314100088571785 -1,0627891111950842 -2,0334441966061396 1,9079504145772737 1,8869571525126785 0,9646182898362882 1,0418807855967696 2,0097421648473572 -0,9855140923829436 1,9570135224942595 1,4031195275974622 1,0296222095241474 1,0361152694405302 -0,014272929373470406 -0,9716949647292846 -0,14448411461315783 ), 56,980439639462546
( 0,9284629570207741 -1,0586843254110627 -2,0388070726685243 1,9113189882666222 1,8855222075891915 0,9698809680447772 1,0430228267103938 2,01172416428013 -0,9845053894172862 1,954477576502622 1,4040551059788962 1,0275543478290383 1,0331349029162444 -0,01605138450052103 -0,9671453091162366 -0,1435518837238675 ), 56,98137732792861
( 0,9308253389144341 -1,0618187712525455 -2,046647311303447 1,9159082179082287 1,886403339402495 0,9738298166511968 1,0407700189933986 2,014603460743929 -0,9824388488952287 1,9480382181724416 1,405826353726628 1,0199956901137714 1,0307218404498129 -0,01818770272478545 -0,9640867250356389 -0,14181701487669518 ), 56,98257736212845
( 0,9221389601061382 -1,0559985351201584 -2,0198387054482287 1,91498783332237 1,8747836037951326 0,9764463542708115 1,0408883737187014 2,010913438597806 -0,9794684054251124 1,95264140883016 1,4040926594556844 1,022173282131216 1,027796803246245 -0,02325175676023196 -0,9631072702144019 -0,1429910989416084 ), 56,98849226517487
( 0,9273030069122818 -1,0577305681480005 -2,0343250925835528 1,909932691578717 1,8842436779900023 0,9687104468685188 1,043371252654695 2,0105767596815523 -0,9845913974993703 1,9562117350835249 1,4032832823567947 1,0294576194552414 1,0335937907903614 -0,015817960689683296 -0,9678153217572483 -0,14395796596508156 ), 56,98951909783534
( 0,9317697475440996 -1,0625206088574075 -2,0487780129660558 1,9155436033765116 1,8876221285776325 0,9729366800079572 1,0407665366855336 2,0147216844483293 -0,9828871079645418 1,947933568929869 1,4057857456706335 1,0202592712182463 1,0313269363999664 -0,01734822875499882 -0,9644905296699422 -0,14176253455993185 ), 56,99748275736245
( 0,9391259432206864 -1,0710115645897307 -2,05573086102888 1,9164567062663704 1,8937658705154052 0,9692367898657954 1,037865392608286 2,016470333799776 -0,9835478425829525 1,9482613423653106 1,4075343684627075 1,0192782064401802 1,035161031475916 -0,014189638858314035 -0,9681825172140102 -0,1409882214681004 ), 56,99783003931273
( 0,9265312398264055 -1,0566565443638363 -2,0348791666929174 1,910088552676744 1,8838969594408266 0,9694442658003263 1,0438157054551387 2,0106754966231 -0,9844929078615883 1,955775536937101 1,403172460848488 1,0293688225375688 1,0330573319540939 -0,016085174318834453 -0,9671356023205677 -0,1439472403359194 ), 57,00440845280107
( 0,9284030412329013 -1,062695599117054 -2,0343066965963734 1,9191694482617834 1,8801545846799221 0,9795650137469308 1,0391206168417717 2,015143269972627 -0,9828078840740988 1,9487727765781884 1,4084584382514465 1,0164576292809782 1,0268232005791593 -0,024646785510510777 -0,963052765957579 -0,14256522263973084 ), 57,010160383247964
( 0,9227099959373377 -1,0537630423240518 -2,026114895844677 1,9095390781374633 1,8791406420457772 0,9701277147635797 1,0435962218448835 2,0088825091512814 -0,9825435025328934 1,9568503989602843 1,4016971573330732 1,0305844410317242 1,0317037050008868 -0,016960010099129987 -0,9653205047360486 -0,143640225711792 ), 57,01175598689275
( 0,9268329652673493 -1,0573611273615489 -2,030395069865447 1,908244986153092 1,884270025298973 0,967321600046955 1,0440081256939668 2,009441685988061 -0,9851250363978427 1,9582776917589935 1,4028072649854524 1,0316065067563598 1,0345676527446785 -0,01524861798535819 -0,9699661920500997 -0,1450712662483496 ), 57,01922023615046
( 0,9245917202991982 -1,0545013553559117 -2,0335986375508304 1,9109159612510316 1,8821878195295034 0,9715695872554558 1,0444404549381212 2,010768841234563 -0,9840068548891745 1,9554926490226987 1,4032897672081526 1,0288853302880678 1,0316565324022346 -0,017472840277374637 -0,9657838988630985 -0,1439813929037504 ), 57,02146241337496
( 0,9266812547360208 -1,0571500112874375 -2,029880368015765 1,9082619361470448 1,8843150105339812 0,9677854680387252 1,0443281088871017 2,0094640592006314 -0,9854305150791709 1,9586499876776358 1,4030509509134421 1,0317173297213487 1,0344619811283398 -0,015639411575091213 -0,9704527254117241 -0,14551001212775178 ), 57,0313674399104
( 0,9286574291076976 -1,0617381756639224 -2,0133297513594632 1,9053871309599717 1,8824677538160457 0,961758987307309 1,0410771321165373 2,0067349551936378 -0,9855836442285361 1,9675553111605528 1,4027863095740247 1,0373715945575528 1,039066100677758 -0,01406404861185143 -0,9759608125681667 -0,1460656205206222 ), 57,0461873896741
( 0,9319508290087934 -1,062794753275873 -2,0523101613518144 1,9168008995447574 1,8878093619544938 0,9743309393142819 1,0405417221408528 2,015538757194684 -0,9822031583234262 1,945261133302939 1,4059689999246574 1,0179284743102237 1,030145962105709 -0,01787755849837603 -0,9628362914920163 -0,14109100944381361 ), 57,04939947304257
( 0,9228376547973988 -1,0533864495348124 -2,0257222267436577 1,9096739165338708 1,8808276575471157 0,9710151906264873 1,0452535079651688 2,0097850443710006 -0,9843536687131059 1,9588961060541685 1,4031736056263002 1,0315171148044955 1,0326147153679393 -0,017734026662283794 -0,9680144096631554 -0,1453096262789703 ), 57,053976206010276
( 0,9223883461407412 -1,053773117459137 -2,0198961333655356 1,9083873420122464 1,8786038792944937 0,9690954445931084 1,044196774160668 2,008128308545641 -0,9836197123480348 1,9600727612309499 1,4020320809220783 1,032488567245704 1,0328563829331494 -0,017638379641267982 -0,9681283384846581 -0,14501899448842762 ), 57,05928739048352
( 0,925792761076438 -1,054841994903441 -2,044270279937316 1,9135354297609073 1,8842352297656022 0,9745595844408635 1,0443524752547335 2,0131570091346545 -0,9835596211259211 1,9503061773844306 1,404151679291209 1,0246185500209744 1,0298056871622985 -0,01803699407478148 -0,9629089452803133 -0,14290041138032933 ), 57,07013906307702
( 0,9201841619242541 -1,0568025673262356 -2,001866392637097 1,916583447050592 1,8716477360031074 0,9777695417826655 1,039912844304395 2,0105555115509923 -0,9763634782991188 1,9548593983512061 1,405778570495857 1,020194744235165 1,0290930740209507 -0,026590998060712537 -0,9680623835885352 -0,14496379001765078 ), 57,073041898799616
( 0,9242331047265674 -1,054581332068447 -2,024654471787487 1,9064901566683183 1,8818453974119553 0,9661508079049566 1,0448972871857782 2,007944329689409 -0,9852243167264247 1,9610096752528006 1,4015908792941356 1,0348889283410683 1,0349143297559358 -0,014943468677429348 -0,9697701317451267 -0,14527590275529023 ), 57,07723346394609
( 0,931839846260248 -1,0616011261054539 -2,054880651128914 1,9162681052501196 1,8889351746331544 0,9742579357451154 1,0415929937735435 2,0156025955377683 -0,9833559460836115 1,9462811314300728 1,406099239063006 1,0195263542729107 1,030516997268601 -0,017175005012664574 -0,9631889695346647 -0,1415182196794957 ), 57,088232113040036
( 0,9255116365514428 -1,0545934260327676 -2,044135419388694 1,9162098746976577 1,884547311778865 0,9781528852343722 1,0458175620630195 2,014226777357389 -0,9847874310578125 1,9515278382656807 1,4067204706324308 1,0231723622610842 1,0287802359777156 -0,02049949224149911 -0,9641295066894411 -0,14418636227554554 ), 57,096257437748946
( 0,921060877166505 -1,0527882712189047 -2,013892094878465 1,9062122876780585 1,8774877739534848 0,9667131759453433 1,0444751436379756 2,006247781906055 -0,9833467452017007 1,9622643032489289 1,4008947923397845 1,0350819022847564 1,0340334402716853 -0,01649231255735807 -0,9695975868911658 -0,14547791136723692 ), 57,12299259310923
( 0,9220065130450833 -1,0503033526590715 -2,0283148561713 1,905164320486134 1,8821745074266976 0,966473559021665 1,0474289747662928 2,007784587419687 -0,9866232276673541 1,9620176161117915 1,4007457063608484 1,0379578639729439 1,0347343956548938 -0,014032657259464015 -0,9685880739302472 -0,1455493168026674 ), 57,1808893899438
( 0,9179262514850027 -1,0483929007592607 -2,0176295543686438 1,9061534590815743 1,8762200143967447 0,9689657613709738 1,0465136069135268 2,0063784466706247 -0,9829471945435566 1,9590241900072969 1,39961252234754 1,0344627748124162 1,0315491440873592 -0,017045209364499676 -0,9661932233857732 -0,1452621137527229 ), 57,20290747018285
( 0,939631517549588 -1,0709856272966716 -2,0653756219674526 1,9208355063366112 1,8940463328620896 0,9752592877739756 1,0376533808077006 2,0193345119219064 -0,98350202311658 1,9424708255289103 1,4096969103863017 1,012653058904623 1,0311646086520665 -0,01771643225877066 -0,9641581881776173 -0,14016034204188627 ), 57,20700873683671
( 0,9202301339078479 -1,0468625014516668 -2,0329689034295337 1,902660512551237 1,8822421424087092 0,9631950159049568 1,0482941601635432 2,006014341484077 -0,9846278436030406 1,9604942619846346 1,3971297142511356 1,040557543630096 1,0352907185638813 -0,009855871563853189 -0,9654997581009244 -0,1439047614270435 ), 57,22249577708186
( 0,9211960727015599 -1,0517088489176667 -2,015668517429524 1,9020863961168193 1,8794865013532143 0,9621481094629492 1,0458597868916648 2,004406245002438 -0,9855543216173154 1,9653139071574182 1,398922053898311 1,0411112118539931 1,0362704791913546 -0,01235339938645174 -0,971070336071851 -0,14609852180679436 ), 57,244264689180895
( 0,914048894606554 -1,0496179096731273 -2,024719118806571 1,9066455020724118 1,8833466285869767 0,9661837420521318 1,04740124213221 2,009245381774268 -0,9760053777656711 1,9547773672274087 1,3985944796151677 1,0387277916553976 1,0352842202048531 -0,006725498718308182 -0,9686919138440305 -0,14534043670732233 ), 57,28879486398594
( 0,9118613916634647 -1,0484957751714208 -2,0242866681110203 1,90667062031928 1,8833680700786188 0,9662668802048079 1,0478709248470328 2,009407939778893 -0,9740631188553504 1,9534655731600972 1,3979242313807692 1,039383024038319 1,0352272405436995 -0,005234822002226513 -0,9683550424398462 -0,14533169380196062 ), 57,3465437700404
( 0,9250726557029851 -1,0573843320989764 -2,0086048317165672 1,896433984421349 1,8824771427048508 0,9510390298619105 1,043453843920096 2,001006996988002 -0,9839287316802011 1,9674775076683715 1,3957697243116136 1,0449237777702745 1,0426173448920408 -0,005987736840283096 -0,9770530811058428 -0,14600855343962776 ), 57,35325694910556
( 0,9194206768620012 -1,049864001267685 -2,007600362912586 1,9004127258770764 1,8777495226628211 0,961206827163257 1,0470601702275943 2,0032456020493155 -0,9861293532425089 1,9693092717011325 1,3985172053847172 1,0442131704993687 1,0374297509506591 -0,013168063864792112 -0,9732808254122043 -0,14739297881463678 ), 57,39786990590552
( 0,9121936571213238 -1,0437448691103821 -2,0020194530840447 1,908329319207843 1,8699457078715016 0,9742968672888267 1,047560428875749 2,00623728120392 -0,9811709256693126 1,9620236137847638 1,4009830314102025 1,0340221139853496 1,0295266464538149 -0,02253395541443985 -0,966661859636205 -0,14693406694958788 ), 57,41225315813496
( 0,9151840324836823 -1,0372001777837698 -2,032684648812141 1,9158889514443753 1,8748720239598602 0,9861835451142401 1,053330200728442 2,0138669349421465 -0,9893815823948415 1,9636705041326725 1,4071686272557824 1,0317670950765714 1,0261979359657665 -0,02926903057715464 -0,9608254792841935 -0,14688441437098126 ), 57,45945421729388
( 0,9147931697217964 -1,0475860762402025 -1,9954352287847645 1,9040647069804495 1,870656035587989 0,9678551050585738 1,0462687285552492 2,0034488445181533 -0,9838236154827219 1,96970862295154 1,400068852435189 1,0412252290383806 1,0332710091146073 -0,01919168557526299 -0,9709349579734129 -0,14763624108531148 ), 57,51398517350175
( 0,9164203498099445 -1,0455746903737688 -2,005696217362237 1,8989711840639654 1,876242611083009 0,961418726562648 1,0492119413003964 2,002197945766953 -0,9861806047707268 1,969316214418514 1,3973475451072994 1,0455178869501152 1,036654053544653 -0,013688076255833043 -0,9726060002961946 -0,1479771742309663 ), 57,53161410023391
( 0,9233296125557915 -1,0549038125674315 -2,0034017786193927 1,8939102032536719 1,8812758400856644 0,949263967622439 1,04501707380761 1,999140431191386 -0,9853939035989471 1,971388217355211 1,3948093335120912 1,0492325953802397 1,0435406280328012 -0,005370252179796881 -0,9785211473721536 -0,1471837336398232 ), 57,562083044692116
( 0,9163674185303835 -1,0446285997368805 -2,0076624330676536 1,8883504786364538 1,8734996203809862 0,9501528903982286 1,0486167081475097 1,9951886751785082 -0,9901991021316301 1,973549829880325 1,3896261086325783 1,0569287110707994 1,0371374681736807 -0,006184625282280919 -0,9680109017019872 -0,14551028964551171 ), 57,96226319529195
Liczba wywołań funkcji celu: 1969
