Iteracja nr: 75
( 0,9216308622466396 -1,0645711514082956 -2,014052169573599 1,9281622907152893 1,8856737943785618 0,9694652061457067 1,027089833335733 2,0101743996916674 -0,9474253201312572 1,9647036454788251 1,4036620932753772 1,0346739074588083 1,0437765903394236 0,0068777369157362895 -0,9679488079175387 -0,1350171098455919 ), 56,13756528090438
( 0,9216213896138038 -1,0645820069004188 -2,0140281826568125 1,9281770768588107 1,8856839596928212 0,9694459208699961 1,0270674942947098 2,0101676494385594 -0,9473624423240496 1,9647119202748362 1,4036516415739775 1,034692489895164 1,0438009516958104 0,006930928952248593 -0,9679530265317823 -0,1350024925728035 ), 56,13756666450601
( 0,9216170364659028 -1,0645592748595873 -2,0140817693847355 1,928159210530523 1,88568914831438 0,9694166851615644 1,0270758441184242 2,010153339510428 -0,9473605738635044 1,964718722002949 1,4036294974162264 1,034724649503701 1,0438093711597398 0,006966909763012186 -0,9679296549248448 -0,1349892909004515 ), 56,137566667660735
( 0,9216420376439222 -1,0646123629299689 -2,0139762121232225 1,9281832017312202 1,8856732474593687 0,9694903772244711 1,0270711747079193 2,010189433681796 -0,9474162508150915 1,964694411553572 1,4036867158545516 1,0346344060576433 1,043774468167502 0,006844579518853338 -0,9679857606571028 -0,13503137986675673 ), 56,137568708226766
( 0,9216368021468532 -1,0646215188791759 -2,013962353397768 1,928191053675673 1,8856826750168898 0,9694702553681571 1,0270539550257665 2,0101822910250076 -0,9473688265562624 1,964700585016882 1,40367609554565 1,0346509077229948 1,0437948951531812 0,006889023114322575 -0,9679886209024356 -0,13501911890552293 ), 56,137569498413924
( 0,9216206201830183 -1,0645911324847048 -2,0139917039484105 1,9281924071927499 1,885675809260065 0,969476687771175 1,027066306952619 2,010180830157824 -0,947370899336135 1,9647071612141254 1,4036710866029507 1,0346668777200922 1,0437887706829982 0,00689504859530427 -0,9679660950821768 -0,13501424485479052 ), 56,13757000016288
( 0,9216255474081814 -1,064597950056578 -2,01398404499807 1,9281917792347147 1,8856754121163624 0,9694804819807218 1,0270659501500186 2,0101832745831327 -0,9473788433969187 1,9647041184905216 1,403675433534605 1,034658320009326 1,0437860895808648 0,006883671473579834 -0,9679722227853503 -0,1350183201643527 ), 56,137570111136085
( 0,9216112538108312 -1,0645715264273725 -2,0140137281320434 1,9281912408787882 1,8856720631403197 0,9694783472062064 1,0270746759275171 2,010178937557487 -0,9473735940943867 1,964711281237179 1,4036665888649658 1,0346782800633216 1,0437853509255943 0,0069001816046624555 -0,9679510982934143 -0,13501070926016007 ), 56,13757056854132
( 0,9216139683879072 -1,0645776874944743 -2,0140028288679583 1,9281935028629653 1,8856711789165272 0,9694840357918846 1,027073294227289 2,0101819792667928 -0,9473771368464796 1,9647090222132846 1,4036715408782796 1,0346701097700004 1,043783065681035 0,006890342342116616 -0,9679570305931497 -0,13501428518966238 ), 56,13757110152011
( 0,9216154209528067 -1,0645811062134936 -2,013997455707631 1,928194493961803 1,885671132246471 0,9694858971894577 1,0270721745023412 2,010183153293407 -0,9473778663075547 1,9647080216578017 1,4036735346199256 1,0346666086245586 1,0437825819338913 0,006886809081523492 -0,967960065231556 -0,13501569390742393 ), 56,1375713120014
( 0,921621815725101 -1,0645947110091516 -2,01398071524377 1,9281960246365186 1,8856730004626492 0,9694869871686048 1,0270667965726041 2,0101853519116886 -0,9473775010658195 1,9647048363210202 1,4036779327264446 1,0346570673069522 1,043783768504038 0,006880338037299872 -0,96797091404393 -0,13501902192441373 ), 56,13757131223481
( 0,9216176637386667 -1,0645857502038498 -2,0139916613851447 1,9281950122469476 1,885671662409044 0,9694865594450065 1,027070461841958 2,010184020121487 -0,9473781717789329 1,9647068516239867 1,4036752119755382 1,0346630830511439 1,043782770554801 0,006884066774726547 -0,9679638271240253 -0,13501698824984212 ), 56,137571323727215
( 0,9216033670448885 -1,064553678777222 -2,014033467050585 1,9281899564416007 1,8856678294957088 0,9694821158461638 1,0270834060890142 2,0101781367891745 -0,9473799031289227 1,9647143395237696 1,4036639047374566 1,034686478885026 1,0437804423591304 0,006900399071240128 -0,967937917082516 -0,13500882036370382 ), 56,137571346302735
( 0,921617523271043 -1,0645856566828702 -2,013991468072325 1,9281951982246406 1,8856715700922257 0,9694868284070967 1,0270704753732731 2,0101841110954513 -0,9473780961244278 1,9647068750947716 1,4036753256976056 1,0346630093106879 1,043782684254298 0,006883925085987857 -0,9679638044433346 -0,13501702264030946 ), 56,13757137405406
( 0,9216045044425498 -1,0645578529889985 -2,0140285916355714 1,9281907605563648 1,8856693812783514 0,9694797560764921 1,027080374426386 2,010177705394775 -0,9473750080969454 1,964714206308656 1,403663557479278 1,0346861866556853 1,043782989066435 0,006903839360380899 -0,9679406787209404 -0,1350082197239868 ), 56,13757153985809
( 0,9216244752065827 -1,0646129838670175 -2,014003380171808 1,928181518367665 1,8857075168020159 0,9693951852167798 1,027032288134319 2,0101511622659043 -0,9472817024760725 1,964719563657605 1,403629124193678 1,034719886448018 1,043843333000526 0,0070143043844163935 -0,967966829974318 -0,1349808339503813 ), 56,137571775002954
( 0,9216125348872208 -1,0645768154748503 -2,013999369396843 1,9281960446485569 1,8856694886811842 0,969489056528526 1,0270738969310198 2,0101838167316295 -0,9473781086005544 1,9647088671811148 1,403674028322656 1,0346675897019486 1,0437809274412568 0,006885757847894299 -0,9679573118863519 -0,1350155842969287 ), 56,137571904073454
( 0,9215992907737574 -1,0645450431475756 -2,0140453533096503 1,9281883977335093 1,8856673811898024 0,9694791598862065 1,027086276356683 2,0101758374530365 -0,9473782463355092 1,9647167341606073 1,4036597973976919 1,0346942533870527 1,04378097357999 0,00690767253540719 -0,967930577010489 -0,1350057542755437 ), 56,13757207147769
( 0,9216077671077577 -1,0645649436869262 -2,0140147518878746 1,9281938725007675 1,8856674800672482 0,9694889172636666 1,0270795228051042 2,010182249110036 -0,9473816594649304 1,964711098116418 1,4036707893246259 1,0346746942484222 1,0437787649760415 0,006888588380111712 -0,9679480311254876 -0,13501351251609042 ), 56,137572072558555
( 0,9216116101435189 -1,0645878639178379 -2,013983303515684 1,92820211620727 1,885675797510121 0,9694780927292188 1,0270611576843929 2,0101806952495638 -0,9473487423298782 1,9647114194264141 1,4036697918209682 1,0346734419633408 1,0437936626095825 0,006909758249408385 -0,9679635925204902 -0,1350096143645037 ), 56,137572367622326
( 0,9215989575703257 -1,064546168283199 -2,0140419684292845 1,9281899163442233 1,8856672542391015 0,9694803833841802 1,0270853107431102 2,0101764323289846 -0,9473764396854618 1,964716694392287 1,403660670390244 1,034693221 1,043781119000391 0,0069073151879809995 -0,9679316674671479 -0,13500598443940715 ), 56,13757247427472
( 0,921599844020755 -1,06455385175102 -2,0140304446920916 1,9281933456240465 1,8856698827288765 0,9694773597436142 1,0270789300327077 2,0101761335143795 -0,947364643361922 1,9647168899971263 1,4036606166528705 1,034692626054204 1,0437860889955715 0,006914382775141074 -0,9679369891037733 -0,13500468971132598 ), 56,13757255289809
( 0,9216181245877011 -1,064589818372786 -2,013978797328733 1,9281998750385783 1,8856691741005713 0,9694965991766156 1,0270698028273049 2,010188475498659 -0,9473814404251724 1,9647049777682002 1,4036818977511405 1,0346538992379788 1,0437787928364821 0,006871577176627945 -0,9679689541109897 -0,13502117019504842 ), 56,13757265006015
( 0,9215878667524143 -1,0645285488239946 -2,0140709909332597 1,9281864345865372 1,8856719254329106 0,9694590549277052 1,0270850322918732 2,010165612823793 -0,9473516319706116 1,9647257126074154 1,403643059655733 1,0347229268117424 1,0437932686089115 0,00694943204708755 -0,967913598778311 -0,13499161953449385 ), 56,13757352783597
( 0,921609910533187 -1,0645736105032546 -2,0139951130708584 1,9282000121002083 1,885665461567237 0,9694999394460823 1,0270767542960175 2,0101876678416883 -0,9473838161310294 1,9647082631180126 1,4036792320430462 1,0346621509908314 1,0437752146921802 0,0068740161702000495 -0,9679569271156483 -0,13501879008020184 ), 56,137573532788664
( 0,9215965909937016 -1,0645509004497582 -2,014027254840518 1,9281971697645939 1,8856674416185004 0,9694839067751688 1,0270799829530282 2,0101782720569243 -0,9473644113337163 1,9647173454576026 1,4036632689815474 1,03469088476702 1,043783486673145 0,006910149690279182 -0,967935919483778 -0,13500568103788455 ), 56,13757385804682
( 0,9215969998834816 -1,0645456182664 -2,014029825310905 1,9281965942332764 1,8856615227259645 0,9694978864310143 1,027088089685604 2,0101832284040833 -0,9473855020852819 1,964714661259617 1,4036703322686888 1,0346814559324933 1,0437724642315547 0,006886555513148157 -0,9679346516469578 -0,13501217183175124 ), 56,13757446971802
( 0,9216145764574522 -1,064593337147236 -2,013964422332974 1,9282078915748369 1,885669152762629 0,9695004204535325 1,0270644873896793 2,010190256370873 -0,9473678283939134 1,9647061635629681 1,4036842367638955 1,034652574912454 1,0437813380145362 0,006875716344961369 -0,9679723000334393 -0,13502036304563583 ), 56,13757462983604
( 0,9216253076306368 -1,0646060254572995 -2,013952502380396 1,9282047883806994 1,8856681819877252 0,9695076614817073 1,0270652881790945 2,0101949432211215 -0,9473876547320716 1,964699719297393 1,4036926932436569 1,0346353904639107 1,0437749965961851 0,006851110754858132 -0,9679837962727382 -0,13502896170076265 ), 56,13757465565013
( 0,9215962032933295 -1,0645563150626254 -2,0140128047074053 1,9282030302235682 1,8856666793992563 0,9694899985992878 1,0270764882515349 2,010181282169205 -0,9473596475975984 1,9647165870515704 1,4036678097312174 1,0346849393814488 1,0437831389826977 0,006905738220892738 -0,9679412686112174 -0,13500759858363573 ), 56,137574841712706
( 0,9215843700509322 -1,0645228607981074 -2,014068888928919 1,928190312784112 1,88566673516342 0,969472015441974 1,0270896775951266 2,0101699684714966 -0,9473602300662911 1,9647251272812756 1,4036488131658116 1,0347172497365191 1,0437857836377236 0,006935045654277321 -0,9679116901883893 -0,13499535532618834 ), 56,137575044865386
( 0,9215823963284225 -1,064529369296513 -2,0140565346070067 1,928196051611356 1,8856702387278848 0,9694667695549013 1,0270811503107609 2,0101685596971826 -0,9473394078049849 1,964727148396509 1,403646788286116 1,0347208343368002 1,043793768904569 0,006950454587766195 -0,9679155867290937 -0,13499147928649113 ), 56,13757567834725
( 0,9216456931505573 -1,0646558270977236 -2,013901419399114 1,9282076093801535 1,885683947867377 0,9694860571817889 1,0270368428032213 2,01019273645539 -0,9473557964818635 1,9646939353561945 1,4036935393019125 1,034622211060875 1,0437963576970701 0,006869401221961321 -0,968018336891503 -0,13502860013816811 ), 56,13757614445237
( 0,921608635252456 -1,0645889441360812 -2,013962431068363 1,9282129308316516 1,8856682068815571 0,9695023970236054 1,0270632357767044 2,0101903067857028 -0,9473576942197197 1,964708667781699 1,4036835099985179 1,0346566706194453 1,0437827401950988 0,006882464099983041 -0,9679691216476143 -0,13501793067863047 ), 56,13757697168714
( 0,9215798059792496 -1,0645393104313854 -2,0140332723921586 1,928206439860239 1,8856726173753564 0,9694673086638355 1,0270705250675847 2,0101697935357965 -0,9473160226464407 1,9647284951563073 1,403648674869095 1,0347194065791012 1,0438007029696432 0,00696107640766353 -0,9679232323223782 -0,1349894090796537 ), 56,1375779238827
( 0,9215766875928308 -1,064513647988395 -2,0140648784434867 1,9281980786242479 1,8856600245026198 0,9694887145472036 1,0270943492055882 2,0101752484618323 -0,9473642602235681 1,9647259273963176 1,403655330108924 1,03471282214397 1,0437777520560907 0,006921916720448399 -0,9679076819310102 -0,1349983843714884 ), 56,137578400844504
( 0,9216676636627964 -1,0646809778032635 -2,0138772605248985 1,9282012731016374 1,885681009905842 0,9695031678583501 1,0270397160411038 2,010203144242039 -0,947399567941226 1,9646803373536947 1,403712004428331 1,0345855255037837 1,043781646358989 0,006815327067368735 -0,9680416941756861 -0,1350472235527705 ), 56,13757938150607
( 0,9215805413519391 -1,0645398572911584 -2,014009917719007 1,9282163057946307 1,8856591474041373 0,9695075697381373 1,0270801775129452 2,010185818154821 -0,9473505609204411 1,9647212010311905 1,4036721054262644 1,0346879296974787 1,0437774400262878 0,006903576174732776 -0,9679316463198002 -0,13500668276716507 ), 56,13757967152216
( 0,9216495582551307 -1,0646367806020207 -2,01391259275901 1,9282034741769676 1,8856613164809453 0,9695398449302144 1,0270690328020526 2,0102120789843667 -0,9474420054276956 1,9646826393854324 1,4037213948508636 1,034584024744224 1,043752862515992 0,006774886432129515 -0,9680145465886237 -0,13505483697463783 ), 56,13757974496487
( 0,9215999930404037 -1,0645523790529725 -2,0139979134490833 1,9282080125364984 1,8856490604554894 0,9695385322189245 1,0270946492535 2,010200197158809 -0,9474176550921183 1,9647062969978009 1,4036956095814135 1,034646229088561 1,0437503746109225 0,0068276750009150745 -0,9679479834570858 -0,13503050965981944 ), 56,13757977479791
( 0,9216132951969448 -1,0645810710960864 -2,0139620905394295 1,9282115514260747 1,8856528832823403 0,9695411887540889 1,0270832253233717 2,0102049626342344 -0,9474166193020122 1,96469958752854 1,4037050542351293 1,0346259473578292 1,0437528059832542 0,006813877012387115 -0,9679709226894282 -0,13503757066382666 ), 56,13758039704982
( 0,9216249103706097 -1,0646029353470634 -2,013935342548697 1,9282132914500911 1,8856546447339868 0,9695464371216606 1,0270766125577246 2,0102099600245698 -0,9474230178519328 1,9646933068189394 1,4037143895583755 1,0346070623031582 1,0437517146853084 0,006795977421935542 -0,9679891173343861 -0,1350451730195868 ), 56,13758070700675
( 0,9215677012927077 -1,064483699812481 -2,014099647645022 1,9281926130054823 1,8856495585699136 0,9695033981866519 1,0271148416188003 2,010177367170569 -0,9473951303133583 1,9647274783514281 1,403656327493916 1,0347170445981164 1,0437612746689635 0,006901796021680851 -0,9678873508797722 -0,13500129124998003 ), 56,13758170229087
( 0,9216423203687385 -1,0646456007827896 -2,013886308667351 1,9282179695929789 1,8856651516630276 0,969536663639244 1,0270542512138896 2,0102115018769906 -0,9474028119986893 1,9646867911016372 1,4037201127306298 1,0345890532694977 1,043765015920339 0,006799425185981358 -0,9680204171965925 -0,1350485058183761 ), 56,137583942374306
( 0,9215663657951684 -1,0645261910870554 -2,014008985112965 1,9282273261697769 1,8856549120281023 0,9695164713995181 1,027080841763713 2,0101872782189067 -0,9473346891302686 1,9647265569476415 1,4036721911641126 1,034695583852259 1,0437768724735481 0,006912098391417603 -0,967922482085761 -0,13500283738855282 ), 56,13758449083008
( 0,9215666784493663 -1,0644396073986362 -2,014199386278706 1,9281555376729427 1,885649705525132 0,9694737721869566 1,0271441539867239 2,0101606390553415 -0,9474370448346539 1,9647324151609526 1,4036302233619145 1,034753374124016 1,043756213847078 0,006918556894246115 -0,9678476401767995 -0,134991497429248 ), 56,137585487647385
( 0,9215600501742928 -1,0645470433934623 -2,013978380418943 1,928241717702801 1,8856713032851384 0,9694842727937443 1,02704992026047 2,010176674844809 -0,9472553525895415 1,9647356860348715 1,4036568378038479 1,0347188336612188 1,0438112271910729 0,006982984626851165 -0,9679319250602954 -0,13498397669421722 ), 56,13758891623333
( 0,921543224316519 -1,06440789314309 -2,014250704914337 1,9281516692030112 1,8856611061586832 0,9694275743044842 1,02713864170334 2,010137923107467 -0,9473750422798622 1,9647516609605922 1,40359343473937 1,0348153072948225 1,0437853188489437 0,007012384371247006 -0,9678134448496021 -0,13496027313773123 ), 56,137597811325406
( 0,9216938571532974 -1,064719977116063 -2,013814093789613 1,928207862003262 1,885669678921237 0,9695533959918624 1,0270425140474617 2,010228416502676 -0,9474619008792992 1,9646592824759352 1,4037530701736323 1,0345164968503702 1,0437518858102954 0,006714833158156293 -0,9680823923936253 -0,13508123139903452 ), 56,137598164819906
( 0,9216802572809648 -1,0647385151920956 -2,0137604478852396 1,9282368966041699 1,8856770677511743 0,9695485957908354 1,0270133421894245 2,010228059210347 -0,9473859859727358 1,9646670554619763 1,4037517809077942 1,0345246101473962 1,0437751789166112 0,006760689334027999 -0,9680951968260589 -0,13506965746953536 ), 56,13760736201256
Liczba wywołań funkcji celu: 7726
