Iteracja nr: 49
( 0,9238814045022318 -1,0667762276149615 -2,0155706978476418 1,9258372562706676 1,8871961292818267 0,9656391955496056 1,0263875698549236 2,0090012101939645 -0,9478780632287439 1,9643035512361684 1,4022766110443485 1,0353255351972737 1,0452871520470508 0,008963856813752467 -0,9689677842189836 -0,134611962944997 ), 56,14462218560868
( 0,9243878983613811 -1,0677114972342134 -2,0145903311877884 1,9259079127583136 1,8873764595671667 0,9657080797703698 1,0260708304298778 2,0091690678150376 -0,9479976583531313 1,964119333751724 1,402607528201912 1,0346874206593952 1,04536856526126 0,008474468227727981 -0,96973461240834 -0,13486957025133936 ), 56,144933443187924
( 0,9244332308271523 -1,0665758885046528 -2,015646382312447 1,9246931955517677 1,8862715529004754 0,9664298756635612 1,0273114249745172 2,0091524708205197 -0,9511558259008357 1,963304205948428 1,4025954310747362 1,0338049678083976 1,0438283404979374 0,005787012338918633 -0,9688530850798688 -0,1354001579706968 ), 56,15374160598033
( 0,9249085453485826 -1,066645159906021 -2,0189019710554237 1,923948773826115 1,8879215640971425 0,9633486147995473 1,0268807502617106 2,00815299083358 -0,9493089676476637 1,964310448233432 1,4011368711677181 1,0364839042336986 1,0457867203674882 0,010153862628472137 -0,9684650655099472 -0,13425262332594395 ), 56,15699932326508
( 0,9253703900443286 -1,0670206035180816 -2,0184771935783936 1,9235009176463098 1,8876632884728564 0,9636180215241691 1,0270764257283702 2,0082620589387328 -0,9506070477618724 1,963830778452886 1,4013769234067994 1,0356240306721822 1,0452887942758657 0,008754460544659953 -0,9687834417405553 -0,1346627856736004 ), 56,15889178753011
( 0,9251021614547368 -1,0665837245595944 -2,0177300183491904 1,9235773470336137 1,8868416246984812 0,9649039538605647 1,0275387556496103 2,008615600611228 -0,9518456675031032 1,9633899195859184 1,4018754581852806 1,034627592845566 1,0442775747498878 0,006760742262752447 -0,968612717840015 -0,13513498512992658 ), 56,15899439446275
( 0,9251488322537925 -1,066344194260951 -2,0194896213653837 1,9232365466968768 1,8875685277108676 0,9634345251425119 1,0274058443982614 2,0080954671188302 -0,950858188893232 1,9639278465764596 1,401088184654094 1,0360916758475405 1,0451974145155392 0,009008268970572433 -0,9682142948513255 -0,134508628746256 ), 56,16178724808461
( 0,9247083357958411 -1,066071646561665 -2,020180383323428 1,9237156816588274 1,8881468802337156 0,9626814950421523 1,0270204636800269 2,0078473372757752 -0,9489385646156842 1,9646279454511004 1,4006415155549814 1,0374157350660154 1,0461212449701642 0,011290247198831524 -0,9679327855601422 -0,13388634416453213 ), 56,162680149798106
( 0,9234500102440111 -1,0638644023311896 -2,018859419956902 1,9237106746693369 1,8854089869054709 0,9663802197270561 1,028726074391221 2,008675137530132 -0,9526821445123395 1,9633427707171434 1,4017261455844623 1,0349549086560281 1,0429286261995574 0,0056725556879332496 -0,966611589960106 -0,1350464060331565 ), 56,165727086029065
( 0,9249720318890051 -1,0659344336417023 -2,020823956794698 1,923137328535777 1,888037604846135 0,9624962604871139 1,0273452900758968 2,0077371111098645 -0,9499441012177245 1,9644114705777966 1,4005133191774315 1,0372922912105902 1,0458517047148363 0,010765444095763615 -0,9677695459992439 -0,13399754213971557 ), 56,16672102896386
( 0,9252224570696146 -1,0669700409903402 -2,020282868385098 1,9236560775331997 1,8889415830201008 0,961565623510448 1,0264349805676376 2,0076098156962305 -0,9479254467725464 1,964880280446542 1,400359136316 1,0379235617590719 1,0470389653819283 0,012763344107175823 -0,9684812627077596 -0,1336036184419762 ), 56,16855171511176
( 0,9256418678637213 -1,0662943650524137 -2,020389809430268 1,9223479972867337 1,8874845435956018 0,9630628087510262 1,027827280840483 2,0079217154949958 -0,952327984945733 1,9635994613708871 1,4008977139510703 1,0358866777080786 1,0448687649443775 0,008280226026405064 -0,9680838874966691 -0,13468127581449554 ), 56,17035546634014
( 0,9255992984333187 -1,0662354509885177 -2,020884638828645 1,9223530178410904 1,8877693566195795 0,9625747914877967 1,0277086633574248 2,0077582455421044 -0,9517508600509227 1,963841964178435 1,400641863668301 1,0364427711681865 1,0452588515447847 0,009206037390503772 -0,9679736245103715 -0,13443033784492875 ), 56,17126734784243
( 0,9253520363458207 -1,0658943530158507 -2,021466197119462 1,922481279548768 1,8879460103372867 0,9623101748273805 1,027695558382151 2,0076447484627438 -0,9511574748480374 1,9641488444419288 1,4004267026681367 1,03706519372425 1,0455463050223945 0,010070409130962302 -0,9676930155627237 -0,13417372163342664 ), 56,17195236677705
( 0,9266113366196737 -1,068099626853395 -2,0200797551217033 1,9224295803909766 1,8888705866043565 0,9614202821655582 1,0267454619622125 2,0076731558872263 -0,9506232793457554 1,9640172043428918 1,4006614062502523 1,036473452379877 1,0464089823387204 0,010481853049369046 -0,9693277308950066 -0,13434804680396994 ), 56,17232673306377
( 0,9256358407007163 -1,066133285172986 -2,021000128487134 1,9222010441821045 1,887648439767383 0,9626677276967077 1,0278579090898377 2,007766602750301 -0,9521696795649254 1,963739606630871 1,400659670502684 1,0363098104047288 1,0450714534167405 0,008845019899572766 -0,9679006986719286 -0,13451206286544234 ), 56,17269010278591
( 0,925417952321665 -1,0668373794476047 -2,0157947966118837 1,9233318741156218 1,8855772880869068 0,9669392215465149 1,0281583146163773 2,009285724488349 -0,954736061935095 1,9622440220959336 1,40294524332758 1,032141473961997 1,042491190665513 0,0025332985745567162 -0,9690625007088869 -0,13627315252581773 ), 56,17584830595527
( 0,925149273943835 -1,0651397915149365 -2,0208596156587926 1,9220802221342466 1,8866283532101193 0,9639537167038994 1,028601132658542 2,008020070176345 -0,9537006790975848 1,9632884681706115 1,4009754998100377 1,035531414381043 1,0438649565973221 0,006816990521407308 -0,9672648051733627 -0,13490972746634292 ), 56,176030313280535
( 0,9261384410255896 -1,0668190139950704 -2,018768971683594 1,9220704235800345 1,8866269043779287 0,9645231887326727 1,028228125339925 2,008452957332586 -0,9547052929737816 1,9626576120943928 1,4017809314033594 1,0338120165908873 1,0435508442991845 0,004908554866546508 -0,9686811426782643 -0,1356350800301328 ), 56,17697718785816
( 0,9256028922324242 -1,0659308920305055 -2,019101120649589 1,9220990150494142 1,886129687856071 0,965036278401685 1,028629646177019 2,008479429964067 -0,9550368568093257 1,9626143737071857 1,4017443531330531 1,0338723382206318 1,0430737678944035 0,004472861712441109 -0,9680303199093268 -0,13562602438962706 ), 56,17918454010206
( 0,9257650843750235 -1,0658659787901223 -2,021996850881065 1,9217163459028361 1,8877373707251293 0,9621680020227855 1,028085112120288 2,007543024674244 -0,9525913006050718 1,9637538077120433 1,4003380786994182 1,0366723544271759 1,0451106845626135 0,00911077861129212 -0,9676008885871192 -0,13440148122166856 ), 56,179405462094735
( 0,9258807174663134 -1,066039559683838 -2,021945067197981 1,9216709652178852 1,8878241636111166 0,9620336854540519 1,0280100234212517 2,0075187771720353 -0,9525523995656853 1,9637415578687851 1,4003204194085064 1,0366578979924252 1,045197685444458 0,009192749980111803 -0,9677146726933228 -0,13439821367968086 ), 56,17976148568046
( 0,9260067817737991 -1,0663027198150241 -2,0197369034424235 1,9217682894588886 1,8866320145952973 0,9641618008025434 1,0284623618686206 2,008242110448334 -0,9548275667357076 1,9627579174746892 1,4014416956970628 1,0343177107470924 1,0435826430640294 0,005343851244593478 -0,9682078122973268 -0,13544733124989147 ), 56,17979723698116
( 0,9255282553489074 -1,0654411365641692 -2,020276541658487 1,9217624502980786 1,8862516461520715 0,9645205294396209 1,0288495182469117 2,0082318360900233 -0,9551008865017449 1,9627861588816125 1,4013538221605646 1,0345162894807083 1,0432170345583935 0,005120499769647143 -0,9675673826368754 -0,13539397489164193 ), 56,18198631765294
( 0,9267021176116718 -1,0671268968569445 -2,021502898786662 1,921349509941956 1,8882116512324714 0,9616065883003949 1,027735126469609 2,0075333196093688 -0,9529778727396981 1,9635319784447756 1,4004624294144792 1,0361676188667046 1,0454201853101346 0,008900870371430135 -0,9685269804384268 -0,13462297361260597 ), 56,18208360606046
( 0,9258338894491852 -1,0656874110825207 -2,021917683500613 1,9214380118360037 1,8873313544060393 0,9626288122682934 1,0284301764791068 2,0076483578127693 -0,9536797952056867 1,9634204045927328 1,4005095778259113 1,0361106523559274 1,0445306030300097 0,00791561926365804 -0,9675056625176061 -0,1346885734587221 ), 56,18229107763574
( 0,9258603195105773 -1,0659686519135323 -2,02254002775942 1,9216305661026414 1,8881298132882045 0,961487024448117 1,0279071081296027 2,007333550643115 -0,9520084208399382 1,9639903215502856 1,4000343494871523 1,037253104103816 1,045602636929274 0,01015789185403106 -0,9675856980864614 -0,13413545341011074 ), 56,18243092749505
( 0,9250942418394097 -1,0649056937827412 -2,019949077328318 1,9220126117945264 1,8857654365451089 0,9653260585710414 1,0291140898430426 2,0084292105469523 -0,9554008565839222 1,9626975529619866 1,4015896088969826 1,0342194861857557 1,0427106062330236 0,00433252958148686 -0,9672755042460434 -0,13554419571932394 ), 56,18282807766343
( 0,9260417351533217 -1,065834639963642 -2,021218733360245 1,9212454158754961 1,8868473281519853 0,9633702944754557 1,0286973636357817 2,007895029406737 -0,9549642775171763 1,9629324841398637 1,4009174439862568 1,0350957863422663 1,0438128322010425 0,006181365922750858 -0,9677094888344835 -0,13516052482445534 ), 56,18544236184319
( 0,925777698103213 -1,0655962509138996 -2,023313768929322 1,9214636299489443 1,888199087847864 0,9612530330215151 1,0280895994495634 2,0072142114701435 -0,9520879270515633 1,9641354103757953 1,3998343229206809 1,0376667281626635 1,0456648477233506 0,01050984097765313 -0,9672847829332705 -0,13401337044554906 ), 56,18656037544041
( 0,9262543919391717 -1,0660328464960387 -2,0222287410475683 1,9210619003235523 1,8875582093336825 0,962172422853979 1,028411944516689 2,007536834416991 -0,9540384011727278 1,9633470926487233 1,4004015167985158 1,0360997461482928 1,044667848501257 0,007965656826151673 -0,9677107756555725 -0,13471973815546637 ), 56,186625387202014
( 0,925976836268454 -1,0655407889865653 -2,0224079592423565 1,9210726739755888 1,8872561614930237 0,962523187470879 1,0286654047240786 2,0075779977088866 -0,9543346383333117 1,9633014569102505 1,4004219278673466 1,036067776202746 1,0443489593557964 0,0075939564981398954 -0,967358639553309 -0,134751089719436 ), 56,18747900034285
( 0,926470801203374 -1,06630936671274 -2,021410080639687 1,9209826140314092 1,8871841479464317 0,9628427656345921 1,0285546972820276 2,0077872445069627 -0,9550272721570849 1,9629315361653465 1,4008157785377724 1,0351554759912418 1,0440991163654403 0,006477251334716391 -0,9680157527521973 -0,1351468390038487 ), 56,187669897903476
( 0,9257665453399307 -1,0653305905510169 -2,0234219100212822 1,9211873286655614 1,8878535269284415 0,9615148156576818 1,028383474666771 2,0072295387699692 -0,9528856881025002 1,9638754063483075 1,399860188224135 1,0373454659590353 1,0452195878082822 0,009721147260630883 -0,9670663750197263 -0,13416528855037094 ), 56,18897938117384
( 0,926155656474912 -1,0657249079581144 -2,021673585641276 1,9209498487598082 1,8868428751232527 0,9631880288358422 1,0288550727573862 2,0078070252362483 -0,9553758378346184 1,9628767556603686 1,4007998645060589 1,035155604733974 1,0437450294257224 0,006093828162020186 -0,9675878289708741 -0,1351674179151122 ), 56,18977267791912
( 0,9258856284151407 -1,0653562103023686 -2,0234241521193965 1,9210186743027888 1,88775290263039 0,961604734173957 1,0284993812438126 2,0072544746504697 -0,9533596229844465 1,9637355728860628 1,399915729509961 1,037117788797811 1,045033602652174 0,009273463195926281 -0,9670935696240742 -0,13428594999681556 ), 56,19039283934525
( 0,9261573475744491 -1,0655116493723988 -2,022665919334997 1,9207341923917707 1,8871642423632586 0,9624752220951379 1,028853912580465 2,007539393665877 -0,9549947003471787 1,9631346640379281 1,400390982388562 1,0358977692077025 1,044148467408071 0,007152043064521168 -0,9673151854103413 -0,13485938192964553 ), 56,192411325430456
( 0,9262112555404823 -1,0655114060925663 -2,0229848864980133 1,9206303022020645 1,887308133989886 0,9621739536717174 1,0288279216044194 2,0074367482966546 -0,9548675971119349 1,9632125169063785 1,4002431690808972 1,0361398568571685 1,044317512887812 0,007533651439600569 -0,9672719898993632 -0,13475766188257954 ), 56,1939028877088
( 0,9260508842947447 -1,0652283491668548 -2,023360530788826 1,9206332579732113 1,887320316626124 0,9620768578862909 1,028895753369967 2,0073671825182555 -0,9547061752536594 1,963328889615042 1,400112122892166 1,0364383486431354 1,044376153688232 0,007860224203677843 -0,9670383921366926 -0,1346377315454889 ), 56,194800521766894
( 0,9260526135256995 -1,065177514014811 -2,023432306202926 1,9205813519639159 1,8872875994124887 0,9620855309385694 1,0289443334616952 2,0073596353948067 -0,9548177761536968 1,9633062211259746 1,4001009414850283 1,0364264057444161 1,0443283386273547 0,0077868238075393505 -0,9669963817467947 -0,13464958154775777 ), 56,19570501898329
( 0,9251923686663116 -1,064510183957365 -2,024897312909191 1,9213737560606223 1,8882716178625227 0,9606980193183424 1,028330660354712 2,006867405135128 -0,9514315429085853 1,964564486012289 1,3992190289810085 1,0388992844380165 1,0459428252980285 0,011926457291629687 -0,9663254698780829 -0,1334881837461002 ), 56,19666061519581
( 0,926594435043615 -1,0658773909611738 -2,022757719196674 1,9203700431311845 1,8872659637341225 0,9622633447063041 1,0288976085723933 2,0075140137237764 -0,9556248655585614 1,962962621911741 1,400415206089848 1,0356339175573306 1,0441053466693433 0,00676752667990778 -0,9675768804199935 -0,13501273199360886 ), 56,19707561974322
( 0,9261225594986742 -1,0652664413436053 -2,0239631036936667 1,9205358627448894 1,8876872851463529 0,9614300056717662 1,0287608985303203 2,0071623750654246 -0,9541854098263757 1,9635661075320499 1,3998103164743727 1,037025493182795 1,0448317199101764 0,008861333012325804 -0,9669824485174673 -0,13437956872989987 ), 56,19716706184357
( 0,9259650803232373 -1,0649812220842205 -2,023801486978485 1,920536171505096 1,8873366122518167 0,9619174906868955 1,028988065988454 2,0072753341679324 -0,9546871843751997 1,9634027826290215 1,3999591533897062 1,0367032062210209 1,0444152097440826 0,008120308694990669 -0,9668170271659798 -0,13453624336748904 ), 56,197240783276655
( 0,92627813236163 -1,0653348120574109 -2,023470689787855 1,920343391458762 1,887276156751424 0,9620104797104493 1,0290043693670767 2,007343369906499 -0,9552632037439052 1,9631628376559123 1,4001110640263557 1,0362269305996024 1,0442325771358427 0,007459456005664322 -0,9670966890334693 -0,1347503024590752 ), 56,19873580494411
( 0,925894738241089 -1,0649322845224332 -2,021944007770025 1,9206570168730506 1,8861389620589954 0,9639599531410573 1,0295023215780927 2,007925113901886 -0,9567515631617176 1,9625423786420366 1,4009409421457162 1,0346773118431034 1,0428585874578826 0,004623226031907141 -0,9670529453333201 -0,13545218856408575 ), 56,199271525026134
( 0,9262027128605151 -1,0650747934910634 -2,024123332152601 1,920235986137296 1,8873986088667085 0,961688364173385 1,0290706123569895 2,0072024691848775 -0,9551017000606948 1,96331999738038 1,3998824048031826 1,0366714999162425 1,044396198997128 0,008004495681375177 -0,9668439006559453 -0,1345743071763675 ), 56,201494443414944
( 0,9263398972397209 -1,065270726835308 -2,023315411044761 1,9201913055330853 1,8870059292978065 0,9623635334822453 1,02921337230227 2,007440099436384 -0,9559857435199656 1,9629313308214758 1,4002674077837325 1,0357950484930416 1,0438396933661658 0,006605741192580987 -0,9670880056878333 -0,13496654315765852 ), 56,201574601760285
( 0,9260218620042828 -1,0650406670523476 -2,0249740859158494 1,9204709596334388 1,8881250287444165 0,9605957246777621 1,0286408238009337 2,0068605881911608 -0,9533332188149776 1,9639660811971453 1,3993347243819878 1,03800765265356 1,0454360988326308 0,010389551106989858 -0,9666903752861759 -0,1339473484738806 ), 56,20248860756766
( 0,9262330296302552 -1,0649206570786278 -2,0225221043948123 1,9200815510590954 1,8860900374024434 0,9637312909136967 1,0297770545667304 2,0078226786926283 -0,9577330449247887 1,9623251216825137 1,4008339359457815 1,0345225890584695 1,0426395800268389 0,004119614702198019 -0,9669875793933584 -0,1355768724223007 ), 56,209428425951245
Liczba wywołań funkcji celu: 5100
