Iteracja nr: 84
( 0,9217421876953925 -1,0647037692783827 -2,0140445135436504 1,9280786153229772 1,8857318827721474 0,9693382785425523 1,027049903072689 2,0101432177528094 -0,9474632313752308 1,964671816222581 1,4036336530584104 1,0346499871043304 1,0438266286108673 0,006905969013704167 -0,9680288810221143 -0,13502155146411887 ), 56,13754815883418
( 0,9217398359375438 -1,0646970180160011 -2,014049986300811 1,9280785935465439 1,885728485361243 0,9693447332205647 1,0270549654062737 2,01014492039243 -0,9474717727962456 1,9646717599724874 1,4036356284264533 1,034648748876423 1,043821366460435 0,006897669800545381 -0,9680249037443033 -0,13502333214482848 ), 56,13754829891832
( 0,9217406309745487 -1,0646971902994402 -2,0140533314475033 1,928076569231541 1,8857298278548964 0,9693404780096847 1,0270545511387867 2,0101432788701787 -0,94747053523899 1,964672075202042 1,40363333263059 1,0346513431646387 1,0438232146394781 0,006902053273207178 -0,9680242136183146 -0,13502202208423 ), 56,137548317982805
( 0,921740036679523 -1,0646969168994014 -2,014053174522916 1,9280770390226112 1,8857299786012889 0,9693400740301409 1,0270541439372312 2,0101430663020476 -0,9474687587244023 1,9646724386184837 1,4036329487083066 1,0346521706836713 1,0438237888385824 0,0069036802970735426 -0,9680239051816579 -0,13502151306900803 ), 56,13754832146694
( 0,9217375152563014 -1,0646929399861496 -2,0140579303898405 1,928077024709771 1,8857300112521331 0,9693382385515052 1,0270547661718263 2,0101417950541296 -0,947465576366222 1,9646739429458544 1,4036306786501251 1,03465658568891 1,0438248271387798 0,006909019820767395 -0,9680204098661106 -0,13501951291725875 ), 56,13754833317137
( 0,9217433776540948 -1,0646987323308252 -2,0140602509269954 1,9280715451257584 1,885733055645364 0,9693307151665266 1,027053474962173 2,0101396784163006 -0,9474687900338514 1,9646723630862104 1,4036284481821426 1,0346562877415655 1,0438273016759 0,006910914859594564 -0,9680235400630909 -0,13501948834078492 ), 56,13754834504293
( 0,921740104378453 -1,0646977492144731 -2,0140491717105395 1,9280786805616037 1,885728710677646 0,9693444428520152 1,0270545260005648 2,0101448971350826 -0,9474712309274808 1,9646716846731103 1,4036356509244539 1,0346485564327212 1,0438216890327825 0,0068979628536916466 -0,9680254149553223 -0,1350233196382475 ), 56,1375483476335
( 0,9217417749870563 -1,0646966370178812 -2,0140601408434406 1,9280728819526223 1,8857318473097846 0,9693335390387131 1,027054440016388 2,0101405019813106 -0,947469352194503 1,9646726509947272 1,4036293958345298 1,034655929016169 1,0438259204504279 0,00690900730974604 -0,9680224427676706 -0,13501985477523235 ), 56,13754836813726
( 0,9217444659133335 -1,064716343689111 -2,014025431794017 1,9280839295645047 1,8857352340232738 0,9693360482572192 1,027040845925465 2,0101438550170516 -0,9474486987880861 1,9646713257767119 1,4036352884512315 1,0346463960577073 1,043832594181089 0,00691212542954562 -0,9680381703349414 -0,13502105833874278 ), 56,13754836912443
( 0,9217388719742943 -1,06469768893037 -2,014046390026135 1,9280806877520804 1,8857282824634065 0,9693461894216979 1,0270538589760898 2,0101455396969143 -0,9474688598661671 1,9646720134292552 1,40363644992791 1,034648160622995 1,04382167840921 0,006898047045704432 -0,9680256787725148 -0,135023307555988 ), 56,13754837383301
( 0,9217405711812263 -1,0646957954703695 -2,0140576810699664 1,9280748482985777 1,8857305422850932 0,969337367952287 1,0270549464181125 2,0101418820834813 -0,9474700126666031 1,9646725955596294 1,4036312426377509 1,0346541503217344 1,0438242967186977 0,006905646259353654 -0,9680225208329675 -0,135020789694019 ), 56,13754837412836
( 0,9217404169488126 -1,0646946064708063 -2,014060096750021 1,9280740348080545 1,8857305150490344 0,969336687333248 1,0270556498551258 2,010141470813645 -0,9474708488646252 1,964672763355919 1,4036305836881875 1,034655124761825 1,0438241896390508 0,006906182612647519 -0,9680214675942562 -0,13502050013641093 ), 56,13754837651027
( 0,9217362827881974 -1,064686468199629 -2,014068462383419 1,9280740175739692 1,8857287580265718 0,9693380193350482 1,027059051673057 2,0101409253642597 -0,9474717378516113 1,9646744667686356 1,4036290413083374 1,0346595288534914 1,0438225894300424 0,006907895440559764 -0,9680153576249447 -0,13501915654013816 ), 56,137548378370994
( 0,9217403260670436 -1,0646973861577518 -2,014053130396909 1,9280768043951575 1,8857302788514816 0,9693393646146097 1,0270538468453885 2,010142847303438 -0,947468355595812 1,9646724167480705 1,4036326790975904 1,0346523557918503 1,043824194518021 0,006904351145662506 -0,9680241322834975 -0,13502135771713344 ), 56,137548382080396
( 0,9217375497879065 -1,0646889676211466 -2,0140630615595887 1,9280753053024506 1,8857276734976796 0,9693424971131441 1,0270591487994507 2,010143031165743 -0,9474754568659468 1,9646731182034103 1,4036323355024416 1,0346544574338545 1,043820309601373 0,006900560469401957 -0,9680182049157715 -0,13502161222759415 ), 56,13754838282543
( 0,921746547020189 -1,064707312679 -2,014049280146667 1,9280732610400397 1,8857348802140346 0,9693298995438604 1,027048937712686 2,010140447361082 -0,947464566712125 1,964671079100584 1,40363022660375 1,0346520885306303 1,0438296375146905 0,006910766666805381 -0,9680300649329486 -0,13502042841208126 ), 56,137548383143084
( 0,9217395612143877 -1,0646961662933052 -2,0140519522410174 1,9280779904941496 1,8857287656075958 0,9693433860257212 1,0270551188217625 2,010144276628483 -0,9474711574610302 1,9646721002250738 1,4036346311347498 1,0346502150633268 1,0438219056912608 0,0068995812632677055 -0,9680239716239342 -0,13502266712459945 ), 56,13754838599577
( 0,9217409093164819 -1,0646977766975425 -2,01405551267781 1,9280753138146558 1,8857315720856767 0,9693355052369936 1,0270531468510533 2,0101413812874873 -0,9474664235022666 1,9646727808731441 1,4036306234134188 1,0346547471284233 1,0438261086212623 0,006908761788846492 -0,9680236827606846 -0,13502006773577982 ), 56,137548390477704
( 0,9217420225437479 -1,0647021427800276 -2,014047316854483 1,9280776714189207 1,88573150587455 0,9693382900972958 1,027051130425544 2,01014302473601 -0,9474653130238476 1,9646718414927473 1,403633296226078 1,0346505473050536 1,0438258927360553 0,006905263161898002 -0,9680276240383975 -0,13502158163527717 ), 56,13754839392763
( 0,921739706530124 -1,0646970593272091 -2,014050698043607 1,9280783293274377 1,8857290778306441 0,9693430053802048 1,0270544086822238 2,0101442325965815 -0,9474698932691089 1,964672109344338 1,40363461570629 1,034650139545048 1,0438224674628416 0,006900359819892199 -0,9680245862109492 -0,13502252947655585 ), 56,13754839484811
( 0,9217406901572323 -1,0646965984986456 -2,01405807868711 1,928074468994653 1,885731711192361 0,9693343567953847 1,0270536722896622 2,0101407832828784 -0,9474666547987713 1,9646730605532752 1,4036296860842548 1,0346561225217628 1,043826325645449 0,006910091252942063 -0,9680225427966568 -0,13501954232532495 ), 56,13754839664371
( 0,921741056976498 -1,064697818097581 -2,014056128700006 1,9280749393883962 1,885731830899327 0,9693346941279197 1,0270530570394951 2,0101410693520267 -0,9474661613100717 1,9646728435657523 1,4036301870559207 1,0346552425121536 1,0438264689152401 0,006909611336658221 -0,9680235577361557 -0,13501981491428452 ), 56,13754839729438
( 0,9217399507085815 -1,0646967833985974 -2,014053816961426 1,9280768116224567 1,8857302568658465 0,9693391606226134 1,027053964906258 2,0101426839010994 -0,947467956918816 1,9646726273029704 1,4036323784954705 1,034652961988628 1,0438243030649064 0,0069050408439968744 -0,9680236171261426 -0,1350210900011647 ), 56,137548398667406
( 0,9217434557607802 -1,0646975911338294 -2,0140601283659474 1,9280717255587811 1,8857313962566822 0,9693348682831139 1,0270554829405598 2,0101411966188834 -0,9474742473141322 1,9646715908749253 1,4036306246231656 1,0346533900741346 1,043824281233249 0,006904250919954005 -0,9680234894753238 -0,1350213594655568 ), 56,137548400192216
( 0,9217418562246672 -1,064702783619378 -2,0140451468819363 1,9280786535193024 1,8857312749973174 0,9693394994935927 1,0270507203799688 2,010143572089107 -0,9474647625159748 1,9646717360582804 1,4036340981784876 1,0346495670490312 1,0438256778379744 0,006904318023403648 -0,9680283518164489 -0,13502193876211743 ), 56,13754840161123
( 0,9217411634436335 -1,0646981974467014 -2,014056023842973 1,9280748631029578 1,8857321640638909 0,9693339114349488 1,0270526508626034 2,010140805941136 -0,9474652572384806 1,9646729299397627 1,4036298292296412 1,03465565012181 1,0438270233652434 0,006910715384344846 -0,9680236968170388 -0,13501952372891568 ), 56,13754840426465
( 0,9217407336636416 -1,064691111789433 -2,0140684485863023 1,9280706165346626 1,8857303734156763 0,9693345612117604 1,027058391969836 2,0101402394097954 -0,9474756375161587 1,9646728875419703 1,4036286976279875 1,0346575123078472 1,0438233143362738 0,006906337610360219 -0,9680183700494629 -0,13502006328538388 ), 56,13754840934669
( 0,9217415427695554 -1,0646978660159967 -2,0140582886051437 1,9280736623675694 1,8857326424382406 0,9693320869348583 1,0270528503575838 2,0101400575681856 -0,9474654877123574 1,9646730384076354 1,4036287692043232 1,0346568518145214 1,043827574101507 0,006912267611012841 -0,9680230909576719 -0,13501901521867662 ), 56,13754841479165
( 0,9217411312238856 -1,0646980395677688 -2,014054922842545 1,9280754012040768 1,8857313547138024 0,9693362413612038 1,0270533005894256 2,010141710123827 -0,9474673153208985 1,9646725457693148 1,4036311360255662 1,034653942581371 1,0438256428774075 0,006907431926634297 -0,9680240367193861 -0,13502049132617816 ), 56,137548431650686
( 0,9217419586134583 -1,0646974660917201 -2,0140568450950336 1,92807412446916 1,885730862284033 0,9693369878886892 1,027054716271348 2,0101419696866247 -0,9474714499723919 1,9646719867619424 1,403631582648442 1,0346529230612551 1,0438242404147717 0,00690432025911338 -0,9680237693842275 -0,135021348437585 ), 56,13754843561186
( 0,9217405283774412 -1,064696432991867 -2,014060457753389 1,9280735156075255 1,885733023298458 0,9693303598826082 1,0270527281684168 2,010139173241366 -0,9474631333975416 1,964673815090021 1,4036273193461097 1,0346593334091472 1,043828640426493 0,006915898098726856 -0,9680216166813745 -0,1350177842963054 ), 56,13754843637918
( 0,921741472522211 -1,0646992725572024 -2,0140560217117804 1,9280745074199308 1,8857332700952714 0,969331200278565 1,0270513911387664 2,0101398638344623 -0,9474623158268909 1,9646732532657716 1,4036285313855619 1,0346571740714867 1,0438288675730845 0,006914514900088926 -0,9680239930341614 -0,13501849691695308 ), 56,13754845037779
( 0,9217440662569785 -1,064701457494672 -2,014059259625068 1,9280711483005104 1,8857353892016209 0,9693252989764816 1,02705053590307 2,0101378649292414 -0,947462224967471 1,9646729857678298 1,4036259841585164 1,0346591138618122 1,0438312289061373 0,006918714102323609 -0,9680245775934946 -0,1350174370042161 ), 56,137548453315176
( 0,9217428431723858 -1,064700787092279 -2,014057119074399 1,9280729525822151 1,8857345130082415 0,9693279599278612 1,0270506068911396 2,0101388001930007 -0,9474615992574668 1,964673139786774 1,4036271879147404 1,0346581880432062 1,0438303718545257 0,006917124870004017 -0,9680245542177109 -0,13501785913045328 ), 56,13754846051931
( 0,921737441715254 -1,0646956398138097 -2,0140455234496706 1,9280822569577505 1,8857265259469278 0,9693506263734225 1,027055320355977 2,010147014622567 -0,9474712138861043 1,9646719426022012 1,403638365883952 1,0346464328595792 1,0438192647442062 0,006893561822381642 -0,968024942816311 -0,13502444991873394 ), 56,13754846067229
( 0,9217413087225675 -1,0647028512203995 -2,0140479323755445 1,9280777074153443 1,8857335193786844 0,9693330094539623 1,0270486432811694 2,010140985539361 -0,9474576145206758 1,9646731107010016 1,403630277189604 1,0346548936960895 1,0438298439380076 0,006914541706523612 -0,9680270975215753 -0,13501888687436184 ), 56,1375484628837
( 0,9217415620095765 -1,0646992759221838 -2,014046534089573 1,9280787536375894 1,8857277339921306 0,9693478370071996 1,0270553651161094 2,010146467997434 -0,9474762065498181 1,9646703993204313 1,4036381517881136 1,034644445353043 1,0438193585528652 0,006891140847759765 -0,9680273046503886 -0,13502551044945837 ), 56,137548477695205
( 0,9217426815952262 -1,0646929106186227 -2,01406258019421 1,9280718232354084 1,8857274046859998 0,969343956214354 1,0270608541661588 2,010144240659092 -0,9474866387636315 1,9646703505220973 1,4036347981797723 1,034648395759963 1,043817322536264 0,006890307295231149 -0,968021677237754 -0,13502504068933874 ), 56,13754848461747
( 0,9217398519126131 -1,0647028640008467 -2,014042277629709 1,9280811377319846 1,8857317646022094 0,9693388890003907 1,0270486771413887 2,010143267969749 -0,947457801544561 1,9646728559232458 1,4036334409799565 1,034651497210413 1,0438277102384184 0,006909373593954849 -0,9680282318679118 -0,13502046243135107 ), 56,137548485550894
( 0,9217399263816544 -1,064701073976413 -2,0140385940821566 1,9280830536729046 1,8857272089870574 0,9693513472467401 1,027053172720794 2,010148010187219 -0,9474710580579548 1,9646706812321368 1,403640283922605 1,0346424795001472 1,043819652465392 0,006890756804512286 -0,968029336104039 -0,13502585188849237 ), 56,13754848734345
( 0,9217398478554631 -1,064707542113165 -2,0140340340429823 1,9280841527916939 1,8857332189222389 0,9693377990550255 1,0270444671527896 2,010143373707383 -0,9474494830097052 1,9646731563177096 1,403633765185356 1,0346509992122266 1,0438307817928156 0,0069138028796231175 -0,9680316120889045 -0,13501965239573815 ), 56,137548503879856
( 0,9217419013154344 -1,0647003066570433 -2,014052922619702 1,9280754796260455 1,8857324197803362 0,969334281732134 1,0270516325254269 2,010141217383969 -0,9474645650856608 1,9646725294519394 1,4036305863598675 1,0346542049524603 1,0438273002717118 0,0069099556889708645 -0,968025410814859 -0,13501997037112612 ), 56,1375485182332
( 0,9217381931504076 -1,064690263963037 -2,0140561411361513 1,9280778487640902 1,8857247588861954 0,9693519086006578 1,0270608462566082 2,0101469355147863 -0,9474831426997782 1,9646712291912811 1,4036381348788016 1,0346464425072843 1,0438151173166257 0,006886903317446935 -0,9680210902154771 -0,13502584302530543 ), 56,13754852037434
( 0,9217437445124289 -1,0647051925018394 -2,014049224442753 1,9280752871592957 1,885734885320537 0,9693295233650097 1,02704807811254 2,010139954687498 -0,9474587622312387 1,9646725099199778 1,4036291280208077 1,0346550591290815 1,0438310393710608 0,0069157855965991995 -0,9680282754320203 -0,13501873158960853 ), 56,137548528576474
( 0,9217420519672199 -1,0646881032615054 -2,0140775188561992 1,9280661933336507 1,8857302709388526 0,9693322425442769 1,027061594586181 2,0101390218580657 -0,94748266784025 1,9646725444239233 1,403626958563137 1,0346591598947577 1,0438219777616942 0,0069049800354552895 -0,9680156371343113 -0,13502011727701344 ), 56,13754853386675
( 0,921740093367349 -1,064698392152321 -2,0140543423563497 1,9280762224459183 1,8857325381789942 0,9693333299678077 1,0270513728594979 2,010140557435769 -0,9474610991259822 1,964673566584296 1,4036293591991464 1,0346568240311584 1,0438283265728605 0,006913853613748611 -0,9680236967933096 -0,13501861870828627 ), 56,1375485427789
( 0,921742930272152 -1,0647010475988086 -2,0140570564411395 1,92807287885391 1,88573473143736 0,9693274303534776 1,0270503432866098 2,0101386212171524 -0,9474610352235265 1,9646731844175094 1,4036269469965716 1,034658445440111 1,0438307317527076 0,006917834319002939 -0,9680246502431487 -0,13501767210374793 ), 56,137548546293374
( 0,9217400756889572 -1,064698401628697 -2,0140545099669245 1,9280761553399874 1,8857326648440917 0,9693329618283214 1,0270512625165662 2,0101404117909514 -0,9474607271653273 1,9646736377412524 1,4036291456925283 1,0346571144642573 1,0438285547282 0,00691440907080832 -0,9680236303226712 -0,1350184532990262 ), 56,137548550248056
( 0,9217430238024882 -1,0647010998469884 -2,014059253692976 1,928071821680566 1,8857359681928145 0,9693237101670839 1,0270495134542381 2,0101371550525546 -0,947458202095617 1,9646737681589783 1,4036248253030552 1,034661194078805 1,0438327940819097 0,006922861103353998 -0,9680239541853594 -0,13501616822536044 ), 56,13754860572101
( 0,92174056825925 -1,064699664036338 -2,0140564382561714 1,9280747854015565 1,8857349412841644 0,9693267824097296 1,0270492004353122 2,010138121563273 -0,947455231418039 1,9646744576956123 1,4036259128288726 1,0346610878229625 1,0438323134818277 0,006922778136943867 -0,9680233866949896 -0,13501607289281353 ), 56,137548683239444
Liczba wywołań funkcji celu: 8635
