Iteracja nr: 73
( 0,9215485963288531 -1,0644447869456488 -2,0141721029373274 1,9281778143829065 1,885659195736923 0,9694559604645304 1,027119084376086 2,0101535109018855 -0,9473571739622754 1,9647446480014432 1,403618081085327 1,0347788295022866 1,0437838179416974 0,006984001613222589 -0,9678475252670939 -0,13497270746256043 ), 56,137588898114416
( 0,9215303014603694 -1,0645036119196185 -2,0140328088353163 1,9282420347201665 1,8856753819513312 0,9694544756408112 1,0270523873039334 2,010158899170022 -0,947205429480393 1,964755081961705 1,4036261258440215 1,0347763099029477 1,043830069645284 0,007059756438031757 -0,9678917944355813 -0,13495667513994705 ), 56,13760128510337
( 0,92151045753689 -1,0644229646427208 -2,014172006788742 1,9282042910497534 1,8856689909879458 0,9694270762964993 1,0270958607591176 2,0101382433303097 -0,9472473900663091 1,964768509826405 1,4035909095396273 1,0348355434882353 1,043820219272546 0,007090079037068724 -0,9678239012620394 -0,13493910646914226 ), 56,137610335704295
( 0,921515583156072 -1,0643480425870449 -2,014313926217812 1,928149782093103 1,885646478305638 0,9694427231490026 1,027167386602534 2,0101362632967454 -0,9473942287821355 1,9647623570390138 1,4035857755710055 1,0348420299900774 1,043768615983029 0,007012447140693254 -0,9677697688608204 -0,13495421934436913 ), 56,137613950132305
( 0,9214821819498668 -1,0644126071947988 -2,0140641402693187 1,9282711252677662 1,8856219035696957 0,9695719148364831 1,0271127107487998 2,010193408388263 -0,9472933367814094 1,9647577429317666 1,403667770458495 1,0347488896634462 1,043755531548269 0,006939843299008989 -0,967843785047856 -0,1349834071883018 ), 56,137615179803376
( 0,9214854087405816 -1,0644345934593513 -2,0140248218419936 1,9282832066137503 1,885625049745949 0,9695757742405126 1,0270980285432636 2,010197504110658 -0,9472721364186305 1,964755703750596 1,403674907312055 1,0347370189259766 1,0437619828992932 0,006941003883971808 -0,9678614905714481 -0,1349853813395994 ), 56,13761615780152
( 0,9214801237029479 -1,0643569276739737 -2,0141844709897287 1,9282271535765516 1,8856196139189354 0,9695419563472467 1,0271507832320936 2,010175183728391 -0,9473500514342138 1,9647629971181644 1,4036389516755543 1,0347895560535274 1,0437454561384827 0,006952054019221902 -0,9677950737876113 -0,13497371467840868 ), 56,137619748083
( 0,9214964805348229 -1,0643736346887962 -2,0142358754239074 1,9281916370336785 1,8856546745797902 0,9694417882236868 1,0271281646284942 2,010137970192602 -0,9472932114078532 1,964772125095319 1,403587175561771 1,0348489785552992 1,0437976813995076 0,007068265794662804 -0,9677885253740296 -0,1349404531881996 ), 56,137619929081325
( 0,9214934791656352 -1,064385662019298 -2,0142237090407433 1,928197402279689 1,8856666882561612 0,969415919644319 1,0271091808077075 2,0101290473153575 -0,9472432735124852 1,9647785358613263 1,4035742856990128 1,0348676975704476 1,0438212953763646 0,007118324951707435 -0,9677925955747518 -0,13492686632967021 ), 56,13762238464808
( 0,9214868445110298 -1,0643136850527142 -2,014293816403743 1,9281808382567742 1,8856185347993497 0,9695132425934131 1,027186682173357 2,010159164911693 -0,9474159291004289 1,9647637887173732 1,4036147592304902 1,03481910958963 1,0437339001108907 0,00695188856947844 -0,9677564134690475 -0,1349689514779254 ), 56,13763016972294
( 0,9214953397091251 -1,0643355104678196 -2,0143201489337477 1,9281606986439401 1,8856539476113046 0,9694190019751261 1,0271539319780676 2,010124635006136 -0,947330904933095 1,9647761005353477 1,4035662150700774 1,034878480825211 1,0437919535397602 0,007079420175593962 -0,9677547585463248 -0,13493300408973977 ), 56,13763087860231
( 0,9214987396081414 -1,0643551837683312 -2,014297532699451 1,9281654519953908 1,885663448840685 0,9694019970425287 1,0271364770310638 2,010120189699253 -0,9472968539952322 1,9647774281167332 1,40356085780929 1,0348830072278126 1,0438088780757093 0,00710785729861756 -0,9677665389011956 -0,13492652932634425 ), 56,137630932609596
( 0,9214795012906981 -1,0643622544381839 -2,0142371042657334 1,9282032065907688 1,885657584191886 0,9694323363471347 1,0271200218255212 2,0101323535242477 -0,9472496913647174 1,9647822065789864 1,4035767302336468 1,03487217976602 1,0438111401007248 0,007109810147146443 -0,967777423814947 -0,13492703196903416 ), 56,13763107019656
( 0,9214930661660942 -1,064322895924668 -2,014343218818634 1,928153764318418 1,8856528614523838 0,9694147493752375 1,027161494476555 2,0101214570832906 -0,9473400818655466 1,9647778135112246 1,4035608710833538 1,034887141410313 1,0437897428992438 0,007082448624841672 -0,9677441798708636 -0,13493076630796258 ), 56,13763558604995
( 0,9214827507349235 -1,0643039514311619 -2,014306715102449 1,9281788470748593 1,8856172047201878 0,9695118638986436 1,0271908451803717 2,0101573339211103 -0,947417356485525 1,9647657868820012 1,403611299991641 1,034825900285636 1,043732888662291 0,0069561647825919105 -0,9677485145633419 -0,13496663690205302 ), 56,137635920145414
( 0,9216816035356901 -1,0644329682025078 -2,014551928707082 1,9279293562274686 1,8857271649872434 0,9691919300527672 1,02718875428993 2,010052365068449 -0,9475793128784303 1,964722485261384 1,4034848258632688 1,0348852302720946 1,0438190053249905 0,007070244495082546 -0,9677901893178543 -0,13494360507678976 ), 56,13763677600872
( 0,9214987737727204 -1,0644995176141092 -2,0140189431087405 1,9282678731662821 1,8856939750353783 0,9694085150155318 1,0270162524996989 2,0101390940592 -0,9470746034602854 1,964778777442229 1,4035937269683494 1,034835936457541 1,043879913943687 0,007186739839717269 -0,9678785769879797 -0,13491863145832347 ), 56,13763759001705
( 0,9214872468661082 -1,064302363731344 -2,0143583153483866 1,9281537772924073 1,885640319128097 0,9694408439468284 1,027179608341799 2,010129281103774 -0,9473754389191177 1,9647759994974803 1,403570863768998 1,0348775863361863 1,0437690752550688 0,0070456065837396584 -0,96773343679947 -0,1349396706254325 ), 56,1376385068409
( 0,9214585089051506 -1,064307632128171 -2,014247660633889 1,9282193637786331 1,8856126926149681 0,9695375021602619 1,0271715873024783 2,0101670394728144 -0,947355996346571 1,9647737166376578 1,4036229353077434 1,0348232402569235 1,0437400735904192 0,006972813339776579 -0,9677556831788301 -0,13496241015880625 ), 56,13763856112381
( 0,9214659381222068 -1,0643086537287683 -2,0143035448953666 1,9281899084370357 1,885638693821463 0,9694578601147351 1,0271588328663144 2,0101359135095036 -0,9473123609855062 1,9647837561213402 1,403578457048347 1,0348783660183998 1,0437799503065626 0,007069524389807617 -0,967740938729629 -0,13493345738833953 ), 56,137642697216364
( 0,921471464724564 -1,0642939122924269 -2,0143452189970836 1,9281702808553143 1,8856375881953127 0,9694491620221606 1,0271742772372987 2,010131016966501 -0,9473458755741834 1,9647822650795497 1,4035713773313043 1,03488526803525 1,0437727862630957 0,007061326376338519 -0,9677280878199794 -0,13493423951938685 ), 56,137645980889175
( 0,9214834832288675 -1,0642959381734851 -2,0143766657086006 1,9281487082509927 1,8856461790318622 0,9694202125749982 1,0271767634943372 2,0101202240229465 -0,947356841111125 1,964781235903249 1,403557039990324 1,0348979149358704 1,043780504337326 0,00707818911407773 -0,9677242829424985 -0,13492924033371934 ), 56,13764676091745
( 0,9214852609636842 -1,0643095614681122 -2,0143673614483535 1,9281496810852783 1,8856570328177416 0,9693962367415562 1,0271612755480386 2,0101123276594426 -0,947321303413363 1,9647846628399135 1,4035462436400536 1,0349109145131015 1,043799739499045 0,007116299688702796 -0,9677300345963009 -0,13491927456047598 ), 56,137647322303295
( 0,9214722481038649 -1,0642846731630389 -2,0143631467592487 1,9281633424170896 1,8856349151428515 0,969450854285773 1,0271831751007008 2,0101306972021455 -0,9473642205136605 1,9647815171016008 1,403570646649211 1,0348861824576547 1,0437664702404226 0,007051836515305344 -0,9677213805288712 -0,13493608668161705 ), 56,13764763661378
( 0,9215015503926889 -1,0643379053130184 -2,014376486082814 1,9281319126810106 1,885683326269644 0,9693313754923572 1,0271370062125225 2,0100905271267804 -0,9472744559197863 1,9647883985395744 1,403517294830819 1,0349404501899158 1,0438382808158289 0,0071909975080550505 -0,9677395091131455 -0,13489982275317208 ), 56,137648045590026
( 0,9214608557811896 -1,064280034795659 -2,0142813338497527 1,9282070230109865 1,88559317508953 0,9695760370822375 1,027206058882265 2,0101792459695096 -0,9474386441666395 1,9647653848674969 1,4036399427597688 1,034800055563413 1,0437018650657157 0,006897167965431517 -0,9677422005384559 -0,13498201972774457 ), 56,13764869407632
( 0,9214942930007862 -1,0643082831912463 -2,014391138679323 1,9281336415554284 1,885659833988242 0,9693831247536555 1,0271675484147946 2,0101072853265824 -0,94734119235195 1,9647822220011282 1,4035398436717372 1,0349145008626854 1,0437990606272234 0,007114992158234079 -0,9677267066914206 -0,13491936965227358 ), 56,13764919599778
( 0,9214532319104022 -1,0642682244204302 -2,014306575018341 1,9282023576985174 1,885599856346548 0,9695514891339263 1,0272032847043815 2,0101679549140856 -0,9474129018207637 1,9647733862083772 1,4036222304547696 1,0348280358238433 1,0437160806811194 0,0069402602308100796 -0,9677280775392194 -0,1349679644734497 ), 56,137651650194414
( 0,921490677092704 -1,0642884451403398 -2,0144169771931755 1,9281276343583296 1,8856521932334607 0,9693946015906063 1,0271836464246615 2,0101095208044377 -0,9473702618551966 1,964781969726973 1,403541952659247 1,034914424684067 1,043785391427955 0,007094657991238348 -0,9677137022802778 -0,1349234060599748 ), 56,13765231232175
( 0,9214478917737828 -1,064274013589558 -2,0143232961414275 1,9281974466343892 1,8856225875783756 0,9694899977230391 1,027179085040016 2,010144107041235 -0,947336272802821 1,9647868757319042 1,4035871364044414 1,0348774094802906 1,043758579022109 0,007041006188641865 -0,9677202015869197 -0,13493851623866546 ), 56,13765318319301
( 0,9214875466140888 -1,0643123163166792 -2,0143828878813186 1,9281410336965694 1,8856673086980005 0,9693666697191587 1,0271541017218553 2,010101030322142 -0,9472998408282503 1,9647886929396376 1,40353014181406 1,0349310605667843 1,043816179740797 0,007154663780279027 -0,9677263748965991 -0,13490806023197865 ), 56,13765319574422
( 0,9214583112827484 -1,0644484501975648 -2,0140161751368697 1,928300584636735 1,8856657633422853 0,9694726707434044 1,027037456494698 2,010157117316724 -0,9470805764126808 1,9647867580145761 1,4036137326211777 1,0348312667324555 1,043849631572894 0,007148921062421647 -0,9678507370792677 -0,13492485715174854 ), 56,13765462279969
( 0,9215101323797962 -1,0643210465698163 -2,014430949297795 1,928104563170194 1,8856835936238252 0,9693149594119629 1,0271552594095485 2,010082348964084 -0,9473149678692799 1,9647863033678905 1,4035057183815867 1,0349512591975132 1,0438316397519065 0,00718548406151647 -0,9677235163555877 -0,13489944411113616 ), 56,13765852498277
( 0,9215516312738629 -1,0644123532026624 -2,014378667433255 1,928088754745605 1,885732120733964 0,9692150586971311 1,0270927428033438 2,0100545736485134 -0,9472200951656706 1,96478395138958 1,4034731718810094 1,034970076240815 1,0439017477466412 0,007294740797664777 -0,9677750184050216 -0,13487602668585247 ), 56,13765931098874
( 0,9214630786705105 -1,0642306688483576 -2,014407996793563 1,928157023751817 1,8855985971146676 0,9695263190608272 1,027238056584246 2,010154133332956 -0,9474824511909776 1,9647722290097898 1,4036017743898914 1,0348510451798758 1,043703001617774 0,006932335355223526 -0,9676946069596843 -0,1349661316817766 ), 56,13766792048861
( 0,92149058287926 -1,0643082692528882 -2,0144220364653243 1,92812231243581 1,885681403539083 0,9693205760078238 1,027149487428768 2,0100824254549323 -0,9472779871253287 1,9647949864831447 1,4035032373371437 1,034965180562664 1,0438378324212878 0,007210318185872756 -0,9677142274906665 -0,13489089466792745 ), 56,13766949759575
( 0,9215095623847707 -1,0642777274010313 -2,01451055175788 1,928076216155529 1,8856727376995064 0,9693188145625408 1,027192172571534 2,010079008326752 -0,9473844901533016 1,9647853727914637 1,403499173905778 1,0349615473492702 1,0438076164422887 0,007155107549340517 -0,9676910684333248 -0,13490387455398378 ), 56,137673602970025
( 0,9214876027813778 -1,0642963012089404 -2,014440781290204 1,928117525673672 1,8856793801909932 0,9693196152051229 1,0271566395864693 2,0100805766312875 -0,9472866947548806 1,964796420944255 1,4034997819272574 1,0349715831692317 1,0438345976496948 0,007210490105611725 -0,9677047567577778 -0,13488957507170496 ), 56,13767560989403
( 0,9215574525489676 -1,0643198596723404 -2,0145812551073226 1,9280114040626486 1,8857209414625888 0,9691886976299487 1,0271697264018191 2,0100343934249123 -0,9473609566832483 1,9647857956942767 1,403440850994986 1,03501465678866 1,0438655171096527 0,007265664018583906 -0,9676994463341853 -0,1348750008674879 ), 56,137678750193515
( 0,9215093057029332 -1,0642596722260544 -2,014533870600603 1,9280682128638968 1,8856624519336815 0,9693364368487879 1,0272113434437862 2,0100838386344417 -0,9474269797829556 1,9647818133252246 1,4035055376503751 1,0349531961579113 1,0437881623998049 0,007119498293128359 -0,9676806170405962 -0,13491249838345218 ), 56,137681874319526
( 0,9215020887504212 -1,064278563293177 -2,014509578505722 1,9280811083589244 1,8856808792184727 0,9692981340513133 1,0271797818370079 2,010070657319211 -0,9473425403401613 1,9647927544206105 1,4034862340066392 1,03498268143638 1,0438259820023483 0,0072000645373981095 -0,9676873944527925 -0,1348906138222747 ), 56,13768245809581
( 0,9214934261854043 -1,0643199410191628 -2,0144287152604763 1,928115891056431 1,8856978098662949 0,9692784477071595 1,0271323572312485 2,0100671763296503 -0,9472339271796895 1,9648010219192227 1,4034817749461301 1,034991886464389 1,043865570910671 0,007270495502584224 -0,96771493300538 -0,1348741031855707 ), 56,13768250544736
( 0,9214962459787253 -1,0642866170370566 -2,0144824432858135 1,9280951461556828 1,8856817745977679 0,9693024443295327 1,027168687524256 2,01007298850807 -0,9473151917940174 1,9647948228401877 1,4034893147167533 1,034981099952066 1,0438322674527172 0,007210664326512419 -0,9676941848473201 -0,13488833698391586 ), 56,13768257730685
( 0,9215579254840296 -1,0643960343967933 -2,014444284628759 1,9280579885778033 1,8857419068931494 0,9691720367629704 1,0271021945598486 2,010035893978526 -0,9472304971572538 1,9647877887945113 1,4034460646488085 1,035002939032873 1,0439125685172213 0,007331753365568448 -0,9677541608224071 -0,1348630500320268 ), 56,13768285252792
( 0,9214546276091345 -1,0642661460064649 -2,014424709540287 1,9281489147021034 1,8856636542655743 0,9693585719477662 1,0271611005225625 2,0100913445033783 -0,9472623218859612 1,9648056298395604 1,4035107850413557 1,0349748306945261 1,0438236186399608 0,007205597884468837 -0,9676882768179216 -0,1348881814768159 ), 56,13769003917416
( 0,9214742202685413 -1,0642572380319193 -2,0144919482085206 1,9281087149419398 1,8856707433824713 0,9693242548271139 1,027178454783222 2,0100775151784034 -0,9473098620060255 1,9648017060347616 1,4034924279439198 1,034989341388855 1,043822677636067 0,007207880981057593 -0,9676752939024574 -0,1348862922791983 ), 56,13769493603618
( 0,9214515412961319 -1,064212303815464 -2,014501739230563 1,928124898681754 1,8856399609455916 0,969394765046026 1,027212168018207 2,010099539855857 -0,9473670052069242 1,9648002801247095 1,4035203689570723 1,034965392518723 1,0437778222522907 0,007128867481708636 -0,967654091503847 -0,1349053993469884 ), 56,13769965185635
( 0,9214381166514413 -1,0641895119151925 -2,0145121540129867 1,9281317541513485 1,885629418528766 0,9694159708669289 1,0272241056754667 2,010104860898908 -0,9473780267489292 1,9648029654816237 1,403525820809259 1,0349657302427433 1,0437648877130685 0,007113035996969743 -0,9676403803753433 -0,13490784002804698 ), 56,13771012156003
( 0,9215113061144365 -1,0642300085707115 -2,0146249717495017 1,9280313442450026 1,8856737112882105 0,969282935314845 1,0272256175829257 2,0100594702534624 -0,9474358142022566 1,9647898398897632 1,4034691516006126 1,0350015775260748 1,0438019064298547 0,007172549826112287 -0,9676474031601644 -0,1348934219602225 ), 56,137714649147725
( 0,9215070991560339 -1,0643319027774916 -2,01450564354885 1,9280722033521944 1,8857441703317843 0,9691441478523614 1,0271032197159267 2,010015989583923 -0,9471474532702936 1,9648179171593496 1,4034091385968825 1,035081369983605 1,0439374689534704 0,007437961045013135 -0,9676980538935479 -0,13482515546083035 ), 56,13774420946898
Liczba wywołań funkcji celu: 7524
