Iteracja nr: 83
( 0,9217383218575786 -1,0646904207967567 -2,014067589496809 1,9280725627783113 1,8857314123803925 0,969331939090892 1,0270561558091342 2,010139035965702 -0,9474669578380465 1,964674541832782 1,403626658704581 1,0346615025821009 1,0438264238346666 0,006914573921685819 -0,9680172463767627 -0,13501755490018177 ), 56,13754841529878
( 0,9217423910988902 -1,0647047063224175 -2,014043301412251 1,928078863889865 1,885732213392147 0,9693377907030074 1,0270491861695303 2,0101431325212475 -0,9474620140903769 1,9646717940087821 1,4036335872991976 1,0346499169377388 1,0438272101437271 0,006906774437372199 -0,9680295051560167 -0,1350214048857451 ), 56,13754843971759
( 0,9217425644975834 -1,0646985617886513 -2,014057592508658 1,9280732463846384 1,885732124874505 0,9693336955541695 1,0270535746399416 2,0101408094484685 -0,9474689399901829 1,9646722567713555 1,4036300004793227 1,0346546614307566 1,0438261803433 0,006908325098728958 -0,9680239745209184 -0,13502025719070812 ), 56,13754847392207
( 0,9217437718383912 -1,0646971689261466 -2,0140655211494525 1,9280691564689394 1,8857336154312252 0,9693277596073337 1,0270544644262747 2,010138338675555 -0,9474700995338291 1,9646726198297353 1,4036264846486202 1,0346586846262233 1,0438278327236539 0,006913241553053996 -0,9680217617508498 -0,13501860941584565 ), 56,13754849261608
( 0,9217423410015569 -1,0646997152446762 -2,014057035966109 1,9280734511376214 1,8857335560499051 0,9693302808138553 1,0270515967511982 2,0101395788877787 -0,9474636133201008 1,9646729725933105 1,403628227723538 1,0346570961710884 1,043828903180719 0,006914261172112699 -0,9680241752369356 -0,13501860672707858 ), 56,13754850523675
( 0,9217449530726242 -1,064699577380579 -2,0140653389142593 1,928068152688032 1,885735496112325 0,9693232946788651 1,0270524654735014 2,0101368844882956 -0,9474663683282937 1,9646728278195398 1,403624585130474 1,0346605140763558 1,043830652788347 0,006918501737144568 -0,9680227600190129 -0,13501727762671345 ), 56,137548537841
( 0,9217374311983958 -1,0646915704936555 -2,0140630603013254 1,9280749497953824 1,8857312302734965 0,969333615252125 1,0270547644915307 2,010139797849957 -0,94746370630384 1,9646747240940565 1,4036277138389421 1,0346605478770368 1,0438267948728324 0,006914777476980914 -0,9680184335139189 -0,13501763241419312 ), 56,13754853786486
( 0,921743016952174 -1,0646996783965963 -2,0140612737668055 1,9280711363021463 1,885735257088472 0,9693248676231478 1,0270509782173753 2,0101374516700163 -0,9474613759111081 1,964673545881987 1,4036252039578672 1,034660726861227 1,0438314021340254 0,006920386389914854 -0,9680230920439299 -0,13501675426124862 ), 56,13754855510784
( 0,9217417402915474 -1,064699811952685 -2,0140435485546715 1,9280799147204988 1,8857265466265165 0,9693517118239883 1,0270559827779122 2,0101480727990366 -0,9474790930135286 1,9646696660258582 1,403640526220188 1,034641209688114 1,0438172934809686 0,006885699757009125 -0,9680284918015425 -0,13502719952340228 ), 56,137548572071154
( 0,9217441475243642 -1,0647062465182897 -2,0140487382315593 1,9280750982204609 1,8857355902128758 0,9693279677365093 1,0270471926037257 2,010139471968913 -0,9474570965299677 1,96467259018293 1,4036285081099402 1,0346556400081048 1,0438321400733857 0,006917766712190016 -0,9680287879279735 -0,13501824666603715 ), 56,137548574423306
( 0,9217399214647956 -1,0646985359138113 -2,014054253848472 1,9280763402073544 1,88573285114573 0,9693325523095145 1,027050912420032 2,010140258802082 -0,9474596936183408 1,9646737864668167 1,403628911363145 1,0346575007263168 1,0438289824669242 0,006915380424545825 -0,9680236471158699 -0,1350181787371387 ), 56,137548581781516
( 0,921743206793348 -1,0647012919194137 -2,0140580409108213 1,928072224233145 1,8857353386602005 0,969325650784097 1,027049973533295 2,0101379519927582 -0,9474600696616897 1,9646733467720452 1,4036260123819957 1,03465952100199 1,043831639214804 0,0069198876913410855 -0,968024491772626 -0,13501707762929702 ), 56,13754861519064
( 0,9217466393000644 -1,0647060955788157 -2,0140578714698214 1,928069498989746 1,8857381121104926 0,9693192721869307 1,0270475620317934 2,0101360939137414 -0,947458092144993 1,9646727957934127 1,4036238570093182 1,0346604530777785 1,0438349521218704 0,006924633045254565 -0,9680270195462726 -0,13501613029618986 ), 56,137548620980596
( 0,9217427304506609 -1,0647030219752762 -2,0140536898794665 1,9280742094166965 1,8857356090044444 0,969326237277664 1,0270482144326172 2,0101383661530337 -0,9474563049217931 1,9646735286784394 1,403626626730807 1,0346589338640901 1,043832601280353 0,006921127095162134 -0,9680259235784129 -0,13501690465840335 ), 56,137548626584504
( 0,9217430496562629 -1,0646897710814351 -2,014080015816237 1,928064196219022 1,885732897155497 0,9693250806871332 1,0270594222955145 2,010136405394085 -0,9474773256715646 1,9646732806147447 1,403623320885037 1,0346633868466302 1,0438260888684128 0,0069139177266725055 -0,9680155243032464 -0,13501760228093362 ), 56,13754863115766
( 0,9217439293803766 -1,0647034387769296 -2,014056121223954 1,928072325398457 1,8857363414843762 0,9693238383334883 1,027048397114492 2,0101375045754613 -0,947457471641758 1,9646733356231165 1,403625518413028 1,0346597495016119 1,043833196072779 0,006922242466988549 -0,9680258034496053 -0,13501659692494944 ), 56,13754863389646
( 0,9217427894621272 -1,0646992952783716 -2,0140612841647485 1,928071315798761 1,8857349853544827 0,9693254869910727 1,0270512397283555 2,010137643160497 -0,9474617785121229 1,9646735395704555 1,4036254445650302 1,0346605259964936 1,043831030848076 0,006919746302891691 -0,9680229121245731 -0,13501690577935876 ), 56,13754865393754
( 0,9217433079798366 -1,064701674582218 -2,0140596710009073 1,9280713704297388 1,8857366791705454 0,9693218514867492 1,0270488529745507 2,0101364931424577 -0,9474566709466415 1,9646739495479217 1,4036239141090272 1,0346622316250862 1,0438339143393687 0,006925215827453108 -0,9680240346868063 -0,13501552022985377 ), 56,13754866445639
( 0,9217401867750831 -1,064706586774418 -2,0140382005260022 1,9280821912810118 1,8857340023101652 0,969334594893547 1,0270448352029047 2,0101420009168542 -0,9474494592610985 1,9646734890607198 1,4036317704511831 1,034653444828502 1,0438318107474474 0,006916955750305745 -0,9680302479407097 -0,13501859174666378 ), 56,137548667991
( 0,9217428984564084 -1,0647052587548622 -2,014050971706577 1,9280749930869288 1,8857368345287062 0,9693240472512066 1,0270459662998186 2,010137760225042 -0,9474515004127615 1,964673866586482 1,4036258449741315 1,0346598382546315 1,0438348760933303 0,006925216946896094 -0,9680272129392765 -0,13501592251002445 ), 56,13754867166932
( 0,9217378691888591 -1,064701446005937 -2,014044836112289 1,9280813786158908 1,8857333684273863 0,9693338569233939 1,0270468841123042 2,0101410374829953 -0,9474496669359844 1,9646746730606774 1,4036299282485807 1,034657200918398 1,043831447124069 0,006919616276835501 -0,9680260812515297 -0,13501726239026715 ), 56,137548690517605
( 0,921741670312957 -1,0647085949538726 -2,014037141522445 1,9280814629177958 1,8857345436009476 0,9693337544025408 1,027044299657891 2,01014194882849 -0,947450285838251 1,9646729202387196 1,4036319297075477 1,0346524032073066 1,0438321156368577 0,00691628554504156 -0,9680316678505235 -0,13501899014932023 ), 56,13754869548302
( 0,9217433974373044 -1,0647040965649799 -2,0140549870125484 1,9280730550639482 1,8857370985709268 0,9693222341917695 1,0270469796010724 2,0101369248548417 -0,9474534356459795 1,9646738915508783 1,4036246410658066 1,03466117799318 1,0438348865910734 0,006925988961695594 -0,9680259740538468 -0,13501555389324438 ), 56,137548701812136
( 0,9217437969016262 -1,0647017243256314 -2,0140617931475884 1,9280701096417354 1,885737468499327 0,9693193137808482 1,0270486637834073 2,0101355095009885 -0,9474560603120978 1,9646741320355716 1,403622537543807 1,034663786094515 1,0438349792136377 0,006927771152574632 -0,9680235834406838 -0,13501475119953849 ), 56,13754871430173
( 0,9217409226767668 -1,06469930101793 -2,014060214413631 1,9280729279484794 1,8857362727297862 0,9693223939262332 1,0270488028563025 2,010136353073313 -0,9474533292451609 1,964675016902449 1,4036233639495208 1,0346642741934227 1,0438343272586803 0,006927944899853468 -0,9680222475570881 -0,13501447791255927 ), 56,137548717319675
( 0,9217433320946666 -1,0647088031107517 -2,014043113374399 1,9280777296166143 1,8857365643925923 0,9693271409329117 1,0270440949733102 2,010139407368911 -0,9474497978172362 1,9646731985478483 1,403628419443676 1,0346561412545507 1,0438346116915764 0,006922186107515971 -0,9680305632163678 -0,13501721556419172 ), 56,13754871975834
( 0,9217431003570612 -1,0647059879485743 -2,0140503069158004 1,9280750555558472 1,8857372113338173 0,9693233329570019 1,027045368255947 2,0101375668503336 -0,9474504022131719 1,9646738989264412 1,4036256124244357 1,0346600207804848 1,043835494567763 0,006926240946090362 -0,968027636974196 -0,13501569206886266 ), 56,13754872428913
( 0,9217385945141136 -1,0646991304181366 -2,01405002283986 1,9280789418177973 1,885732549095815 0,9693343823188023 1,0270496269033995 2,0101410030459266 -0,9474560666375008 1,9646741525975764 1,4036298729929013 1,03465691327806 1,043829335298812 0,006915933022726937 -0,9680244254202016 -0,13501809744697818 ), 56,13754875019386
( 0,9217449329955353 -1,0647042707762275 -2,0140595529959553 1,9280700415849519 1,8857383952784703 0,9693178323510097 1,0270472058311846 2,010135252884547 -0,9474544107854499 1,964673861071343 1,4036223810483934 1,0346633377470806 1,0438362150092635 0,006929049292967089 -0,9680252794518873 -0,13501463028219157 ), 56,137548756149684
( 0,9217417474428193 -1,0647102801139552 -2,014033732790672 1,9280826932561725 1,885734734181039 0,9693343179649729 1,0270430794801289 2,010142367529992 -0,9474483256334282 1,964672821605933 1,4036326093572535 1,0346514322752138 1,043832610828825 0,006916377453899494 -0,968033076618818 -0,1350191470579988 ), 56,137548771033764
( 0,9217429322681193 -1,0647018255782568 -2,0140612399669156 1,9280708669419309 1,8857381619434428 0,9693176572780956 1,0270473994379068 2,010134834432846 -0,9474518076347267 1,9646748562960172 1,4036214646473428 1,0346656642919043 1,043836684487541 0,0069319414347366794 -0,9680233069090329 -0,135013525662503 ), 56,13754877399886
( 0,9217415241712099 -1,0647065249435643 -2,0140469810866177 1,9280774260985603 1,885737609283378 0,9693231575906248 1,0270434321655084 2,0101375041560643 -0,9474444227775038 1,9646747435206855 1,4036253693757912 1,0346611757224047 1,0438371710658485 0,006930091142666322 -0,9680279682125859 -0,1350146221389944 ), 56,13754880825172
( 0,9217456850224253 -1,0647007348850415 -2,0140695429733313 1,9280656249276027 1,8857386984868434 0,9693141574102376 1,0270500183175304 2,010133417212305 -0,9474593748223482 1,9646740235468867 1,4036196615330363 1,0346665907397397 1,0438358382694732 0,0069304328676307835 -0,9680218551289335 -0,1350138128146585 ), 56,13754881841419
( 0,9217400468479945 -1,0647000740105106 -2,0140564209241774 1,9280750367923927 1,8857360011255169 0,9693240806218403 1,0270477452673932 2,010137077465915 -0,9474507261110084 1,9646751848266204 1,403624352039274 1,03466341165912 1,0438344861239521 0,006927875183803983 -0,9680231485479126 -0,13501459636080096 ), 56,137548826599826
( 0,9217393674981164 -1,0647033082847706 -2,014049193226492 1,9280782211088363 1,8857368148915723 0,9693241833415766 1,02704441630358 2,0101374669115337 -0,947443535298818 1,9646755928175352 1,4036249629016984 1,0346629203743878 1,0438366806841726 0,0069311495169487505 -0,9680256357618635 -0,13501398397637795 ), 56,137548835422436
( 0,9217445953800828 -1,0646994721153424 -2,014070955593774 1,9280658426003796 1,8857389467014505 0,9693129857512335 1,0270498133341686 2,01013277074379 -0,9474569652590911 1,9646747508539317 1,40361855568652 1,0346686591885053 1,0438367420887786 0,006933553708527137 -0,9680206203726445 -0,13501275542855698 ), 56,13754885374193
( 0,9217439662320108 -1,0647051037018216 -2,014056851019394 1,9280717118060704 1,8857389239252504 0,9693172101084798 1,0270454730143121 2,010135067032592 -0,947449528223513 1,9646744741477722 1,4036220362006187 1,034664290551401 1,0438377957313443 0,0069324347424050995 -0,9680257666377136 -0,13501372170982331 ), 56,137548858666236
( 0,9217427829145193 -1,0646981479376705 -2,0140681184960822 1,9280684079512755 1,8857374019849773 0,969317422538296 1,027050314009881 2,0101343129318825 -0,9474569714576623 1,964674882119651 1,4036205552462824 1,0346670002482703 1,043835014512832 0,006930297817095086 -0,9680204281980823 -0,13501361330380182 ), 56,13754886464278
( 0,9217395532738786 -1,0646902202334756 -2,014070783013207 1,9280703606778296 1,8857317251086627 0,9693302598216005 1,027057062028393 2,010138380519605 -0,947469828605044 1,9646741611402108 1,403625834154505 1,0346618882248029 1,0438262334402295 0,006914187564418879 -0,9680167877830704 -0,13501762088906175 ), 56,13754886623546
( 0,9217455753530231 -1,064697594780389 -2,0140773413967903 1,9280626590358183 1,8857391402463668 0,9693106992745183 1,0270517591267754 2,01013168336753 -0,9474611627965588 1,9646745985077156 1,4036170108534152 1,0346702091115871 1,043836255038266 0,0069335502867954 -0,9680187529094965 -0,13501253337267638 ), 56,137548927508576
( 0,9217447980712971 -1,0647001574423909 -2,014070069041727 1,9280660044897266 1,8857391360083382 0,9693127900167627 1,0270493750555596 2,010132776633316 -0,9474563685890188 1,9646746888816768 1,4036186120219958 1,0346684537990076 1,0438370386532438 0,006933818664190641 -0,9680211125286906 -0,13501274666989926 ), 56,13754894460183
( 0,9217444058300027 -1,0647051937821475 -2,0140591881139827 1,9280703774348897 1,8857399401432442 0,9693140386442786 1,0270450562289326 2,0101338349602735 -0,9474481787611616 1,964674790032254 1,4036202941932405 1,034666352928223 1,0438392820378584 0,006936001380331512 -0,9680252190519892 -0,1350126545400841 ), 56,13754894925103
( 0,9217443394005891 -1,064706443631886 -2,0140561835403625 1,9280715786868456 1,8857399330023743 0,9693149516485164 1,0270441541890087 2,010134337324939 -0,9474467399368275 1,9646746952280143 1,4036210640572542 1,0346653472224803 1,0438394693849318 0,0069356348442313484 -0,9680263584131497 -0,1350129031877662 ), 56,13754896729705
( 0,9217374909088323 -1,0646934137138093 -2,014068727814481 1,9280720613147293 1,8857368621592392 0,9693179287410116 1,0270495895890142 2,0101337885757538 -0,9474481375238128 1,9646773875673564 1,403619042675983 1,034671917855964 1,0438366098298977 0,00693766385532787 -0,968016734763528 -0,13501096770815033 ), 56,13754896945903
( 0,9217433718291607 -1,0647052817012197 -2,014056434438711 1,9280722249518667 1,8857395219822037 0,969315768082334 1,0270444418822269 2,010134493737244 -0,9474461897421056 1,9646750208937476 1,4036211440649469 1,0346657768097565 1,0438391929321948 0,006935784544062489 -0,9680255985703764 -0,1350127452023898 ), 56,13754899013114
( 0,9217434481512105 -1,0647078935625018 -2,0140516032332667 1,9280739643184366 1,885740122715308 0,9693157622595204 1,0270423043712795 2,0101347945210857 -0,947442287439627 1,9646750464634175 1,4036216854468728 1,0346649811443023 1,0438405010002194 0,00693725366511166 -0,968027607723983 -0,13501259276830552 ), 56,1375489947081
( 0,9217450837808493 -1,0647005529993014 -2,0140719444270987 1,9280649266638576 1,8857404473048895 0,969309011927382 1,0270484173214416 2,010131334085414 -0,9474535504311034 1,9646751944355865 1,4036165580165327 1,0346710070720233 1,0438391567358172 0,006938742013089946 -0,9680206749983492 -0,13501130910981968 ), 56,13754906591849
( 0,9217442009766781 -1,0647138676371513 -2,0140412905303577 1,9280772557667532 1,8857413332903201 0,9693159936906156 1,0270380018861698 2,0101355987033545 -0,9474353946640413 1,9646747656482202 1,4036231560513301 1,0346625404596996 1,0438428757444844 0,006939066751860783 -0,968032268311548 -0,13501269809430058 ), 56,13754908189193
( 0,9217454374689393 -1,0647005202305762 -2,01407328800991 1,9280641118748267 1,8857408173436687 0,9693077326349724 1,0270484688365562 2,010130835358307 -0,9474536731485309 1,9646752306994086 1,4036158694419996 1,034671727499454 1,043839575293939 0,006939771995530638 -0,9680204062938337 -0,1350109907901505 ), 56,1375491100427
( 0,9217376571687843 -1,064679110489494 -2,014087454229803 1,928065686654002 1,885728538886799 0,9693328731147579 1,0270653209496772 2,01013807776157 -0,9474835593518133 1,9646744308551316 1,403624780358816 1,0346644890298804 1,0438205054880103 0,0069076158867078215 -0,9680087126151841 -0,13501839544160277 ), 56,13754928249361
Liczba wywołań funkcji celu: 8534
