Iteracja nr: 96
( 0,9218645196008727 -1,0648221961381472 -2,014064822994187 1,927979981867321 1,885776466741979 0,9692417651177139 1,027038971378563 2,0101232665832223 -0,9475818406687637 1,9646304106054124 1,4036221124551158 1,034600225134049 1,0438441066466588 0,00686225614544472 -0,9681047451216249 -0,13504616946777284 ), 56,137540023964476
( 0,9218632117708645 -1,0648234519047668 -2,014061505965232 1,9279819734021797 1,885777530814975 0,9692397750648527 1,0270362571604115 2,010122556024183 -0,9475741577380318 1,964631370039201 1,4036209879609733 1,0346022859618074 1,0438469117764826 0,006868422948219962 -0,9681052603875183 -0,13504446320536906 ), 56,13754045926228
( 0,9218610826347949 -1,0648226414306579 -2,014062193243849 1,9279829753793798 1,885778998064088 0,9692354805848791 1,0270339964268569 2,0101206672875214 -0,9475652573791986 1,9646330948636934 1,403617983470334 1,0346073088600098 1,0438506242537182 0,006878238282683954 -0,9681037066338499 -0,13504144830549167 ), 56,13754069134933
( 0,9218652583571724 -1,064828380164828 -2,014057408854944 1,9279818402979862 1,885779618228155 0,9692361161132298 1,027033109734612 2,0101217428818754 -0,947569825484209 1,9646310675481706 1,403620207079693 1,034602144814509 1,043849886187878 0,0068723314645939 -0,9681083832547027 -0,13504380354417186 ), 56,137540751272326
( 0,9218640193935336 -1,0648292171946454 -2,0140537052725005 1,9279840854254657 1,8857798459918242 0,9692364311605207 1,0270313473620116 2,01012191176436 -0,9475648717335676 1,9646316314091357 1,4036203514091594 1,0346025570672974 1,0438511381078552 0,006874936743971878 -0,9681090452896475 -0,1350431273297488 ), 56,13754084125779
( 0,9218615265574208 -1,0648270512346751 -2,0140514503766878 1,927986879035428 1,8857782048517704 0,9692407529796211 1,02703191365294 2,0101232787403585 -0,9475639986548239 1,9646320747836061 1,4036219939540036 1,0346016998203442 1,043849568626914 0,006872685678618135 -0,9681081556148065 -0,13504359398469354 ), 56,13754086261504
( 0,9218595822585316 -1,0648250729480213 -2,014051324139923 1,9279883636922845 1,885777480696922 0,9692422488832567 1,027032160332908 2,0101235679908207 -0,9475622407355208 1,964632730764087 1,4036221338518307 1,0346025409589203 1,0438492572980078 0,006873365234618084 -0,9681068670938145 -0,13504319521941874 ), 56,13754086420451
( 0,9218596089344288 -1,0648247182306472 -2,0140511583439116 1,9279884814895765 1,885776890027162 0,9692437748283693 1,0270328412657987 2,0101241342546143 -0,9475641332327559 1,964632453581173 1,4036229476286595 1,0346014632711065 1,0438481860769038 0,006870966507077685 -0,9681068989921388 -0,13504387588389585 ), 56,13754086767007
( 0,9218715595973742 -1,0648319478678585 -2,0140631600933534 1,927975056223271 1,8857812753091012 0,9692313645423241 1,0270347339098111 2,0101205182416266 -0,947580102080147 1,964628862124619 1,4036192314052274 1,0346001602997923 1,0438493561199678 0,006868239656159531 -0,9681103933266225 -0,13504534880810456 ), 56,13754087114576
( 0,9218557042956075 -1,064821593916461 -2,014048187774497 1,9279925662210735 1,8857749975166063 0,969248700819375 1,0270330696561785 2,010125575852148 -0,9475608285690215 1,964633469326792 1,4036245119148199 1,034601450574324 1,0438469166974016 0,006870181543364617 -0,968105346181009 -0,13504381482639993 ), 56,13754087807186
( 0,9218666344033162 -1,064827815376849 -2,0140600632779218 1,927979925819472 1,8857790053483756 0,9692370552906104 1,0270350628530975 2,0101221037428942 -0,9475758219185069 1,9646302144049759 1,4036208596731112 1,0346005843856336 1,0438479414071697 0,006867841865470744 -0,9681081807062892 -0,13504506992676746 ), 56,137540907935914
( 0,9218633914998192 -1,0648282603400196 -2,0140529823077977 1,9279849189517764 1,8857787991108348 0,9692391304100777 1,0270322147972333 2,0101228470071453 -0,9475666243931697 1,9646314582926472 1,4036216102864272 1,0346012295748763 1,043849611522877 0,00687186550802104 -0,9681088244517556 -0,13504395012014514 ), 56,13754090881686
( 0,9218620999357118 -1,0648273613420556 -2,0140526199813467 1,9279859615103982 1,8857787060569127 0,9692392362545321 1,0270318206272944 2,0101227335620035 -0,9475640761795304 1,9646320500740448 1,403621273997477 1,0346023420407593 1,0438501226421806 0,006873806428220767 -0,9681081103637202 -0,13504328337822585 ), 56,137540932963844
( 0,9218587003203362 -1,0648240830586446 -2,0140511080150367 1,927989115184153 1,8857769372312279 0,9692434933426468 1,0270324835475944 2,0101239114672307 -0,9475620588342839 1,964632924673161 1,403622503312324 1,0346025124305407 1,0438487420417961 0,006872819060655349 -0,9681063226521089 -0,13504325915749277 ), 56,13754094912595
( 0,9218433605538329 -1,064807064819969 -2,014049590191993 1,9280013257342534 1,8857690664975442 0,9692608851362247 1,0270369260980428 2,0101282572017904 -0,9475549687614683 1,9646371519517425 1,403626556217873 1,0346053250709246 1,0438423997535942 0,006869556050746224 -0,9680961897881958 -0,13504255155316242 ), 56,13754098917393
( 0,9218584534881948 -1,0648248114510397 -2,014049237597099 1,9279899821541413 1,885777073502379 0,9692436636642549 1,0270316838166857 2,0101240510994534 -0,9475602745829395 1,9646330277941697 1,4036227071930027 1,0346023483047937 1,0438492208448202 0,006873529831328385 -0,9681069066990801 -0,1350431281366865 ), 56,137541020897075
( 0,9218586448044266 -1,0648254344010213 -2,0140485841733597 1,9279900679015496 1,885777327951404 0,9692432584687901 1,0270312377102788 2,0101239688406145 -0,9475595602812521 1,9646330146537865 1,4036226309880357 1,0346023375241282 1,0438496200890557 0,00687408458555933 -0,9681073109403937 -0,13504302775695168 ), 56,13754104114483
( 0,9218537259085633 -1,064820032506306 -2,0140459631783707 1,9279949409279564 1,8857736509527572 0,9692523441241871 1,0270334372055143 2,0101267605656457 -0,9475600711896833 1,9646337782995873 1,403625967405325 1,034600552561845 1,0438456242183394 0,006868180294673453 -0,9681048013070891 -0,135044264672716 ), 56,13754107528891
( 0,9218646085652672 -1,064829205836753 -2,014053627511553 1,9279837603813554 1,8857791874404464 0,9692381482824873 1,027032298470205 2,010122610623283 -0,9475681639756376 1,964631035586995 1,403621432549493 1,0346008088048584 1,0438496691279122 0,006871304549863179 -0,9681093939904736 -0,1350442050562213 ), 56,1375410795204
( 0,9218587561566693 -1,0648251388640357 -2,0140493165154476 1,9279897128666137 1,8857772446108543 0,9692432521913332 1,0270315878473808 2,010123935837387 -0,9475603770609939 1,96463295044402 1,403622584396315 1,0346023420375516 1,0438493762433194 0,0068736768709720866 -0,9681070854574693 -0,13504311516829365 ), 56,13754108938694
( 0,9218551417427054 -1,0648229113232486 -2,014045778186723 1,927993746163349 1,885775918048103 0,9692469935670305 1,027031046557142 2,0101250215470254 -0,9475555968254826 1,9646340433743874 1,403623694842809 1,034602762482585 1,0438490121741426 0,006874500926897864 -0,9681059959591053 -0,1350426666299736 ), 56,137541103415515
( 0,9218569121666196 -1,0648239812557596 -2,0140473099440803 1,9279918638276334 1,8857764239409078 0,9692455768045837 1,0270314270379595 2,0101246520438343 -0,9475583130202407 1,9646334363996614 1,4036233864091119 1,0346022451918908 1,043848942813783 0,0068735032108294715 -0,9681065957926085 -0,13504306206317174 ), 56,13754110971311
( 0,9218567951839108 -1,0648233913767564 -2,0140475431108813 1,927991919660684 1,8857758965723261 0,9692467982777746 1,0270321042314072 2,0101250647172977 -0,9475598773445646 1,9646332753138316 1,403623952685498 1,0346015705436633 1,0438480371960173 0,006871677615464194 -0,9681063815347228 -0,1350435464028471 ), 56,13754111180435
( 0,9218713823215107 -1,0648355088783397 -2,0140563395463924 1,9279776540570561 1,8857822374122257 0,969230945105709 1,0270314699705558 2,010120745889069 -0,9475735890319498 1,964629075459403 1,4036196762258546 1,034599564928673 1,0438515776556077 0,0068713525652462715 -0,9681130350687572 -0,1350448048197175 ), 56,137541117749436
( 0,9218610447481669 -1,064828888916262 -2,0140472771510436 1,927988725585606 1,8857787177362477 0,9692405983299236 1,0270298887867768 2,0101234023783876 -0,9475594708297176 1,9646323556853094 1,4036221914353575 1,0346016194037249 1,0438509873858588 0,006874992132160299 -0,9681095158119594 -0,13504310567994715 ), 56,137541150641084
( 0,9218630926243101 -1,06482951916542 -2,0140501804915125 1,927986132848316 1,8857791504029404 0,9692389988464392 1,0270308507809875 2,010122921350039 -0,9475636049566337 1,9646316345700097 1,4036217342662198 1,0346011662727117 1,0438505687008512 0,006873410006933525 -0,9681097510036387 -0,13504362469910633 ), 56,137541162065844
( 0,9218430054115988 -1,0648078491862611 -2,0140488508636416 1,9280017167455474 1,8857700330285745 0,9692585999633209 1,0270354067558651 2,010127421465818 -0,9475507577589207 1,9646377121901877 1,403625332112814 1,034607080887204 1,0438443789813734 0,006873929790703657 -0,9680963225933499 -0,1350413261051889 ), 56,13754116309963
( 0,9218561900996174 -1,064824306679137 -2,014045634332795 1,9279929808326057 1,885776619679227 0,969245461066899 1,027030466818534 2,0101246134539585 -0,9475554368179532 1,9646338131812784 1,4036232650783291 1,0346027610138058 1,0438497584352118 0,006875340348715824 -0,9681067976151286 -0,1350425546371944 ), 56,13754116677039
( 0,9218561034943769 -1,0648239121987182 -2,0140456760140952 1,9279930692733613 1,885776208919924 0,9692464449365243 1,0270309516006653 2,0101249542921926 -0,9475565971215838 1,964633677493614 1,403623737584069 1,034602185048919 1,0438490618115366 0,0068738984271630044 -0,9681066863949347 -0,1350429441054462 ), 56,13754121544119
( 0,9218528030242489 -1,0648218194241748 -2,014043087900778 1,9279964708431983 1,885775289379 0,9692489431904879 1,0270302918859358 2,010125574841204 -0,9475515732272919 1,964634829699921 1,4036242097016756 1,0346032850461744 1,0438492199411251 0,006875895223142734 -0,9681054640536053 -0,13504215473401157 ), 56,13754123158614
( 0,9218596459393574 -1,0648269470754714 -2,014047475424109 1,9279897361351943 1,8857776760052776 0,9692428647298139 1,0270307834460033 2,010124021693934 -0,9475600065676889 1,9646326092374486 1,4036228719575652 1,034601461593921 1,0438498129486324 0,006873493649377309 -0,9681084255491151 -0,1350433565767112 ), 56,13754123417485
( 0,9218569904779002 -1,0648249278853408 -2,0140452372239244 1,9279925943850198 1,8857764029640136 0,9692462424547084 1,0270308562346466 2,010125024795441 -0,9475576159435952 1,9646332963935642 1,4036239728103366 1,0346014003733965 1,0438489880728472 0,006872984602808612 -0,9681074558364274 -0,13504331897088787 ), 56,137541257725374
( 0,9218698811481751 -1,0648357777427253 -2,014053485895263 1,9279797455844485 1,885782465783502 0,9692309392955969 1,0270298736649242 2,0101207103056997 -0,9475684534411295 1,96462980335282 1,4036194745422552 1,0346005688813686 1,0438529220802053 0,006874583617939016 -0,9681131865934168 -0,13504387989235714 ), 56,13754126229949
( 0,9218590336948422 -1,064828807632185 -2,014044426819917 1,9279911724082615 1,8857790015139804 0,9692403815642362 1,0270280727985261 2,0101232243721316 -0,9475531073814792 1,9646333675911392 1,4036217144602263 1,0346032609510865 1,0438526853767072 0,006879355329177695 -0,9681093405111575 -0,13504180997213408 ), 56,13754127494806
( 0,9218714226662191 -1,0648371794712441 -2,014054300613837 1,9279782706021409 1,8857832299975916 0,9692290641870243 1,027029657562389 2,0101201884348474 -0,9475695474160273 1,9646293956843606 1,4036189318116319 1,03460047400084 1,043853472614005 0,006874902199960803 -0,9681139430701616 -0,1350439202876257 ), 56,137541285598175
( 0,9218540173053007 -1,0648232945897584 -2,0140430471921538 1,9279955474579384 1,8857759876267182 0,9692474102754595 1,0270297963333446 2,010125181671632 -0,9475518107056728 1,964634517565898 1,4036238225751805 1,0346031380268574 1,0438498721775074 0,006876440848735005 -0,9681063320090781 -0,13504213713574567 ), 56,13754132066248
( 0,9218708399091684 -1,0648351630575885 -2,014055534954893 1,9279783593684945 1,8857818616273063 0,9692319794395425 1,0270315112926764 2,010121090104767 -0,9475732948741473 1,964629141173932 1,4036201077421737 1,0345992536812554 1,0438512345617736 0,006870784465202543 -0,968112952685735 -0,1350449397052376 ), 56,13754133391727
( 0,9218629294732187 -1,0648313969857126 -2,0140469044371208 1,9279873946115698 1,8857799117757803 0,969238031998751 1,0270288917018604 2,0101227422198296 -0,9475593432099962 1,9646319051047532 1,4036215261563978 1,0346014684897424 1,0438522178739298 0,006876230995014906 -0,9681109930796976 -0,13504298427706315 ), 56,13754135172944
( 0,9218572093555583 -1,0648261672604888 -2,0140440989214086 1,9279927762352715 1,8857771640182182 0,9692447103159785 1,0270296518235582 2,0101245650320894 -0,947555097983039 1,9646334662429934 1,4036233734275982 1,0346020432860203 1,0438503202751368 0,006875423725757614 -0,9681081090649667 -0,13504271915510274 ), 56,13754136666964
( 0,9218556940141245 -1,064825083055745 -2,0140448019019854 1,927993496521802 1,8857776645345918 0,9692429854809398 1,0270287810218905 2,010123695689951 -0,9475506392674905 1,9646344747014317 1,4036219061781239 1,0346047666968996 1,0438519555135353 0,006880263876198197 -0,9681068817345057 -0,13504116509315656 ), 56,137541375841494
( 0,9218481860837119 -1,06481907489695 -2,014038228513647 1,9280017549757824 1,8857735321097833 0,9692539698599385 1,0270295737342938 2,010127070311649 -0,9475455141536318 1,964636182066788 1,4036257902562461 1,0346036007486217 1,0438486638722668 0,006876659197902788 -0,9681041981573307 -0,13504167861095584 ), 56,13754138503249
( 0,9218565332451916 -1,0648237950922137 -2,014046314091691 1,9279925304677616 1,8857759831809318 0,9692468470374491 1,0270315384680178 2,01012511343131 -0,9475584776875029 1,9646333812373713 1,403624012190091 1,0346015854756239 1,043848413722932 0,006872363359588454 -0,9681066875111338 -0,13504338315559378 ), 56,13754140461684
( 0,9218483744849013 -1,0648193589257857 -2,014038567160833 1,9280014411564663 1,8857739105674818 0,9692529461121415 1,027029266731246 2,0101267027455485 -0,9475448244791739 1,9646362636587225 1,403625286411093 1,0346041564528632 1,0438492366428094 0,0068778679640966725 -0,9681042181552226 -0,13504134374282795 ), 56,137541436492384
( 0,9218550991835293 -1,0648255657046186 -2,0140411393434245 1,9279954183799912 1,8857767986405511 0,9692461348822865 1,0270285684063571 2,010124976036771 -0,9475505845536414 1,9646342428911097 1,4036237234900808 1,0346026615472343 1,0438508994416356 0,006877387877179505 -0,9681078579124173 -0,13504208824588207 ), 56,13754145722508
( 0,9218549903065054 -1,0648255324013305 -2,014040965594068 1,9279955624377287 1,8857767643483199 0,9692462490151094 1,0270285241088692 2,010125012684946 -0,9475503900201657 1,9646342745288352 1,4036237640649363 1,034602661686363 1,04385090390571 0,006877429048345158 -0,9681078509575295 -0,13504207315673256 ), 56,13754148171033
( 0,921852800865646 -1,0648236261505293 -2,0140395912853992 1,9279977464683244 1,8857756667287218 0,9692490159260185 1,0270287835135132 2,0101258055046483 -0,9475487842839461 1,9646348407666532 1,4036246128745213 1,0346026960677255 1,0438501095651271 0,006876888275295347 -0,9681068627836419 -0,13504205226968907 ), 56,13754149365592
( 0,9218373172978863 -1,0648071253862135 -2,0140372766879575 1,9280103362416934 1,8857681703234828 0,969265726573797 1,027032497061434 2,010129937826422 -0,9475398537114886 1,9646392771924897 1,403628357786393 1,0346059951899176 1,0438445493956143 0,0068752059650165585 -0,9680969899960651 -0,135040931978492 ), 56,1375415296217
( 0,921848738210357 -1,0648204651538662 -2,014037116786628 1,9280017022620308 1,8857741701198678 0,9692527794742454 1,0270286265953679 2,0101267752759124 -0,9475440900592821 1,9646361289730407 1,4036254722891446 1,034603692989825 1,0438496077309638 0,006878024444226016 -0,9681050453241518 -0,13504141245752913 ), 56,13754156396473
( 0,9218440978532741 -1,0648163235066068 -2,0140350333370782 1,9280059749474847 1,8857721866316666 0,9692575479400298 1,0270290052311017 2,0101280099343377 -0,9475399482402141 1,964637514392986 1,4036266188017334 1,0346046314088464 1,0438484948223128 0,006878346764118938 -0,96810265577162 -0,13504091687997985 ), 56,13754161203926
( 0,9218485315990964 -1,0648215424190537 -2,0140348709274463 1,928002653587327 1,8857745099369339 0,9692525502817236 1,0270274760842208 2,0101267964522322 -0,9475415585912121 1,964636282165362 1,4036255213426105 1,0346036984157323 1,043850458560754 0,006879417375898659 -0,9681058182106915 -0,1350411135358486 ), 56,137541737459614
Liczba wywołań funkcji celu: 9847
