Iteracja nr: 22
( 0,9392762851740692 -1,078961095444047 -2,0213179591305392 1,927250415209517 1,8913638712366683 0,9804042453642302 1,031687329599717 2,0192857426643287 -0,9784850136174778 1,961646343345217 1,4180953868539259 1,016985484854827 1,037265439499891 -0,02211236071433052 -0,9815535785967531 -0,14612998723582657 ), 56,582750844157374
( 0,9378580791879955 -1,0750753590869155 -2,0246735701685377 1,9234260098718656 1,8924519381360205 0,9766437171904929 1,034556481568478 2,017594705008346 -0,9801933115439735 1,9643190590371373 1,4156912285405496 1,0228328539745968 1,039050165523249 -0,018718011818719 -0,9815008670190704 -0,14640491498044614 ), 56,58672414396543
( 0,9381960384572905 -1,0791162641773913 -2,0162830405769836 1,930247005336314 1,8898244360476217 0,9841569556320908 1,030949990860678 2,020366117270313 -0,9770087944304102 1,9623043488149923 1,420003620956751 1,015006956821503 1,0362798943963927 -0,024678656146306807 -0,9820745217239415 -0,1465999507793111 ), 56,587415431421064
( 0,9385919879220864 -1,077796049680113 -2,022128314961585 1,9262563335454121 1,8909817771637292 0,9797262436314496 1,0323354720145221 2,018799391036362 -0,9787096666239438 1,9611227767236783 1,417195985292397 1,0175554134082345 1,037033872059268 -0,02174949306900494 -0,9807625037382705 -0,14599384717767622 ), 56,59003422116227
( 0,9391971936916159 -1,07806016350408 -2,023045265875271 1,9273544821366062 1,8913315160487492 0,9809603621425482 1,0323967430117853 2,019529930033361 -0,9793839299329317 1,961939395643337 1,4182954283196543 1,0171665514298924 1,0369469120349035 -0,02267631728493348 -0,9810248406614089 -0,14620927820154536 ), 56,59246190937591
( 0,9405774753872779 -1,0786515485911072 -2,0234322285829185 1,9292761246485415 1,8893924419327794 0,9839214296818721 1,031179740955468 2,0201150794404907 -0,9800171021079235 1,9600287695182754 1,4192974508322598 1,0126122517735408 1,0346403101158324 -0,026651499853142416 -0,9789032843950473 -0,14548116974210662 ), 56,593347239059526
( 0,937454734798193 -1,079433115335313 -2,0138154015209992 1,9318405502172398 1,88864059109627 0,9860492756263115 1,0298391929205548 2,0209869337958906 -0,9751107230544286 1,9608025796462396 1,4204494755780317 1,012849946965696 1,0353343884989488 -0,025862499813076364 -0,9813946741687865 -0,1462834938591511 ), 56,59340827259871
( 0,9391515846380083 -1,080605430263801 -2,016386973084572 1,9302996079401735 1,8898587066920314 0,9837180505989028 1,0300583307577194 2,020466623466472 -0,9768156455877824 1,9613252790842581 1,419972156480012 1,0138856708275708 1,036234190546285 -0,02475950605565783 -0,9819135011358857 -0,146256184144555 ), 56,59684685710354
( 0,9404899352830056 -1,0834459964328256 -2,0130455214356373 1,933376676352962 1,8906314682965208 0,9861453798553571 1,0281649963894113 2,0218837140780788 -0,9753316490397481 1,9626159412277 1,4224476238673722 1,0120700230812996 1,0367893640419485 -0,026021430290772835 -0,9842369447935534 -0,14669051536428826 ), 56,59791289979893
( 0,9406765545220247 -1,081098509552128 -2,0215986750692987 1,9284931451495952 1,8949099811120118 0,9803870113606338 1,03178009459879 2,0206368733654325 -0,9779910152274601 1,963962091856913 1,4199611220039539 1,0182505381819138 1,0397176542833282 -0,020695890952501038 -0,9856700217858929 -0,1474186631311318 ), 56,598396153831686
( 0,9394242261078352 -1,0796156803875536 -2,019770896463811 1,9295043166005639 1,8903980592905305 0,983232817342386 1,0310144983156722 2,020366485096825 -0,978261716821708 1,9613964637256125 1,4196709167587849 1,0146335791289858 1,0361567721652636 -0,024606267159909895 -0,9813422892793073 -0,1462525153275043 ), 56,599344679550484
( 0,9371927533094148 -1,0780057980328828 -2,0132705777010553 1,9282723248896012 1,8888721917692093 0,9825985679525675 1,0313340763830463 2,0191431622785334 -0,9771324733520911 1,9629777744212782 1,4187166273365837 1,0166418431486153 1,0366031584101123 -0,024166671922092754 -0,9823471966091187 -0,14686756202881185 ), 56,60009091476694
( 0,9392324827971277 -1,0799013196470695 -2,01849012286913 1,9301963492191998 1,889821309506901 0,9840643946924087 1,0305661369630776 2,020589485099247 -0,9776840164629796 1,960924129320349 1,4199677902776147 1,0136537771203624 1,035721689530589 -0,025307949968201696 -0,9811766880526454 -0,1461888744792692 ), 56,6046514551477
( 0,938942732700955 -1,080294760950729 -2,0131906074759756 1,9297388751022997 1,8904464284350262 0,9834052011291077 1,0305747305129491 2,0201265162030393 -0,9773396079556437 1,9642032157650149 1,4204382032184772 1,016017253697536 1,037438505230573 -0,02454200481607406 -0,9843868806901404 -0,14738923403891016 ), 56,60510084364772
( 0,9381466979719125 -1,0780770747612025 -2,019572908774119 1,9291715246524745 1,889560351221566 0,9835536712758234 1,0317410611271849 2,0200634848226335 -0,9781861917499924 1,960900207091285 1,419131624872595 1,0148264599706922 1,035514277694869 -0,024782576840010867 -0,9804590294619647 -0,14623770870220776 ), 56,605364168447494
( 0,9396249496501122 -1,0797551686084823 -2,0205377975897907 1,9297466048232215 1,8903999815556272 0,9835377086760657 1,030973225467296 2,020552180139906 -0,978398511513082 1,9609375611846023 1,4198066104885194 1,0140822753214294 1,0358747158748343 -0,02491673836087861 -0,9810370194782261 -0,14616453005063035 ), 56,60604896731927
( 0,9381077586939398 -1,078248904814065 -2,01806741845334 1,9293996695391458 1,8893877587561214 0,983862988168688 1,0315082081590827 2,020173058978369 -0,9781280676623912 1,961656289644103 1,4194733956603653 1,015051528214025 1,0356896013896881 -0,025085987325260965 -0,9809609668249708 -0,14644216308884964 ), 56,606179519627005
( 0,9395361589755553 -1,0837740961090199 -2,009619754194426 1,9371725927997363 1,8884232235436407 0,9904807645061602 1,0263069092816366 2,0231145791355236 -0,9726159295611639 1,961277167719771 1,423951078913468 1,0083436617690202 1,0349056584405467 -0,02861570870449752 -0,9826673373095058 -0,14600985821821058 ), 56,60624590961385
( 0,9391945365477312 -1,0791053081477169 -2,0159275761166193 1,9288971244310527 1,8897511359166301 0,9830671818930481 1,0313534124596992 2,0195926936322586 -0,979443276691003 1,9646984227474757 1,420129515102427 1,0165943200537244 1,036740336712712 -0,02518448664599786 -0,9828719097983899 -0,14704142637148088 ), 56,60635671417664
( 0,9378750224577102 -1,0752397156243678 -2,0265880681584068 1,9245928597299622 1,8912695285038739 0,9785700768516891 1,0341465327212767 2,0182996650299003 -0,9801966415083186 1,9610782259597739 1,415972204324573 1,0194209742268356 1,0369533448317712 -0,02077353389681116 -0,9792776433860655 -0,14579996360483413 ), 56,60672184955412
( 0,9384034609118339 -1,0801968582991304 -2,0170011176433174 1,930280454120281 1,890823255763582 0,9835609843298011 1,0307006866251711 2,020795912023278 -0,9765158842137899 1,9618717831865309 1,420118311902376 1,0153018860147367 1,0368442135807991 -0,0236250113312824 -0,9827259157158074 -0,14668565640569212 ), 56,60673861563319
( 0,9391610489736701 -1,078922508755403 -2,020179167057289 1,9286856655251958 1,889938049693573 0,9827133655107562 1,0314145933792795 2,0199311089958156 -0,9788731679222801 1,961297561113505 1,419100322296097 1,0150673271270485 1,0359140098192343 -0,02461998213303304 -0,9807365745616412 -0,1461537763520293 ), 56,60676187886537
( 0,9398542669077207 -1,080467469157284 -2,019451106188378 1,9305489709067183 1,8903265180907312 0,9842398559663089 1,0304434038761283 2,020886656867569 -0,9779671450864278 1,9609932908172583 1,4203764341286962 1,013367342505192 1,0358159986370838 -0,025403364514192523 -0,9814005808254521 -0,14621771033615366 ), 56,60710147256657
( 0,9376093681547015 -1,0748580855107175 -2,0266984418777905 1,9243313626029703 1,891089925554535 0,9784109574218675 1,034312084640257 2,018146246814349 -0,9802067354965769 1,960934929931453 1,4157027644087519 1,019593580931844 1,0368609287371895 -0,020666490831328738 -0,9790009222082908 -0,14574114521285844 ), 56,6085869556962
( 0,9388312304572951 -1,0807640686925222 -2,012386478884218 1,9332014120589307 1,889400170663319 0,9871143076902522 1,0297294850206775 2,0216360295630063 -0,9767129987499373 1,9644527961183005 1,42260361458728 1,0137679261055443 1,0361817635984258 -0,02683903821066798 -0,9835441583841716 -0,14718747412079689 ), 56,60881080646408
( 0,9372143627744616 -1,0752955022208444 -2,021625238798237 1,926030129888157 1,8905217087275286 0,9807427691879871 1,033995915342224 2,0188667437984624 -0,9801880269849409 1,963301280599209 1,4175868076401825 1,0194912893530033 1,036906607130299 -0,022514422472771814 -0,9809200118940758 -0,1467840531581982 ), 56,61021994328729
( 0,9401092478956782 -1,0809775430852855 -2,019712503760136 1,929739820555916 1,8905628134925294 0,9830656992747143 1,0302591362509086 2,020461004242582 -0,9779252042452269 1,9603469002775287 1,4197789753879022 1,013487298892175 1,0360133370859923 -0,0246222790100002 -0,9814170975915484 -0,14605683025670657 ), 56,61061671319179
( 0,9398378173712657 -1,080233825224386 -2,020252023560574 1,9302796886053821 1,8903260780638538 0,9840510859126509 1,0306386614699596 2,02081011795597 -0,9781916529836288 1,9606468538607194 1,420149966707633 1,0133524960031006 1,0356801804450932 -0,025350022978459997 -0,9810666534192874 -0,14613798722808602 ), 56,61085940172258
( 0,9391315949905313 -1,0816143912683054 -2,0130345544001083 1,9338011886504265 1,8894579208007445 0,9877355953473302 1,0289079444978384 2,0219870408027125 -0,9754838274800238 1,9620439674206822 1,4225255722059238 1,0115011988050642 1,0355547762242419 -0,027265966522000768 -0,9830506558044121 -0,1467594562107937 ), 56,61164158370792
( 0,9405943947114142 -1,0809261220124924 -2,0206565827470127 1,9302196947153898 1,891266986668435 0,9835764996066875 1,0307173198109918 2,020906498400027 -0,978698765356091 1,9616966674495668 1,4205606419101848 1,0140184743234184 1,0364153092444701 -0,02495065832762635 -0,9821210247116938 -0,1464513088716147 ), 56,61238806675654
( 0,93794853743254 -1,0798664249212815 -2,012503122187163 1,9303110655827027 1,8881113148478563 0,9842908516502987 1,0298298687505223 2,020038939369626 -0,9762249355952102 1,9613433379431624 1,4197836479136046 1,0135657335710742 1,035615746153054 -0,025762504296947004 -0,9816528302630527 -0,14633783048334387 ), 56,61459259717587
( 0,9394222077349134 -1,0799992184382174 -2,0196120328552576 1,9306141118135052 1,889776994161747 0,9846713890612921 1,030551526657285 2,020907371146026 -0,977857955812487 1,9601744535426078 1,420191337994943 1,0127764730242224 1,0352216971155654 -0,025852441105932412 -0,9806751428420132 -0,14607858924373554 ), 56,61669629929352
( 0,9435753852090372 -1,0837397735241792 -2,0243827804191303 1,9305397171764105 1,8931107531297857 0,9827128830226692 1,029404664905173 2,0216216626121164 -0,9794168426551084 1,9613217481795413 1,421189291150887 1,013041787739713 1,0371907439200962 -0,02457274853798181 -0,9825768474683895 -0,14598275222894902 ), 56,617380616560666
( 0,9407410269323775 -1,08008858952652 -2,0231061111077135 1,930045388099318 1,8901681397687005 0,9840963098017388 1,03078811912978 2,0207677420848835 -0,9794029140937737 1,9597453823344082 1,4199889912484667 1,0123328864391599 1,0349743494807053 -0,026179772033780326 -0,9798445338618688 -0,14573948822630162 ), 56,62033735463234
( 0,9406631039474702 -1,0809577270686297 -2,021071128411059 1,930423071884267 1,89095533317211 0,9839466821355256 1,03062483880246 2,021013728459956 -0,9788200503243908 1,9611042453371554 1,4206132476731002 1,0133306056644158 1,0359574193313825 -0,02544161756339636 -0,9816087574057014 -0,14631015691294305 ), 56,62096708892112
( 0,9402101160239368 -1,0802412678234796 -2,0224286298238447 1,9306425714323698 1,8904292174724548 0,9846135627850138 1,030756966486646 2,02114451535837 -0,9786381457841682 1,9596494511564861 1,4203387727142374 1,012334930264378 1,0350760493158935 -0,02589382216807194 -0,9803100221714205 -0,14595334803926524 ), 56,62594184332447
( 0,9359855526496994 -1,0747478178159622 -2,0193444763203248 1,9266877131894184 1,8881431320617652 0,9822800387153637 1,0334319425656993 2,0187890243460584 -0,9791091807217647 1,9609834124879233 1,4172427814342454 1,0170752635465243 1,0350499032119018 -0,024309295729736877 -0,9790403057121214 -0,14629509344209213 ), 56,62651856498451
( 0,941187375809857 -1,0813348113742463 -2,0202633468821567 1,9291483046245599 1,8913855993678585 0,982251343372127 1,0308406952989468 2,0203961034461737 -0,9797927207296336 1,9625874124261975 1,4203050593043294 1,0149386989010816 1,0369290673393965 -0,02468183333427915 -0,9827007834356797 -0,14662931688167008 ), 56,62817165533805
( 0,9404130656649933 -1,0798258578966546 -2,022621372133976 1,9288321611520223 1,8904808367347383 0,9826508251265845 1,0313513563399177 2,020223429972336 -0,9799463976954957 1,9609069799388534 1,4194901857834388 1,0143167355537492 1,0357301195803428 -0,025044276454405736 -0,9805396331200952 -0,14605619716609658 ), 56,628529396541424
( 0,9396838804948072 -1,0799012107825334 -2,0203167292870363 1,9298055533550207 1,8896980151435498 0,9838941788367306 1,030819304557133 2,020569463976711 -0,9787335209183303 1,9601593677809916 1,4198223762454734 1,0131109410487866 1,0351993123353953 -0,02580488182502751 -0,9804502746120967 -0,14605068414828887 ), 56,62963132171757
( 0,9401083694619247 -1,080310141304853 -2,021347681033959 1,9304132929208815 1,890145376994215 0,9843992429259802 1,0307136702764057 2,0209684461024255 -0,9787115348563448 1,95997377212394 1,4202694400704952 1,0125781982778548 1,0351452493658841 -0,02598189319137517 -0,9805055009550304 -0,14604329160481838 ), 56,63056012031589
( 0,9406525679203289 -1,082262785567091 -2,0177548695545227 1,9328931517146613 1,8900868867831662 0,986595421909951 1,0292464844913223 2,021974534515456 -0,9773678244899257 1,9607221607191598 1,4221025276355481 1,0108947149861076 1,0351917949243323 -0,027264673653281994 -0,9819400741820468 -0,1463585127205854 ), 56,63211618482579
( 0,9370573845108713 -1,076347677713696 -2,0190369769752947 1,927025944137093 1,8882629265105313 0,9822156132817786 1,0325707035852338 2,0188955726826268 -0,9789051919648585 1,960147981739372 1,4175011491937 1,0156424395131944 1,0349508554447204 -0,024740228356723064 -0,9793272187077044 -0,14617765905762484 ), 56,632903854731836
( 0,9404433827911783 -1,080488083500325 -2,0226043743334925 1,9307751578632453 1,8904369937942644 0,98474210733684 1,030718087249064 2,0212423355059754 -0,9788807946800846 1,9596435941638766 1,4205290626492972 1,0121109461600744 1,0349726649171613 -0,02615672439972973 -0,9803303556279347 -0,14600472286280322 ), 56,63612171815163
( 0,9401945406793665 -1,0788030705552478 -2,025700093445302 1,928961568729971 1,8908229012386986 0,9832235437442373 1,0320095326283845 2,0206079202713814 -0,9803041940204489 1,9599207056825283 1,4194116310396558 1,0139670874440123 1,035210595617036 -0,025205201773027822 -0,9796068209781696 -0,1459164348965565 ), 56,63697857542502
( 0,9404478319658621 -1,0801172368936536 -2,0233529675903066 1,9299945794549118 1,8904009118793836 0,9840670390823834 1,0310861235569813 2,0209292558080505 -0,9794866675561549 1,9595854667503965 1,4200648584452067 1,0125830839713679 1,0349809752218564 -0,02594806074660584 -0,9800519285818219 -0,14595579509740453 ), 56,642842984508064
( 0,9430705712888203 -1,0876504711689914 -2,0148831106525926 1,9381627298775244 1,8914840655770464 0,9901131105217184 1,0256173000961124 2,02449174772689 -0,9739746397552306 1,9603321143094539 1,4255303983013485 1,0065427021429874 1,0356289597357136 -0,02848332939634612 -0,9841952549345608 -0,14616946941334868 ), 56,652668422290986
( 0,9418368366562102 -1,0798383639502827 -2,029117193009708 1,9274477161882695 1,8924362089526623 0,9808170360832982 1,032298030280608 2,0201846797639584 -0,9817480284564276 1,960088728671511 1,4188629862630673 1,0150055661618584 1,0361979754429382 -0,02373482194541895 -0,9801067256895583 -0,14583979740812414 ), 56,65862881471412
( 0,9371114805399299 -1,0727600139762845 -2,032540086913515 1,921328816466086 1,8916653183528191 0,975588298642382 1,0358791727158079 2,0170384307049476 -0,9811905648220159 1,9589150436552292 1,4131292463987144 1,0211574971822341 1,0367951968281384 -0,018526871140370237 -0,9769477787020658 -0,14506538219058876 ), 56,65878037193795
( 0,9425893372564135 -1,0816642532475431 -2,030355323671829 1,9313598139158212 1,892073800325855 0,9846423467660718 1,0306702425045062 2,0222293698598826 -0,9801995714194708 1,957797914799105 1,4209088949878697 1,0106145945703837 1,034625297474944 -0,026003765979389727 -0,9788231630191209 -0,1451396185124017 ), 56,67031857978239
Liczba wywołań funkcji celu: 2373
