Iteracja nr: 20
( 0,9399622943143277 -1,080176944039394 -2,0216949817526646 1,9307277546233947 1,8895102405804383 0,9850754910699877 1,0306129337229284 2,021120710569865 -0,9787291596942708 1,9589100561665167 1,4202770588212834 1,0114709243229338 1,0343451014087575 -0,026781285073557797 -0,9796356164903502 -0,14583164690495024 ), 56,6482529361501
( 0,9440155797014176 -1,081293318971688 -2,0330090478719467 1,9264200121845916 1,894454288513061 0,9786846777917381 1,031910179806872 2,020238825627149 -0,9826977394532951 1,9605652796098147 1,4185886688565554 1,0160365539555645 1,03757651977312 -0,022156412495811625 -0,9806525703632941 -0,14553489821086 ), 56,66898016272468
( 0,9420182489844716 -1,0799265655483452 -2,0290560404171067 1,92737235894327 1,8922601306729119 0,9807810542124651 1,0323831089611963 2,0201318750569124 -0,9821407884130952 1,9603321840367707 1,4189339734440534 1,015031802334031 1,0361322589870199 -0,024006966715930222 -0,9801072165022787 -0,14593999383177175 ), 56,67113111827612
( 0,9398393141571969 -1,0762493976797178 -2,03171944750916 1,9227705514900462 1,8953805781684292 0,975495612998117 1,0356166961901845 2,0183900544057383 -0,9821887441306365 1,9628996033557689 1,4160092707229484 1,022538242009904 1,0395480255966116 -0,017894931835191117 -0,9821738958212515 -0,14677128929757596 ), 56,67669605770611
( 0,9428111610772758 -1,079555009688751 -2,0346306700835894 1,9275489318930066 1,8942016779483761 0,9808745835491208 1,0332689307868026 2,0207743505171276 -0,9832664938081697 1,9603671312262207 1,4193195235704623 1,0155948486053432 1,0364126519252774 -0,02318690915637173 -0,9799159616665799 -0,14592567169949436 ), 56,69092215938859
( 0,9422883061565458 -1,0793542772177716 -2,034004076476117 1,927269186978455 1,8931044134817918 0,9806430689785601 1,0329636436349006 2,020439937531613 -0,982555087762528 1,9588279153627897 1,4185567406525932 1,014677923532454 1,0357494025136984 -0,023409017376736375 -0,9787638583997677 -0,1454413299462612 ), 56,69229370552894
( 0,9376831780652927 -1,0730541670339027 -2,0305553808320687 1,9236070084641745 1,8902699764135436 0,978955612935885 1,0360621958634728 2,0180569624469276 -0,9836472275084434 1,9610301210812682 1,415814154722686 1,0197272589231956 1,0354235944431631 -0,022417023218355495 -0,9772216261738517 -0,1459333294573743 ), 56,69369817590855
( 0,9414560987802256 -1,0779166771043236 -2,0329420647921403 1,9256608035342249 1,8927449146041453 0,979534107254384 1,0339695434404066 2,019568408284898 -0,9834247035237031 1,959926574025476 1,417732984789327 1,0165353789029772 1,0360760670147524 -0,022965494458344407 -0,9790447277835869 -0,14584035279771174 ), 56,69759909017323
( 0,938652446726853 -1,0738912433144192 -2,029953833725788 1,920894585340312 1,8909061887472562 0,9753749346284957 1,0358760397258417 2,0166217281847434 -0,9842648951095991 1,9620016314045765 1,4142763232751592 1,0218573535380457 1,0369309784916128 -0,020496398890374627 -0,9782430436000078 -0,14582512026786146 ), 56,69797519218122
( 0,9431086939588966 -1,0807173625727373 -2,025882798858013 1,9237748529093937 1,8943235189113863 0,9757310493143749 1,033326092356131 2,0183664799509113 -0,9843676845099198 1,9658910011098576 1,4182301684506478 1,0209625583139803 1,0398320822212297 -0,02087087753390507 -0,9844028947687732 -0,14723247076980853 ), 56,6980904492906
( 0,9424807233380843 -1,079082912825246 -2,035300600212845 1,9277488754299592 1,8935383535914836 0,9814267056997972 1,0332592036173167 2,020773345586628 -0,9830024481822689 1,9588679054062064 1,419060536145145 1,0143225286141742 1,035553794452377 -0,023794536129122447 -0,9787967358014764 -0,14560215661053966 ), 56,69887635451117
( 0,9425857313227426 -1,079280782383416 -2,0354648277758214 1,9274328758709922 1,8935487167442777 0,9808879764253302 1,0331869441806323 2,020672164920531 -0,9829893250882793 1,9588418109952328 1,4187850580471213 1,0146088537865692 1,035712426481273 -0,023471585996939288 -0,9786920677641328 -0,14546965087613056 ), 56,70185332558627
( 0,9434105929902774 -1,079817384557748 -2,0341774161516453 1,9246852974169435 1,8946260599431504 0,9771886353742973 1,0334848224296018 2,019283297806678 -0,9841514588694991 1,961208102945887 1,4177057225516188 1,0178702633347136 1,0377767291199083 -0,021342835096726038 -0,9807298522564541 -0,1459001791321344 ), 56,70219665961365
( 0,9334534355670155 -1,0687316684596848 -2,0251910239350637 1,9205961473664213 1,8878469653523922 0,9774422427857934 1,0375759635965693 2,016070036904118 -0,9823401121379541 1,9611682039713956 1,4129934092279266 1,0227854494751294 1,0352646696431465 -0,021202691754818117 -0,976439112030025 -0,14616901129288135 ), 56,702728417277015
( 0,9385774965794921 -1,0739756879636158 -2,0308406157108547 1,9220993241557138 1,8909076465126702 0,9769022057710072 1,035886425951883 2,017417378498739 -0,9839582380201772 1,9607523996517682 1,4149522115389084 1,0201941735919362 1,0361690565544048 -0,021487935257346862 -0,9778631121316995 -0,14588951442061024 ), 56,70744888034778
( 0,9404355080995555 -1,0742532578075958 -2,0361249486718456 1,9231864389945372 1,8905542607813595 0,9785208729534652 1,0352997626138154 2,018025664888154 -0,9850076520799441 1,9580723614774853 1,415274408714273 1,0165258177293652 1,0343771213615263 -0,02370607836087998 -0,9752129396546605 -0,14480180551891522 ), 56,71659006366241
( 0,9413977676249183 -1,0774286278788388 -2,0383238982601037 1,926426632071529 1,892583479741477 0,980131635459986 1,0337499979575542 2,0202203803066414 -0,9826747489691737 1,9565394177251663 1,4171534093017426 1,0144669840618723 1,034791159650754 -0,022842281677782343 -0,9759392382250033 -0,1444425060670513 ), 56,71771505744566
( 0,944130978645133 -1,0816944621916473 -2,0376050129104293 1,9305139193054366 1,8939633538531335 0,9833040450872125 1,0315566757356558 2,022458336465223 -0,9820866127833691 1,9571845915268438 1,4205864455464006 1,0111722986960001 1,0349399983547938 -0,024892401155988224 -0,9779799495855666 -0,1447385123076083 ), 56,718856273303416
( 0,9377629666646431 -1,0720612510805847 -2,0312922213476394 1,9190008085804604 1,8908240433819723 0,9737894389354195 1,0369361747658947 2,015732854937618 -0,9848633432516963 1,9621033640032717 1,4128476870646474 1,0237669145829744 1,037158142252463 -0,01926082306244285 -0,9774949281977049 -0,1456837912795855 ), 56,71996260667251
( 0,9457316248341028 -1,0834235121359914 -2,035872285118807 1,9292237215429557 1,8957734078771304 0,9812827935021343 1,0315613426023311 2,0219243541800487 -0,9831799269328559 1,9596621147998434 1,4208726504564808 1,0130475583239973 1,0368968509379912 -0,0238073055454426 -0,9812349259258164 -0,14578941767792988 ), 56,71999056860328
( 0,9401025562660329 -1,0762259629921602 -2,038117792294346 1,9286511851335397 1,8920739453977855 0,983727768704533 1,0340656041214784 2,0211937110922555 -0,9813540855636478 1,9552819956517737 1,4181853578393115 1,012378364399254 1,0332723189512396 -0,024615102183583117 -0,9753094512219368 -0,14479489388526673 ), 56,72005408495558
( 0,9401369929074314 -1,0743620040233421 -2,0372160079605974 1,9230453521564674 1,8931531394563608 0,9774957523368047 1,0361063008794527 2,018561085618693 -0,9847344777592422 1,9604286304784724 1,4157901514824902 1,0198653280240628 1,0364646109713334 -0,021089632859790947 -0,9777045900792798 -0,14565166170026797 ), 56,72049669488351
( 0,9381254099885016 -1,072900052224911 -2,034109439045561 1,922195662178095 1,8910174690854908 0,9772845722697472 1,036407589149318 2,017684107152832 -0,9839702992814893 1,9594034972263705 1,414587205524373 1,0198493903426804 1,0355367412372352 -0,021252078464956765 -0,9763606501201753 -0,14544214616366327 ), 56,72120079010709
( 0,9398091364342639 -1,0764817217437994 -2,032299481901562 1,918466942565364 1,8931795988820936 0,9709077590011086 1,0348372374412507 2,015536486659623 -0,9828824056921598 1,9588106910917646 1,4122255076099721 1,0220755723333166 1,0382321868450826 -0,01631010530231279 -0,9788417024878107 -0,14513195820468947 ), 56,72765968398372
( 0,9374459362455476 -1,0726731155489744 -2,0353220497272626 1,9242875412265084 1,8898384513541482 0,9799241468211101 1,035926408650924 2,0187761225017873 -0,9823174960493278 1,9557520565191637 1,4149274407188557 1,0159590607517985 1,033619097378455 -0,023114446382491317 -0,9741928017796397 -0,14474192417080464 ), 56,73446974493736
( 0,9367120082609453 -1,0710031955619779 -2,03357969900036 1,920721798353187 1,89025890285711 0,9764316888611708 1,037327992220894 2,016810853828112 -0,9840178290758054 1,9592041644055576 1,413319505241937 1,021055610406936 1,0353417430280623 -0,02070885052326452 -0,9756902607492538 -0,14546796929320896 ), 56,73580294120849
( 0,9389070706969577 -1,0729992414075749 -2,0365558048055195 1,9219611025391061 1,891112509870456 0,9771346302705907 1,0363566561157027 2,0176401063375495 -0,9844905950661804 1,9582046565107074 1,414277185088696 1,0188097727568843 1,0350655964425661 -0,021621571224149753 -0,9754390152073839 -0,14503048643766486 ), 56,73622419013202
( 0,9440540179898296 -1,0814837019337378 -2,039097032616929 1,9297655884259743 1,8940532078004575 0,9824723777192377 1,0316962394503644 2,022034814903383 -0,9817173536542754 1,9555328457222731 1,419648559079799 1,0107187443656978 1,0346585775663855 -0,02423249173787302 -0,9772687373100211 -0,14448724295271403 ), 56,73650574708678
( 0,9416334904423593 -1,0770800186713625 -2,037584538918867 1,9245131933359967 1,8937915669246455 0,9783485469549535 1,0348732363389466 2,019503073557291 -0,9841331191348419 1,9584958405117046 1,4168046172261748 1,0168879357004779 1,0361142635694909 -0,021880782442335753 -0,9780958924278282 -0,1455113054737344 ), 56,73761756711258
( 0,9391049303685124 -1,074784301694733 -2,0358469403509916 1,9184502541106871 1,8925480077726085 0,9715319726259036 1,0353116217200053 2,015695473612388 -0,9828345248954912 1,9570333827973363 1,4115497068840137 1,0213647794310903 1,0371256996857348 -0,016626286709591164 -0,9764525530629549 -0,1443925959996229 ), 56,7385021335525
( 0,9369848001870482 -1,0713210332266234 -2,034538631985785 1,9207191945931248 1,8902413022479183 0,9762334378845647 1,0370932569498583 2,0168456540423088 -0,9838698093598812 1,958354648100095 1,413110320255936 1,0204770652766624 1,0351428808354506 -0,020648447770763738 -0,975159373769857 -0,14514896015643436 ), 56,740892180758195
( 0,9367051264579298 -1,0710419194083494 -2,034522520100791 1,920732147525982 1,8898963366769446 0,9763694211912872 1,0371142802179916 2,016801432686661 -0,983694061461668 1,95795452497596 1,412935275004515 1,0202404412069663 1,03486684440829 -0,02077931881430343 -0,9747237802171048 -0,14502291190106317 ), 56,74212126374675
( 0,934854231826376 -1,0687205027591216 -2,0316212276682086 1,9190057598394938 1,8887395262977456 0,9753006239162241 1,0381242527631789 2,015555643624435 -0,9839761115460097 1,9598322522339302 1,4117947452319777 1,0230802661346217 1,035201135047123 -0,020033973844137767 -0,9747511187885874 -0,14535963073098976 ), 56,74266715248588
( 0,9442131288577775 -1,083120854666882 -2,0326276253484186 1,9335518150885445 1,8932037347284716 0,9870876876603311 1,030621751805009 2,023514945533418 -0,9811766224955244 1,957515714531273 1,4230775605244907 1,0081824645666888 1,0338954135323792 -0,0279678761770939 -0,9797153784709546 -0,14593047947942345 ), 56,742692036436125
( 0,936550007329168 -1,0704934933658325 -2,035063636347226 1,9200492043034685 1,890302412444292 0,9758130013368692 1,0376570420465268 2,016584596661019 -0,9841959710818659 1,9585021425373739 1,4126802586455602 1,0212701687101815 1,0352212783111547 -0,020262067579340848 -0,9750244075754754 -0,14522966480664623 ), 56,754103014541215
( 0,9366179821436654 -1,0701805964343893 -2,0337312606663174 1,9184735840876859 1,8908797273104825 0,9739755960747133 1,0381236623009833 2,015745344027347 -0,984982106754871 1,9606848840753792 1,412188326321022 1,0238466794186027 1,0365148018361177 -0,019059613278265785 -0,976471344138891 -0,14571891444655533 ), 56,75641266740449
( 0,9352870866185697 -1,068703306566471 -2,030843625226832 1,9179525891436182 1,8897764159086805 0,9743389575631084 1,038886316327766 2,015280655593314 -0,9853285743064292 1,9618949806407433 1,4120133694270707 1,0248998261837052 1,036327581968509 -0,01965465298419665 -0,9766887740946606 -0,1462447215944369 ), 56,76817310758409
( 0,9346386378918236 -1,0679282870223186 -2,03451840708883 1,9185593506830454 1,889177723184265 0,9751119642349502 1,0388280121034994 2,015690935871661 -0,9842975566061982 1,9585617452178663 1,4113112309243638 1,0228988686718108 1,0348905182540271 -0,019734289603946097 -0,9739265343352967 -0,14519079571923682 ), 56,77682860518813
( 0,9355787735423655 -1,0689585690999126 -2,037668933218989 1,919064438739083 1,8895302774128535 0,9750428040425145 1,0381250403147866 2,0161137406665395 -0,9837320241089393 1,956035908345876 1,4110882775133655 1,020839335109501 1,0343629500562515 -0,019657704764246175 -0,9726427914001073 -0,14436783248999713 ), 56,78451280162024
( 0,9439566285118604 -1,0791449983693013 -2,034709015126243 1,9250985700257148 1,8921369285555336 0,9797111279900401 1,0339267390528635 2,0195072881480427 -0,9867138264720582 1,959172483540594 1,4182714927449542 1,014130994259602 1,034904234666888 -0,026022576854002322 -0,9785352504635273 -0,1459251221522973 ), 56,78558855403146
( 0,939906913701235 -1,0759876649632978 -2,0330797021980387 1,9233045206677455 1,891185514359717 0,9784285696791152 1,0354116407378104 2,018641234696339 -0,9846537918373017 1,957756463566884 1,4160512884248804 1,0165797173236804 1,0348134300616931 -0,023542783312237223 -0,9775087595686107 -0,14593275286794258 ), 56,788290039735315
( 0,9361494481280108 -1,069489678307445 -2,0390397883492315 1,9194259754118044 1,8900628978425162 0,9752813209939091 1,0380250706976228 2,0164274212414166 -0,9839698645380681 1,9556800065015711 1,411435191562004 1,0203022087203764 1,034298021456477 -0,019724978870941177 -0,9726640534888004 -0,14433406111719888 ), 56,79375324596165
( 0,9327817744095743 -1,0656923459686383 -2,028073872760517 1,915695727774559 1,8878533380089846 0,9729399525541989 1,0401684455600693 2,0137401900844174 -0,9852696349561278 1,9621664886549093 1,4100646903722087 1,0269858888335723 1,0360735679700588 -0,019095495468984314 -0,9757043522915749 -0,14630078482138487 ), 56,80725542025888
( 0,9444488524276812 -1,0809451304026563 -2,0432979186626485 1,9320354320705215 1,8948361763775523 0,9862558632791479 1,0325310549302629 2,0239244242122294 -0,983257036672372 1,9555183671703682 1,4217114152527137 1,009215429468464 1,0333649613811708 -0,026593317433434176 -0,9768034377472699 -0,14496011832011838 ), 56,81716388580425
( 0,9368859223326033 -1,0688150093040587 -2,0418071909374804 1,91827877542417 1,891731007131223 0,9743606883954589 1,0392991951769706 2,0163951888524534 -0,9861434319262226 1,9578598174461952 1,4115985452048598 1,022700065162045 1,0353545853985517 -0,018994714413913993 -0,9737910601017336 -0,1449578021869993 ), 56,83505969712951
( 0,9344087450731845 -1,0675781082393303 -2,0380254766371433 1,9166024354386586 1,8883800523598255 0,9730734671578569 1,0386288917619568 2,014640540535783 -0,9831172360872459 1,9531156601311181 1,408549088535645 1,02055256357645 1,033577422979349 -0,018904237515394853 -0,970962875076423 -0,14381997519969666 ), 56,835082083827274
( 0,9363551788235528 -1,0694991577855668 -2,0421664817581546 1,9185158173755013 1,890371858334132 0,9743347295774695 1,0380277423542266 2,0162102262568813 -0,9836777252610033 1,953277413144107 1,4102448146141704 1,019561560600549 1,0339017564224382 -0,01897523112579132 -0,9713937077343733 -0,14369872388821736 ), 56,835272817758934
( 0,939593797981755 -1,0729384070472556 -2,043111497998273 1,916900943496284 1,8924511464686995 0,9704214445536431 1,0373482197504764 2,015909507509 -0,9856084889259271 1,9556636118939603 1,4101632571420513 1,0217806464076362 1,0364217134097387 -0,01696862861204001 -0,9735245889957754 -0,14380045285552243 ), 56,86614432564504
( 0,9319741123929491 -1,0635397832146885 -2,0376714436168593 1,9147486292008864 1,8876828116910145 0,9721697038346636 1,040888274538061 2,013713077695252 -0,9846117102435705 1,956212593114679 1,407578996413589 1,0250800783610743 1,034097138059096 -0,0177362298535779 -0,9704688615974405 -0,14426421715328555 ), 56,86989233295958
( 0,9344551540309604 -1,0661891405039474 -2,0397808244551143 1,9138219958376101 1,8898281145483902 0,9695797661662291 1,040085046381445 2,0136741160252116 -0,9852146011046621 1,9567256526058892 1,4074966757713476 1,0258441724455287 1,0358388391532982 -0,016026690896823105 -0,9719963140997738 -0,14410247299631848 ), 56,87507112027785
Liczba wywołań funkcji celu: 2171
