Iteracja nr: 13
( 0,9531740358291556 -1,1010382431214711 -1,947359266718185 1,8788258181567123 1,8858945254721595 0,91245758135118 1,025934268433739 1,9929556833563369 -0,9922293083824517 2,001478454278285 1,3935153780857374 1,06541850420869 1,0692364905655356 0,0022541435714581687 -1,010496413385132 -0,15040529901017807 ), 60,69821341464629
( 0,9292076593386585 -1,0765571111794339 -1,927193502718624 1,8749225095464552 1,874206259860982 0,9109037820541818 1,0302514484078906 1,9797183641412615 -0,9759408989611094 1,9924268520365616 1,3865148911017469 1,0625944897596458 1,064752805066321 0,009229444207990638 -1,0043261796327252 -0,1478879191674374 ), 60,87231155885594
( 0,9405716591499671 -1,0784622933696422 -1,9554234866536275 1,888128466646761 1,8914949022008016 0,9384196541587128 1,0453156544061946 2,0000456005887943 -1,0136643916601629 2,0264438040793737 1,4126713504160167 1,0791909954883965 1,0651268623737224 -0,009453874397263445 -1,0208218381406537 -0,16384353288778294 ), 61,106146596927104
( 0,9252913921616023 -1,0716182272481212 -1,9258745720981374 1,8716956186309501 1,8760352249699157 0,9160938128918654 1,0364964372433692 1,983066255785758 -0,9818567934081744 1,9964661653861218 1,3860645508899674 1,071918332441824 1,0636240861360156 0,007281961052485684 -1,0072440153222229 -0,15360320122734877 ), 61,295341243267714
( 0,9209518433183895 -1,065349063795663 -1,9292038470610775 1,8626772388880528 1,8717786005992954 0,9070756702109939 1,0369563239233788 1,9808356893260333 -0,9784288543863972 1,9835293058857155 1,3750946560948363 1,071254337137033 1,0630112004035426 0,011052539364832883 -0,9978951413852983 -0,148884284148053 ), 61,2998816737759
( 0,9413033184831628 -1,0865334238506639 -1,9358780595600211 1,878130089970766 1,88730450798042 0,9203107292351621 1,0348717167435981 1,991134494328778 -0,9956641618787005 2,009044174470151 1,3987500421204335 1,0713292327222788 1,068741195048093 0,00043512315160699686 -1,0206081383254662 -0,15828276461347557 ), 61,314703849248545
( 0,9201050031975023 -1,0638921830985615 -1,9254414032663778 1,8755893473865641 1,8771716811611758 0,9255130229365177 1,0413568961013042 1,984622338827915 -0,9851226870439009 2,004473522487055 1,3915956992604475 1,0763353214755658 1,0621650294279403 0,0038967384649707935 -1,010809034666921 -0,15751250620395815 ), 61,35922784614024
( 0,9298260228783032 -1,0777558098050977 -1,9182823215454365 1,8743815331093614 1,873660155961072 0,9174372774804916 1,0333048785465075 1,984714772773681 -0,982884167582501 1,99555824690331 1,3886299192658167 1,0645587791534654 1,0632440503696328 0,00026839723547571214 -1,0091588527484954 -0,15365243566721504 ), 61,362012656663595
( 0,9326430358793095 -1,0808448514967526 -1,9213330628670162 1,8752912702421258 1,8760768800224052 0,917090571867771 1,0332248706021727 1,985444886752028 -0,9855241637295054 1,9980009563535406 1,3907656747635866 1,065514500800527 1,0642382093306946 0,0007742172652035299 -1,0113692420356841 -0,15433615887033794 ), 61,368807962239856
( 0,9343470455425339 -1,0831634369172323 -1,9206491866534998 1,8782200278075727 1,8773404717344948 0,9199746929545167 1,032510555533253 1,9862634948052285 -0,9865972975160346 2,001728395780336 1,3940621060446352 1,0655792123793315 1,0642909329188854 -0,0002612714808882025 -1,0138574089470054 -0,1556216738866877 ), 61,379614397608336
( 0,9255366106131547 -1,0741250324248968 -1,909707609260542 1,8775277888821924 1,8729962927017392 0,9222773586583876 1,0350458330270558 1,9837294863645525 -0,9740265494238267 1,992002940855463 1,3877743307436905 1,0611457473552148 1,062131179022211 0,00018484522088495214 -1,011700016263353 -0,15550957823314723 ), 61,38143215532574
( 0,9255700899731191 -1,071171880298422 -1,913889508198909 1,8865098601938148 1,8783239099510498 0,9377760285490827 1,0379653079616562 1,990028788474945 -0,9856502796078579 2,0131893636702953 1,401946294440303 1,0705059004584878 1,0620396043469797 -0,006541733223721407 -1,0192265816056159 -0,1615057857187206 ), 61,425176820721404
( 0,9364341000788337 -1,0858508124481874 -1,9188771570577527 1,881394006953002 1,8777606919047207 0,9239351114817009 1,0320496550557903 1,9878470689706154 -0,9894398296609542 2,0054291282547347 1,3981708595128095 1,0647287051664003 1,0636647662987126 -0,0035367032784758097 -1,0163429143760732 -0,1572914558760592 ), 61,449053770496874
( 0,9260602338294086 -1,0749030937012398 -1,9146429303589536 1,8707912768533503 1,8705154323828037 0,9107894571742069 1,0325120885723573 1,978496092845105 -0,9730158908817513 1,9869686248843321 1,3810478813744838 1,0612926775026081 1,062576792008998 0,006018371756130151 -1,0053717441577756 -0,1507908669842603 ), 61,453949139167946
( 0,9301760663862859 -1,0779123480301627 -1,9214742911454956 1,8676376280545246 1,8727067359344298 0,9087431422430154 1,0325362333906547 1,9813693631952218 -0,9805296504985025 1,9887420608744053 1,3812489561504444 1,0657634365494526 1,0640444026757907 0,005481761170219244 -1,0051533740440046 -0,15082180774327358 ), 61,47616085627844
( 0,9318121539393629 -1,0820910890088582 -1,9172229007560844 1,8702699455112572 1,8713681775377042 0,9103416754046063 1,0292537056991515 1,9801715702109612 -0,9778676319365585 1,9885811092219998 1,3826143543736478 1,0626688323210391 1,062590519229515 0,004145407935898432 -1,0053573743066808 -0,15057566703831243 ), 61,481920612514855
( 0,9418392775712074 -1,092798922288981 -1,9221979893614825 1,8826323229055655 1,8812486057409659 0,9219466262066983 1,0318110141902812 1,9919021253498264 -0,9925293380612368 2,006264628777758 1,400642620939036 1,062972215958152 1,0665523219999995 -0,005349019288907297 -1,0189001096992563 -0,15684608435605266 ), 61,493477893965135
( 0,9403810447793971 -1,089839403237054 -1,9216603586661967 1,8849500721732992 1,8805692156928766 0,9282210363891303 1,0325843641128394 1,99143762555102 -0,9954700722685419 2,0107807728697082 1,4040587186240376 1,06484672376304 1,0640841670976877 -0,007669574779878945 -1,0201612146486543 -0,15951831848590495 ), 61,50355961483034
( 0,9362269607720636 -1,0871764745431585 -1,9132625752812231 1,8792780443560577 1,8738919329855317 0,9202421813195278 1,0288938554360643 1,9849197256932107 -0,9850868220745965 1,9998580920407587 1,3941846616015408 1,0612800361517132 1,0626823613716867 -0,002745007121939858 -1,0135452031407806 -0,15519777215143227 ), 61,56038579845942
( 0,9293202923041561 -1,0780881186171782 -1,9142232106727421 1,8745170899866144 1,8728340986645278 0,9172746492195758 1,0330603117443398 1,9822968359925748 -0,9815066344416473 1,995885534097109 1,3885637257409915 1,0640428680734195 1,0625472500049005 0,0008790483909065904 -1,0106468281336316 -0,15467412888797807 ), 61,57181437498379
( 0,9470579046973473 -1,0989428792029459 -1,9211070218611945 1,8890066414613658 1,882810470467314 0,9274103806265183 1,027541886677698 1,9928076248380187 -0,9944666234653006 2,014652013415348 1,406987807289572 1,0632140047823802 1,0665346306301702 -0,0067770710112560265 -1,0230070758364185 -0,15868804998632602 ), 61,576812323624864
( 0,9430885552210742 -1,0945038497338042 -1,9160266387481504 1,8839129607057115 1,8786065608560654 0,9229151674518536 1,0283302884796863 1,989466038358421 -0,9903669214240564 2,005845364202203 1,4007632449998808 1,0596470013932475 1,0651834866459362 -0,006765559880079688 -1,019503470757436 -0,15707070186627461 ), 61,58966511498757
( 0,9442322350605191 -1,0963920274238368 -1,9149258353232896 1,8808042442938655 1,8776026762172944 0,916426618661139 1,025890503895312 1,9876312467305883 -0,9856608832547219 1,9997972685026049 1,3957176412576644 1,0567530923779371 1,0666849313975484 -0,00413344016355572 -1,017474019257876 -0,1543631096681933 ), 61,59587112814728
( 0,929853019783871 -1,0788231147336842 -1,9284647002009323 1,8621330110257148 1,8724132249969274 0,8983604222647863 1,0312957448496216 1,97675251161605 -0,9777355530587076 1,982409368559936 1,3747432159009747 1,0668066790748247 1,0647402876308494 0,014992537136172447 -0,9996349905671533 -0,1473434815071058 ), 61,60596810991393
( 0,9554526581964004 -1,1090055462805712 -1,925526165311035 1,8897462635059785 1,8859780744927492 0,9224216982294158 1,0232904966898368 1,9956909518170092 -0,9957715774810545 2,0139818276182577 1,4079041927515572 1,0600470486769318 1,0701534735405251 -0,007016669841709565 -1,0244432930380194 -0,15621635520121813 ), 61,61979023643924
( 0,9433482163331732 -1,0885125391580257 -1,9398783934396846 1,8857338431976556 1,8914522481166383 0,9321137575775356 1,0380872940827186 1,99868649209451 -1,007753629029475 2,0214473523893686 1,4112666063046595 1,0762443973511158 1,068320243742442 -0,005920727497313488 -1,0256639923737894 -0,16340641245645515 ), 61,62058790888402
( 0,9408959202103504 -1,0968303373859731 -1,9140012010723468 1,8865106373915788 1,8791737165555833 0,9225227236960408 1,0300885222029987 1,9925978918114104 -0,9888766890436079 2,0056094877885706 1,4017135071839923 1,0593229559950346 1,066992134675163 -0,005507611313604219 -1,0189783712573945 -0,15539187098187265 ), 61,65461230679011
( 0,9412311122631726 -1,0937394126723319 -1,922402530674941 1,87794482132313 1,8759615257819533 0,9103670028157272 1,0232837505321997 1,9848587494073495 -0,98437901840799 2,0088390228591275 1,3912137321824056 1,0725617435063368 1,0694448614303211 0,00920032308399438 -1,0083939925207501 -0,14848902389164712 ), 61,65517824022908
( 0,9507972658706195 -1,1027103924281854 -1,9262770497133004 1,887273293309218 1,8839228954853802 0,9237944719008545 1,0266594420957404 1,9959431719340424 -0,9980546885989999 2,0170287509952676 1,4069536421469502 1,0651626480240253 1,0696364494566155 -0,0074693137330606235 -1,0215642927174673 -0,15612515681743275 ), 61,65538553474548
( 0,9428095772310543 -1,0957401609739257 -1,9118533399652184 1,8792336906820197 1,8749345786312013 0,9148542645431492 1,025133560164848 1,9852184052553958 -0,9824329861265251 1,9971697424255939 1,3931628063606492 1,0549779779557027 1,0654205731716508 -0,003993808002160875 -1,0149996161713724 -0,15333735450425526 ), 61,66207685811739
( 0,9313806622665368 -1,0801375584803998 -1,9123167702754948 1,8722030973914066 1,871473101209671 0,9102828642394326 1,0324562322480497 1,9801615976632574 -0,9769993162666047 1,9896614744541592 1,3854053644686695 1,0591362465614627 1,0633154258002222 0,0005830128420949016 -1,0092939088230313 -0,15268549997187097 ), 61,70476077400987
( 0,9471481318685296 -1,0995897285962823 -1,9153880820405558 1,888192488312549 1,8802488426171742 0,9263840337515898 1,0268430731251055 1,9917558085181712 -0,9937013067377478 2,0112472961332233 1,4060876428093236 1,0589249378426073 1,065703128442115 -0,009649834485847731 -1,0230638309318518 -0,1584760134091657 ), 61,726920727132935
( 0,9238787381965202 -1,0708109166296749 -1,9160827246615588 1,8670597738972614 1,8721869449466595 0,9105876048245033 1,0364503649648862 1,9763723578945114 -0,9769429836801271 1,9863123030883536 1,3801097254274526 1,065661374388965 1,0617512394957245 0,008721221938285468 -1,0057896774447086 -0,15498010831788633 ), 61,771771428197454
( 0,947936184765274 -1,0967231589956554 -1,9214399306717496 1,8909463285623187 1,8860577831530407 0,9329432267493081 1,0310920257218867 1,995053163848511 -1,00172972566223 2,0202058182351 1,4126933637364338 1,0625056969155844 1,0670676075656165 -0,01245225468915006 -1,0302643033862815 -0,16263632017411556 ), 61,772948057386344
( 0,9459368388818852 -1,0987255297025926 -1,9305390206076147 1,86682057865382 1,8759638219264307 0,8961895400941587 1,0255321731902751 1,9819751258147618 -0,9885810778733086 1,9861128181484682 1,3834335118979775 1,0591069040560426 1,06735602397227 0,007546742787347915 -1,0061403802818527 -0,1474867984775717 ), 61,78033444519703
( 0,9435225977280467 -1,1059985356894895 -1,8977527894646278 1,898520836644208 1,8652991998595587 0,9350020419973646 1,0157745238552331 1,9963783674753264 -0,9848051617945681 2,011650176606627 1,4081129978381 1,0535034599928104 1,0601407864759602 -0,016138496358568174 -1,0100030467368772 -0,1504460920373459 ), 61,818898043644054
( 0,9503344556700024 -1,1030646526190824 -1,9165805278555677 1,8927520029521556 1,8833170456579376 0,9310395220715874 1,0271413958638587 1,9948334107377563 -0,9979311209764612 2,0169031750376067 1,4123993835673225 1,0584767007397298 1,066226480592005 -0,01303889445862378 -1,0277161023582309 -0,16081094263008375 ), 61,84335385215654
( 0,943555771491946 -1,094583866984569 -1,9144439429130367 1,8892085227861881 1,880916239020136 0,9311354916506253 1,031655304886835 1,9940103619687133 -0,9991187759016568 2,0156790874268267 1,4099300212623371 1,0616101391554789 1,0654281948282778 -0,01302678446636072 -1,0255448097327469 -0,16119653595816977 ), 61,9274025390291
( 0,9522589389291619 -1,1025617784894264 -1,9283903292365479 1,8916747492471484 1,8904089597346527 0,9333942763174676 1,0328649691093184 2,0015745121019575 -1,0084037716973773 2,021732318987036 1,4165505078929235 1,0651087768928145 1,0686538677674495 -0,014633482831060123 -1,031129775030133 -0,16357727814431894 ), 61,96459569218975
( 0,9398257959444862 -1,0787778452019008 -1,9385456807273949 1,8909334763515266 1,9065967184150074 0,9327742617598822 1,0492794389552493 2,003241256796271 -0,9984947974844506 2,022849141571072 1,41569216007349 1,0736963344227153 1,0816595474948103 -0,0023276897715593025 -1,045082567535122 -0,17085567558831508 ), 62,00492527988287
( 0,9605668435866995 -1,1158491753596504 -1,9204392645443487 1,8873728092093747 1,8819887929636059 0,917830790829251 1,0201108482266743 1,9974064361106385 -0,9966438433532354 2,0145866053168806 1,4060081603559427 1,056393676235667 1,072521373352036 -0,01223668100201708 -1,0220384125066517 -0,15296406239906404 ), 62,07181036510728
( 0,9536756038470381 -1,1049266658622996 -1,9142104094929346 1,8857600651794226 1,884644420533202 0,919373920247113 1,026254069533037 1,9948970270711548 -0,9981315196465393 2,0098574208859077 1,4080234691911362 1,053904909555919 1,0709710707581201 -0,013313492101865198 -1,0294150718849944 -0,1579350184478616 ), 62,1545120690007
( 0,910325278509189 -1,0548652279284534 -1,9051800543912736 1,859909706855169 1,858767474948759 0,9067703135952826 1,0378612879617624 1,9708478114539774 -0,9653114304449086 1,9708243905074108 1,3660420976583874 1,0612148243407347 1,05704544005858 0,008470613473630425 -0,9948404450864838 -0,14932149747066514 ), 62,15784057080356
( 0,9440046592761022 -1,0979875466102884 -1,898332271613772 1,8779968637873816 1,8695548511498468 0,9111786454996386 1,0234236222099677 1,9822480864843501 -0,9766561581665754 1,9873180078863688 1,3897777908539715 1,0442349772610624 1,0637206684420255 -0,009149706307981943 -1,0153572162820197 -0,153202909561298 ), 62,194290171372316
( 0,9337469101196204 -1,0930981900106311 -1,8865772943907384 1,9004707262662877 1,8587974343283185 0,9398061442958336 1,0215991516406167 1,9954266422939715 -0,984625762010169 2,0150126249236497 1,4090445749972556 1,05487766767461 1,0582823733711835 -0,020298574819847006 -1,008174679196226 -0,15239659519465162 ), 62,22814094634322
( 0,9275536336818679 -1,092610419272369 -1,9301377225244145 1,8762430243196375 1,8922748620942496 0,9040723237114304 1,0304847346863093 1,9916105967179873 -0,967627083955743 1,994141968340059 1,388141441673752 1,0793968815284827 1,0774201858717036 0,029005739976827954 -1,0191939722542502 -0,15270989965659054 ), 62,26908738236358
( 0,9225973613345351 -1,0695282749728925 -1,8934120722867573 1,875429230021705 1,8666306538627586 0,9246289008093497 1,038336103856949 1,9804879009733007 -0,9817232098286496 1,9944684427138475 1,3903122978147728 1,0545942617796535 1,0593102799312715 -0,009328814440706573 -1,0146707461161906 -0,16053186123375976 ), 62,377498604499976
( 0,9521132545250527 -1,0997240387629879 -1,9239296066650027 1,9090387459057625 1,8954252194476544 0,9540579051480269 1,0374305792718845 2,0085852022780317 -1,018376407011394 2,045175433727083 1,4373542224887563 1,06632259976232 1,0686643895926773 -0,023996333061513855 -1,0450747170406511 -0,1725017381185869 ), 62,73288208003186
( 0,9279554387769504 -1,0809292088760407 -1,8816743036150259 1,8684907168732656 1,8594825045829095 0,9073278287950756 1,0274566641220482 1,9739273537714466 -0,9677021752797221 1,9738950239032746 1,3785120229882535 1,0402767944043687 1,060129719643492 -0,0075463053788997975 -1,0089866929724332 -0,1519405825948674 ), 62,990369734325185
( 1,0311783896941782 -1,1804927660690758 -2,0704480134954166 1,8976538139737982 1,9611613434293491 0,9178591781984629 1,006091140912844 2,0449750294701956 -1,039994107766065 2,075694086971795 1,4217581829625696 1,1206444632766168 1,1066011835283383 0,045866244040581525 -1,0188917117225647 -0,15087886921370303 ), 69,55813902065009
Liczba wywołań funkcji celu: 1464
