Iteracja nr: 53
( 0,9223487068905264 -1,0660991789865657 -2,0133111054721176 1,9278062085888215 1,886535648877446 0,967598806031287 1,0260205877312023 2,009629769602368 -0,9457641244738493 1,9646728362032997 1,4030048108101907 1,035107407929206 1,0450312986606378 0,008911945932418492 -0,9687693562195558 -0,13455998850926335 ), 56,14095129926696
( 0,9224494120951771 -1,06616335614176 -2,013440574646959 1,9276922706076278 1,8865969206190945 0,9674523846829068 1,0260233756400956 2,0095858804002904 -0,9458502319098592 1,9646599846240036 1,4029533706164605 1,0351372019584966 1,0450746457310873 0,008962461239746209 -0,9687967591637769 -0,134553636685447 ), 56,14099710109463
( 0,9223552988278219 -1,066020458872934 -2,0133599878764192 1,9277189776027408 1,8864408121455882 0,9676811717532341 1,02611843264646 2,0096394336155745 -0,946028378324635 1,9646019123532683 1,4030209088837045 1,0350117363340554 1,0448976323645014 0,008662182017487908 -0,9687141636595095 -0,13461443736268952 ), 56,14100147623169
( 0,9222677842066997 -1,0660019611764668 -2,0132090000678056 1,9278502208218888 1,886419084177333 0,9677828213840529 1,0260770810089277 2,0096759039349803 -0,9458590089718779 1,9646336187724986 1,403063363392154 1,035009565320301 1,0449059488507981 0,008697817078503709 -0,9687181112044109 -0,13460402316274284 ), 56,14101598846109
( 0,9224131678036469 -1,0659936065483402 -2,013549132218106 1,9275916659588417 1,8864528663593267 0,9675791477813174 1,0261709440655287 2,009595638747554 -0,9461783078976445 1,9645807350011038 1,4029630884413113 1,0350459052948024 1,0448874130890535 0,008656447007435794 -0,9686726493611353 -0,1346101682923055 ), 56,14103165566229
( 0,9224705145621868 -1,066197860578903 -2,013405291718574 1,9276873247476556 1,8865998222555291 0,9674520883296805 1,0260135947340165 2,0095897867625157 -0,9458642370231716 1,9646475546876474 1,4029627550647878 1,035109454438517 1,0450735250546774 0,008937293941448907 -0,9688227988038394 -0,13456390348424652 ), 56,14103287965939
( 0,9223784768051365 -1,0660977885059724 -2,013267399202698 1,9277517143999796 1,8864687568155663 0,9676739919104045 1,026071195379412 2,0096494418436848 -0,9459617115863955 1,964604626981919 1,4030398429000537 1,034989128277631 1,0449320400487532 0,008688307484470715 -0,9687750382067796 -0,13461725143604744 ), 56,14103382549706
( 0,9224204613965449 -1,0661804303720182 -2,0132470574856294 1,92775892489564 1,8865306589702666 0,967602045669349 1,0260201930577164 2,0096390340516415 -0,9458793022647022 1,964623654678815 1,4030302419183016 1,0350145603129257 1,0450020457866598 0,0087886669953283 -0,9688320592153576 -0,13460184816514517 ), 56,14103500465448
( 0,9224377211562925 -1,066141423344515 -2,01332881503712 1,9276920519417076 1,8865036978729437 0,9675967441126214 1,026069649984476 2,0096279797145784 -0,9460093290624086 1,9645962594454895 1,4030160458864722 1,0349988186543653 1,044955986157383 0,008710546126883515 -0,9687969445393031 -0,13461628686660515 ), 56,14103547044776
( 0,922523553046368 -1,0662413315346555 -2,013369601236759 1,9276414974459584 1,8865788311531786 0,9674767761057348 1,0260329681169185 2,0096018003823453 -0,9459996617422751 1,9646007106466294 1,402988965368371 1,0350224327382695 1,0450255944850972 0,008796434497800246 -0,9688587399560513 -0,1346061976869495 ), 56,1410428782703
( 0,9222706438061591 -1,0661031414900264 -2,013235508105447 1,9279387835514934 1,8865873858322448 0,9675864138331971 1,0259392146653685 2,0096331654514668 -0,9454640637145901 1,9647532956148068 1,4029984216747862 1,035211277394859 1,0451346817243756 0,009146173983788555 -0,9687779914111182 -0,13450091812438675 ), 56,14104577127959
( 0,9224926616046382 -1,0660691222466578 -2,013630813934337 1,9275266926203118 1,8865251264238927 0,9674465163676496 1,0261464033681482 2,009560747054802 -0,9461793113982707 1,964587537630411 1,4029219487225735 1,0350884555618474 1,0449547609193162 0,008754606754628618 -0,96871249697456 -0,1345932655039463 ), 56,141046141746955
( 0,9225335721125706 -1,0662401476186383 -2,0133909025677412 1,9276224643731026 1,886578459589553 0,9674653271211539 1,0260407124501312 2,0095967400938344 -0,9460264455186445 1,9645947173077107 1,4029828167910918 1,035021361953166 1,045021073100238 0,008787208456089908 -0,9688550122985494 -0,13460796588967072 ), 56,141053704409245
( 0,9225104213989508 -1,0662419819856452 -2,0133472317872303 1,9276630695907784 1,886580884027164 0,9674840602085085 1,0260218750092878 2,00960505699041 -0,9459605240673389 1,964608829442365 1,4029920720467763 1,035029087698907 1,0450346863939666 0,008817603213574004 -0,968861014197812 -0,13460079973705363 ), 56,1410557180788
( 0,9225328053308848 -1,066084404835786 -2,0136419704699926 1,9274763873911727 1,8865080148476632 0,9674553545376781 1,0261738442428736 2,0095637935554573 -0,9463023934894316 1,9645528187579036 1,4029323830514135 1,0350346104602195 1,0449144859713002 0,00864989352302506 -0,9687244172661629 -0,13462278578161543 ), 56,14106269729929
( 0,9225346142695325 -1,066272704386395 -2,013287588543908 1,9276543913447446 1,8865599397896817 0,9675259653225919 1,026029153288722 2,0096228417044046 -0,946034074173698 1,964578609266924 1,4030226827476349 1,0349590874586043 1,0449980519411532 0,008711763299240801 -0,9688910711852348 -0,1346329006171442 ), 56,141066224327446
( 0,9225632586398091 -1,0662699829131699 -2,0133440185954523 1,9276035137326635 1,8865583198390654 0,9675003865408588 1,0260523724080677 2,00961173549935 -0,9461140106366125 1,964562283704188 1,403010019997496 1,0349521350941406 1,0449829160102977 0,008677839622820763 -0,9688834683804454 -0,13464096672245227 ), 56,14107138949629
( 0,9222654431374109 -1,0659812312675456 -2,013186197591637 1,927832828837009 1,8863746742953473 0,9678364136462526 1,0261073943854921 2,00968821123284 -0,9459510415048014 1,9646016843538778 1,4030821379281473 1,0349534824595799 1,044848204365473 0,008582748228834605 -0,9687067504395667 -0,1346306103850573 ), 56,14107328705313
( 0,9224950335724611 -1,0663095928158015 -2,013243781760951 1,9277539732255384 1,8866346921437676 0,967467298690418 1,0259432194642486 2,00961456901092 -0,9457592204355104 1,9646537194523948 1,4030041336883456 1,0350657682521267 1,0451176363725196 0,008959895975486614 -0,9689169543504798 -0,13457345969758025 ), 56,14107520992965
( 0,9225381647078141 -1,0660585324449632 -2,0137250259283705 1,9274406384258054 1,8865158583351251 0,9674126123042284 1,026190419349371 2,009544180535088 -0,9463247019255439 1,9645570922120716 1,4029033953759633 1,035070980477143 1,0449211039474455 0,008683212273499339 -0,968695924305423 -0,13460979036595624 ), 56,14107887983414
( 0,9223267095987382 -1,0661699526877852 -2,0130790696322833 1,9279075002155337 1,886517351201653 0,9677007582842039 1,0259650870544825 2,009676429420151 -0,9456700697451369 1,9646643387566303 1,4030732668635348 1,0350219451758682 1,0450253268551841 0,00885339659521868 -0,9688425654373811 -0,1345848587682486 ), 56,14108002661314
( 0,9223009056131225 -1,066135444957051 -2,013059495411953 1,9279191674189695 1,886483630710294 0,9677529034537632 1,0259843513468376 2,0096887655855187 -0,945698464833451 1,9646550322217498 1,4030881648919753 1,0349988530528142 1,0449889499854383 0,008795036791846548 -0,9688228563805374 -0,13459609883363313 ), 56,141083412533064
( 0,9224026357426707 -1,0662562653761374 -2,013050035650239 1,927863493627947 1,8865389541645539 0,967671155959845 1,0259548217074013 2,0096778302485094 -0,945747872741293 1,9646347401861235 1,4030865695304269 1,0349652120595125 1,0450264619711367 0,00879267251986947 -0,9689065671528265 -0,1346122080605966 ), 56,141090365964686
( 0,9220980006461191 -1,0659262651820167 -2,013274022482141 1,928063190769208 1,886552774553644 0,9676592368676658 1,025946940167405 2,0096378549980534 -0,9452503236445434 1,964832399861715 1,4029793919709417 1,0353424470846944 1,0451488263960442 0,009304270479814164 -0,9686533021677084 -0,13443856541921567 ), 56,14109577446219
( 0,9225491032086455 -1,0662696459877496 -2,0133496975075915 1,9276222318491056 1,886576729142257 0,9674737246614735 1,0260322712167533 2,009602927163965 -0,94603929474234 1,9645821615838173 1,4029948749459908 1,0349911954597186 1,0450158923770279 0,00875635945979466 -0,9688785235949611 -0,13461917596038045 ), 56,141096460387644
( 0,9225822550137589 -1,0662113638813286 -2,0137938651747893 1,9275080948486012 1,8867407581837132 0,9671281307801092 1,0260236865451273 2,00948002186536 -0,9458845975545946 1,964694223667049 1,4028118610050493 1,0353160339363456 1,0452103712112317 0,009231529333592673 -0,9687847590396884 -0,13448705490906232 ), 56,1411041095804
( 0,9223376623049437 -1,06621727975307 -2,013031184710611 1,9279340222230321 1,8865447474973347 0,9676849663128944 1,0259299780676907 2,0096796914262653 -0,9456036429302279 1,9646760801645813 1,4030798604505423 1,0350254726299954 1,0450605849210435 0,008900667689658331 -0,9688793802784434 -0,13457891065605126 ), 56,14110705861799
( 0,9222496364769381 -1,0660629123908711 -2,013160548131004 1,927931966799584 1,8865038297730132 0,967703914880894 1,0259868679594601 2,0096632424934424 -0,9455991700235898 1,9647020301448124 1,4030417578609085 1,0351088243109334 1,0450323150951297 0,0089426612542303 -0,9687621678852817 -0,13454918334985705 ), 56,14110811487511
( 0,9223918967760545 -1,0662483645421297 -2,013018038165359 1,9278744638233167 1,886519632513471 0,9677073376082094 1,0259612517743841 2,009688871515028 -0,9457638382838129 1,964626306791302 1,4031017852971246 1,0349405087262133 1,0450047832770093 0,008748734220733061 -0,9689062192726761 -0,13462320973853154 ), 56,141110291248125
( 0,9224951534715403 -1,0663730081438862 -2,0130919345165634 1,9278156093125631 1,886631694767976 0,9675262686784512 1,0259033522654595 2,009645792946989 -0,9457054397944169 1,9646472129902546 1,4030517560575357 1,0350046565676418 1,0451188167745222 0,008919468893640191 -0,9689778983924098 -0,13459307740647394 ), 56,14112538162385
( 0,9222166644174584 -1,0659870711095116 -2,013032702456123 1,9279226640767806 1,8863430178369218 0,9679414746195758 1,0260833134448935 2,009727458541205 -0,9458790488833398 1,9646037166415773 1,403134621447311 1,0349030743547833 1,0448277651810987 0,008533456304939938 -0,968730195807598 -0,13464595175271918 ), 56,14113850510839
( 0,9225017339077629 -1,066039891215609 -2,013525751947473 1,9274899073031049 1,8864017525630687 0,9676248912188489 1,0262276509464183 2,0096119876786265 -0,9464588494098142 1,9644920501942236 1,4030012222211075 1,0348958094015086 1,0447839872250133 0,008385910370932458 -0,9687114236981751 -0,13468645729630457 ), 56,141146778110155
( 0,922674230511153 -1,066461777642645 -2,0133539870586086 1,9275946055204707 1,8867221604925455 0,9672834049378887 1,0259340613826753 2,0095698441554757 -0,9459190169528553 1,9646134588851578 1,4029627973605394 1,035044648796757 1,0451669913299142 0,008960462697144492 -0,9690072997987341 -0,13459131972350313 ), 56,14115177601754
( 0,9221879795973215 -1,066060216457288 -2,012888240396726 1,9280421274417259 1,8863935827457834 0,9679470719438202 1,025992583215008 2,0097463514173737 -0,9456434188397506 1,964652927424834 1,4031589114896328 1,0349323573323757 1,0449127645625207 0,008678022541689537 -0,968793810805951 -0,13461868048138562 ), 56,141154376626034
( 0,9226918626092222 -1,066345790078806 -2,0135589263727396 1,927450479950318 1,8866575594030435 0,9672695497501974 1,026049365459233 2,0095399474938413 -0,9461884494417624 1,9645614854313427 1,4029203388342246 1,0350337016250775 1,0450664481156484 0,00881270348020566 -0,9689053641385695 -0,1346123913460324 ), 56,14116845110625
( 0,9223998881505029 -1,0661336232821013 -2,0131201806475048 1,9277470325732247 1,8863981083440724 0,9677903900491049 1,0260913362296264 2,0096895261801015 -0,9461054171934327 1,9645350607256993 1,4031048756661553 1,0348357317771275 1,0448359784348722 0,008450102943085926 -0,9688148974753124 -0,13468222770641866 ), 56,14118569632129
( 0,9220541013107609 -1,065733295735291 -2,0134883452868064 1,9279358884579807 1,886445433218523 0,967682514111836 1,0260817371870652 2,009605815315569 -0,9454987155306521 1,9647794609303897 1,4029251959508031 1,0353487920061262 1,0450192489835985 0,009155295878953456 -0,9684894549034752 -0,13444619966048427 ), 56,141188606981714
( 0,9225847404071364 -1,066464932068704 -2,0130160745081747 1,9277534237107883 1,8866137797985434 0,9675507330388148 1,0259156370006681 2,009663593811851 -0,9458831233176916 1,9645793421447455 1,4030923983813075 1,03487326874866 1,0450635158670978 0,008728008101712722 -0,9690513745434723 -0,13465453847805647 ), 56,14119117831093
( 0,9222363930666324 -1,0661710663119515 -2,0128245051522047 1,9280635401891701 1,8864615841952665 0,9678783845288114 1,0259239720891749 2,0097411147222393 -0,9455372193662627 1,9646707345088663 1,4031585167930851 1,034944230813287 1,0449917950796785 0,008780645314703723 -0,9688734425240147 -0,1346058566138121 ), 56,14119996357864
( 0,9221551549026482 -1,0660291179234656 -2,012863490749005 1,9280649699930539 1,8863702186832183 0,9679858230960124 1,0259992807338434 2,0097547467764425 -0,9456295665839551 1,9646537894288663 1,403167101148671 1,0349278278046055 1,044894943893233 0,008660438429829706 -0,9687756442301371 -0,13461951419936546 ), 56,14122050218903
( 0,9220592389385406 -1,0654695253872697 -2,013724335485967 1,9276810171544791 1,886193158473687 0,9678753985615298 1,0263678801079406 2,0096149640904772 -0,9462198811765776 1,964605380229523 1,402940922231658 1,0351431424466306 1,0446633887954204 0,008527485724555674 -0,9682924942601582 -0,1345733692570675 ), 56,141266613241356
( 0,9227217861998587 -1,0661304069729358 -2,0140169983305136 1,927195306722392 1,8865944648216113 0,9671697646488433 1,0262403526151822 2,0094643134496954 -0,9465869435906332 1,9645128009851724 1,4028092216561665 1,0351047939460112 1,0449505963449401 0,008693586423776174 -0,9687104705287288 -0,13461338869627995 ), 56,14127446439073
( 0,9223871849230226 -1,066344406480252 -2,012716911279638 1,9279772468139493 1,8864735906869072 0,9678686844851496 1,0259148656285995 2,0097591887489235 -0,945743892807622 1,964587691906757 1,403208489084399 1,0347781260494806 1,0449546805511385 0,00857127347554727 -0,9690071337318773 -0,13468293605295517 ), 56,14127888769994
( 0,9224523818680521 -1,0664977255922012 -2,0127319970875677 1,9280131617844258 1,8866387564937517 0,9676678442160206 1,0257899127282823 2,009720430323668 -0,9454685471836538 1,964668721482362 1,403158703247912 1,0349132668410255 1,0451550227438111 0,008916408086103438 -0,9691059158724338 -0,13461347657062295 ), 56,14128179506656
( 0,9221989528867559 -1,0661820349368671 -2,012631057818502 1,9281236938645385 1,88639063647096 0,9680078942422448 1,025913528856762 2,009782039043078 -0,9455417437418493 1,9646305971697369 1,4032172740859692 1,0348340475565936 1,0449253375044716 0,008635016916119639 -0,9688942069798029 -0,13464119817601147 ), 56,14148150300399
( 0,9220089808311673 -1,065956010618246 -2,012556779333371 1,9282478979206636 1,8862357300202734 0,9682880514047341 1,0260024308836386 2,0098502898246946 -0,9455690832007229 1,964635829728394 1,4032907540899322 1,0347890008367173 1,0447745607416639 0,008442484420052866 -0,968765863572811 -0,13467000632575654 ), 56,14148637110273
( 0,9228331153560443 -1,0661499839463509 -2,014196818636462 1,9270226002246083 1,8866057865086496 0,967057753840171 1,0263007581880714 2,009421521040147 -0,9468314654131637 1,964459311088102 1,4027610232584882 1,0350857879309558 1,0449201457389177 0,008608982150580952 -0,968701674825272 -0,1346348911667113 ), 56,14150364108902
( 0,9224454588453533 -1,0666889951718839 -2,0124157090403045 1,9282022989436598 1,8867289477857456 0,9676751956926758 1,025618003002734 2,00975897349554 -0,9450998093716413 1,9647259869270786 1,4032168950359643 1,0349075538289891 1,0452959602080043 0,009109587020406425 -0,9692653758212154 -0,13458830390217957 ), 56,14170398200332
( 0,922761106334533 -1,0662692092993238 -2,0144192109256256 1,9272489824344166 1,8870220348409381 0,9665361922512122 1,0259890498759 2,009286069655128 -0,9457751080990061 1,9648070414307732 1,4025431961413857 1,0357163336233037 1,0455092717310954 0,009861845383185098 -0,9687424508842907 -0,13432575159198074 ), 56,14177544344062
( 0,9217616706232514 -1,064921708625321 -2,013618191707712 1,927676956528144 1,885649776588471 0,9686044105589467 1,0267532861679365 2,009768027125723 -0,9469655628038631 1,9643910583473203 1,4031292885390982 1,0347430416097763 1,0440288623789855 0,0074740772459912135 -0,9679506313786129 -0,13477918896869065 ), 56,14260366728212
Liczba wywołań funkcji celu: 5504
