Iteracja nr: 44
( 0,9279573133671662 -1,0658511696622313 -2,021581241821204 1,9181001848553372 1,8848195243990613 0,965047624417436 1,0309747385112091 2,0082719913399023 -0,9636487535050456 1,960375180472227 1,4017800955148072 1,0311200413408288 1,0402815101334695 -0,0019360080476366257 -0,9678177924091855 -0,137268501779205 ), 56,27750508871438
( 0,9269753878809762 -1,0651667511028 -2,01986528911827 1,9191308220874428 1,8838310687266862 0,9670167396057561 1,0311470455556515 2,0088499537025015 -0,9635518629813297 1,9601957218352344 1,402514657838158 1,0302278643612546 1,0393559900759497 -0,0035130314633101 -0,9675633197797097 -0,13760008867842596 ), 56,2780795432319
( 0,9278065923624275 -1,0656834059409204 -2,021482188251238 1,9181677488493851 1,8846583211643766 0,9652469815359626 1,0310300695009502 2,008304937014917 -0,9636726146432937 1,960328634587904 1,4018093219238517 1,0310489141215822 1,0401389077662666 -0,002107308480090316 -0,967689058979862 -0,13727889703153784 ), 56,27835491849734
( 0,9274311221020177 -1,065625959908763 -2,0201426035674044 1,9188150398803718 1,8841674893722054 0,9664615072085874 1,0310347369460906 2,008729654575922 -0,9637018414286822 1,9601840803057677 1,4023974088056175 1,0302917035374952 1,0396263006578288 -0,003244814875170202 -0,967850362064487 -0,13759121265793084 ), 56,278883321243384
( 0,9274541977483003 -1,0657863876175926 -2,019751278968187 1,918931981284313 1,8841303078662957 0,9666377688810037 1,0309634714957874 2,0088148780254422 -0,9636787753327681 1,9601339158315765 1,4025315689829836 1,0300814887142866 1,0395811829593025 -0,0034592647224027315 -0,9680084573534429 -0,13767059217862715 ), 56,27890103880124
( 0,9287136260296929 -1,066809850268153 -2,021576767605304 1,9176784937359002 1,8853384026400164 0,9641865932796976 1,0306401672957992 2,0081006147758944 -0,9636960150777478 1,960275892313053 1,4016363502730136 1,0310557581692021 1,0407421168914148 -0,0015395198073066636 -0,9684252670882142 -0,13726808081033276 ), 56,27945186969714
( 0,9272604546170651 -1,065203732781893 -2,020735139768248 1,9186503988776513 1,8841090381795702 0,9662750647853563 1,0311958718598035 2,0085878702015867 -0,9637232815065028 1,9602445724548065 1,4021610850636548 1,030634332286803 1,0396140329416885 -0,002957019432959627 -0,9674702683826798 -0,13744875317925465 ), 56,27980693213867
( 0,9284197282044193 -1,066815142542205 -2,020297817522374 1,918256136274842 1,8848902788867803 0,9653307359477669 1,030650501124733 2,008512165609522 -0,9638145845444483 1,9601182391493046 1,4022149415981489 1,0302883564130805 1,0402476169369332 -0,002691018766318155 -0,9686317236251537 -0,1375959896415676 ), 56,28001991777859
( 0,9273616735238447 -1,06539844554837 -2,0205077151163704 1,9186846591597462 1,884138230212584 0,9663299956350572 1,0311352207982567 2,0086402304229347 -0,9637642226193837 1,9602055757457988 1,4022540560322336 1,0304783312833614 1,0396147772832065 -0,0031003242059246586 -0,967638691974232 -0,13751595058819285 ), 56,28012957500357
( 0,927764011390495 -1,0659264591857764 -2,020432791071608 1,9185336431774247 1,8844172101437273 0,9659940579505907 1,0309697317575512 2,0086106903615897 -0,9638271224192791 1,9601753833769895 1,402265957876747 1,0303858392313179 1,039833279070671 -0,0029993052764335417 -0,9680212315115143 -0,13756482056127906 ), 56,28019339866054
( 0,9272332667600395 -1,065524370444664 -2,019646447404789 1,9190581378252944 1,8839306478742155 0,9669533411944256 1,0310635625279114 2,00888340342811 -0,9637193617169959 1,960119309786466 1,4026033986085618 1,0300145335399329 1,039393739660508 -0,0036967546417082855 -0,9678467881381415 -0,1377003496909654 ), 56,280199634664754
( 0,9278085896215735 -1,0657293378504336 -2,0212277649827795 1,9182263820067396 1,8845699266252376 0,9654619796718941 1,03104763025145 2,00838702679145 -0,9638127657310036 1,9602661145814169 1,4019346031483058 1,030842861918743 1,0400178768505652 -0,002426761351923608 -0,9677664631693176 -0,13737520902777958 ), 56,28022562491631
( 0,9282434633581889 -1,0662537594573345 -2,021324441404547 1,9179973112191946 1,8849104235220993 0,9649555015460195 1,0308727179896688 2,0082935613745483 -0,9638320882496616 1,9602596492909432 1,4018559300234434 1,0308683545571773 1,0403131609407703 -0,0021402757442013295 -0,968113390692058 -0,13736905678351655 ), 56,28025372665405
( 0,9276022836658004 -1,0655758024470767 -2,020886748517103 1,9184306265172273 1,8843649548957253 0,9658633053820295 1,0310907454566287 2,0085025443666225 -0,9638000261918787 1,960231445965784 1,4020804880303606 1,0306679437174426 1,0398262425175848 -0,002749476303422414 -0,9677079714646576 -0,13744325075085678 ), 56,28031474288281
( 0,9278913707371697 -1,065882113734755 -2,021067774910525 1,9182394252273443 1,884602229197029 0,9654752587047547 1,0309972190565406 2,0084163058688937 -0,9638329753118356 1,9602387509777082 1,4019910769601265 1,0307400951892587 1,0400326099594692 -0,0025069472123434066 -0,967895411508499 -0,13741922482219188 ), 56,2803830611205
( 0,9281295854440432 -1,0661892332813605 -2,021055491882696 1,918124297194346 1,884774625727774 0,9652219823693656 1,0308916611179242 2,0083738411328027 -0,9638432516817204 1,9602198595259146 1,4019622769971376 1,0307186537835693 1,0401819973120996 -0,0023874997642311774 -0,9681028696560935 -0,13742665906636076 ), 56,280497679710265
( 0,9277352776792187 -1,0656603493513448 -2,0211378888641023 1,9182805622375496 1,8844953580202886 0,9655881837807253 1,0310720235205908 2,0084187973619056 -0,9638222080130918 1,96025197764327 1,4019727449939103 1,0307931657607883 1,039948279893173 -0,0025337301029174472 -0,9677308753693992 -0,13739473679693748 ), 56,28051878256805
( 0,9279026444699393 -1,0658396138585138 -2,0212410758605484 1,9181718506450776 1,884634756319493 0,9653621777670855 1,0310158129522107 2,008368877409691 -0,9638359851594107 1,9602577318642298 1,4019209881086354 1,03083660583795 1,0400704914040726 -0,0023886253718705236 -0,9678409948979719 -0,1373799499682736 ), 56,28052432860164
( 0,927902325838653 -1,0658199303584481 -2,0213018949473347 1,9181506953876406 1,8846440563212346 0,9653258563329077 1,0310233527863901 2,008352744926372 -0,9638344097216159 1,9602652813991328 1,4018965100656644 1,030871907689189 1,0400824618808664 -0,0023466440709829124 -0,9678186723390562 -0,13736546816384956 ), 56,2805458919979
( 0,927915248542461 -1,0658177146419763 -2,0213588747774653 1,9181242846407323 1,8846616965336076 0,9652791519577958 1,0310255608148973 2,0083357236995134 -0,9638359083041015 1,9602711199359428 1,4018726215941628 1,0309030110157562 1,0401007873195725 -0,002303098434080268 -0,9678089541269546 -0,13735295918798007 ), 56,280602207479845
( 0,9281346544769047 -1,0660920174780466 -2,02137036195145 1,9180118135411537 1,8848227901674304 0,9650384014534609 1,0309336777132303 2,0082932070082196 -0,9638510588684291 1,9602566421726795 1,401840651736668 1,0308932329776126 1,040239620962423 -0,002185398237796723 -0,9679925061127516 -0,13735704332357782 ), 56,28079316039336
( 0,9273374043195365 -1,0657294799288861 -2,0193874005494776 1,9190988151951698 1,8839569430684842 0,9670267118571231 1,0310028100012147 2,0089445638691394 -0,9637700851054521 1,960077121912604 1,402710343604903 1,029839685641868 1,0393881474098678 -0,00386770218236561 -0,9680320834763009 -0,13777910832729628 ), 56,28096715731532
( 0,9272834970209102 -1,065225214252637 -2,0206843221705575 1,9186883369245502 1,8840963590000537 0,9664012826513201 1,031228062287203 2,0086493325783894 -0,9638429261551594 1,9602388924623764 1,4022512224592842 1,0305415670243512 1,0395565417814825 -0,003133138165389032 -0,9675249103002334 -0,13751264972363308 ), 56,28099514476999
( 0,928034840330565 -1,065850746472477 -2,02172247419962 1,91794136694524 1,8848020071860285 0,9649472373820254 1,0310247981223426 2,0082234963860754 -0,9638498385043865 1,9603074634266693 1,4017197565792017 1,0310970710717893 1,0402398291088097 -0,00201058787554028 -0,9677805381022473 -0,1372761299999744 ), 56,2810555247226
( 0,9278181300150299 -1,0656649910697273 -2,0214263140270305 1,9181356077325327 1,8845907497814893 0,9653462294419366 1,0310844793711567 2,0083335750070552 -0,9638532091920975 1,9602778135674301 1,401855786268988 1,0309405544131445 1,040040907356308 -0,0023288743331402522 -0,9676960245914016 -0,1373390055322173 ), 56,28105899342286
( 0,9269604027213743 -1,0651350437384108 -2,0197433146217554 1,9191554923982983 1,8837348979515771 0,9672183412103326 1,031212099548225 2,0089183792283016 -0,9637480418695806 1,9601451243500214 1,4026150150585006 1,0300696184357034 1,0392185071715119 -0,003823006272178056 -0,9675799740075437 -0,137686678216172 ), 56,28123775042107
( 0,927787603152505 -1,0653298476676214 -2,0223898209114304 1,917834493187189 1,884744148786004 0,9647977471082374 1,031207454914547 2,0080899122734577 -0,9637944971167726 1,9604236128479804 1,401481086838991 1,0315217062755873 1,040238285142316 -0,0016440962126623717 -0,9673408283692979 -0,13710867073717362 ), 56,28130298469526
( 0,9270730475830932 -1,0650958056595885 -2,0202595190039414 1,9189191858005532 1,8838765587680646 0,9668392176870083 1,0312549151365662 2,0087791709836753 -0,9638145646532477 1,9601938077342094 1,402419808008674 1,0303272373351355 1,0393539629179762 -0,0034935064520118467 -0,9674884508304222 -0,13759181035720824 ), 56,28144498901307
( 0,9273408263992362 -1,0650803650932106 -2,0213417299431358 1,918389593505404 1,8842221422641579 0,9659105822968109 1,0312865685318102 2,0084414996646407 -0,9638456798466095 1,9602927382006583 1,4019487034305271 1,030917959254477 1,0397151676535594 -0,00264904627094757 -0,9673153490816776 -0,13735017165332056 ), 56,28159435354807
( 0,9271714828057663 -1,0654676087668344 -2,019512880076556 1,9191227417799614 1,8838405143291916 0,9671419689208317 1,0311040224135577 2,0089427558497355 -0,9637961905923725 1,960092969972409 1,4026834717016037 1,0299084659806872 1,0392889016974836 -0,0039053456303048076 -0,9678389224422369 -0,13775426980863564 ), 56,28171345028093
( 0,9273706190036582 -1,0654411893418496 -2,020320299376461 1,9187515082048516 1,8840855316455185 0,9665242173853218 1,0311553498410642 2,008723199727949 -0,9638860982080004 1,9601719937278261 1,4023777790536438 1,0303133446430408 1,039522134150718 -0,0033654353544710133 -0,9677189281520324 -0,13760384562938782 ), 56,28174281071709
( 0,9277153456626749 -1,065566262676406 -2,0212833383470947 1,9182330821924694 1,8844774373387407 0,9655805401707911 1,0311338177381433 2,008403943839597 -0,9639077932707039 1,9602582859343987 1,4019455622175345 1,0308380180380037 1,039918034926584 -0,002546374596511513 -0,9676601767438598 -0,13738979873812765 ), 56,281793360484315
( 0,927066632389341 -1,0654318802934661 -2,01922388637092 1,9192698994714106 1,8837250324298185 0,9674046028115978 1,0311042926924252 2,0090291824524376 -0,963772896238145 1,9600642020597885 1,4027994447507783 1,02976096686038 1,0391787171492886 -0,004127599108265955 -0,9678527471066508 -0,13781056046321707 ), 56,282128291597175
( 0,927609014107292 -1,0656920433277977 -2,020442583286357 1,9185802759734205 1,8842603372610012 0,9662182649494189 1,0310855473403053 2,0086528179134198 -0,9639458697232003 1,9601583266146625 1,4023063658555341 1,030345945906597 1,0396700159429384 -0,0032111389078461057 -0,9678724369446177 -0,1375942089695554 ), 56,28224659371098
( 0,9271626733413241 -1,0650863220904876 -2,020576026528822 1,918741697484081 1,88396046061414 0,9665888134685842 1,0312863515433133 2,008686506258027 -0,9638960142681011 1,9602040821078226 1,4022925497863596 1,0304679143164068 1,0394290102583876 -0,003317570947431895 -0,9674403237918926 -0,13754133661251047 ), 56,28251717116096
( 0,9279775566552125 -1,06570076248083 -2,021878536782997 1,9179073143173375 1,884754462795502 0,9649866691747767 1,0311126873000052 2,0082178348672737 -0,963953428716011 1,9603162617329513 1,4017003733799893 1,031142855592992 1,0401789255434433 -0,0020576183087843286 -0,9676761030035588 -0,13727546151355766 ), 56,28261718300148
( 0,9268059656692773 -1,0649888026452747 -2,0195567989988836 1,9192501614182529 1,8835712783629053 0,9674569214509031 1,0312582938096666 2,0089699242338797 -0,9637604957159552 1,960103675877849 1,4026739709281717 1,0299705157818912 1,0390741148216973 -0,004030693103624746 -0,9674916631290134 -0,13771726350755317 ), 56,282645204327
( 0,9285193517426085 -1,066258821270493 -2,02234118122678 1,9175010802408468 1,8852405398383276 0,9641077187596947 1,030911545886769 2,007992580138223 -0,9639126623210273 1,9603519231960072 1,401439962438284 1,0313948996792979 1,0406400810555523 -0,0014000020401403013 -0,967974746230566 -0,13716275873476302 ), 56,282788207726426
( 0,9273391960522436 -1,065337103244598 -2,0204531787336624 1,9187139097893273 1,8840625679515273 0,9665364779390985 1,031222566769865 2,0087155801534435 -0,9639715757450567 1,960180447396308 1,4023589095878344 1,0303551020446582 1,039485459493221 -0,003390648705094274 -0,9676494221664982 -0,1376043943043165 ), 56,283038809294
( 0,9274602204311193 -1,0664218665562157 -2,017779913127695 1,9196033589566985 1,8838293066779934 0,96778804611128 1,030714033932823 2,009324278975765 -0,9637108170671266 1,9598842144229354 1,403305103260534 1,028950924470766 1,0392025940119658 -0,004791605613056782 -0,9687252616625525 -0,1381303646147408 ), 56,28313369801407
( 0,9281207212370702 -1,0657333677027716 -2,022343340108004 1,9176757886751739 1,884924599923334 0,9645591102970588 1,0311078164325267 2,008068669448382 -0,9639556375647796 1,9603607152873512 1,4014964221347392 1,0313956248068714 1,0403549855315393 -0,0016720686570878814 -0,9676235248742862 -0,13716811239227125 ), 56,28326837832077
( 0,9283392710885819 -1,065856186908424 -2,022905431757511 1,9173702925043248 1,8851998849672411 0,9639150116061896 1,0310447481746459 2,0078535819430265 -0,9638578182941785 1,9604263538450541 1,4012051802451035 1,0317530804626869 1,0406562318827661 -0,0010559456106400613 -0,9676070197496098 -0,13700695023300646 ), 56,28345674614043
( 0,9269630240858808 -1,0655563544999422 -2,018445373564772 1,9196074444415057 1,8835409729493333 0,9679772745864518 1,031042813345728 2,0092558415541157 -0,9637552245968283 1,9599864089112973 1,4031269255488021 1,0293293515658024 1,0389745554739713 -0,004689293362808563 -0,968052838497671 -0,13798641532342748 ), 56,28348436043315
( 0,9265239274046877 -1,0649252463179661 -2,018695802161404 1,9197226741350941 1,8832660322362442 0,9682605020233823 1,0312501246863528 2,0092531248731005 -0,9636927721614374 1,9600455798142438 1,403059439400073 1,0295229844001428 1,0387660723921641 -0,004698673744142119 -0,9675824251289016 -0,13790129516255498 ), 56,283753311375975
( 0,9272895067010322 -1,0658792045881365 -2,0186407480362667 1,919372270270216 1,883766362087917 0,9675916686545291 1,030970658184421 2,0091709440317835 -0,9638911927996899 1,9599637908355285 1,4030447315427395 1,0293567487330004 1,0391491649308062 -0,004530876225446231 -0,96825048381153 -0,13798574544030387 ), 56,28421858306773
( 0,9286526157108314 -1,0662746841174886 -2,02279747369827 1,9172706859675366 1,8853971590238987 0,9637088262405132 1,030922110058809 2,0078523011384903 -0,9639424298297665 1,9603917765349637 1,4012469698682617 1,0316344650842724 1,0407966620067097 -0,0010532263600416248 -0,9679198856240654 -0,1370673804300726 ), 56,2843122127109
( 0,9274027986177357 -1,0654154207684792 -2,0203775244676208 1,9187088880721839 1,884063390281834 0,9665855115738213 1,0312234330076675 2,008747836025709 -0,9640769307372556 1,960154438216724 1,4024167083309942 1,0302578437180465 1,0394550048448528 -0,0035294695679267563 -0,9677248845577003 -0,1376558321799457 ), 56,28431772213375
( 0,9271776869322405 -1,0643800225609736 -2,0228292105094523 1,9178637909178866 1,8842978450508885 0,9651227178024017 1,0315479737474829 2,008029935038372 -0,9638375333213521 1,9604417794503746 1,4013091044765478 1,031791156484157 1,039891437135165 -0,001708257462726646 -0,9665977085672961 -0,13697923274859689 ), 56,28483973969665
( 0,9284288187948598 -1,0658243405866212 -2,0233045389930835 1,9171966914026959 1,8853072957370731 0,9636487958827032 1,031087209470529 2,0077587399225343 -0,9639342107926444 1,9604657641488732 1,4010723940935845 1,03193783235429 1,040748994136653 -0,0008343258547434917 -0,967542982510275 -0,13694543716114863 ), 56,28525628902358
( 0,9289809298515448 -1,0663054984497804 -2,0239825686633925 1,9166877574196934 1,885808121977688 0,9626636056433018 1,0309392035982168 2,007482757931456 -0,9639698738221041 1,9605076626699067 1,4007359613842985 1,0322815333401612 1,0412190621960566 -0,00010637451963603903 -0,9677666258401626 -0,13680491493821276 ), 56,288808548638656
Liczba wywołań funkcji celu: 4595
