Iteracja nr: 62
( 0,9207419236120495 -1,0633989597240954 -2,014931383802746 1,9284806198043827 1,885530674920651 0,9694401049351407 1,0272608591002623 2,0099989446117683 -0,9464497857564299 1,9651327617372039 1,4032671908302312 1,035689888691056 1,0439087600692896 0,008033231485512415 -0,9670164174427054 -0,1345551809078485 ), 56,13915028467639
( 0,9212905187757576 -1,063892421977279 -2,0153470886552163 1,9278726979696268 1,8858631290448589 0,968533203373569 1,0271345659624525 2,0097123040614915 -0,9466703852934982 1,965008899708331 1,4029285300378336 1,0358213744224236 1,044222888405153 0,008450633181836245 -0,9672295501724107 -0,13447334048398293 ), 56,13932569312149
( 0,9211047393975145 -1,063781623019873 -2,0152194363968166 1,9280889450390717 1,8858372388666893 0,9686699046650918 1,0270879704803941 2,009753221869 -0,9463494152128116 1,9650991244118103 1,4029621152828107 1,0359081748405243 1,0442568178104814 0,008606749564111055 -0,9671712661805437 -0,13442233925575187 ), 56,139333052732795
( 0,92153902574548 -1,06435404557497 -2,015104102948036 1,927790245607894 1,8860869126176243 0,9681383359531095 1,0268772717087817 2,009622914083725 -0,9463819765385181 1,9649805087126253 1,4028407310672697 1,0358250145563335 1,0444999825778287 0,008799239844737712 -0,9675180665590544 -0,13442051003660954 ), 56,1393417187615
( 0,9211515073678509 -1,063754807904902 -2,0153058250620455 1,927999421300392 1,8857989039463734 0,9686931156401074 1,027160808609987 2,0097556869365873 -0,9465773986474093 1,9650515140323046 1,4029713351953412 1,035844575132582 1,0441761410350112 0,008434212651406247 -0,9671518091637424 -0,13446576169498264 ), 56,13935341489862
( 0,921298793446568 -1,063837339784234 -2,0154728410699976 1,9278209591967483 1,885854386486009 0,9685207358799868 1,0271855961131326 2,009701633279953 -0,9467724738641714 1,965006608661889 1,4029117866644971 1,035841508125996 1,0441952205242324 0,00841833050985502 -0,9671851918131803 -0,1344770410665071 ), 56,13937373436154
( 0,9214813170383441 -1,0641913648175898 -2,0152315833750043 1,927765782693405 1,885998896829496 0,9682595608235721 1,026992412578739 2,009645099854256 -0,9465750736536174 1,9649664675977931 1,4028623022362472 1,035803571146569 1,04437870404111 0,008622865646830477 -0,9674110129450515 -0,13445197952050778 ), 56,139379213997756
( 0,92146496069265 -1,064226480048406 -2,0151486880164153 1,9278134684897639 1,8860152251565296 0,968253069045026 1,0269458016104216 2,0096471002766236 -0,9464583834116556 1,9649807652649915 1,4028643874304538 1,0358146363365417 1,044417357483364 0,008693305086221199 -0,9674370940533072 -0,13443590777649364 ), 56,13938920864386
( 0,9213608315254475 -1,064010239005341 -2,0153083308461364 1,9278306295573286 1,8859255153828427 0,9684010465606845 1,0270683707100419 2,009676044191663 -0,9465973439252894 1,9649989136213526 1,4028876622852526 1,0358366423519196 1,0443022189449562 0,00856274228651242 -0,9672961310815605 -0,13445176603012046 ), 56,13939786298218
( 0,9211780813647957 -1,0638251729317725 -2,0152521313018186 1,9279966020224493 1,885834138878373 0,9686251797487682 1,027109852779949 2,009737724538182 -0,9464946005310297 1,9650509482834522 1,4029506435890262 1,035856272113221 1,0442295299976705 0,008517069955105169 -0,9671932246540753 -0,13444826209004995 ), 56,13939928573802
( 0,9213502532665961 -1,0640000439074393 -2,0153042390364617 1,9278402330014826 1,8859203909631248 0,9684133367761484 1,0270702092362083 2,009679350009528 -0,9465902347226438 1,9650018436020669 1,4028909551276922 1,0358379508854443 1,0442985112138952 0,00856107575044681 -0,9672904085921415 -0,13445128969299522 ), 56,13939971127637
( 0,9215059732090598 -1,064193175122315 -2,0152713087948353 1,9277275742760276 1,8859982764972587 0,9682425060716485 1,0270098688462062 2,0096384142837422 -0,9466398065191365 1,9649532447117941 1,4028556131333594 1,0357941518706453 1,0443662529960083 0,008591511935741555 -0,9674089847933435 -0,13446038038392746 ), 56,13940031276924
( 0,9213732489116778 -1,0639981903113742 -2,015346980514411 1,9278040765459066 1,885918632270775 0,9684014251224671 1,0270902800676625 2,009674576824712 -0,9466584289403612 1,9649898120356497 1,402886633357785 1,0358281647276697 1,0442835981702696 0,00852555784162241 -0,9672867949540944 -0,13446084199797229 ), 56,13940098665998
( 0,9213554387793711 -1,0640088304915603 -2,0153090256118364 1,9278368708376017 1,8859300456414045 0,9683947992792781 1,0270629131866282 2,009673818839241 -0,9465752397437097 1,9650048752048146 1,402883607541947 1,0358479590826282 1,0443111712161979 0,008584844649446591 -0,967294134178857 -0,13444556548129216 ), 56,13940481604442
( 0,9214189430191247 -1,0640990846605214 -2,0152832191430847 1,927797650439109 1,8859704300087148 0,9683131364779218 1,027025573015987 2,009654263582446 -0,9465654018477543 1,9649894438959108 1,4028652810871387 1,0358379884994324 1,0443532484392064 0,008623987171978955 -0,9673494541922003 -0,13444302187050802 ), 56,1394048964563
( 0,9216261538387222 -1,0643419679277828 -2,015255022575956 1,9276423476415336 1,886064202452857 0,9681043373983452 1,0269615323461025 2,0096053897490087 -0,9466692287899494 1,9649208848021564 1,4028259202385993 1,0357692175654363 1,0444251550455639 0,008629395310287433 -0,9674998694968007 -0,13446393942008159 ), 56,13941142713398
( 0,9211241635522646 -1,063671402880007 -2,0153908170616694 1,9279857744821793 1,8857643717254071 0,9687407114789385 1,027217734572123 2,009763144531076 -0,9466651609025092 1,9650521608123088 1,4029764237349758 1,0358493384618148 1,044125454152234 0,00836849233331043 -0,9670955708163604 -0,13447593327938465 ), 56,139411787531785
( 0,9213903389571833 -1,0640608026430352 -2,0152929216216444 1,9278157536586629 1,8859542317536846 0,9683453773419274 1,0270393215677698 2,0096615218818754 -0,9465624076388836 1,964997151021574 1,4028713719586066 1,0358451966604816 1,0443380582467017 0,00861408146864715 -0,9673254131277297 -0,13444208433382837 ), 56,13941379053223
( 0,921397674046712 -1,064051685198667 -2,015318582629178 1,9277980605106837 1,88594899147137 0,9683457194204214 1,0270540703444198 2,0096602750601145 -0,9466024780977114 1,9649909893756845 1,4028701982665206 1,0358399657963855 1,044325386201784 0,00858969409494278 -0,9673182432562479 -0,13444779487609054 ), 56,139421767205704
( 0,9214722997531091 -1,0641279438777618 -2,015335765582551 1,9277333651205177 1,885983972610795 0,9682628239052452 1,0270385344121957 2,0096387043616226 -0,9466500281537449 1,9649686657902334 1,4028497230616963 1,0358255609618934 1,0443508294807116 0,0085972914602151 -0,9673625815569312 -0,1344527060211446 ), 56,13942229941446
( 0,9215997085527952 -1,0644046350636205 -2,0151149615080586 1,9277238643885373 1,8860950903270652 0,9680888491267816 1,02687971304385 2,0096077479295467 -0,9464653407202726 1,964946627582806 1,402828100959223 1,035790834912942 1,0444948147045998 0,008756355550615482 -0,9675456543864392 -0,13443493111121613 ), 56,13942240895169
( 0,921419886725901 -1,0640893979259511 -2,015300095057486 1,927788222711324 1,8859658741009897 0,9683141935446902 1,027035076987443 2,009653067186107 -0,946586501977296 1,9649866071295912 1,4028634455707383 1,0358373439367177 1,044345285221374 0,008611851842196991 -0,9673417874442606 -0,13444512047991214 ), 56,13942293054846
( 0,9214104658935115 -1,0640695032393876 -2,0153133656353694 1,9277895783423618 1,8859565096082989 0,9683295403721551 1,0270469656777508 2,009656271823414 -0,9466017468240295 1,964987353648874 1,402866437096032 1,0358373953167026 1,044333149734087 0,008596329671408528 -0,967329040210455 -0,13444750282232706 ), 56,13942586519653
( 0,9214221136942332 -1,0640866287345772 -2,0153070925086767 1,9277828214609858 1,8859637514078473 0,9683150981108576 1,0270397712864887 2,009652927962818 -0,9465995969701801 1,9649843190741607 1,4028634602932197 1,0358348718405133 1,0443407623551102 0,008602942439764444 -0,9673396970505131 -0,13444723747779624 ), 56,13942597533155
( 0,9213598803136261 -1,0641913529407738 -2,0150216917783945 1,9279502102651613 1,8860046767020893 0,968325737369106 1,026895671168436 2,009670429626015 -0,9462336714201923 1,9650290310659644 1,4028849959072938 1,0358553185096855 1,0444503468444697 0,00879916390688324 -0,9674236481271475 -0,13440398048672686 ), 56,139441535424766
( 0,9214799586938128 -1,064170766993636 -2,015281613226472 1,9277471710036962 1,8860018210918204 0,9682370443234479 1,0270032994233318 2,00963376873211 -0,9465849476023585 1,9649705278884684 1,4028449095504671 1,035827643747249 1,0443818633515578 0,008644372851386497 -0,9673907072834746 -0,13444329062920762 ), 56,139446438493835
( 0,9214943672974197 -1,0641952587641899 -2,0152671498854193 1,9277413085076798 1,8860113079505947 0,9682198765286206 1,0269917742118002 2,0096302857628445 -0,9465776359718521 1,9649667263682526 1,4028423013729452 1,0358230380381774 1,0443926077740378 0,008653606993714265 -0,9674065787176881 -0,13444301399678762 ), 56,13944683599901
( 0,9212491800961864 -1,063817931108701 -2,0154147980455552 1,9278761845994155 1,8858450880225268 0,968547828837872 1,0271632811705138 2,0097076776232354 -0,9466711858428536 1,9650241052738666 1,4029147030026146 1,0358607329183183 1,0442083731202036 0,00846773458362634 -0,9671736229243941 -0,13446027887413925 ), 56,13945301224493
( 0,9212165030469001 -1,0637496988234718 -2,015455194862172 1,9278851962583492 1,8858107023306796 0,9686110531440659 1,0272060505895415 2,0097232103271505 -0,946729704727723 1,965026346387664 1,4029314270136966 1,03585437542021 1,0441620464254413 0,008402297646161976 -0,967132275187296 -0,1344724066201395 ), 56,13945961355246
( 0,9213601347903588 -1,0640018667808244 -2,0153465039467755 1,9278188220627939 1,8859377644713051 0,9683662145373898 1,027066356248703 2,009661983984626 -0,9465772575903963 1,9650076595469905 1,4028666012314985 1,0358686978878058 1,0443202849953483 0,008611312450972472 -0,9672833977916758 -0,13443690910669803 ), 56,13946348419657
( 0,9216492408378513 -1,0642930103771828 -2,0153673891744255 1,9275718394550312 1,8860384582223708 0,9681118720050221 1,0270268911078415 2,0096010007141754 -0,9468353047752434 1,964897309232033 1,4028210020503535 1,0357510903399523 1,0443689894881931 0,008527470717308633 -0,9674624512549396 -0,1344866430173172 ), 56,13946543769532
( 0,9213028929779873 -1,0639190163135201 -2,0153776442533147 1,9278521728273106 1,8859043076235735 0,968433030066062 1,0270996316468495 2,009677046864274 -0,9465819815428359 1,9650237639421102 1,4028792527578975 1,035884328829058 1,0442862838673845 0,008585969701912586 -0,9672314407524055 -0,13443637042463968 ), 56,13948170915684
( 0,9215025549272992 -1,0641882650584171 -2,015303808619864 1,9277205195003722 1,8860147576545137 0,9682005488464822 1,0270006741143725 2,0096220328806242 -0,9465990401120853 1,9649654092790463 1,4028309447005693 1,0358334010910757 1,044392989417876 0,008658872679637697 -0,9673975513180171 -0,1344404693496203 ), 56,13948233779875
( 0,9214666023607333 -1,0640956011166194 -2,015387898462278 1,92771522519456 1,8859764885709676 0,9682592661701893 1,027060062471724 2,009632815538591 -0,9466824016960811 1,9649693366047183 1,4028395195538355 1,0358397216326716 1,04433900934932 0,008591138227553034 -0,9673364368967127 -0,1344506156060843 ), 56,13948263127084
( 0,9214352729568225 -1,0640619437724292 -2,015387191338943 1,927740632331189 1,8859635172034375 0,968289595068039 1,0270668440476451 2,009640088062193 -0,9466607244956105 1,9649800831240913 1,4028454069138752 1,0358502837195194 1,044330517357185 0,008594092482493865 -0,9673158061284453 -0,13444667279242206 ), 56,13948681669338
( 0,9214758223584127 -1,0641323324228318 -2,0153392639234 1,9277229132748006 1,8859870244313366 0,9682427848013871 1,0270338129425292 2,0096301649466923 -0,9466420953255554 1,9649659201705958 1,4028381854307082 1,0358326242761504 1,0443581341737334 0,008614548958920169 -0,967360945155722 -0,13444688758382697 ), 56,13950361377225
( 0,9214546760654139 -1,064137582346973 -2,015310304564503 1,9277574662628645 1,8860006013043096 0,9682337879941582 1,0270072090569362 2,0096283668142085 -0,9465528195380772 1,9649852731533042 1,4028329150855139 1,035860484171871 1,044388789456666 0,008683797045169358 -0,967364301799268 -0,1344286938690159 ), 56,13950814113399
( 0,9211591410537541 -1,0637615478968039 -2,0153628586474257 1,9279728964791032 1,885833733015692 0,9685998606679329 1,0271398785544292 2,009720706918628 -0,9465110814521249 1,9650670968147044 1,4029212223711134 1,0359114081337464 1,0442290698735353 0,008557461966865193 -0,9671395312336349 -0,13443022950788425 ), 56,13950818586882
( 0,9214965308998283 -1,0642396265160567 -2,0152200538390703 1,927759886019775 1,8860416995150924 0,9681695673968073 1,0269440851964442 2,0096165726504576 -0,9464692215441708 1,9649790728451395 1,4028238877765622 1,035850866878548 1,0444456237391722 0,008752125700019734 -0,9674316807679703 -0,13441924444499306 ), 56,139524343218326
( 0,9214327175612687 -1,064107289587082 -2,015347695979622 1,9277677817536685 1,88600601715651 0,9682242050669987 1,0270097335012165 2,009622168465721 -0,9465169355772127 1,9650040995661189 1,4028198679738912 1,0358993400420091 1,0444016944536783 0,008733318396484531 -0,9673400772898639 -0,13441241911423807 ), 56,13953681157248
( 0,9216703926703916 -1,064434642855043 -2,0152259258050775 1,9276218503490938 1,8861263822929448 0,9679784932156708 1,026893680921686 2,0095690742422985 -0,9465542672458288 1,9649269826096767 1,402780845119243 1,0358106543599233 1,0445126844185435 0,008777571354308062 -0,9675485710233677 -0,13443019623593827 ), 56,13957292418024
( 0,9218111376999661 -1,0646859813994995 -2,0150459972059807 1,9275812990010939 1,886212348518163 0,9678399091074561 1,0267774577278166 2,0095480546449975 -0,9464868856389766 1,9648853872626413 1,4027746599335382 1,035740300234198 1,0446075739066198 0,00883543395726851 -0,9677181176296227 -0,13443834002660854 ), 56,13960628607184
( 0,921042492750769 -1,0635922069652877 -2,015443683045491 1,9280367686802034 1,8857753106064898 0,9687132079811888 1,027202429990548 2,0097429740738386 -0,9465002889265078 1,9651062280393268 1,4029345070644037 1,0359631971364218 1,0441743788779168 0,008540886397905848 -0,9670291166421537 -0,13441904995352763 ), 56,13963614080734
( 0,921296388826346 -1,0637629132719475 -2,0156371235509423 1,927752384170376 1,8858517228800462 0,9684637151290364 1,027233518022546 2,0096690192647984 -0,9468410874476623 1,9650107402797898 1,4028617503694292 1,0359030752231182 1,0441867542676977 0,00844970660846079 -0,9671156019865421 -0,13445834251919211 ), 56,139639407962264
( 0,9215601095496212 -1,0643903164220039 -2,0151094964112253 1,927754832348448 1,8861141245041824 0,968044152549405 1,0268451078987753 2,009587619467403 -0,9463244316456875 1,964976135726454 1,4027938061231116 1,0358605231926938 1,0445469652830008 0,008894692900446416 -0,9675256035512996 -0,13439320653189218 ), 56,13964543319079
( 0,9215124898396961 -1,064149829492201 -2,0154214844840874 1,92766052944122 1,8860213581093235 0,9681389969930462 1,02702860518486 2,0095924785450805 -0,9466454643819101 1,9649659792142629 1,402787995600294 1,0358799413717794 1,044396654859126 0,00869410377491729 -0,9673561524503839 -0,13442497163344658 ), 56,13968849113908
( 0,9218175454795456 -1,0646607946490168 -2,0151079809514147 1,9275443648762267 1,8862072014070281 0,9678188041644373 1,026800511248257 2,009535404479188 -0,9465359184748726 1,9648792457183628 1,402756537895904 1,0357530142598415 1,0445965621864637 0,008827378854585231 -0,9676939640937758 -0,1344367347120651 ), 56,13970658935371
( 0,9209485405473433 -1,063363114772485 -2,015606425789559 1,9280427234354478 1,8856591631755562 0,9689164536015215 1,0273585835188834 2,00979163336131 -0,9467409978554956 1,9651055650247475 1,4029874297065805 1,035935327054208 1,0440096923890012 0,00829858131048575 -0,9668887318090974 -0,13446596816718231 ), 56,13974355272907
( 0,9217984349714821 -1,06463999185135 -2,0151373148275757 1,927552714215247 1,886217224472931 0,9677959904995881 1,0267947286009518 2,009524674603441 -0,9464848938071055 1,9648973437743165 1,4027376863491907 1,0357954265309957 1,044618245345243 0,00889289613120724 -0,9676740990362832 -0,13441626964776865 ), 56,13977200744078
( 0,9209004575306248 -1,0632462283929374 -2,015686703359005 1,9280442248123784 1,8855978080665026 0,9690203197548238 1,02743833967676 2,0098159169798673 -0,9468655124599225 1,9651030995649323 1,4030137978127317 1,0359189767219799 1,0439239860464782 0,008172104525697553 -0,9668164804382504 -0,13449019653300764 ), 56,139866388971896
Liczba wywołań funkcji celu: 6413
