Iteracja nr: 0
( 0,7494590678180137 -0,9644858658074993 -1,6634500710286753 2,1528443934485137 1,947608276097386 0,949556377956382 0,9900402729214296 2,0042230271169044 -0,9976516030349352 2,362358696722392 1,7328858696257496 1,0763373867419699 1,2766201775887769 0,2722313031097821 -1,3732922351949604 -0,16463538053455506 ), 132,65262874147004
( 1,842476004571056 -3,0787251615859352 -0,09160703761882028 1,5357588852176347 0,1929791331250854 -1,5929679152989433 -1,6768479877840012 0,5981907842559844 0,8989513471146944 2,9313482309740224 -0,06824161088139435 1,8793459889945296 1,794290281265297 2,1289146433173136 0,8818104338998842 1,7893536829174 ), 153,2724936522807
( 0,92965672615088 -1,9470763668078497 -0,8920881878302549 1,9789200257450728 1,7964542759837145 0,10376258329063925 1,4137930520762105 1,8812277535798034 -0,44402718417830145 1,768042174515354 1,8409256263271667 1,3003044642595005 1,2646834872647243 0,7895545810235033 -1,2454006039485148 -0,5147782848329658 ), 154,8323124187593
( 0,6007920746280521 -2,0973160067237417 -1,81771877623156 2,3588051423234657 2,9629279405540974 0,41054696250561595 0,7665103509542158 2,532992186279765 0,15217527620625215 2,1420299966855496 1,6829144565655274 1,8674134631869683 2,000763113257189 1,7057776765659725 -1,942206954705797 -0,20573941131599066 ), 176,51192500116207
( 0,6826066125640304 -1,3072291350292096 -1,8748969157929016 0,858610440809537 1,7865225741503408 0,5713929861625213 1,0924178131781903 1,5357924786615276 -0,8395585322371328 1,2331426474440246 0,8529967264558476 1,2274012770238958 1,7924742604960908 0,7617243240959888 -1,4494588922499398 0,22110760311863048 ), 178,47298015187332
( 2,2112119613853243 0,5404350044046782 -1,9880541688376447 3,946138084108519 3,1338667714873694 -0,7012801371594967 -0,09849231840962847 2,6832333608507746 1,8914043791450934 4,413075816236452 1,9170030753154976 1,1371026541766667 2,408502927411379 -2,931124555998607 -2,0998589595135115 1,8677648230289445 ), 182,0899005752987
( 2,4386695567839487 -0,9199121619595371 -2,430141742730094 -0,8339728813397307 0,43487950989966606 0,20966504472727177 -0,12082892803638745 0,879699423563888 0,7755985797241591 2,6294041400089476 2,2026200246384677 1,150789740611245 1,1419756638516785 0,1720527847253506 -0,5902162490461877 -1,7987478128730712 ), 185,94072782305454
( 1,5188323049559829 -1,9682425293414108 -1,4451302968258242 2,789348506538632 2,2691847708238337 0,022990382080914973 0,9951309302518134 2,441922474487809 -0,753794102300426 2,361759896658188 1,9252771536262805 0,6752128619165272 1,8657171927802616 0,9701738101998449 -2,2238751742017646 -0,38383875575323945 ), 190,77838253649355
( -0,3220528838663719 -2,6302040234423227 -1,3337370480877866 3,80672748960768 2,6912169976049194 1,0675305795913845 3,2220567102195687 3,873181370814574 -1,0187046500509223 2,5458430282801663 3,1426662189117183 0,7688754429611748 1,9396829828569389 1,0377711816561361 -1,410706006528404 -0,011194833096122792 ), 193,3497102319401
( 0,18646512650582972 -4,050182236251881 -2,0773753599484364 4,094744471819888 2,923007506118238 3,131918912862879 4,795407068802781 3,9830673054504016 -0,2271057024394559 1,6534229716506719 2,744049486135087 -0,7541429337336192 1,8487566406852975 3,017759097881693 -0,6825719943767211 -0,6689074151290442 ), 193,95650685396777
( 0,6358281137212822 -0,1584891231193435 -2,2294760715969097 1,5579151639497217 1,5472815607713586 -0,8117305025559567 2,205128622434173 0,9655027688800013 -0,2711297998395101 1,858173111020902 1,6073161320835077 0,19030723998470922 0,8106359618188992 -0,660443394550227 -0,3798769453926081 0,22054610891158882 ), 194,60605344224825
( 1,714663766529371 0,35702849004392595 1,5486923417713392 1,7825832262699197 -2,99185339043699 -1,7882733852636048 -2,073270692054224 4,022547028199833 1,6927136130581104 -1,0504817504736321 -3,0036989493261173 -2,00259579093312 3,198042628098878 3,1991013286523042 1,985444930084912 -0,5145920771735812 ), 199,17066151689312
( 0,39720850177068745 0,6105904912315809 1,6876313276015402 -0,477163272837692 3,8223307117418472 -1,6757028783849823 3,972313092305496 3,115569558242117 1,3006166535064365 0,00031577629125445483 3,767434736610589 1,1318066307977523 2,2998700544116364 0,8807525097669848 -2,978447711062561 1,71197322490807 ), 204,0676925719646
( 0,5841912427895352 -0,494376348824109 -1,8443306901061636 2,7105315564977195 1,6204012864978472 1,216704672380434 0,06804300549308433 1,7361435272871075 -1,034595433296248 1,688267483225828 0,5847684782561631 1,3363396269789931 0,3646113774980931 -0,7341708919089696 -2,115757716446265 0,8907443050068725 ), 205,93333673210256
( 1,047041093193735 -1,1754931628740763 -1,4307282390481237 1,5811193522364517 2,5706706844634977 0,32747427733184675 1,0824812570903588 1,9104087279270345 -0,42894790062544486 2,229903563618995 1,2778631480275258 1,2152107948817905 1,6730785631134892 0,4686931833631256 -1,382026341990274 0,06683698716526898 ), 206,00979089071637
( 1,1727493450677242 -1,453236491186543 -1,7412831617710873 1,896016642078898 2,549414174682047 0,319291754320274 1,1418067202146456 2,275542434145228 -0,2959631662820099 2,139321481277233 1,4589980862166492 1,16002707252255 1,7285529168095404 0,23906490887334098 -1,5914650028487338 0,2669519631807793 ), 207,88520605730815
( 2,7883750607531064 -2,687276382077628 1,066062877240967 2,2216378094371025 1,013485320720624 1,396288646597797 -0,7954513401500756 2,4099614031253056 1,8042137826987168 -0,7341736194952104 -0,4373503159427621 -0,8963790035179948 0,5651693729251104 -1,6455866865737314 -0,07728256331888428 0,5367444443771425 ), 210,77631945547444
( 1,2052600762960741 -0,5899887277740996 -1,6875163710521939 0,900849050089489 2,4951599958344044 1,877331478547232 0,7377286052602265 2,921974024317672 -0,869199188107938 0,02380772654735619 1,415444951824365 0,5098447660869119 0,48350715333653316 -0,6620288173860898 -1,6417401815482338 1,7418182313335873 ), 212,0376633677436
( 1,2241745889856377 -1,5239077807954589 -1,8542177929706645 1,9666504185451221 2,587286953373339 0,36424323561359095 1,1346255926393267 2,30807003175038 -0,2993394018797473 2,211586240536812 1,443997839276536 1,2001189812155204 1,7843500421167748 0,31330747030291706 -1,5314116940111178 0,22011523465607397 ), 212,73518155400788
( 1,178788423588835 -0,9926858732353259 -2,5719251693960428 2,431379401670772 1,6284168927828468 0,763990783165118 0,244599873242191 1,8979983581771742 -1,157303410485024 2,4638570648429114 0,7327311008680462 1,7841888837509075 0,8213595866179504 -0,3709951393685542 -2,19362816184831 0,469230349890401 ), 214,05871974846116
( 0,549062612782599 -2,591417777705459 -1,5124250202820482 1,7413599374481326 2,7470669464639164 0,7276913514811278 2,2579532760916257 2,6975251133901437 0,3378446081409523 2,980452645210967 0,9055492256363906 2,1563389089150524 1,512704779081433 0,9907577015423876 -1,3743447721749171 -0,18611100603747532 ), 218,91964450577655
( 2,2474421056700353 -0,9044967636043361 0,8618205913157151 -1,3387086865229025 -3,2754523976874657 -3,906074031191731 -1,9571063613632713 3,996282711198682 -4,442066446278365 4,090798742309499 -0,040150825199004425 0,7343550158154776 2,778299447722658 -1,97291700166779 3,935930910423112 2,868720081047091 ), 223,85349199856316
( 1,2111850905453156 -0,10829732756494881 -2,773778002866579 2,9775669437913117 3,7516508096364487 1,146345427549102 0,8323581329505281 3,1622951391216794 -2,2224004353867315 5,2965392863389615 0,2809372029046542 3,5878471696776746 0,5273365073517793 2,203832837078455 -0,3137322244708578 -0,5078424889388029 ), 228,0089961391716
( 1,4672842012077334 -1,5429667324200367 -1,9552817809282779 2,148815147130832 2,6443239866912913 0,5835614875416635 1,2648231488956 2,1617528615446204 -0,530411676959198 1,9889519480540279 1,383203752729009 1,2612736962148594 1,664769299746845 0,5433744530930138 -1,7308241885178024 0,20002529455326812 ), 228,50373610079316
( -2,487694480005874 -0,3961207924619393 2,027462193563868 3,1519230244472736 -0,38915387786912903 1,0041137994179796 1,3593010264844843 3,822707151093782 2,3652593195569267 -1,2949472674351514 1,8197504320142428 0,19818853304421968 1,73173399146924 -2,394030221845277 -2,0748897287949024 -0,7188671219594602 ), 228,63324472176922
( 1,2314991441536838 -3,2743817277075102 1,1567416728281934 5,563065130625914 0,9842081844095587 1,9794542124278858 -2,3747404322213885 0,9834696060190129 4,0465373071109125 5,930978827923647 4,20662755788614 -2,748929536493266 3,932394246375692 2,8760540692313823 -1,3373282348609083 0,8712593090538814 ), 229,16663531287128
( -0,4810618286007542 0,659587549832054 0,9456928532068039 2,38624927825935 2,286513476637875 2,7181222075333027 -1,6751738134864955 3,3407868700195715 -0,4669264403798745 2,8136649692565414 -1,8251080568987024 -0,14804850893581 0,3592784212302267 1,0301288040069834 -1,4068928416738162 3,190128575299122 ), 231,40042860576708
( 1,17630100376795 0,7770633343827946 0,10166622782501733 1,7212286559760106 3,1017437137018002 2,5037399715202135 -1,9240554106315357 -0,9560266288922348 -1,1980713323059426 -0,34548655108270054 2,2455380095870066 4,196647787088658 -0,3250761924410315 4,334158626497058 -3,5289032311037545 -0,48241738761886893 ), 233,7686087623654
( 2,6200725582066786 -0,8638260636395207 -1,4164579406758555 -0,039083942227760904 1,004020386343408 1,2374233193882374 -2,0258247152208346 -1,5954033495432585 1,33107831371975 2,299103298790355 1,42611868175264 -0,662854518385064 -0,7895279543085265 1,6492576912223584 -3,53646749677712 2,152891583895032 ), 236,05366302031064
( -2,1399186550025187 -0,6638005349717362 -1,2644037310336058 -0,8875533926654862 1,8249366291392222 0,4757125515338835 -0,7091334320771161 0,08154835122971171 -5,183375605554704 2,9542864202914867 1,8765635272768317 0,9861144612662388 -2,34643150405094 4,210053697800379 -1,2196514458951073 -2,399372165992417 ), 236,7166331988131
( 2,2605551238476096 -2,9761956263159757 -3,1082435749042476 -1,3125736198390312 4,373333601347475 -1,0709128715522809 0,24588033816374733 2,244761684077332 -3,886306278745918 1,897371728473968 1,0749488999236023 4,126246514862916 2,2856435543332836 2,528884400125027 -3,3417813355909116 -0,9324447606172885 ), 239,58490168018963
( 1,6841419143064036 -1,51154921500427 -2,9384238075273466 2,763188009566586 5,215303085549516 1,9389157834154318 2,1401968789981387 4,3179485437734595 0,2971699213517054 3,9389717657878127 1,6975012694464435 1,739161231014934 1,3990072649087677 1,8406525284844273 -1,7065777717229011 -0,5069068379707602 ), 240,14064364409387
( -2,2265590395118346 1,8446914426751388 -1,7788631247101852 -3,0288828925287397 0,6875251262562474 -1,8766878881721871 2,151306549726578 -1,7505205010215232 -0,6780456717019492 2,5496121178061086 -2,1241470778881197 3,853487529846377 2,3354638056743187 -0,36968298422809637 -1,5282303489203022 0,6246285644425817 ), 247,379400867485
( 3,5784267250636352 -0,6720059091723538 -2,687631451326011 1,2913095503427068 0,3511159384111324 -0,5173649274483656 -1,8485091552109605 3,8263311899620223 -0,13308721684094188 -0,5804002980113996 1,5334894899236864 1,2038944038391608 -1,8758493749864504 -2,5928422590156455 0,19098473106513403 -1,0354832412567598 ), 254,23141345699173
( 1,984743064662648 -3,018512741268234 -4,246934360855768 1,1158393927892791 0,46395748800108105 2,8952281177602313 2,647538792246269 3,7307852154059526 -1,4622857826610451 -2,6377467447843808 -0,7986178424936046 3,0550908260510328 -0,9984859574924374 -1,0615940222014788 -0,4900993941409385 -2,5147487701296702 ), 254,24754045279093
( 2,9775008915775505 -0,3007136077823176 -2,7691872709689087 0,6403744076149605 2,011003744651205 -0,5526202712409233 2,916775096843547 2,47043471437925 2,6814860058923116 4,577527774447995 -1,3637151026977063 1,9669661708846018 3,2286992318064627 1,0022100335396793 -3,4939412848428875 -0,4730676220644082 ), 256,01426281796864
( -0,015871710839335324 -0,9231631785119885 1,865445213396479 3,4937061956849877 -0,10107129148888269 2,3280969016048187 1,1483957240352518 -1,8538490582837217 0,41348976097325485 -1,8197991414009382 2,4946102024194725 3,181934576968171 -2,496885798802179 -2,182321196987317 -4,2201441890688445 -3,487259256235159 ), 261,1882580537004
( -2,7615057169966626 2,7916635332819473 2,229836304678381 1,4877075593357358 -1,609099482159681 2,354030161971551 1,3819976247033714 -0,3605003117653539 0,06341559540468777 0,3736641736364843 -1,6325434134970298 -0,8098277354990167 -0,4946811093029102 -1,113062455216915 0,42171721860350964 -1,6865974852404506 ), 264,4241128757157
( -2,4507255796617544 3,2259985061246157 -1,2906831538755041 1,8147395642794404 3,950677053239371 1,4676379569619291 3,4821332441681427 4,089776281152982 -1,5589777864761356 -1,9353192246608657 -0,3160952874288554 3,954123778477839 2,206990267051262 -3,135993961852828 1,5605998203601015 3,689915920372962 ), 265,81097481735503
( -1,2493440290735658 2,536563854626026 -3,38908249501572 -0,44132063241254227 2,620607973722302 -0,6051463707722562 -0,8423922173133815 -0,918110777184086 1,5184224652848757 -0,48682793106032995 -3,1577421867094073 2,3031130687708194 2,2095036116773166 2,991721372640203 -0,8519147848756929 0,5787686030007803 ), 267,22022147279813
( 0,4234261188575143 -3,550767825986398 2,3894527624625757 -2,25530960261223 3,769833112175812 -1,6454535698593702 1,469741550433733 -0,004382157824997623 1,9911426718941678 2,6438094212972327 0,5875075105472185 3,4760233287886884 -1,2259356187086181 -0,08162900792309949 -3,049426791444536 -2,061541384403336 ), 268,02802842655865
( 2,140569513505286 0,4192122614675178 -0,7276477310846368 -0,792583569209481 5,049507092927904 1,7774043110593047 3,084565022910311 4,4130581024266995 -1,3945913308564537 4,664015198720877 -2,26229339630155 0,8277282374816649 4,417618437836029 4,439635512181233 0,0905607971578446 -2,9899002244220485 ), 269,4450446080402
( 4,019782195818366 -0,6087217924442205 -2,606755141721319 2,139529896535405 5,990172470958961 3,409110163252591 3,0419062008914866 6,954709658233891 0,30961490593547025 0,19191555378852598 4,905253696763366 5,192508196219791 1,9226104968413222 2,4599470041278493 -3,2595717474197308 0,9840961152985315 ), 269,65195663150223
( 2,1107782498159424 -0,26653609510052423 -3,7454027863117494 3,6084242802747295 4,179694859667442 -0,4026123526579748 1,5503625503048377 2,933312384511475 1,5502335921164185 3,4176176081791523 0,6944539010075821 1,5172435866395084 3,805589921197356 -0,6735190261027295 -2,162717487041882 0,40952215840794526 ), 277,4811648844754
( 1,2642692306895231 -3,7452219483022624 -1,7184658277061682 -0,7066200405106917 -1,225298757274031 -4,400602506312559 0,0298066433883033 -3,0042875586376705 -3,83515762874374 0,8820732500737218 -0,9740989987201338 5,10152200485748 1,5753509497433118 1,8935034284871026 -4,7394347607834755 0,9067284886136031 ), 277,78585235588645
( 0,004599054765807686 0,5806152644288476 -0,9157519007865096 5,822310877813413 4,735708195316005 3,9137715061020355 1,2493269190531466 4,587354311877482 -0,9469236407956965 4,980683029874161 5,058448109223955 1,6344871005251171 4,617177641404644 2,0402446820898366 -5,317608133367286 -0,8369931817992766 ), 278,5573293615721
( 3,884138010543497 -3,365051248192019 -2,6086216857970728 4,361165539011359 5,021272551086108 -0,7034657957090769 2,8232039239656173 4,4036362678536465 -1,7403254809603421 3,226112221730331 2,3359694714565413 3,125654204846308 0,439949300315428 2,3569652437064113 -0,81584148412345 0,10029865114863601 ), 281,43509232791445
( 3,330714014736222 1,7301725603882998 2,2393004537720413 3,763620608213976 -0,5966254996921144 -4,059456099790217 1,6278366922311258 2,4203624331771993 -1,646733458669756 1,013287764359548 -1,7161245205892732 3,453876812845635 1,570909006634147 -4,807511171624883 4,340039614696829 -0,04773833973679076 ), 300,67034899581597
( -3,661481580019378 -0,5333644728965504 -1,8135702764547854 1,4609006949867402 -4,175288120520491 2,817148519569312 5,015915414413693 3,6400635848229417 -4,345084885018976 1,0788092469203634 -0,06622141166837975 1,1547720082377937 3,459303663171362 -4,827607540808259 -1,0326670465229957 2,162233439590608 ), 301,30187357939496
( 4,8032376948772875 -1,0903313634589034 -0,1840211201102102 3,1285075200148884 2,8187146006609956 -0,33687588525478396 5,096031834512043 6,652429318896628 -2,6633588960266437 5,21614405048007 2,3365965689137553 0,16623266143948712 5,806253503987267 2,6981715696905004 -4,095054275512397 0,464535766995597 ), 304,8090841221923
Liczba wywołań funkcji celu: 151
