Iteracja nr: 58
( 0,9222120640538205 -1,06516383027132 -2,0150325557439484 1,9272650931648299 1,8864295037587648 0,9673447315094355 1,0266254842409661 2,0094192737735237 -0,9465976382193455 1,964772009844631 1,4026487285037104 1,0356779256888808 1,0448055039208393 0,008982404051948726 -0,9679988569985459 -0,1344399572691184 ), 56,140298946640996
( 0,9223827834830569 -1,065366508307042 -2,0149447329163976 1,92716001238462 1,886472000579271 0,9672671798277247 1,0265931615910575 2,0094156166329293 -0,946760638253018 1,9646953258270135 1,4026699992105116 1,0355444514932584 1,0448091540045736 0,008850793899418568 -0,9681425546490392 -0,1344973262961585 ), 56,14034016437182
( 0,9221394982350849 -1,0654102377827073 -2,0144176254857027 1,9275681514274803 1,886478260269427 0,9674367570993646 1,0263708127208153 2,0094851259274633 -0,946039766239798 1,964812344992925 1,402744606827112 1,035604501313947 1,044952028145099 0,00917608393630307 -0,9682067173174242 -0,13441305232589326 ), 56,14038848171678
( 0,9223959332641439 -1,0654034761000664 -2,0147913465866942 1,9271653203718673 1,8864098575419534 0,9673716248361101 1,0266022849020777 2,0094517005395596 -0,9468647018271018 1,964635175476823 1,4027281786701895 1,0354089513705875 1,0447298091439687 0,008650288705682782 -0,9681830397542196 -0,1345526599168761 ), 56,14039805487097
( 0,9222326808488732 -1,0655109101327958 -2,0143612143985004 1,9275011845986159 1,8864808824739636 0,9674196035255789 1,0263687149187757 2,009489069004968 -0,9461756332679884 1,9647553400141873 1,4027653379583502 1,0355049531986478 1,0449262397025882 0,009048131129894573 -0,9682801530758786 -0,1344576958276597 ), 56,14040613103471
( 0,922293648230303 -1,0655202070769985 -2,0145752437835993 1,9274150644322572 1,886563512230096 0,9672520755701961 1,0263736321894312 2,0094355149212086 -0,9461822117427376 1,964788326749102 1,4026915841834802 1,0356188861891125 1,0450036901137831 0,009209692810782577 -0,9682645436802598 -0,13441764334491396 ), 56,140412677454336
( 0,9220060659430359 -1,0652351309860375 -2,014541014795198 1,927636780735473 1,8864562678023378 0,9674702577490638 1,026403233566644 2,0094771015389563 -0,9459104932802732 1,9648829253427313 1,4027110148809654 1,035740511098452 1,0449608883876542 0,009315195198232373 -0,9680779823300159 -0,13435711247741272 ), 56,140419062307515
( 0,9221209685669912 -1,065410965019817 -2,014404374936557 1,9275967579102116 1,8864927220415963 0,9674253660183119 1,0263497562002803 2,0094823921206943 -0,9459625440679884 1,9648322087024919 1,402737960745525 1,035635036675295 1,0449807507410016 0,009242513942243206 -0,9682067029635969 -0,1343955860779407 ), 56,140427608675196
( 0,9222367019567619 -1,065468307971633 -2,0145144163845323 1,9274584609635728 1,886512755200833 0,9673380820182373 1,0263875688563169 2,0094564509853217 -0,9461733074495199 1,9647823852639128 1,4027154630385168 1,035592030840653 1,0449596343171232 0,009149513809540518 -0,9682353743580869 -0,13442637001348184 ), 56,14042821039678
( 0,9222064025242533 -1,0654265192372605 -2,0145454258136146 1,9274702802907608 1,8865062196650666 0,9673431678635123 1,0263962411636858 2,0094528367781272 -0,9461470223155731 1,9647967590883724 1,4027053123467372 1,0356234388326784 1,0449604288406285 0,009180609944563281 -0,9682035197012602 -0,1344130825842573 ), 56,14044865164688
( 0,922188035497281 -1,0654123426954663 -2,0145416953821274 1,9274875840850716 1,8865042516258856 0,9673511214202379 1,0263930524097156 2,009454158997877 -0,9461162491964721 1,9648060204413396 1,4027045872437 1,0356366742050558 1,044964837859456 0,009201186640118271 -0,9681939047965772 -0,13440595752700957 ), 56,140452131863555
( 0,922060977427715 -1,0652223325269066 -2,0146604381198157 1,9275330962174704 1,8864486344168696 0,9674238007895587 1,0264548482531892 2,009455426788854 -0,9460795977169566 1,9648488605655603 1,4026859837532102 1,0357254045679611 1,044924795127709 0,009239380816284198 -0,968057133122942 -0,13437431720774382 ), 56,140455019637315
( 0,9221740877150182 -1,065249536219824 -2,014846742656189 1,9273773142051491 1,8864774694888513 0,9673121835953784 1,0265091762779812 2,009418430977094 -0,9463022019832659 1,964811789355896 1,4026454407006346 1,0357191895134235 1,0449100911554379 0,009177948280850905 -0,9680597761837855 -0,13439424102243236 ), 56,14045521861877
( 0,922160176308737 -1,065292518396135 -2,0147389366274493 1,9274336581173412 1,886487552995543 0,9673294300178223 1,026463730102841 2,0094308739999187 -0,9462001249608574 1,9648211927832486 1,402663281222848 1,0357082664709243 1,0449375118116837 0,009215218295624172 -0,968096842653742 -0,13438903188755785 ), 56,14045598921582
( 0,9221858001253092 -1,06542902855686 -2,0144994941190877 1,9275044008743671 1,8865041805082632 0,9673618976906987 1,0263795299876755 2,009460072875687 -0,9460922978487073 1,9648050074305652 1,402713621823201 1,0356246685604318 1,0449687250635435 0,009200105489196662 -0,9682086651416303 -0,13440800960476446 ), 56,14045906573304
( 0,9221769467430254 -1,0653964959430304 -2,014562823120721 1,9274916154774804 1,8865075299349394 0,967343855780726 1,0263942575976623 2,0094499650898987 -0,9460971920908574 1,9648157578503351 1,4026964376775322 1,0356581438548427 1,0449723216754994 0,009229000243907055 -0,9681807589640038 -0,13439681370756704 ), 56,140464163780905
( 0,9222001725313143 -1,0653984867969222 -2,0145952920887025 1,9274558464583371 1,8865043103677142 0,9673324054706489 1,0264117393930507 2,009445183004454 -0,9461628436883299 1,9648012760019316 1,402692468865322 1,0356444352471295 1,0449571487496427 0,009191329665498174 -0,9681798563773011 -0,13440697324344802 ), 56,140464680394345
( 0,9221706272310465 -1,0654392346293349 -2,0144506165001217 1,9275369561919562 1,8865054500236573 0,9673771149044367 1,0263603547148037 2,0094673082508105 -0,9460385793767877 1,9648124275525167 1,4027227111260518 1,0356234575320469 1,0449794833412747 0,009219561528658273 -0,9682195125073162 -0,13440400253353685 ), 56,14046597657341
( 0,9221906281792658 -1,0653982074776478 -2,0145826441829526 1,9274706632878629 1,88650678575855 0,9673349449592775 1,0264035446482223 2,009446443226985 -0,946132892061867 1,9648079261803515 1,402693060010949 1,0356518858467407 1,044965146796238 0,009210651852577736 -0,9681802442132316 -0,13440176508579474 ), 56,140468548652564
( 0,922180667327898 -1,0653872533926878 -2,014593897858333 1,9274778265245605 1,8865096058068123 0,9673318721136159 1,0264025838504351 2,009444500167902 -0,9461130305719542 1,964816465096829 1,4026884861373607 1,0356679045101118 1,044971850126124 0,009233349014557949 -0,9681715944537066 -0,13439462013733677 ), 56,140468913671214
( 0,9221605818808263 -1,0655185046647973 -2,0142730144398873 1,9276219772004712 1,886520843093159 0,9674135026953704 1,0262920087018088 2,0094927429043055 -0,945903327660085 1,9648214701957794 1,4027609136933128 1,0355885759807368 1,0450149660910473 0,00924977986238602 -0,968289745489169 -0,13440596273084035 ), 56,14046944318066
( 0,9220615714393535 -1,0652445415010998 -2,014667543485911 1,9275518909157991 1,886486182893196 0,967378074414584 1,0264238419582938 2,009444917122243 -0,9459906568634381 1,9648754823088743 1,4026701466970424 1,0357715286101346 1,044976370144645 0,009341373113144041 -0,9680695220700706 -0,1343504718523426 ), 56,14047221625354
( 0,9221414560767444 -1,065420804154499 -2,0144358907484747 1,9275676122931935 1,8865027580794764 0,9673912614916159 1,0263522438795798 2,009470472870413 -0,9459845812616607 1,9648269471147717 1,4027232659626838 1,0356421224234136 1,0449877465920208 0,009252534845697765 -0,9682077904088093 -0,13439309146767722 ), 56,14048003322455
( 0,9221107979565732 -1,0653820854594336 -2,0144614916996497 1,9275850557591214 1,886498674046605 0,9673995915684175 1,0263586382693826 2,0094692925846256 -0,9459524804076905 1,964843915287455 1,4027165186098087 1,0356732348683515 1,0449908810844204 0,009285400956747847 -0,9681801038856334 -0,13438049824533746 ), 56,14048285597285
( 0,9221537986013467 -1,0653950827237026 -2,0145290647263048 1,927526349124983 1,8865107422007141 0,9673535374738361 1,026376150116418 2,00945389876534 -0,9460304181686808 1,964829708276178 1,4026992818839812 1,0356721685489607 1,0449881237334777 0,009267996589175091 -0,9681818628416883 -0,1343862533968806 ), 56,14048528617353
( 0,9221438679765438 -1,06543226786808 -2,014418508547859 1,9275729897691392 1,886505562425337 0,9673911893487984 1,026344675573433 2,0094719746457033 -0,9459734802017048 1,96482649051915 1,4027260945478284 1,0356375857791649 1,0449921757987566 0,009255432118616857 -0,9682167219512047 -0,13439354253021424 ), 56,14048590617715
( 0,9221236955700384 -1,0654791618977058 -2,0142738703881116 1,9276463510878823 1,8865055519304237 0,967438588959485 1,026297502534183 2,009496071421078 -0,9458720629228792 1,9648320903527818 1,4027605130045768 1,0356053273679884 1,0450081385236998 0,009263303041508736 -0,9682621864343225 -0,13439725338144393 ), 56,14048646002746
( 0,9221312375191885 -1,0653138220298646 -2,0146638123204093 1,9274955580804183 1,886504322713658 0,9673333696877507 1,026419090851659 2,0094365758009367 -0,9460684120459755 1,964845600687496 1,4026684204074376 1,0357303449305257 1,0449778850259968 0,009296696730753154 -0,9681153985864249 -0,13436968371299543 ), 56,14048874625742
( 0,9221752180343193 -1,0654894402534687 -2,0143574536586986 1,9275703840101626 1,8865139417922343 0,9673883318633439 1,0263246268271862 2,009478025455638 -0,945981499966046 1,964810642482933 1,402740543936865 1,0355984051340565 1,0449965834129007 0,009227236780515137 -0,9682607334758274 -0,13440746265219372 ), 56,140489981049555
( 0,9221648779749702 -1,0654290566156268 -2,0144694521992954 1,9275354819560164 1,8865089980129928 0,967365736212273 1,0263608728355997 2,0094618242460998 -0,946025796480273 1,9648184703643181 1,402713612416974 1,0356407097357263 1,044986465957296 0,009243066430147176 -0,9682095923601031 -0,13439625223496704 ), 56,140495751098626
( 0,921976402703191 -1,0652848197179925 -2,0143937152118916 1,9277216767099243 1,8864678410530513 0,9674959170087376 1,0263392371520512 2,0094932949028537 -0,945753467987525 1,9648997918573925 1,4027327269993028 1,0357337883893911 1,0450005088010503 0,009379337502695552 -0,9681205960167795 -0,13434461124676922 ), 56,140496870730985
( 0,9221757682427933 -1,0655913239854935 -2,014139829151483 1,9276568940046646 1,8865235477674662 0,9674381098335869 1,0262503477375142 2,009510235910334 -0,9458597600148279 1,964807088203763 1,4027909743115687 1,0355337232386264 1,045023294860312 0,0092237328010543 -0,9683493605849355 -0,13442032587405653 ), 56,140508877995885
( 0,922156155973403 -1,0655000110919721 -2,0143068333179928 1,9276095205150208 1,8865192885141526 0,9674002695069048 1,0263005497932751 2,0094845637650423 -0,9459097550779174 1,9648231404202914 1,402748005961237 1,0356049541666177 1,0450145701176123 0,00926306902575969 -0,9682717124237084 -0,13439924569198303 ), 56,14050941082063
( 0,9220864704315105 -1,0653871307026854 -2,014374198152566 1,9276254248920741 1,88647785135656 0,967450473813732 1,0263451972627673 2,00948674686201 -0,9459183048531246 1,9648386920939858 1,402740174421553 1,0356423100648282 1,044977588106602 0,00925528245363709 -0,968191565554205 -0,13438852767006015 ), 56,14051258897315
( 0,9221512213498883 -1,06546663302812 -2,0143673687119947 1,9275882555782438 1,8865146561869914 0,9673890465642166 1,0263217768202058 2,0094757330820023 -0,9459392241959186 1,9648253865353031 1,4027335088979345 1,035625353595438 1,0450064715453242 0,00926634656884056 -0,9682434277872447 -0,13439435728886598 ), 56,14051546494119
( 0,9221381052096356 -1,0653567628870044 -2,014588772760802 1,927517595478035 1,8865106436924897 0,9673388325282004 1,0263904357503353 2,0094436473179 -0,9460274288066256 1,9648412206224908 1,4026810933609988 1,0357078900049277 1,0449908342026624 0,009300177750944494 -0,9681493113436646 -0,13437299381687046 ), 56,140515497649616
( 0,9220957626457285 -1,0654010987584435 -2,0143686238233602 1,9276218979507787 1,8864839450313682 0,9674413866938136 1,0263396187265106 2,00948538968543 -0,9459169419922255 1,964837010880971 1,4027396262073044 1,035639472101769 1,0449833259286567 0,009258974813109454 -0,9682009968691528 -0,13438906549583066 ), 56,140517793160086
( 0,9221356773497443 -1,0653501748227696 -2,014600623219494 1,927515698943338 1,886511376598872 0,9673349949770096 1,0263928026988554 2,00944147810371 -0,9460263532719152 1,9648436533829172 1,4026773740333263 1,0357151866339664 1,0449921117638734 0,009307471900554271 -0,9681435754233287 -0,1343702785421636 ), 56,140521503823464
( 0,922074857184683 -1,0653963377451217 -2,014331280384655 1,9276510500805428 1,8864773041091156 0,9674647305421026 1,0263301042428274 2,0094931931406337 -0,9458782086986255 1,964842898845062 1,402748590202194 1,035637959410673 1,0449842489516896 0,009265871973065052 -0,9682012900611753 -0,13438669362492855 ), 56,14052935743129
( 0,9220462181779472 -1,0654676061592494 -2,0141021765185543 1,9277597529668309 1,8864675626068563 0,9675498589768163 1,0262633222157056 2,009533578426352 -0,9457453235182763 1,964843048866425 1,4028070086944213 1,0355724989506825 1,044995298566019 0,009249097290390338 -0,9682705257341563 -0,13439915206931932 ), 56,14053111141966
( 0,9220963665135284 -1,065431670320801 -2,014304266341743 1,9276459246950726 1,8864867539513626 0,9674539850189966 1,0263172913022096 2,0094939083579786 -0,9458807436308154 1,9648352749387985 1,4027532116697754 1,035620688712968 1,0449916495226474 0,009259062983674338 -0,968226984903003 -0,13439239616251272 ), 56,14053271650522
( 0,9220814158901239 -1,065393059150801 -2,0143748817128415 1,9276377499078796 1,886492880841411 0,9674320561544417 1,0263303503969212 2,0094819557043855 -0,945870490805975 1,9648519059062075 1,4027322796719 1,0356656040710355 1,0450010328836388 0,009305499974049357 -0,9681938323379204 -0,1343758214281254 ), 56,14053721871939
( 0,9221053342898005 -1,0654859336502562 -2,014214958218525 1,9276781670228085 1,886498632088231 0,9674625436150868 1,0262810694220337 2,009504823669527 -0,9458262642402634 1,964834215245624 1,402771759678998 1,035595601102999 1,0450106197548545 0,00926748544564377 -0,9682710561791519 -0,13439638077393187 ), 56,14053729140316
( 0,9219803913141748 -1,0652336835614684 -2,0145074180668487 1,9276676737483096 1,8864601183194174 0,9674655927561523 1,0263796030893637 2,0094739521889795 -0,9458278813396146 1,9648959643386374 1,4027036140000668 1,0357629001861113 1,0449832251223845 0,009373697171510192 -0,9680740736319732 -0,1343392528589526 ), 56,1405396979538
( 0,9221033277302157 -1,0654382423415023 -2,014335735563114 1,9276401845975561 1,8865080002509325 0,9674169135203794 1,026308048771819 2,009482656246653 -0,945852482950976 1,9648472822213556 1,4027370866125979 1,0356507774180852 1,0450174407928894 0,009313616325168684 -0,9682261171181569 -0,134378375235249 ), 56,14054356006726
( 0,9221212543287612 -1,0655978078772408 -2,0140035775984 1,9277506415687224 1,8865091154004658 0,9675087894887383 1,02621151767956 2,0095371576762124 -0,9457347236936516 1,9648231929152495 1,4028244520288433 1,035518837643125 1,0450315171795623 0,009242657595659964 -0,9683667375102689 -0,13441626463502074 ), 56,140544690025635
( 0,9221877035271641 -1,0655396199799259 -2,014262964956305 1,927588025325416 1,8865121737894317 0,9674053473087034 1,0262985912849287 2,0094891742598455 -0,9459622502326673 1,9647960247631653 1,4027605227317286 1,0355553832417765 1,0449978097619521 0,009199112184346638 -0,968302071140943 -0,13441995235122386 ), 56,140549569718445
( 0,9219957964331593 -1,0653261399077805 -2,0143686126915057 1,9277218098177107 1,8864900889544545 0,9674649497838191 1,0263144105433788 2,0094878863310486 -0,9457191316318649 1,9649014425543658 1,402728083076898 1,0357362526093095 1,045027902495132 0,009414836803153219 -0,968148468563563 -0,13433962857117843 ), 56,140553689300035
( 0,9220478985891252 -1,0653494085376483 -2,0144129227835195 1,9276538078326906 1,8864911366631814 0,9674305528791701 1,0263353910808308 2,009476171417355 -0,945828048881518 1,9648719496179994 1,40271829022791 1,0357078923069258 1,045009474705785 0,00935606784543396 -0,9681588809952595 -0,1343568199414001 ), 56,1405601361993
( 0,9221745185822657 -1,065216388437396 -2,0149199826209743 1,9273395335972099 1,8864738303718664 0,967281206865422 1,026531109134269 2,0094005317561887 -0,9463373198433873 1,9648094372389775 1,4026187821473202 1,0357454528447156 1,0449048383259343 0,009190390516147059 -0,9680268220578546 -0,1343853771776025 ), 56,140587551046494
Liczba wywołań funkcji celu: 6009
