Iteracja nr: 88
( 0,9218103797260159 -1,0647653962882757 -2,014045651152184 1,9280287345431595 1,8857450515481688 0,9693161936602304 1,0270549566216207 2,0101441367118285 -0,9475623891943962 1,9646431372423758 1,4036445924595107 1,0345992263116457 1,0438159762385444 0,006834480067801497 -0,9680740694297784 -0,13504889790623603 ), 56,13754345867545
( 0,9218066211288471 -1,0647490657178735 -2,0140825601185157 1,9280166946063575 1,8857484561055637 0,9692958181931621 1,0270605492914864 2,010134024451548 -0,9475597758019302 1,9646480239718385 1,4036288773216365 1,0346221129533322 1,043822020446538 0,006860464660705763 -0,968057337690322 -0,13503933455910816 ), 56,137543565019996
( 0,9217903478046907 -1,0647466120479858 -2,0140492582300458 1,9280416804868055 1,8857425425033714 0,9693180579437843 1,027052966839007 2,0101419490929167 -0,947530574841779 1,9646523075105697 1,403638564921591 1,034617832013766 1,043821357262377 0,006861477221469476 -0,9680593486644015 -0,1350389853532879 ), 56,137543603342365
( 0,9218034599395291 -1,0647471081221336 -2,014080442632386 1,9280197921635371 1,8857478466092206 0,9692974479902137 1,0270596983091271 2,0101343235094657 -0,9475542579073442 1,9646492649229166 1,4036289008820262 1,0346237411374315 1,0438226350503723 0,006863480305486111 -0,9680560528639394 -0,1350382542988742 ), 56,137543624670855
( 0,9217900707262029 -1,0647397278825104 -2,014067839662302 1,9280344792324582 1,885744392782754 0,9693077403373943 1,0270561130449434 2,0101370516811152 -0,947532173487851 1,9646540145004467 1,4036311572492086 1,034627841107881 1,0438238266387962 0,006872154223185145 -0,9680519950526769 -0,1350350200370958 ), 56,137543688559944
( 0,9217883667840604 -1,064741438255104 -2,014058941686473 1,9280392421640997 1,8857432663754985 0,9693129761347014 1,0270543382883295 2,0101392609574096 -0,9475283779655126 1,9646540193118607 1,4036342510082747 1,0346246199202171 1,0438231376058271 0,006869426672149836 -0,9680542958131599 -0,13503605193213183 ), 56,137543704229415
( 0,9218075647771393 -1,0647481937772818 -2,0140847443421643 1,92801530078403 1,8857476054975701 0,9692974351739846 1,0270625250133727 2,010134603892626 -0,9475654458078119 1,9646472691363046 1,4036297897379433 1,0346204464311552 1,0438198859973054 0,006855737952577177 -0,9680570208340822 -0,1350406451595751 ), 56,13754371170366
( 0,9217902459445293 -1,0647413641032601 -2,0140622922782248 1,9280366391481576 1,8857431927646007 0,9693124400236173 1,027055991347048 2,0101391114447362 -0,9475339773952054 1,96465317476154 1,403634233233395 1,0346236713097348 1,0438218757541877 0,0068662580937145735 -0,9680541930361657 -0,13503696884235866 ), 56,13754372326784
( 0,9217888347293481 -1,0647410117518774 -2,014059679694891 1,9280387071392597 1,8857426542822628 0,9693143565751496 1,0270554484884122 2,010139778673275 -0,9475316533213055 1,9646535479716025 1,4036350388935892 1,0346233519927392 1,043821754425088 0,006866280533941064 -0,9680542583825872 -0,1350369433885885 ), 56,13754373093333
( 0,9217874653152457 -1,0647401902740166 -2,014059464856308 1,9280397244408107 1,885742828503275 0,9693137574804769 1,0270547520409363 2,0101393930747986 -0,9475281544366129 1,964654305076002 1,4036343005283853 1,0346250415959344 1,0438227737768833 0,006869420577849462 -0,9680534625178895 -0,13503592775054052 ), 56,137543790875625
( 0,9217893640243664 -1,0647382848953928 -2,0140712462190336 1,9280335607699914 1,8857451546129456 0,9693046780781556 1,0270559703263196 2,0101356418093954 -0,947529734877216 1,964654840259319 1,4036289772965458 1,034631093377254 1,0438253769529675 0,006876973486088969 -0,9680502525976971 -0,13503342175747615 ), 56,13754379103436
( 0,9217850858199086 -1,0647392091072543 -2,014055108435125 1,928043259097405 1,8857414384881752 0,9693181885327568 1,0270544436395852 2,0101409514144355 -0,9475258236748682 1,964654729469297 1,4036362748301674 1,0346237073026354 1,0438216915906628 0,006867556197613246 -0,9680535150782992 -0,13503641436077987 ), 56,137543809244704
( 0,9217856059009807 -1,064741166468857 -2,014053758894804 1,928043235718776 1,885742720480027 0,9693154506582424 1,0270526267117606 2,0101401046019878 -0,9475221402057366 1,9646549606949288 1,403635171694813 1,03462483291169 1,0438238310799233 0,006871486948302188 -0,9680544881560849 -0,13503544011354307 ), 56,13754386123205
( 0,9217936116833406 -1,0647380559703172 -2,0140759320752384 1,9280290203963668 1,8857432525447024 0,9693086996064639 1,0270609818778564 2,0101373780032845 -0,9475467537149638 1,9646520639700245 1,4036319517977682 1,0346250010852862 1,0438195377143773 0,006862503054073213 -0,9680510171081308 -0,13503768476248362 ), 56,13754386278052
( 0,9217842255791212 -1,0647341485978918 -2,0140680750256053 1,9280386537914058 1,8857430633850296 0,9693100367332564 1,0270560247296845 2,0101370995567227 -0,9475244718597806 1,964656400192319 1,4036303928015257 1,0346319722984962 1,043824357616623 0,006877539465432381 -0,9680479742352636 -0,13503286653932023 ), 56,13754398831179
( 0,9217924099781175 -1,0647398503620469 -2,0140765503666396 1,9280290863644889 1,8857471823146952 0,9692984249287829 1,0270559697199033 2,010133447145326 -0,9475317702726669 1,9646543846502789 1,4036261719431213 1,0346331379911329 1,0438272398775463 0,0068803368119413014 -0,9680503037431294 -0,13503253594488895 ), 56,13754406684602
( 0,9217788157045322 -1,0647337026525678 -2,014054637525925 1,9280479924960707 1,8857402298107333 0,9693203365597615 1,0270538708496635 2,010140933013525 -0,9475165447705749 1,9646573545965509 1,4036353706719853 1,034628243774907 1,0438226914454893 0,006874070754030469 -0,9680495073959152 -0,13503393622463156 ), 56,137544123241554
( 0,9217816883126803 -1,0647410835163345 -2,0140403907231024 1,928051627533298 1,885738899558201 0,9693284401797189 1,0270521577581144 2,0101451060528053 -0,9475205327639359 1,9646547365284714 1,4036420226981108 1,0346178676744924 1,0438196225703686 0,006861431762423101 -0,9680568849769754 -0,13503850801579753 ), 56,137544123767725
( 0,9217796763835141 -1,0647344869602773 -2,014055182997312 1,9280471016169132 1,8857407063748473 0,9693190888428238 1,0270537038855052 2,010140557108918 -0,9475170068164022 1,9646571425111994 1,403634946202586 1,0346283251639508 1,0438230992494073 0,006874503799792547 -0,9680498870811328 -0,13503387820339172 ), 56,13754420728597
( 0,9217783581960772 -1,0647399973570377 -2,014040079868308 1,9280538584086262 1,8857406489322182 0,9693236198068036 1,027048907334192 2,0101429375998596 -0,9475078317177393 1,964657163463176 1,4036384697399096 1,0346242727638824 1,0438244833988743 0,006874315527533804 -0,9680549810428809 -0,13503456348563858 ), 56,13754422012866
( 0,9217826031972182 -1,0647300577743795 -2,014070628373433 1,928039093929785 1,8857407648241247 0,9693147293098583 1,0270590954794603 2,0101384322726426 -0,9475296702559957 1,9646563268059831 1,4036320069733383 1,03463076673489 1,0438208819895298 0,006871820369034692 -0,9680457118842809 -0,13503415411437736 ), 56,137544231921694
( 0,9217779954475028 -1,0647353179424188 -2,0140489692167773 1,928050777858735 1,8857399369876717 0,969322637259755 1,0270522972091183 2,010141998007484 -0,9475132916320749 1,9646574043870204 1,403636891755896 1,0346266263784007 1,0438228921458332 0,006873542721068747 -0,9680511781728915 -0,13503428321919236 ), 56,13754424742551
( 0,9217834305943355 -1,0647463816799536 -2,014025140082564 1,928056768845731 1,885735393746362 0,9693421950047661 1,0270524889495498 2,010151252019059 -0,9475288354037487 1,964651724389071 1,403651343914482 1,034604660130798 1,0438132144781274 0,006842020541242814 -0,9680637587692601 -0,13504490783371437 ), 56,137544257702544
( 0,9217782251632861 -1,0647358324950726 -2,014045245364147 1,9280522704576641 1,8857382491334609 0,969328031755164 1,0270533338675556 2,0101442098248423 -0,9475176012073591 1,9646564051701423 1,4036401529346927 1,0346222188678467 1,0438199250017213 0,006865887370471421 -0,968052656241385 -0,13503663752959455 ), 56,137544266882315
( 0,9217988482706623 -1,064741328529264 -2,0140810967796012 1,9280230480104157 1,8857452386404512 0,9693029093591792 1,0270616497508334 2,0101356431845887 -0,9475533781609683 1,9646504699913263 1,4036301151497337 1,034624588177002 1,0438202408707542 0,006861749131673419 -0,9680525403932043 -0,13503819069295522 ), 56,137544304396044
( 0,9217874258524488 -1,0647625712639142 -2,014019522713451 1,9280542703939445 1,8857494971005329 0,9693091844858629 1,0270347520461602 2,0101401295699324 -0,9474889016064065 1,9646555597343585 1,4036361918687679 1,0346221034952934 1,043837055454698 0,0068896408249692585 -0,9680697419791775 -0,1350323245562726 ), 56,13754430866365
( 0,9217794648510281 -1,0647461198913486 -2,0140248911909637 1,9280591655679564 1,8857389031163927 0,9693327948882239 1,0270468936216848 2,0101473275773967 -0,9475091122327581 1,964655225462271 1,4036452000248303 1,0346147481486518 1,0438215943166078 0,006863059786340343 -0,9680615502004217 -0,13503860807764537 ), 56,13754430948711
( 0,9217763958672012 -1,06473439782559 -2,014047695656546 1,9280524303098963 1,8857396063777734 0,9693235870350745 1,0270518360509817 2,0101422079197584 -0,9475104872141654 1,9646580160237321 1,4036369912553526 1,0346273380451718 1,0438231714910504 0,006874942305425812 -0,9680506077666888 -0,1350337830484641 ), 56,13754436541076
( 0,9217770015706139 -1,0647349964479809 -2,014046527917864 1,9280525145450587 1,8857391147749676 0,9693252622308305 1,027052275689316 2,0101429647117595 -0,9475128170766489 1,9646574476022614 1,4036381796402755 1,0346254493803286 1,043822042931051 0,006871731897921685 -0,9680514206939204 -0,1350348047589887 ), 56,13754437186057
( 0,921783212232767 -1,064753537136756 -2,0140143600751133 1,928060596096975 1,8857388699777438 0,9693366804613901 1,027044961443256 2,010149863783685 -0,9475123504494337 1,9646528826802103 1,4036495659512116 1,0346069272834437 1,04382022377271 0,00685451699281798 -0,9680681450487538 -0,1350419418977018 ), 56,13754443014622
( 0,9217790378551921 -1,0647344613378624 -2,0140539325533116 1,9280480180192947 1,8857405953941224 0,9693195916806865 1,0270532623436615 2,010140724097751 -0,9475154657433003 1,9646573552232405 1,4036351210030709 1,034628399478907 1,0438233047775642 0,006875075549203534 -0,9680499424650486 -0,13503370822679991 ), 56,13754446885859
( 0,9217746972065084 -1,0647307323220536 -2,0140497673252455 1,928053071484 1,8857376713956042 0,9693275205948678 1,0270542999193595 2,0101432863323367 -0,9475141473266034 1,9646581219780215 1,4036382424301563 1,034626647929373 1,0438204134393851 0,006870706147542054 -0,9680485198583325 -0,13503467453395168 ), 56,137544513839146
( 0,9217735750978377 -1,0647336406781782 -2,014040577031871 1,9280574415240121 1,8857373725269528 0,9693308862611187 1,02705160686008 2,0101449135349974 -0,9475087566808248 1,964658182253123 1,403640595616569 1,0346240821400325 1,0438209393509208 0,006870129502418991 -0,9680513887029416 -0,13503518574830772 ), 56,137544562624896
( 0,9217746454549278 -1,064739760703133 -2,0140343511267513 1,9280586411344711 1,8857407970771094 0,9693243707948072 1,0270458940333633 2,010143063607373 -0,9474971345370125 1,9646588637965405 1,4036382452625968 1,0346264798344647 1,0438269421421054 0,0068807524884328865 -0,9680548258492834 -0,13503265389191732 ), 56,13754459379031
( 0,9217740139706129 -1,0647397931278784 -2,0140273718238877 1,92806221416919 1,8857374773601288 0,9693347197651427 1,027047709157188 2,010147158232057 -0,947503529237956 1,9646574639704044 1,4036441343288628 1,0346190896898753 1,043821627422283 0,0068676932266203625 -0,9680568944206471 -0,13503659276216695 ), 56,13754460613913
( 0,9217726687916236 -1,0647335925188393 -2,014040723714585 1,9280578916606959 1,885738306292627 0,9693283424323074 1,0270502259537413 2,010143860374682 -0,947503909553081 1,9646590469347378 1,403638964717832 1,034626682891294 1,0438230829866288 0,006875492846109016 -0,968050813763563 -0,13503358015803546 ), 56,13754468091393
( 0,9217707299945407 -1,064734694561378 -2,0140302153603997 1,9280636621173297 1,885735695868984 0,9693378003252086 1,027049735234665 2,0101476748596254 -0,9475037603863813 1,964658473687536 1,4036443442221007 1,0346206258684532 1,0438198969034587 0,0068670323722135815 -0,96805348559844 -0,13503627573323787 ), 56,13754472241763
( 0,9217721311543049 -1,064740162589908 -2,0140233464235995 1,9280650671268318 1,8857375556081 0,9693354267046793 1,0270458443893895 2,01014740700262 -0,9474975986736103 1,9646582801163672 1,4036443076428455 1,03461981857833 1,0438229433030182 0,006870802225404142 -0,9680572563567557 -0,13503572466622735 ), 56,13754485827694
( 0,9217699073836785 -1,0647304418632497 -2,014040585132146 1,928060069416643 1,8857368561887222 0,9693315662403049 1,027051118804357 2,0101446748424747 -0,947502828329587 1,9646598093264058 1,4036397363665944 1,0346271619821708 1,043821857904295 0,0068747487097061645 -0,9680489454463882 -0,1350334945230033 ), 56,13754487909219
( 0,9217799577120342 -1,0647332280005815 -2,0140458391743 1,928051422477658 1,8857333994205319 0,9693402113220043 1,0270599648423069 2,010148814047406 -0,9475371335602345 1,9646534451252704 1,4036469431107101 1,0346124399762298 1,0438102598371288 0,00684375471671107 -0,9680531347457233 -0,13504297141861069 ), 56,13754488691961
( 0,9217988656739386 -1,0647781327155588 -2,0139912156547948 1,9280580974042394 1,8857422573503588 0,9693377759344053 1,027038742836737 2,010153715195486 -0,9475236252948452 1,964645485240957 1,4036577585704342 1,0345875834050346 1,0438197311600597 0,006835953905497027 -0,968087770992087 -0,13505001828835891 ), 56,137544938080495
( 0,9217681781433957 -1,064729606931417 -2,014038656071414 1,9280620838644502 1,8857363932299824 0,9693330280602452 1,0270505869875017 2,0101450932455878 -0,9474998976590362 1,9646604027517025 1,403640128262532 1,0346275565079086 1,0438219981420216 0,006875756833082936 -0,9680485385172207 -0,13503312346949065 ), 56,13754503163089
( 0,9217680784055006 -1,064729272605041 -2,01403873001246 1,928062162371632 1,8857360948796922 0,9693337332397619 1,0270509432090076 2,0101453311654187 -0,947500688784291 1,9646603265841962 1,4036404514141296 1,034627189528364 1,0438215052748252 0,006874774009435129 -0,9680484187252607 -0,13503338303411333 ), 56,13754505262803
( 0,9217712766821204 -1,0647409425352239 -2,0140178290836794 1,9280679530776337 1,8857362829356803 0,9693401431859696 1,027045509003185 2,0101493368811267 -0,9474975244648395 1,9646579326696771 1,4036470520072517 1,0346166390219076 1,0438213748959797 0,00686647870580591 -0,9680587669461279 -0,1350371216518711 ), 56,13754507028001
( 0,9217680046333752 -1,064733069867901 -2,014030946666274 1,928065130066086 1,8857367167132684 0,9693345259235876 1,027047855546737 2,0101460767535895 -0,9474950980288467 1,9646603111091696 1,4036416679841528 1,0346255495447065 1,043823095559332 0,006876160716299287 -0,9680514910617959 -0,13503338674119225 ), 56,13754514650351
( 0,9217660377713179 -1,0647351052578737 -2,01402353296221 1,9280693190517328 1,8857371377941228 0,9693354205778143 1,0270445501958112 2,0101465902250757 -0,9474864098256185 1,9646611843242285 1,4036422777367095 1,0346257295450387 1,0438252506225303 0,0068802232890629225 -0,9680531698175885 -0,13503241990034928 ), 56,1375453658362
( 0,9217648810894362 -1,0647330683065332 -2,014023017148267 1,9280705581028323 1,8857353204973286 0,9693399267928645 1,0270462681061137 2,0101481025596377 -0,9474896700188924 1,9646609592835829 1,4036442786210055 1,0346237382585761 1,043822576286464 0,006875075988301462 -0,9680524642265369 -0,1350337569460716 ), 56,13754549786954
( 0,9217671625493438 -1,0647411308191637 -2,0140061193012837 1,9280756476487415 1,8857339687761139 0,9693488232282621 1,0270436239948546 2,0101526486753527 -0,9474913544175303 1,9646585272588672 1,403651433950299 1,0346130077388263 1,043819902589034 0,006862985546529407 -0,9680605064810622 -0,13503825005048403 ), 56,13754571310474
( 0,9217619658741353 -1,0647290867801305 -2,0140245870002054 1,928072172382309 1,8857339074857873 0,9693424981669027 1,0270475701146426 2,0101485552696894 -0,9474888922423997 1,9646618827201687 1,4036444773500012 1,0346250578914706 1,0438214071295249 0,006875035436532771 -0,9680498213106985 -0,13503336890417653 ), 56,13754578982156
( 0,9217605485061905 -1,0647255364112889 -2,014031351451525 1,9280704797341497 1,8857345315678002 0,9693386510062766 1,027048373974726 2,010146565782001 -0,9474869069757552 1,9646631475715266 1,4036412999875698 1,0346300329186084 1,0438228805925536 0,006881112464949754 -0,9680462806516171 -0,1350311702120373 ), 56,137545836325955
Liczba wywołań funkcji celu: 9039
