Iteracja nr: 4
( 0,9881247842933867 -1,1812961370998765 -1,928185026801072 2,0282645721482564 1,9298005934543203 1,0889033102994585 1,1532398867618308 2,0764941930792222 -0,9972178265211792 2,013742368535958 1,3664272750932336 1,1582415434422892 1,0376913715401184 0,0390892841628476 -1,1636643033310903 -0,35405415381591016 ), 86,72657746636578
( 0,7483845216427651 -0,8593300443690506 -1,7029107820303127 2,0090821448658267 1,873576187320814 0,9432986925806055 1,0785210777873715 1,8454714897972637 -0,9042699415226815 2,245823217285289 1,6184752794588488 0,9556248794242134 1,1102829665907665 -0,02741421316911012 -1,1244285348038128 -0,127611433804495 ), 99,24383610053943
( 0,8017291629327895 -0,9284855199763229 -1,704122510895642 2,0716152275691493 1,9230575887339358 0,9463778360995253 1,0930809580502332 1,8722046139541149 -0,8674136223942922 2,2344205845564145 1,625477527537878 0,93665063401905 1,1430732489886046 -0,004713700932308388 -1,1962854187668681 -0,1571437604443081 ), 99,5922298541889
( 0,7416572116722203 -0,8434233224623626 -1,7398329647988442 2,0155538530412294 1,8869083854941198 0,94491842124686 1,1088040109562634 1,8446668701668258 -0,9267352185292943 2,285963611902734 1,6347024403582147 0,9769114497193236 1,1276717514179142 -0,0324451315281667 -1,1304369765291755 -0,13247342182877547 ), 101,23150998453838
( 0,9066018379669777 -1,1085001003351036 -1,5675522533432238 2,0865305728477375 1,8988977042209572 0,9969902643888554 0,9880702430768165 1,9514989063966124 -0,8969039065649871 2,1823811081009525 1,6065113880793225 0,9048205440643909 1,140651810124075 0,033987361088206686 -1,2527349031885437 -0,19484705777849654 ), 101,81586438855814
( 0,898615653526937 -1,043098499466325 -1,5890494741253502 2,1382673468708693 1,8801653535249747 0,94734283971385 0,9537659554515205 1,933662970035631 -0,7972470582772835 2,100272850261021 1,5288757148174916 0,8643685699822115 1,1275493819115792 -0,04710265910002168 -1,2440765049360372 -0,10337153472551908 ), 102,19241668120547
( 0,8845075786657519 -1,0238582269044594 -1,5727675303507074 2,1064583082072144 1,8646833044570734 0,9242934034176192 1,0019996406946123 1,9275022073651118 -0,8083352569151443 2,1252787239262503 1,5724499426206937 0,8577281613116648 1,1481079444802438 -0,0027155161243509196 -1,2031961986890678 -0,14981990383617402 ), 102,263852255014
( 0,8129914015201066 -0,9716804751187464 -1,7064610704628946 2,0922492581849195 1,9245100221078522 0,8971060725107 1,0918951345467451 1,9071723020131093 -0,8917165382310526 2,222180298223131 1,6512489663234395 0,9191317288797591 1,1753251661527009 0,04720769238783018 -1,2505541977041208 -0,16922747291880566 ), 102,69942819772491
( 0,9167643796050027 -1,0659758732611144 -1,5594019056946224 2,1068988644977935 1,8822111283459206 0,9286630074088689 0,9844632543660745 1,943601493069487 -0,7643578604828606 2,0894452239289625 1,5495152051168286 0,8392369424369341 1,1553085648804653 -0,023009120901124183 -1,2006378033021918 -0,13492163686940903 ), 103,16421482128176
( 0,9002707823426168 -1,1418305417690433 -1,5457023811584658 2,030954312824267 1,8601974953536449 0,9897304702991903 1,021285008050487 1,9196637700269223 -0,8271606363983913 1,9931188880783175 1,5320167120843942 0,8303109344881331 1,1083401199835163 0,06015935121174749 -1,1919785948081971 -0,21154316422460046 ), 103,1876509134659
( 0,9113579148617512 -1,0580909968359862 -1,5497480809872175 2,10156493575683 1,8753848817088428 0,9176264192176478 0,9797388121617928 1,94086683126047 -0,7436974251803006 2,065905990945078 1,5493109977037864 0,834667251669549 1,1499250824301583 -0,019271037059945116 -1,2000052539593935 -0,12402101514863184 ), 103,6057332793998
( 0,9185547303858779 -1,0639546511077334 -1,5523871327389251 2,0998603501914292 1,8822840609271563 0,9217914420854534 0,9801476479445352 1,9417274408512009 -0,7413468255190885 2,068306607761367 1,5485996073709496 0,8363301072108632 1,1510859783626453 -0,024757434453175506 -1,2069513574806405 -0,12812300940336907 ), 103,88319934633782
( 0,761072985203923 -0,8561343969146143 -1,778908640651843 2,036403382077471 1,8073792992461588 1,0223646701075 1,0708826954400883 1,7996848019121499 -1,0095566177198168 2,296245693268286 1,5856829570870579 0,9294665312022835 1,0674944225915093 -0,09087601665387451 -1,0700230687419632 -0,17911751688219918 ), 104,13198424818907
( 0,903170052500667 -1,0767749248689693 -1,5382642318092206 2,1286263351370325 1,8639962539832897 0,9415980589657691 0,9881245491362928 1,9638216050112192 -0,75190303765437 2,060199611442515 1,5557467807915066 0,8239710477628114 1,146607731389711 -0,023743213872630637 -1,1932689169677295 -0,12727357320613858 ), 104,62773472670372
( 0,890328872675171 -0,9624990502097062 -1,8224191333805757 1,9900800730660635 2,0419630529018407 0,839821151791142 1,1977548106579217 1,95741635149699 -1,0219151513047826 2,223866025007048 1,6114274801074755 1,0892469462957595 1,1493663895498303 -0,019746605136936053 -1,3431370080160532 -0,22958464297620845 ), 105,27056948399589
( 0,9119915101604336 -1,0271824885814689 -1,505621197195139 2,117513445263143 1,8779020540848712 1,0143153586751918 0,9614554524449309 1,988479940687465 -0,6665551675542359 2,007878584050791 1,531818945939491 0,7525812798138536 1,1104391501196094 -0,09575119342242172 -1,1104527812266958 -0,11739672778501926 ), 105,47749322402854
( 0,9058247351545 -1,1005831145045981 -1,6993431945166015 2,059833159916221 1,9926921035736016 0,9763227641319796 1,0202425308279468 1,9407157109041049 -0,875123661214946 2,2123167173518437 1,6262351208602046 0,9608641391851509 1,231565560828279 0,0685263069303279 -1,351313059922122 -0,19157966804313076 ), 106,30579850404273
( 0,8807512728889225 -1,0216876591294322 -1,6895600231278987 2,0958496078182054 2,0471235563265853 0,987502870568519 1,0540670792902778 1,9923848006956595 -0,883450016129066 2,258505309062044 1,609159624040461 1,0028498843247045 1,215182044947934 0,026373039324148806 -1,3450296745562071 -0,16008040528690826 ), 106,32104305200963
( 0,9180428064217494 -1,0831981830624795 -1,6627785230955094 2,1121697265884225 1,979609950001801 0,9963820955401894 1,0346577838775493 1,95847103935204 -0,8762611207204897 2,2308942654896122 1,6130997374492053 0,9514517469984379 1,1882468627163718 0,011913414735516888 -1,314607753410448 -0,21906810615920744 ), 106,6851876925615
( 0,8043995176188141 -0,9808650727088302 -1,6603365002091266 2,098829842496159 1,9739229479106277 1,0151971095646013 0,9982943000111555 1,9730519916681506 -0,9238859921311022 2,264442375114927 1,5583037134946471 0,9685367213291776 1,1765774808899185 0,1082693814672196 -1,295107942712955 -0,13612559362784152 ), 106,9611608647007
( 0,8720803278607622 -1,065567583822439 -1,5791048041926299 2,093144640658396 1,900346720688657 0,9414281662169539 0,9993639493178295 1,9563784723671465 -0,771356621947114 2,094660297323268 1,5853418726191904 0,8812476260517906 1,189691947218698 -0,0004780743965036659 -1,2703093572083586 -0,15522290261464033 ), 106,9645019383816
( 0,96246989692152 -1,0814323049525072 -1,6470908523403145 2,1287045555930617 1,9541999864179254 0,954874851583495 1,0537868251821014 1,9553336379186805 -0,7949950521660503 2,1893462029981725 1,584057157687267 0,8946499555229982 1,2011149878656064 -0,06666321492736788 -1,2567826969690408 -0,16901839542053673 ), 107,15037315063454
( 0,9581923607606434 -1,1451890696624278 -1,6514000051005195 2,1268385036708097 1,998798545311972 0,9600641993070965 1,0213441342984657 1,974828053240846 -0,8710848206989887 2,200523814866861 1,6100037848569095 0,9387466073869757 1,216430690076275 0,08628564803186492 -1,3116315654975172 -0,15598926904484064 ), 107,33196562102688
( 0,848476640863123 -0,9467474373092478 -1,8685923967026643 2,1538038972450613 1,9454374586409922 0,8411770276022884 1,0737214058622966 1,893662776940988 -0,9279751736575298 2,338879241170983 1,625489338590796 0,9783635688267841 1,1940439559394591 0,002997281882039392 -1,3286366862134207 -0,13705264599288042 ), 107,63196667381456
( 1,0532176615548963 -1,7385164997669997 -1,9637113627634957 1,0739518388315887 1,0686795182688051 0,004423770577621555 1,0977309442569827 1,1481832728568533 -0,9902628661521704 1,3312509347312649 0,7007712735564806 0,7643241113905532 0,2998026560098268 -0,20563027867043082 -0,12979601556037845 0,11430284250814071 ), 107,90276640634745
( 0,8513595574816083 -1,0215320697221295 -1,680853909815299 2,093557724856423 1,8730115139909975 0,8882612747554368 1,1231713750716765 1,9332841436121417 -0,9000799487217988 2,2370319796615106 1,596445624258655 0,901292268141921 1,2134859539066714 -0,04323043938469502 -1,2256291049034014 -0,14903876660863039 ), 108,01051162464998
( 0,9376346994476977 -1,0578620529960698 -1,7413052254253691 2,122095119544763 1,9855794068175754 0,885636735658415 1,1254760941858388 1,9310934193501303 -0,9297781402361209 2,3470541913446348 1,6408127834207984 0,921091377716572 1,2094467395959707 -0,005647354619991968 -1,247213127834197 -0,21731114392110001 ), 109,06199674682806
( 0,8696407032459704 -1,1695400851182232 -1,508020769584078 2,0728653577242238 1,8707280637808026 0,9456302034769332 1,0208916708143583 1,9437922649488693 -0,9362880603676671 2,186260768744264 1,65485809540854 0,9616211466449048 1,1401721880492537 0,1430601516526313 -1,2526425400023335 -0,23350046102086985 ), 109,85155538456652
( 0,7740375055438307 -1,0389482484130352 -1,501199984987402 2,284910433490105 1,9828481493587855 1,0080597210104019 1,0333958394343292 2,022780202377259 -0,8828425618990079 2,072681309737509 1,4954648191652453 0,8415858309410968 1,1534007935389732 0,003443645487275336 -1,2662197760448468 -0,00855365391005803 ), 111,12422876323464
( 0,8446591239408563 -0,9933529142950357 -1,7621294157708864 2,1207425461973637 1,9199901964384056 0,8357293915525535 1,0791916871230698 1,8703454229608487 -0,9270153264593048 2,3385231715936423 1,6123182125400584 0,9175310498175252 1,199985285991847 0,006545159929624657 -1,2638672150677086 -0,17853998223303275 ), 113,47724255440033
( 0,9006933041235947 -0,9902111914179509 -1,5296466093140368 2,105664927225331 1,759030475396267 0,8756054328536367 0,9322842447826399 1,9663238029604293 -0,7783546520608947 2,0745519866312665 1,4853905165180536 0,7853844908904264 1,1910674833431938 0,0763740492721734 -1,1282343750891428 -0,1674929377483949 ), 114,49486442289235
( 0,8252889261325494 -1,082920027578018 -1,7205882707617166 2,1688482081795764 1,9682535829543788 0,9194782206033731 1,2184237573486558 1,9808569746390268 -0,8843670210892669 2,2762398255088474 1,6954896001413804 0,8823410130399146 1,2303013616044174 0,16101372203403083 -1,232990919546636 -0,18394562789642432 ), 119,68997357353834
( -3,198692420168734 3,810530804040117 4,14233224329117 0,040595130550075686 -1,099105760545033 1,1061406943138 2,841361477615945 -0,11142086294070075 1,2565384561286486 -1,0189813074526843 -1,0480477537493593 -0,9597128940043664 -0,2643929044270992 -0,996338768602833 -0,06602158489765941 -0,8873431386569324 ), 121,35841612542225
( 0,8312611225127144 -1,08498713065358 -1,5143512352858894 2,1333666752898734 1,9329486423273647 0,9786388862641594 1,0841527906201427 1,874111937495411 -0,7748906888522684 2,1699211527659834 1,540850221150212 0,8144337182659838 1,2561658550685788 0,052813666170147266 -1,2410544787687838 -0,10164678180256803 ), 122,43852588518996
( 0,7402896588684134 -0,830732925565791 -1,6531506981062727 1,9665005348774782 1,9143391989673326 0,839795078794021 0,887137198928851 1,7915196734921273 -0,6274159381845665 1,9363126989505328 1,288307938281284 0,93596676487986 1,2269139639714444 0,15663986127370455 -1,1997215061204196 -0,09605838013697283 ), 123,5099724766117
( 1,2043602700265361 -1,7111572668276622 -2,0790986333390515 0,8284305356249262 1,108837278387535 -0,2069801685434215 0,9648091573393993 1,0603664080626092 -0,9417081044449033 1,3271634703554398 0,4726482531317946 0,876128405069173 0,11899727728978071 -0,33535807309001747 5,069142635538704E-05 0,16440973347088725 ), 124,11373679770571
( 0,7879489564222868 -0,9900814553391412 -1,4722949972350687 2,2631272317743725 1,7211056165015153 1,1082805433145277 1,0591526197774754 1,9133770240429842 -0,6668168159851462 2,075474098827618 1,6006969343997737 0,672991869818976 1,0681105343494748 -0,05211815764952826 -1,0969147604632705 -0,15273630364082538 ), 135,11708584194488
( 0,9277714055593742 -0,9518461380587175 -1,5758886353682382 2,2121257229393727 2,0315719776245063 0,9475552667945801 0,874898054756395 2,0709899702087813 -0,6264748170165082 2,3264517747370275 1,4922596118501297 0,9409662862632601 1,2430683478965325 -0,16324939853429019 -1,329163419364915 0,04082358564515781 ), 140,96947007012753
( 0,9160649224115385 -1,1212368663533763 -1,815892444007491 2,169165639972998 1,9159698917248302 0,8550323290806778 1,2630259586679933 2,079889798610018 -0,8417499655964126 2,4060095249059317 1,5893287643025484 0,7794371388141498 1,32382911825138 -0,254262118547554 -1,1588020993080728 -0,16379887148762892 ), 145,5216943854333
( 0,8593094075899138 -0,026376659726506796 -2,5565554724912065 3,03697670048373 1,3413248318510778 1,2965646637296462 0,7757208465291556 2,097063914233666 -1,7991371795524025 2,082420363493931 2,1340761994437036 0,21556702526991117 1,6299241760989804 0,03598988862688409 -0,8890191250118462 0,2464034063405891 ), 146,32837268206154
( 0,05789911107258104 -0,07111455509037551 -1,1603981756264246 3,6078476259688825 0,950822040891104 1,8542182933531361 1,394599315006026 1,8671927379961606 0,16384281031950826 2,5905175732432038 2,0455170151587203 -0,2098591965462525 0,818550564322027 -0,7243514751370299 -0,5505932611807222 0,11301955093854328 ), 147,29860519337797
( 1,2117807080644554 -0,8732643613153381 -1,1299731009454863 2,3225949987295675 1,6350432377420525 0,5253791218035175 0,9796621462537151 2,043684239083187 -0,7718456678975677 1,8757303472386364 1,2356416540059396 0,9947550034324633 1,1506957800501463 -0,5088724758354816 -0,6498353427826691 -0,11491332144835216 ), 150,06704302655402
( 1,842476004571056 -3,0787251615859352 -0,09160703761882028 1,5357588852176347 0,1929791331250854 -1,5929679152989433 -1,6768479877840012 0,5981907842559844 0,8989513471146944 2,9313482309740224 -0,06824161088139435 1,8793459889945296 1,794290281265297 2,1289146433173136 0,8818104338998842 1,7893536829174 ), 153,2724936522807
( -1,8229002381388881 1,7803390195659459 1,7428402587163607 1,2214105242433857 -0,28892219520819007 0,9207309598073437 1,876196813356404 0,408971435351141 0,42988644320716296 0,019716364451523027 0,5303669983670276 -0,14427538663501926 -0,050791903566948016 -1,0214022140333632 -0,7436761137789336 -0,2541943506510409 ), 155,8809917633285
( -0,4423010779512589 -1,3285156310368842 -1,0757817064319033 2,957614915528592 1,9099193771824938 1,7616175402483107 -0,03069836210120727 1,7308342757900366 -2,9671772725657335 1,1262566116859043 3,388811876868626 0,5576305978740059 0,19344870451681084 -0,17860568478992256 -0,19847245525332818 -0,002245590358512642 ), 161,7618182707885
( 1,0673582196035913 -1,0688649096779441 -1,5373346244863932 2,1704079881347322 1,9839476577564237 0,8084210776893723 1,2229636635339454 2,2077722214953086 -0,8678263500710884 2,3114801277718935 1,639693988630543 0,879839629319834 1,4539052972582827 0,2393447381193038 -1,4031571779075254 -0,10607810606656617 ), 162,29407085888315
( 1,2025983453465305 -1,441986272647858 -1,9318153876870274 1,912420722999968 1,6126819074416883 1,2269053959436342 1,2565526910443674 2,1957864781042904 -0,7163462902059096 1,1645858732096697 1,0437766561235253 1,0515717122327488 0,7395701354049757 -0,37257609030217576 -0,9861262928444784 -0,5012961418416816 ), 166,0300952703301
( 1,196408278390082 -0,6424379795359041 -1,6881080868805554 1,6710856338179287 1,6867411168165858 0,8462760400496459 0,4602983795075159 1,4089820979814935 -0,7784085577323488 2,0936247436383724 1,1697720651324912 0,8794890163672637 0,9781150279009152 -0,27828747702904916 -1,160575262277933 -0,19796858252379057 ), 172,4209477378898
( 0,5855426396225384 -2,071793562798253 -1,8571513307061156 2,347995780485387 2,965497906503113 0,4349909520128107 0,7998492065097697 2,5152864190540125 0,11081930866726745 2,156284158223884 1,695301701603576 1,8649453161446155 1,982507210897372 1,6773507858497496 -1,943178445739618 -0,2242948358749845 ), 173,4893221380805
( 1,4364465986312602 0,2897791326180773 -1,7265204710616249 0,8956134025067964 2,1352213447784893 2,1285471115802324 0,03069166268222956 2,683687670323111 -1,452963065952746 -0,7858709433356905 1,7297691241873314 -0,23420707439038346 0,18611349685097467 -1,2904282811952719 -1,618602115026877 2,077656452536981 ), 190,34594792239773
Liczba wywołań funkcji celu: 555
