Iteracja nr: 48
( 0,9245307769922294 -1,0639071819170833 -2,020279854895706 1,921947665906043 1,8851090164142585 0,9659546741755245 1,0296174332186971 2,0084594202436734 -0,9560089596130892 1,9625382584604325 1,4015574785866662 1,0341424296411772 1,0420491347053296 0,0035900306001503506 -0,9665216035610243 -0,1355849762902732 ), 56,189966851033915
( 0,9277126216242002 -1,0679093196612475 -2,022945428655986 1,920377329798885 1,889136883362572 0,9598176120337675 1,0275511700812274 2,0070326359791864 -0,9531809827187427 1,9636435348756285 1,399848466702246 1,036849470041504 1,0462521415806925 0,010194738436381152 -0,9688872611662361 -0,13438099552885902 ), 56,198094179284894
( 0,9261776487404085 -1,0651591187474903 -2,0237415930423683 1,9203671778328035 1,8873057570382576 0,9619419633051285 1,029038490921648 2,0073026166836683 -0,9551273411366996 1,9632584614713797 1,4000311009420916 1,0364406619167348 1,0442907938266563 0,00771060501172508 -0,9669479781447613 -0,13466339860523582 ), 56,19898664556891
( 0,9268802213248165 -1,0659211217359212 -2,023193425785576 1,919939149745457 1,8872789567615733 0,962038870986191 1,0290750232682964 2,0074301875379565 -0,9563136667388793 1,9628205799484617 1,4003289950560667 1,0355443930412198 1,0439930138232305 0,006461519544191095 -0,9675702197376012 -0,13509813523885372 ), 56,20390213546425
( 0,9259909279133418 -1,0646996248998692 -2,025089468800358 1,9202211978003978 1,8877274203255872 0,9610328244464835 1,0290247538276438 2,00694150795755 -0,9543210246874527 1,9637106612529809 1,3994523628476832 1,037610232560209 1,0448874034573499 0,009367519025592786 -0,9664728802533544 -0,13417386692301372 ), 56,20510682162799
( 0,9252326073932753 -1,0636949621508107 -2,022849474677296 1,9206073986731638 1,88564457049748 0,9643692433331916 1,0300539184835849 2,0078754002735284 -0,9571156111686947 1,9626078359076935 1,400764007514743 1,0350449760231237 1,0423888506968395 0,004428992285713729 -0,9661151875510772 -0,13534124186484364 ), 56,2054766613783
( 0,9264818368110433 -1,0654029012263704 -2,0250367081972644 1,920103993262895 1,8881954298745705 0,9604893491351449 1,0287350464137863 2,0068790792767244 -0,9541250759091254 1,9637766386268067 1,3994269331252644 1,0376558229417905 1,0453207115449328 0,009812037996582156 -0,9669846023779889 -0,13416410785655564 ), 56,20571728258483
( 0,9256825804258698 -1,0644841942524976 -2,0216144917417376 1,9206133164208985 1,8855052932635878 0,9648588496104321 1,0299278869752544 2,008146352637607 -0,9577981005492843 1,9622112099722153 1,4012463992306916 1,034008474605262 1,042072524054277 0,0031466523595789515 -0,9668176844582819 -0,13578517874431645 ), 56,206810764105725
( 0,9268865282797971 -1,0657937147471623 -2,023473472712587 1,919714889339422 1,8872320335900263 0,9618251038151995 1,029143283858683 2,0073054120835203 -0,9564414223977371 1,9627592258655302 1,4001504131127598 1,0356504506991315 1,0439703948673908 0,006549323188039456 -0,9673962362713874 -0,13503111244569183 ), 56,20758193938043
( 0,9263383842938847 -1,0648255481904099 -2,0247340042137525 1,9197529729685128 1,8872600803316666 0,9615654780121419 1,0293916774899237 2,00709954924056 -0,9559392551161344 1,9631539347753997 1,3997472369444228 1,0366259451220088 1,0441373660514572 0,00758015396466765 -0,9666126734592242 -0,13464884086472764 ), 56,21007837666359
( 0,9263344993746256 -1,0647880988536722 -2,0248616368418446 1,91972491395341 1,8872920110956983 0,9614887543976822 1,0294000885018582 2,007068952908754 -0,95590816985786 1,9631838143661393 1,3996997521253798 1,0367131993140912 1,044176801554542 0,007693614741583499 -0,9665724575033902 -0,13461444066648137 ), 56,21075318690407
( 0,9262883673356135 -1,0647854382172963 -2,025429701580163 1,9197866559577657 1,8877152827009671 0,9608219508633344 1,02918145249735 2,0068601005319393 -0,9550164009405415 1,9635299210897568 1,3993740466609221 1,037460234523578 1,0447554214485508 0,009007396509939522 -0,9664872451122197 -0,13427005800776182 ), 56,21127456115798
( 0,9258326044983507 -1,0642568029133617 -2,025980491659301 1,920052695805167 1,8878236485788091 0,9606331444611094 1,029153959786726 2,006739879850269 -0,9541454291094743 1,963896055394406 1,3991212515027545 1,038205810947202 1,045050066615634 0,010048530358770026 -0,9660565473477006 -0,13393303373501056 ), 56,211485175271264
( 0,9263147957874791 -1,064754659347379 -2,0253246216804137 1,919713820114164 1,8875663892436585 0,9610134882041549 1,0292846378945817 2,0069115872808805 -0,9553823369206337 1,9634037703729692 1,3994570274186662 1,0372260882848938 1,0445467854767942 0,008557075860863107 -0,9664823511603412 -0,13438224674192117 ), 56,21189170071307
( 0,9261495399662629 -1,0647452730380849 -2,0224595995907815 1,920057196599755 1,8858822231045311 0,9640022710951489 1,0299221196549142 2,007881187607152 -0,9580599691380947 1,962223193930584 1,4009110848497213 1,0343366159676366 1,0423890316066962 0,003676604279925807 -0,9668806385747716 -0,13566923822395208 ), 56,2119724097348
( 0,9265003144420942 -1,064953097883861 -2,0248306971016055 1,9196033844585183 1,887323189603053 0,961423420230242 1,0293979765670815 2,007065845149885 -0,956124700864916 1,9631078872848444 1,3997199987270168 1,0365857909618847 1,044158679283311 0,007532731293842348 -0,966690301139188 -0,13467693649769794 ), 56,212123017038735
( 0,9264258916877884 -1,064839909089349 -2,024934405074846 1,9196102833792577 1,8873040957922675 0,9614077789324487 1,029421778392345 2,0070417413138704 -0,9560622586225392 1,9631369515112278 1,399673071515746 1,0366772898867371 1,0441627363660149 0,00762927016776635 -0,9665932539361868 -0,13463358028275602 ), 56,212440360306445
( 0,9263307533560168 -1,0648313435837118 -2,0256385428508916 1,9197490552776986 1,8878679166502768 0,9605559529761365 1,0291121029395234 2,0067788472019648 -0,9547977505913704 1,963617433597871 1,399256749167624 1,037679811303343 1,044944811752364 0,009407175935903234 -0,9664850008131749 -0,13416897105281744 ), 56,21255852915199
( 0,9265088872975056 -1,0649063283916902 -2,024572307617662 1,9195481873635 1,8870708762439539 0,9617896392288634 1,029544182084425 2,007171226361817 -0,9566481608454775 1,9629137042358737 1,399882599663439 1,0361906326689232 1,0438204301028782 0,006801103976611482 -0,9666955966267624 -0,13486083365863874 ), 56,213233876264255
( 0,9262082115942236 -1,0647267156515918 -2,026014097688321 1,919851594037648 1,888104727249578 0,9601941570810463 1,0289897670761374 2,006655487040548 -0,9541510412602621 1,963871657075022 1,3990496811840263 1,0382057183314803 1,0452999664899845 0,010284093100947894 -0,9663623953397009 -0,13392801455038325 ), 56,21361633520662
( 0,9265375462457651 -1,0649316315319983 -2,025104225267146 1,9195085957003906 1,88742133862321 0,9611913059323313 1,0293917147052642 2,0069817794801605 -0,9560530705186636 1,9631607918151806 1,3995980726089745 1,0367733814291595 1,044274422422766 0,007812931755734297 -0,966635306997724 -0,13459711230526566 ), 56,21396069435811
( 0,9262912480478037 -1,0647946216140867 -2,025986902187468 1,9197821006003668 1,8880950258381899 0,9602052380488332 1,029014029508261 2,006667476076617 -0,9543299220924195 1,9638173438385857 1,3990797632538035 1,038104325673067 1,0452518691515156 0,010118797233701435 -0,966420552099117 -0,13398276183120128 ), 56,21407683240881
( 0,9266037877920846 -1,0649638626553644 -2,0240345569444584 1,9194576609756975 1,886693454299724 0,9623858665362034 1,0297430227589475 2,0073648235024777 -0,9575332342625865 1,9625734807637314 1,40019214695106 1,0354621855377573 1,0432840794846234 0,005541668211751084 -0,9668156168235663 -0,13519866622593635 ), 56,215866693188616
( 0,9268242050199588 -1,0652222286813675 -2,0247926290986933 1,9193202729726815 1,8873192033254382 0,9613667822099075 1,0294590188357133 2,0070733322342664 -0,9567206024094062 1,9629148643955816 1,399779749060998 1,036267467167695 1,0440309118823894 0,0070430693211227125 -0,9668868652330829 -0,13483869968502582 ), 56,216001588190665
( 0,9265318644293068 -1,064893640254108 -2,02587173449416 1,919461570545745 1,887870899595206 0,9604045311208728 1,0292120132116938 2,0067228228293894 -0,955247331631282 1,9635050783036656 1,3992022376908606 1,0375914763748764 1,044869112819381 0,009188118424117648 -0,9664999468977598 -0,13422966247373042 ), 56,21684511259768
( 0,9267574626952041 -1,0653458228046921 -2,0260208748077937 1,9195176741778732 1,888394326403645 0,9597412364879342 1,0288574679626956 2,0065864148137025 -0,9544688077156198 1,9637580334282876 1,3990261415020764 1,038036677654085 1,04548747303925 0,010256408972712213 -0,9667885706322481 -0,134015795530038 ), 56,21709313380252
( 0,9266100381690029 -1,0650308059028608 -2,025970097507265 1,919466820950635 1,888053181372485 0,9601640530116273 1,0291025516499062 2,0066696544969225 -0,954997134560254 1,9635963327567016 1,3991317173992683 1,0377616751900278 1,0450808686123618 0,009564664724339858 -0,9665825391935806 -0,13415164320322828 ), 56,21712788150121
( 0,9261378466839416 -1,0643844318896696 -2,026194259373609 1,919616657755906 1,8877812271303516 0,9604542138363436 1,0292953984731348 2,0066679964857297 -0,9548589416123275 1,963675029399427 1,3990615370052886 1,037982777914584 1,0448911240504302 0,009607373910723123 -0,9661061087870388 -0,1340525080168361 ), 56,217161923385106
( 0,9266752332038909 -1,065027068470479 -2,0237890157390086 1,9194022381879576 1,8865423518761673 0,9626234897462627 1,0298191963870105 2,0074461397820293 -0,957933322462938 1,962416397913657 1,4003272638371271 1,035129982807652 1,0430593987396148 0,004987618096998389 -0,9668933669387051 -0,1353512056601583 ), 56,21765610868573
( 0,9267108783912958 -1,0650501968363966 -2,023838274623529 1,9193624562050215 1,886566515808102 0,9625678576393613 1,0298186897140307 2,007429484470582 -0,9579586225880735 1,9624136610887362 1,4003072945335493 1,0351445072044874 1,0430780274157234 0,005013014958073034 -0,9669025325403137 -0,1353468821013784 ), 56,21819234688668
( 0,9266604997860984 -1,0650823421724347 -2,023186343663603 1,9194948370857068 1,8862491381344744 0,963179230946983 1,0299025029250097 2,0076361701775007 -0,9583808910797467 1,96219968442671 1,400614737148004 1,0345740604708626 1,0426822816213621 0,0040968665082615815 -0,9670123044160215 -0,1355931012287436 ), 56,21832498924647
( 0,9267178687636441 -1,0649837855988258 -2,0244760030730276 1,919273241464147 1,8868737424854218 0,9619871637719195 1,0297304098670244 2,0072301621577466 -0,9574749510627594 1,962646171157872 1,4000043264726632 1,0357361892415238 1,043475961666657 0,005959845812002298 -0,9667702457300469 -0,13508829388777643 ), 56,21835719543819
( 0,9267102272180535 -1,0649444957878946 -2,0251283505990525 1,919225893744682 1,8872447338475398 0,9613204365971045 1,0295815703713376 2,0070073099961947 -0,9568015686166362 1,9629298451867718 1,3996638405487498 1,0364248290596938 1,0439712404527426 0,007115994940235303 -0,9666452153811796 -0,1347757451956382 ), 56,2186215213776
( 0,9270458433066189 -1,0654307264145642 -2,0251759438822283 1,9191254512589249 1,8876127815754713 0,9608190738768382 1,029344515250956 2,006915054732568 -0,9565418282793547 1,9630010760677734 1,3995732435772539 1,0365585083104052 1,044347006103551 0,0076179097419480256 -0,9669649643609015 -0,13470750618716132 ), 56,21879947063417
( 0,9262326074838708 -1,064723685159172 -2,026672151788038 1,9197861370615794 1,888496945663484 0,9594961641379365 1,0288316010428387 2,0064274474274395 -0,95348905910585 1,9641528051561372 1,398706073268569 1,0388911038922894 1,0458114360731374 0,01144946184373241 -0,9662623552512545 -0,13361812360116063 ), 56,21915658931738
( 0,9267772157638665 -1,0650919679150361 -2,023693414628586 1,9192932863606798 1,8864546402943454 0,9627264976857945 1,0298879971147052 2,007481947148496 -0,9582942691872094 1,9622900136106391 1,4003974494313498 1,0349001021367197 1,0429053471230716 0,0045916832423843635 -0,9669523831629483 -0,13546166574683 ), 56,22024318795938
( 0,9269312927568175 -1,0652336829435323 -2,023646233440521 1,9191685960205782 1,88644947944288 0,9627049793454592 1,029905574427486 2,0074879347288244 -0,9585618731605593 1,9621931573426659 1,4004300521805355 1,0347366234400182 1,0428449716170087 0,004356610696527135 -0,9670522438271518 -0,13553801095954396 ), 56,22252158079738
( 0,9270321013211532 -1,0652162367461369 -2,025258794934844 1,918942886343357 1,8873565960455456 0,9610689742326964 1,0295866377746068 2,006952437423057 -0,9571741727996053 1,9628257269908944 1,3996287032205863 1,0363086249189355 1,0439994005847932 0,006979095985276699 -0,9668174897695253 -0,13484440927148347 ), 56,22271609708767
( 0,9268194120124758 -1,0648629916491077 -2,0253274536984804 1,9189552246337178 1,887114943395535 0,961345634010952 1,0297656342725097 2,0069860888029907 -0,9573867877594723 1,9627740279164172 1,3996490106504607 1,0362564186764092 1,0437512431489293 0,006675576404093832 -0,9665662789130962 -0,13487430078123636 ), 56,22387579283577
( 0,9266456270952581 -1,0650098807742439 -2,0268767689511105 1,9193530554250218 1,8885661263154288 0,9592259238468832 1,0289088457343447 2,006358489611958 -0,9541549129691769 1,9639609756208598 1,3986635669996679 1,0386745704007618 1,045748577392722 0,011098364540560776 -0,9664340084893909 -0,13374111653940784 ), 56,22429362788925
( 0,9270443322793026 -1,0652673019816463 -2,0240046195997183 1,9189692157177582 1,8865866357503382 0,9623315628497523 1,0298896114379936 2,0073538922462806 -0,9585368811271677 1,962220433472796 1,4002458900762347 1,0349486210419747 1,0429981278412923 0,004696847552113046 -0,9670081779975312 -0,13544134132739166 ), 56,22490713251865
( 0,9264085390375998 -1,0641367850812293 -2,02640230629428 1,9189231231124508 1,8871955550341302 0,9609294180710083 1,0298960294525017 2,0067398409117367 -0,9568325581216901 1,9630946467392985 1,3992134772015434 1,0371449306112723 1,043991162029687 0,007749060127129283 -0,965917865592402 -0,13448871155556302 ), 56,22780394458259
( 0,9270770248205851 -1,0650164881175062 -2,0259257918228393 1,9186635454144116 1,8874294218920933 0,9607243797581986 1,029714884208886 2,0067979864432726 -0,9573402371994972 1,9628644790487928 1,39939915946412 1,0366044068034446 1,0440609555271452 0,007258947981067703 -0,9665966493607493 -0,13473936652273596 ), 56,22872444574959
( 0,9271706538089348 -1,0652391270007404 -2,024146696130217 1,9187495801860441 1,8864931247556112 0,9623859960373272 1,0300496925076945 2,0073613699192934 -0,959083487054616 1,962090750295838 1,4002743610211765 1,034766418049491 1,0428054362640264 0,004260190570501789 -0,9669928682662182 -0,13555618790183746 ), 56,23017020220739
( 0,9266733530753799 -1,065068278171932 -2,0219078577517533 1,9195018775505048 1,8853834217163368 0,9646354313063418 1,0303128231540297 2,0081019999859873 -0,9600333952829689 1,9615411138189318 1,4013253855414358 1,0330656974269443 1,0415225684051885 0,0014687386746109906 -0,9671983368901695 -0,1362868710324328 ), 56,230284322877125
( 0,9273524375689387 -1,0653256186820461 -2,0241222839034 1,918523451932002 1,8863872386547331 0,9624568919985835 1,0301682988940408 2,007382968384918 -0,9596601486822948 1,961904916300871 1,4003352136176994 1,0344713648002328 1,0425960090326558 0,0037229022038348675 -0,9670581353528788 -0,1357042130998652 ), 56,23566999439409
( 0,9276138619015988 -1,0654955024490738 -2,0263080341674833 1,918182597873903 1,8877503445425636 0,9600432874048731 1,0296335956249962 2,006618034613929 -0,957659657114569 1,962779198508217 1,3992083947768783 1,0366460411150726 1,0443040385214102 0,007477470288677686 -0,9668563134043344 -0,13473074027670132 ), 56,236224926692515
( 0,927362411102165 -1,0653600966987196 -2,0238933296939217 1,9185440882203377 1,8862779251721469 0,9626610243258114 1,0302017095286715 2,007454123357936 -0,9598546622350741 1,961814221297505 1,4004450535171682 1,034248407718685 1,0424496366878226 0,0033675268892627533 -0,9671130112353247 -0,13580236516096272 ), 56,23644952085061
( 0,9274958146157278 -1,0655741680992745 -2,023569318018909 1,9185413855945832 1,886233617624601 0,9628171415033053 1,0301820180645749 2,007538096592202 -0,9600900038359006 1,9617002068451086 1,4005919714979371 1,033944532966017 1,0423436477405772 0,0029699979136887395 -0,9673067673422329 -0,1359372297677731 ), 56,23740370869004
( 0,9274027226455395 -1,0654936553406724 -2,0232921150944585 1,9186282180795486 1,886043620016968 0,9631555502449769 1,0302525707133734 2,007638814136269 -0,9602749806846497 1,961612154188554 1,400731731133171 1,0337047174290797 1,0421264856117693 0,002535296114156849 -0,9672917702631991 -0,1360426092348689 ), 56,238018105338185
Liczba wywołań funkcji celu: 4999
