Iteracja nr: 52
( 0,9224899640766694 -1,0662137619879588 -2,0134546011099927 1,9276682909566256 1,886632668142628 0,9673918244748244 1,0260024950480635 2,0095718416231536 -0,9458389869791624 1,9646608132248609 1,4029383329615528 1,0351485621079943 1,0451098694207706 0,009008170472191986 -0,9688266711172465 -0,13454704418119048 ), 56,141044583558866
( 0,9223009056131225 -1,066135444957051 -2,013059495411953 1,9279191674189695 1,886483630710294 0,9677529034537632 1,0259843513468376 2,0096887655855187 -0,945698464833451 1,9646550322217498 1,4030881648919753 1,0349988530528142 1,0449889499854383 0,008795036791846548 -0,9688228563805374 -0,13459609883363313 ), 56,141083412533064
( 0,9225908838247538 -1,0662872028539525 -2,0133578093083093 1,9275735917605266 1,8865603095551058 0,967486507976368 1,026060209177977 2,0096083222922796 -0,9461658043210404 1,9645479197490079 1,4030089454852666 1,0349342085194457 1,0449746972147969 0,008646159905998044 -0,9688941363243301 -0,13465124618826627 ), 56,141086432537676
( 0,9225909759975408 -1,0663378882328671 -2,013384581861103 1,9276166802491461 1,8866539321050133 0,9673675490681445 1,025984695066915 2,0095793993495765 -0,945944201377227 1,9646144383631254 1,4029650752729304 1,0350543440459672 1,0451039404962281 0,008905982473839143 -0,9689201344776689 -0,13458945186205826 ), 56,14109496989337
( 0,9225088933517337 -1,0663476436915527 -2,01322621702965 1,9277664071447176 1,886664281994537 0,967437096923366 1,0259152274809868 2,009611137737896 -0,9457049178260432 1,9646661647439505 1,4030009698857908 1,0350807081893663 1,0451537989950876 0,00901542839827266 -0,9689438462306211 -0,13456394467940383 ), 56,14109821311966
( 0,9222068736676691 -1,0660396324694037 -2,0133338908986134 1,9279856101710233 1,8866330398226625 0,9675193903016285 1,0259155680781766 2,009605706544832 -0,9452776526658351 1,964827189631179 1,4029467524739874 1,0353586127675163 1,0452165644634224 0,009376003527079731 -0,9687219804836257 -0,1344335412506876 ), 56,14109946630397
( 0,9224175637642237 -1,0662957919251899 -2,0130194729188706 1,9278760008349647 1,8865611540299096 0,9676540815838818 1,025930050142663 2,009678863610381 -0,9457088084266395 1,9646409922098995 1,4030903550389926 1,0349655602560952 1,0450523715857336 0,008823725857443105 -0,9689365084663195 -0,1346094147667545 ), 56,14110802573356
( 0,92264782494088 -1,066210931403005 -2,0137512706456198 1,9273986610275222 1,886632601900825 0,9672446146190218 1,0261181295477715 2,0095107047266314 -0,9462507421279507 1,9645766074154782 1,4028687990407054 1,035115770287038 1,0450397466135333 0,00884355733960176 -0,9687937505073355 -0,13458706637215365 ), 56,141108461491896
( 0,9226152204923943 -1,0664029295744952 -2,013361471477716 1,9276373991472007 1,8867082300859306 0,9673098947203952 1,0259356697252662 2,009571694910326 -0,9458461963504923 1,9646383534482932 1,4029568737843292 1,0350859463335749 1,0451702071788729 0,009010974175844413 -0,9689651823519013 -0,13457053191328494 ), 56,14112201074133
( 0,9225189002688122 -1,0663837298318362 -2,0131734154175174 1,9277834575135446 1,8866721999472018 0,9674435330913519 1,0258949768977013 2,0096190717230247 -0,9456813455698391 1,9646641272421228 1,4030146651433628 1,0350612614121324 1,0451633422092221 0,009012674058234053 -0,9689737679175415 -0,13456929451859526 ), 56,14112898900379
( 0,9224643951633331 -1,066354436085487 -2,013001261687411 1,9278520541855595 1,886582650321287 0,9676242062646155 1,025916298530202 2,0096766411451963 -0,9457359257275397 1,9646279704266498 1,4030940225442348 1,0349408962162912 1,045065003995816 0,008809869577181828 -0,968979079272167 -0,1346207541341426 ), 56,141146784981146
( 0,9227613545928129 -1,0664093714645229 -2,013604377480577 1,927397964957246 1,886700780867675 0,967194775687544 1,0260400151026015 2,0095238091785874 -0,9462323238884862 1,9645545241886548 1,4029056997077105 1,035034473028204 1,0450960261225628 0,008831652781213504 -0,9689446494489458 -0,13461580636031462 ), 56,14115873521929
( 0,9224250355617439 -1,066354915402987 -2,013030793103329 1,9279159280125326 1,886648445068207 0,9675468993278826 1,0258570542869678 2,0096548274624704 -0,945509814724918 1,964698639545892 1,4030550529036525 1,035065496158141 1,04517059160023 0,009052516548277238 -0,9689703441122992 -0,1345567472435199 ), 56,14116450808163
( 0,9226969093556061 -1,0663515915181463 -2,0135615024194573 1,9274473772083247 1,8866619753109282 0,9672623422593268 1,0260472421429927 2,0095383287231474 -0,9461879157400127 1,964561728522852 1,4029186303361043 1,0350351876081967 1,045070557945253 0,008817862738522758 -0,9689089060779571 -0,1346117502644056 ), 56,14117198912963
( 0,9225199187580334 -1,066436926340462 -2,01304775475446 1,9278339307501549 1,8866699479169502 0,9674923058918893 1,0258621851921195 2,0096450495490172 -0,9456383836870341 1,9646586244478463 1,4030544445697264 1,0350100558622701 1,0451641664049216 0,008978025233373925 -0,9690249599001504 -0,13458604221594642 ), 56,141172780414124
( 0,9226739944499702 -1,0664165890641357 -2,01339461816571 1,9275483104990436 1,8866784019578116 0,9673094245111532 1,0259804968351127 2,0095677492153756 -0,9460359245922062 1,9645819042998596 1,4029601137653926 1,0350124657609956 1,0451082777675735 0,00886125131166262 -0,968970334139365 -0,1346094812277849 ), 56,14117288213755
( 0,9227517433053785 -1,0665641690511565 -2,013373633015846 1,927559981741757 1,8867972585530466 0,9671725194260679 1,0258897243780374 2,009547644246952 -0,9458853529337538 1,9646219434260206 1,4029405674821387 1,035068110281229 1,045240608155911 0,00905425521686675 -0,9690729712077101 -0,13457962813249322 ), 56,141230017903894
( 0,9227414305117969 -1,066559527567613 -2,0133288299883287 1,9275706832442079 1,886772175036541 0,9672136893285884 1,025894911845189 2,009559639714173 -0,9459054054154942 1,964607738924798 1,4029577268543758 1,0350337212393548 1,045213582340428 0,008998669158136493 -0,969073662074968 -0,13459277236674036 ), 56,14124958178765
( 0,9222056895456221 -1,0661750957829947 -2,0127459440752085 1,928119726667204 1,8864533055651367 0,9679239019624762 1,0259028644873027 2,009759068691544 -0,9454690067294055 1,9646806996779707 1,4031813208123847 1,0349331710488032 1,0449948028372864 0,008786158270280292 -0,9688849927218619 -0,1346055337202834 ), 56,14125197065053
( 0,9221743382066138 -1,0660713676398548 -2,013303760128619 1,928070492538938 1,8867013064452238 0,9674647328043706 1,0258418569570809 2,009597777527582 -0,9450399321632157 1,9648947640833714 1,4029296031647631 1,0354553009331642 1,045322918284319 0,00959593110753869 -0,9687446065189012 -0,13438130117330024 ), 56,141254790671056
( 0,9222752617551097 -1,0662108416986953 -2,013229500650062 1,92803226291457 1,886742569700563 0,9674179073808541 1,0258045877625237 2,009600789527689 -0,9450925585315694 1,9648621031844944 1,40294946102657 1,0353832640469463 1,0453453022070422 0,009548380202468216 -0,9688472755301973 -0,13441110723860797 ), 56,14126232301808
( 0,9224464985092834 -1,0663169326547186 -2,012893042299121 1,927841150793202 1,8864708627782276 0,9677753425228327 1,0259716325689265 2,0097154555454293 -0,9459165816501854 1,9645522590787234 1,403151754854546 1,0347932199095131 1,0449285011423355 0,008535088256300977 -0,9689616941096851 -0,1346839202019422 ), 56,14127679434925
( 0,9227663881736938 -1,066696634033114 -2,0131618869235814 1,9276663638303342 1,8868435801726973 0,9672014377741834 1,0257949773548956 2,0095827868700415 -0,9457174226771595 1,964641820093006 1,402995885445258 1,035025646227602 1,0453041124681672 0,00910542773890873 -0,9691882647632385 -0,13458563619075378 ), 56,14129566773734
( 0,9221025317096072 -1,065733584161449 -2,0131286400808914 1,927875101835286 1,8861574253665525 0,9681400265814967 1,0262478937410031 2,0097507467289923 -0,9461608037740814 1,9645409884769869 1,403153337201475 1,0348301558227535 1,0446128600416453 0,008224763248109269 -0,968551067102978 -0,134692923429265 ), 56,141301493857895
( 0,922658590510216 -1,0666058910656306 -2,0128885628766815 1,9277636446190602 1,886655585183222 0,9675316287763884 1,0258582227276314 2,0096785031530633 -0,9458645714974634 1,9645619805251626 1,4031262224494618 1,0348058435194647 1,0450980071048075 0,008707305350313003 -0,9691615225884798 -0,1346783951581486 ), 56,14130495665965
( 0,922542940417357 -1,0665916915102738 -2,0128416636919226 1,9279438555846267 1,8867429814516787 0,9674822563443009 1,0257460231105926 2,009670458200176 -0,9454195901872847 1,964691632522294 1,4030964444289329 1,0349947332270344 1,0452626151860338 0,00909436758718441 -0,9691522518623058 -0,13457722051040863 ), 56,141341765806075
( 0,9223744341639476 -1,066367384014162 -2,0126172456373994 1,9280218741636121 1,8864587763081058 0,9679251319626384 1,0258973515513021 2,0097828511393874 -0,945716585777501 1,9645818614137687 1,4032426548230126 1,0347348562854983 1,044942550759762 0,00852868113791575 -0,9690347974414849 -0,13469766835672997 ), 56,14134863499453
( 0,9225644896662896 -1,066621835139433 -2,0128947292312307 1,9279345055928985 1,8867972847242205 0,9673965690633206 1,0257177534645463 2,009647086879958 -0,9453473018545897 1,9647189754083618 1,4030639620855359 1,0350578993515176 1,0453273638625056 0,009219878079994446 -0,9691645712339838 -0,1345479987312528 ), 56,14138371305157
( 0,9219546756118806 -1,0658542576708143 -2,0129786520619932 1,928227862720019 1,8864268697909616 0,9679278741097009 1,025946573885058 2,00971954494994 -0,9451770128934234 1,964814974966301 1,4030836266357603 1,0352229455442612 1,0450432349082261 0,009119129804012758 -0,9686423086860712 -0,13448074342150876 ), 56,14138418662306
( 0,9229375349506771 -1,0666187574097559 -2,0136630041747914 1,9272924141105208 1,8868441825234938 0,966959968898059 1,0259650081589422 2,009472794811819 -0,9462240253819163 1,9645527668815495 1,4028547983367252 1,0350643657147407 1,0452277542234003 0,008982243009912575 -0,9690752920263526 -0,13460141255501545 ), 56,14140338543737
( 0,9229646571648089 -1,0666593587698159 -2,0137969077056894 1,9272869005799549 1,886960618215947 0,9667819677138099 1,0259075178191142 2,009422932639689 -0,9460453632065194 1,9646253277323609 1,4027822211756353 1,0352220030979078 1,0453707623026194 0,009276323778618404 -0,9690843359338988 -0,1345298323873357 ), 56,141451124919485
( 0,9230190718402107 -1,0668700397117397 -2,013018991729624 1,9274242111754876 1,886714725136625 0,967353083979958 1,0259249330913967 2,0096465550995832 -0,9464539211828561 1,96440388821371 1,4031308238750122 1,0345853675988785 1,045031727783242 0,008350906499240734 -0,9693403567925041 -0,1348068739662435 ), 56,141478968213804
( 0,9223957143185358 -1,0664836737147316 -2,0129199844008037 1,92808363268295 1,8868065572183987 0,967415822406196 1,0256815306935743 2,009640299884375 -0,9450217954220831 1,9648249407437228 1,4030285126136934 1,0352343517168445 1,0454036718664916 0,009495191142307765 -0,9690630176925593 -0,13445888529838426 ), 56,14150672090818
( 0,9224771812279293 -1,065634292969388 -2,014420950266711 1,9271278923432433 1,88639723085791 0,9672926510050849 1,0264724996440793 2,0094257942820324 -0,9467762572049002 1,9645252143650367 1,4027146084593252 1,0352577493816026 1,0447604248627296 0,008614218110352874 -0,9683258097070496 -0,1345670778667885 ), 56,14152822784125
( 0,9229718160264572 -1,0666579517377703 -2,0133832177128053 1,9272731451560725 1,8866773977397728 0,9672299653636925 1,026035278461625 2,0095616391204216 -0,9465751233521797 1,9644037382782993 1,4029962084428749 1,0347375270335857 1,044998979793877 0,008439517256147845 -0,9691379440302232 -0,13474707397527966 ), 56,141576498274375
( 0,9229833852481404 -1,0664220464955154 -2,014355591698091 1,9270226714976344 1,8869438569183494 0,9665889002029551 1,0260832893985559 2,0093129326766586 -0,9463481173074587 1,9646176584733945 1,402617539291506 1,0353981221227906 1,0453213128485779 0,009323761845341139 -0,9688598147680968 -0,13448384893673995 ), 56,141669497086895
( 0,9228857794314256 -1,0666975194630783 -2,0137143372243846 1,927448522788718 1,8870600334203687 0,9667125526435855 1,0257808115217366 2,009413687160478 -0,9456203265197101 1,964738769004371 1,4027568482446802 1,035381636750307 1,0455423195644984 0,00964346959762665 -0,9691132552108651 -0,13443989122282188 ), 56,141671984889356
( 0,9230448180490933 -1,0665383288813837 -2,014291402019936 1,9270328804864112 1,8870029303047477 0,9665345697578955 1,0260249844670004 2,009313422284312 -0,9462885628495195 1,9646228442541627 1,4026272492907819 1,0353844474529266 1,0453813279773994 0,009379082229118258 -0,9689439669317758 -0,13448392305731863 ), 56,141679021302224
( 0,9220980115145896 -1,066170421267356 -2,0123765830185096 1,9282793099130044 1,8863257296763447 0,9681869698115302 1,0258741154226192 2,009843407739429 -0,9454031043905265 1,9646342014927047 1,4032965434728566 1,0347595234238096 1,0448870770003014 0,008565015123908422 -0,9689120775544607 -0,13465781462179402 ), 56,14176672104173
( 0,922709046948503 -1,0658215186780324 -2,014329644491325 1,9269335874598794 1,8863493175753692 0,9673474045442756 1,0265453936615183 2,009464696537421 -0,9473039630662905 1,964357962685016 1,4028073161079393 1,034946002386374 1,0446019822577313 0,008107398707920935 -0,9684806751266501 -0,13472710290866252 ), 56,14180177328227
( 0,922770828488864 -1,0662623264104458 -2,014481028258872 1,9272252099053477 1,8870403441319983 0,9664907749676229 1,0259924421914834 2,0092694020540804 -0,9457732442895221 1,9648161873893752 1,4025192327246319 1,0357520154713162 1,045528579954123 0,009909731751684464 -0,9687300968188238 -0,13431203983113243 ), 56,14185205369397
( 0,9231633151674273 -1,0667674509632838 -2,014053872506465 1,9270447361352776 1,8870529583758433 0,9665226515291977 1,0259367327785747 2,0093417387259143 -0,9462826027180608 1,9645792273626552 1,4026890690214624 1,0352487222026345 1,0454178738073776 0,009303157578644439 -0,9691251179739997 -0,1345330037897995 ), 56,141855370566276
( 0,9231667758133368 -1,0666056903514791 -2,0143330514585887 1,9268867759082349 1,8869870497565013 0,9664989153616306 1,0260755315626693 2,009303370023306 -0,9465685783858757 1,9645392068537806 1,4026307550791652 1,035272921158161 1,0453139739437125 0,009175071093034382 -0,9689879764038858 -0,1345448923988297 ), 56,141895136213265
( 0,9226503502142714 -1,0669652449220008 -2,012386645189029 1,9281207045611755 1,8868840861942935 0,967465158224176 1,025517596483908 2,0097288469565537 -0,9450879480858737 1,9647163709599493 1,4032014351352313 1,0348869681005666 1,045432159414882 0,009219624403359569 -0,9694558038647628 -0,1345952588343325 ), 56,14191463459119
( 0,9230625195523229 -1,0673258992842496 -2,0126401749803415 1,9277793412179085 1,8871073600570343 0,9670463342487129 1,0254874659159254 2,0096349934520474 -0,9454229578480697 1,9646450640238018 1,403118138054017 1,0348533301266005 1,0455661057054841 0,009249850743851986 -0,9696808631858087 -0,13463526531110234 ), 56,14202447415356
( 0,9219213965767463 -1,0663020941434471 -2,0119790576540266 1,9287302483638216 1,8864909634123395 0,9682471520889023 1,025603080655852 2,0099145559811187 -0,9445544863459929 1,9648556470281893 1,4033748007076439 1,0349424212268463 1,0451755522118336 0,009116745606655463 -0,9690595116129953 -0,1345449225423195 ), 56,14219731723159
( 0,9234693635285187 -1,0668061632022166 -2,014711569026855 1,9265631220377653 1,8871701373877336 0,9660777553107845 1,0260786350088584 2,009180990180166 -0,9468212741909062 1,964501835996827 1,4024894429148098 1,035350802862243 1,0454406094062958 0,009316913829811058 -0,9690737470966582 -0,1345277364262278 ), 56,14265333794775
( 0,9229689678327851 -1,0655389150130603 -2,0160081579910254 1,9262070535404439 1,886703254738624 0,966274485624728 1,0267593619471842 2,009044635292811 -0,9475932577907146 1,9645056373179923 1,402205470928745 1,0357522926367455 1,0449313818727697 0,009034107705125704 -0,9680834793002369 -0,1344383175500789 ), 56,14364037729979
( 0,9234355182576978 -1,0680121892541001 -2,0128337180099543 1,9277808808285164 1,8878269875556668 0,966064194834793 1,0249867857692652 2,0094206414855136 -0,944416217214498 1,964942362652237 1,4028479466777117 1,0354235990778529 1,0464133549384547 0,01068897553033556 -0,9700994952279283 -0,13434556534344377 ), 56,144887649317084
( 0,9214314695551161 -1,066534145155872 -2,0104288197072506 1,9297889810813134 1,8864186264699259 0,9690172008268969 1,0251305125086896 2,01024809693592 -0,9431988558226391 1,9650485559489843 1,4038100147373864 1,034721524706289 1,045315702187819 0,009300551483310208 -0,9693893021647298 -0,13453801057692355 ), 56,1459782886558
Liczba wywołań funkcji celu: 5403
