Iteracja nr: 34
( 0,9323023597085984 -1,0731085365952973 -2,0146561305492887 1,9180985218393578 1,8863070586826542 0,9654842510896519 1,0289048436711552 2,0095820217538556 -0,9657901130775433 1,9588509833127243 1,4043970501223786 1,0260289563329772 1,0407126094451298 -0,006394965804016776 -0,9738931613976044 -0,1395281681351345 ), 56,34032459569849
( 0,9320567756706568 -1,072764240115705 -2,0145513697295723 1,9180386646506244 1,8859538241826845 0,9656298245718412 1,0289854586470581 2,009506551256878 -0,9658615404805467 1,958731201677333 1,4042829540975192 1,0259753299732064 1,0404634506975943 -0,006600058581406382 -0,9735367480274212 -0,13946648364763659 ), 56,34113798164415
( 0,9330185390928338 -1,073730934810155 -2,015685111325856 1,9173500067744753 1,8870069458785328 0,964025818109362 1,0286961350828532 2,009156861964971 -0,965743295956004 1,958856257765319 1,403841522198762 1,0265659598844343 1,0413868570393605 -0,005246292407943845 -0,9741312639668989 -0,13928034048184684 ), 56,341514912565984
( 0,9334055839099837 -1,0742205966169653 -2,015671487478036 1,917576017857938 1,8873920594091336 0,9641632056795842 1,0286169863028325 2,0093837092869604 -0,9659043712752401 1,9590936854627519 1,4042181641380331 1,0264433743625425 1,0415759802487656 -0,005384160515886789 -0,9746685368666446 -0,1394709390155633 ), 56,341534033711554
( 0,9335921747255845 -1,0744990606124567 -2,015529630823803 1,9181079456618615 1,8875605342438875 0,9649111186467892 1,028656941904553 2,009827631797469 -0,9662189805999732 1,959289042663687 1,4048605505168186 1,0260567810361911 1,041464240977788 -0,006035460368161843 -0,9750890180291121 -0,1397689099116289 ), 56,34170744756524
( 0,9335553575528357 -1,0747557884937238 -2,0148039518844447 1,9180549788509667 1,8874736844296434 0,9646625240048134 1,028379308562983 2,0096881083365443 -0,9657436693861183 1,9591214335920328 1,4046891160711492 1,025963076065123 1,041580153257026 -0,005807442896009754 -0,9751930082943091 -0,13967814364746867 ), 56,34206395833745
( 0,93335690141744 -1,07367654613479 -2,0167000189220485 1,9173443062901512 1,8873839748156196 0,964132730882219 1,029005902672287 2,0093316766978617 -0,9664654162242617 1,9592562861957552 1,404123922420428 1,0267768654484675 1,0414522926253147 -0,005428988838944497 -0,9743025688852535 -0,13946052246059884 ), 56,34207430048684
( 0,9332740565091979 -1,0745552237354776 -2,014491122650128 1,9178575029951872 1,887144882619575 0,9644118852215867 1,0282765892761305 2,0094447285594623 -0,965375180835758 1,958820672311137 1,4043103526448075 1,0259776679382355 1,04149316287775 -0,005578140142890088 -0,9748235593888384 -0,1394711911064977 ), 56,34208280684267
( 0,9332845118936394 -1,0744597334596482 -2,014698383348089 1,917668271365639 1,8871684674957345 0,9641744727959768 1,0283230351240789 2,0093256465426976 -0,9654155627543834 1,9588492086283344 1,404152386621913 1,0261548231229602 1,041554763105193 -0,005399134639668198 -0,9747438639652904 -0,13941661205180475 ), 56,34218670331538
( 0,933526314784614 -1,074913272946873 -2,014364739530568 1,917915445527528 1,88739798044013 0,9643352445417109 1,0281686995786865 2,009509374018233 -0,9653647737515791 1,9589543105305398 1,4044510569497861 1,0259528170200114 1,041685299933013 -0,005525452626485946 -0,9751902674266465 -0,1395545856210976 ), 56,34249603523162
( 0,9335139819578432 -1,0748471637786907 -2,014375727061229 1,918178699136467 1,8873741412443195 0,9648339879837516 1,028293897561069 2,009740094789929 -0,9656414767437551 1,9590652413261425 1,4047766295873516 1,0257767822427997 1,0415197997758046 -0,005979365493478227 -0,9752688581964574 -0,1397155296683344 ), 56,34255963518983
( 0,9334095413104998 -1,0748068573797747 -2,0143052252610767 1,9178549626775176 1,887265054631423 0,9642831298175778 1,0281557425280614 2,0094359389635224 -0,9652656352992393 1,9588363104599913 1,4043258150993172 1,0259485950377547 1,04162421675441 -0,00547660206200601 -0,9750251622748817 -0,1394830831946426 ), 56,34262419665046
( 0,9334027873321814 -1,0746552721302831 -2,014701891727649 1,9174079221860392 1,8872948159098837 0,9636429642206525 1,028173828890387 2,009121228585282 -0,9651728587818875 1,9587692904623006 1,4038749456163715 1,0263146891456176 1,0417812602181051 -0,0049389657953698715 -0,9747924044347501 -0,13928851293186412 ), 56,34305513423641
( 0,933593129323232 -1,074964665485065 -2,014438904021505 1,9178583367862203 1,8874559877233426 0,9642439297769437 1,0281644107327506 2,0094872167305433 -0,9653962210915894 1,958960677095277 1,4044270925932525 1,0259793901844874 1,0417298688926935 -0,005475638765530335 -0,9752289118729819 -0,1395529044183712 ), 56,343060817306764
( 0,9333350800020823 -1,0744522738048594 -2,014676884467765 1,9185088024575394 1,8872799116982764 0,9655993321499869 1,0286368488849806 2,010061489350629 -0,9661319278518318 1,9592390880969426 1,4051864138327363 1,0256636638196894 1,0412050719220558 -0,006617983384359527 -0,9751932272341806 -0,13993485937884348 ), 56,34312577202796
( 0,9336604997795332 -1,0752116926432813 -2,0140719351313368 1,9179800995795349 1,8875105850323772 0,9642841620942086 1,0280218052889047 2,009539901329938 -0,9652281668470656 1,9589636219072177 1,4045221705021234 1,0258603488352502 1,0418023556296452 -0,005482279195600243 -0,9754335734807049 -0,1395868806680718 ), 56,34318864364295
( 0,9335499699778871 -1,0749074396536467 -2,0144700167563876 1,9177469066646249 1,8874210897987234 0,9640843974762405 1,0281558264592265 2,0093945367203605 -0,9653257861601934 1,9589163238345928 1,4042904873640119 1,0260632933041756 1,0417538150770307 -0,005332302477508577 -0,9751388566773241 -0,13948916436951475 ), 56,343200657126076
( 0,9333938913840761 -1,0750763147282785 -2,013440626023081 1,9182071940347492 1,887204140100503 0,9647068188334332 1,0279956022050007 2,009627515868075 -0,9650916164280245 1,9588786701206422 1,4046421687997541 1,0256170166280143 1,0415845620119932 -0,005830420781157197 -0,9753618381690452 -0,1396353415478178 ), 56,34322089015211
( 0,9326342590755645 -1,0740921596650799 -2,01341275898451 1,917588560940565 1,8864469497231342 0,9641727561038514 1,0281278680893866 2,0090436397599003 -0,9647033693804992 1,9584428810668093 1,4037382138247 1,0260109366898202 1,0413099780073027 -0,005357342459508559 -0,9742950876562524 -0,13920786770970145 ), 56,34325674694391
( 0,9330508954036885 -1,0744264477330474 -2,0138134980130267 1,9185271604353242 1,886933574682866 0,9656075917927289 1,0284398472178498 2,0099421974066214 -0,9656657375800642 1,9589908105787757 1,4050155764245478 1,0254920221142252 1,0411105988745213 -0,00660302699210413 -0,9750653055583308 -0,1398364672448876 ), 56,34368080895847
( 0,93318158405948 -1,0743893541458591 -2,0145994707926387 1,9173495690624962 1,887060713359639 0,9637040074025119 1,0282384209911481 2,0090549271325524 -0,9651451362258333 1,958661099284114 1,4037589374180697 1,026312102962464 1,041633548346123 -0,005010005869962447 -0,9745526689019048 -0,1392413723191887 ), 56,3437033631531
( 0,9321664122382597 -1,073283957553838 -2,0135336806022157 1,9177938397948935 1,8856698635389921 0,9650281610560337 1,028466346913019 2,009151615104399 -0,9652305925353394 1,958252531526911 1,4038721722647691 1,0256336115173 1,0405499809755037 -0,006319647861365917 -0,9735030415075048 -0,13921688769841567 ), 56,34391920210038
( 0,9337066131631593 -1,075318661031964 -2,013976185809655 1,9178711220361606 1,8875385947736782 0,9640634908908982 1,027935761168601 2,0094479156197878 -0,9651011485105837 1,9589053987202885 1,4044021941530505 1,0258914964301067 1,041889892311742 -0,005310341425744974 -0,9754659760712255 -0,1395341411713092 ), 56,34401309927917
( 0,9334724589769756 -1,0748704922106667 -2,0143654171685688 1,9175859813811529 1,8873967775025415 0,9638377002269254 1,0281129225264387 2,0092611735872024 -0,9651338951084949 1,9588269834587293 1,4040864466367002 1,0261694232874694 1,0418253464342717 -0,005093537596708131 -0,9750896499024968 -0,1394126373333292 ), 56,34408358074141
( 0,9337260260268342 -1,0752765933109731 -2,014290828463337 1,9173730883726106 1,8875657098466947 0,9632433661057355 1,027838168562392 2,009055156167544 -0,964826402441789 1,9587504602382426 1,4038397477992164 1,026252706764887 1,0421083538415434 -0,004597126825058345 -0,9752071807840111 -0,139257036281333 ), 56,34410124773919
( 0,9336849462121197 -1,0752677837046447 -2,0140233891691794 1,917762172736141 1,8875252644522218 0,9639139585390598 1,0279389464012558 2,009365399179632 -0,9650656108664412 1,9588917574972466 1,4042875492559883 1,0259828036393515 1,0419228693545248 -0,005185064846676461 -0,9754053239770664 -0,13948728261740367 ), 56,34414090113894
( 0,9337996451988366 -1,0754505531539906 -2,013967992018419 1,9178864217121299 1,887630692587334 0,9640169411217413 1,027890799785333 2,0094648792335725 -0,9650858665842909 1,9589353094969166 1,4044377848140468 1,0258832894375662 1,0419589643043323 -0,005268458869496319 -0,9755760270446874 -0,13954945848307826 ), 56,34414186940225
( 0,9336550196534191 -1,075349698788603 -2,01373107711442 1,9178781440555004 1,887474687613208 0,9640445703895519 1,0278680130654756 2,009416906649381 -0,9649629374913838 1,9588548514379085 1,4043630286787192 1,0258527228030807 1,041891959307353 -0,00528302646532761 -0,9754686312737643 -0,13951155236804258 ), 56,344175725298996
( 0,9322987947040673 -1,0731881544471176 -2,0142914772307763 1,9185359983523567 1,8862473583257684 0,9662736555390158 1,0289938549856952 2,0099583546807827 -0,9661015952991654 1,9589105184471212 1,4049283107659374 1,0255969722915197 1,0404600935875845 -0,007161041641904644 -0,9741477613604203 -0,13980857713801567 ), 56,34420698965209
( 0,9337198796057031 -1,0753256654943606 -2,0141175804907925 1,917495001068109 1,8875529647160378 0,9634215650031829 1,0278268543796025 2,009140071557943 -0,964836716253351 1,958770331301984 1,403964772006263 1,02614812506684 1,042070083167821 -0,004749825478542486 -0,9752931424209665 -0,13931835893666777 ), 56,34421009438175
( 0,9336887392973126 -1,0753309085804048 -2,0139703068844437 1,9176367941639303 1,8875315105054342 0,9636494240040442 1,0278472162801906 2,009244191117093 -0,964876845736972 1,958806932634495 1,4041128240385594 1,0260499929837468 1,0420112374729105 -0,00493669454348602 -0,9753677230951683 -0,13939458093351856 ), 56,34435929133721
( 0,9335705973290465 -1,0754044681921027 -2,0134068269351464 1,9174893845184324 1,8873005822992743 0,9633448689539089 1,027607105398662 2,009015130950642 -0,9644284953104719 1,9585559504566483 1,4038059272106762 1,025981955301544 1,042033157857208 -0,00469409758313254 -0,9752189500161577 -0,13921586203152284 ), 56,344511136222124
( 0,9338423366225159 -1,0754608350522328 -2,014129428605285 1,917694489761635 1,8876695209721823 0,9637123892434267 1,0278636534118002 2,009331658762812 -0,9650286214390753 1,958877705860737 1,4042465243987798 1,0260047960639882 1,0420435794651244 -0,005024861876500804 -0,9755067324356919 -0,1394614002807525 ), 56,34463134913098
( 0,9330383878070307 -1,074852090431477 -2,012924612765491 1,9175932489540974 1,8867989407265284 0,9637892304170327 1,0277546310718841 2,0090224114186657 -0,96435730313129 1,9584377068800851 1,4037734895122385 1,0258947903563733 1,041682071012794 -0,005042042551802261 -0,9748500526883345 -0,13921969722482305 ), 56,344881333166825
( 0,9338970902863076 -1,075319045339107 -2,014643124067196 1,9173935985040718 1,887765034145369 0,9633201010504454 1,0279606858059398 2,009162024590373 -0,9651381666714437 1,9589221587937968 1,404006445830855 1,0263042547392878 1,0421523651971967 -0,004713020408017716 -0,9753719411099739 -0,13937209633980263 ), 56,344901895174246
( 0,9338366782537654 -1,0757992936027965 -2,013234470429394 1,9181234705838408 1,8876208635985645 0,9642077175634062 1,0276719638824672 2,009574961978107 -0,9648192244914242 1,9588755345070679 1,4046179647012784 1,025592676416099 1,041986665043801 -0,0054172574068643824 -0,9758687341705213 -0,13962294254910265 ), 56,34552259040923
( 0,9329502709173366 -1,073514275783275 -2,01606582718513 1,9168168881617915 1,887001630639197 0,9633684238253266 1,0287629668753904 2,008822640334577 -0,9656683836986517 1,9586628515653746 1,403328946366454 1,0268942010593767 1,0414966659777247 -0,00474686747163717 -0,9738749390639565 -0,13910087155798892 ), 56,34568108509613
( 0,9335629940608262 -1,075548571092306 -2,0129672485639007 1,9177360083999115 1,8873141676392864 0,9636866027609893 1,0275735276381261 2,0091942418233995 -0,9644168754019294 1,9586193266605205 1,404071117669697 1,025789453394232 1,041998540241577 -0,004974440689037022 -0,9754746210204663 -0,13936273857479728 ), 56,345887256126176
( 0,9341379057716217 -1,0757165467279262 -2,0145427097786714 1,9174772118939771 1,8879888704858097 0,9632542051128665 1,0278131505090788 2,009236241480657 -0,965067769565917 1,958937060711371 1,4041287202848813 1,0261952719854748 1,0423036410196633 -0,0046565686524101865 -0,9756742624233851 -0,13941941212168882 ), 56,346000057466014
( 0,9339320977613889 -1,0759832785698882 -2,013089220898892 1,9179784422991901 1,8876863113859006 0,9638710516545735 1,0275294298861595 2,0094404299746786 -0,964623658506252 1,9588362372632422 1,404456647723118 1,0256591066392902 1,0421446595808448 -0,005141817878457446 -0,9759440515014487 -0,1395456882736828 ), 56,34609836506934
( 0,9340059272294984 -1,0760753711562192 -2,01304303444507 1,9181891128103052 1,8877460049223584 0,9641882687969122 1,0275637490723633 2,0096223590600473 -0,9647862384756157 1,9589282089501256 1,4047243703184784 1,0255059089808485 1,0420882377879568 -0,005432616062924489 -0,9761098553644224 -0,13967537645636893 ), 56,346389401807784
( 0,9341108894071763 -1,075944761691511 -2,013924495280068 1,9173979825593999 1,887893493598739 0,9629889533650547 1,0275535631848984 2,009085100189754 -0,9646350955090716 1,958750844689445 1,4039359854567057 1,0261047351870642 1,0423999513373683 -0,004431425948212421 -0,9757259261020224 -0,13931274696481843 ), 56,34720036377334
( 0,9339223972072158 -1,0759841788334388 -2,0131196838229606 1,91776872530229 1,8876722156331305 0,9635487218208574 1,0274769412514038 2,009281353737256 -0,9644879115756828 1,9587148366353617 1,404220531425757 1,0257535879369364 1,0422146966692483 -0,004884690034101133 -0,975852001898186 -0,139440731580749 ), 56,347289999636104
( 0,9340207659423966 -1,076236431378792 -2,01281277849909 1,917966824056189 1,8877536584997354 0,9637212677838384 1,0273729271808765 2,009406995059293 -0,9644253345754413 1,9587708781397142 1,4044227807380423 1,0255940426537935 1,0422556832491645 -0,005013247686546799 -0,9760994871764346 -0,1395256780976577 ), 56,347564619378744
( 0,9342319277841203 -1,076394726420286 -2,013089394561815 1,9180025317160658 1,8879732697990563 0,9637296759839382 1,0274067299985914 2,009497439688206 -0,9646201172020833 1,9588959990495198 1,4045662437551076 1,025607010860989 1,0423412349246326 -0,005048706398949029 -0,9762888154053927 -0,1396048008563572 ), 56,34786902991321
( 0,9341244589583452 -1,076339468399595 -2,01285244574572 1,9180462530521574 1,8878484390409378 0,9638279981898044 1,0273865197444063 2,009498068975509 -0,9645401103935174 1,9588351153808423 1,404562502139873 1,0255309968805062 1,0422684446745367 -0,005132429533354178 -0,976237759302936 -0,1396010016537977 ), 56,34805682115224
( 0,9333022592761822 -1,0753334574858748 -2,0127510010384526 1,9171350550374793 1,887023747218756 0,9628108217287615 1,0274099737517053 2,0086525949596057 -0,9638669832690991 1,9582507420289028 1,403285929371819 1,0260968537410773 1,042106589351734 -0,004235787610341589 -0,9750094622967995 -0,13899356432644755 ), 56,348268554000256
( 0,9340042668925715 -1,0764877894548728 -2,012096931746582 1,9180800685647017 1,8876727352385052 0,9637599785647359 1,0271533118801413 2,009408674946171 -0,9641055184549815 1,958672586200421 1,4044544221427515 1,0253844290638843 1,0422880666679941 -0,00504734739705896 -0,9762708088352086 -0,1395302891981044 ), 56,34906832745703
( 0,9345159298370831 -1,076995464989024 -2,012596429933003 1,9181127585253692 1,8882784203497787 0,9635721471125687 1,0271242538948986 2,0095577330944394 -0,9643277140927564 1,9589530686173486 1,4046958603170439 1,0254989088466437 1,0426354770845772 -0,004867509609057225 -0,9768145594361788 -0,13966965429955103 ), 56,350114220001444
( 0,9342644494834735 -1,0768454704195982 -2,012091590190111 1,918165819650217 1,8879363992044729 0,9637282032329453 1,0270634517129131 2,009507552315299 -0,9641321275634104 1,9587642745193676 1,4046199767787677 1,025320525842585 1,0424468585740803 -0,005028010944593139 -0,9766048804812113 -0,13961381834110917 ), 56,35040450968495
Liczba wywołań funkcji celu: 3585
