Iteracja nr: 43
( 0,9269511796183522 -1,065079573420559 -2,019900432455895 1,9190915819180416 1,8837532496708167 0,9670956183679773 1,0312199734612926 2,008859874920926 -0,9637119163397226 1,960159619585849 1,40252758403085 1,030176603434192 1,0392583617809432 -0,0036765674878495008 -0,967503589973858 -0,13763152585863064 ), 56,280746084721244
( 0,9288402483709634 -1,066859081488323 -2,0217730297082004 1,9175302236175147 1,885400608763279 0,9640524263628447 1,0306830036263006 2,0080641290780625 -0,9638899808207831 1,9602600747965457 1,4015974575971133 1,031072798398178 1,0407593772689419 -0,0015567368861870573 -0,9684535552510127 -0,13728533597115933 ), 56,282343186889534
( 0,9279616956530767 -1,0655201523434732 -2,022413620991194 1,9177436470732128 1,8848377706617385 0,9646761814631267 1,0311723870449074 2,0080793652637454 -0,9639075145912885 1,9603942176562972 1,401488139356024 1,031464483278207 1,0402905419472737 -0,0016667026881474192 -0,9674721713595327 -0,13714021213463862 ), 56,28262537886607
( 0,9280998829865579 -1,0654296597617154 -2,023345316212672 1,9173615560508075 1,8851336110669188 0,9638893327384949 1,0311831842342813 2,0077835868559393 -0,9637681982508789 1,960533024753844 1,4010627523064314 1,0320630146507686 1,040637470811021 -0,0008041483319926328 -0,9672701081511474 -0,1368881061750487 ), 56,28299728961622
( 0,9284015094058997 -1,065950129356734 -2,0228110838417153 1,9173980362911405 1,8852173875837046 0,9639856166737738 1,0310362857892301 2,007902382352447 -0,9639361053022668 1,9604154668594516 1,4012846903480747 1,0316549588635984 1,0406376725555258 -0,0011865798645199837 -0,9677052938633188 -0,1370635500349999 ), 56,283807861811326
( 0,9275875033461244 -1,0651344318835603 -2,022036512286286 1,9180177477996356 1,88446468396936 0,9653305639224913 1,0313243639597285 2,008247056981676 -0,9639955088600021 1,9603407375622313 1,4016883360471915 1,0312327527438387 1,0399282398039902 -0,002218385274581497 -0,9672707998796777 -0,1372421359814043 ), 56,28388620883074
( 0,9279331373931465 -1,0655168466413336 -2,0222143972528404 1,9178084779820241 1,8847463665913242 0,9648863628171025 1,031202219112761 2,0081537874063327 -0,964022219112378 1,9603484150822363 1,4015964198120403 1,0313010327719478 1,0401733244513154 -0,0019423183425543345 -0,9675094396531363 -0,13721872155656012 ), 56,28391075456332
( 0,9274027986177357 -1,0654154207684792 -2,0203775244676208 1,9187088880721839 1,884063390281834 0,9665855115738213 1,0312234330076675 2,008747836025709 -0,9640769307372556 1,960154438216724 1,4024167083309942 1,0302578437180465 1,0394550048448528 -0,0035294695679267563 -0,9677248845577003 -0,1376558321799457 ), 56,28431772213375
( 0,9271517510177117 -1,0643002299860627 -2,0230089674342815 1,917863403085647 1,884327273984737 0,9650904273441623 1,0315803559128855 2,0080173085207136 -0,9638210601255481 1,9604917099380206 1,401280854150645 1,031892092503856 1,0399159904917155 -0,0016081124377760737 -0,9665346012837256 -0,1369481706880991 ), 56,284437672762934
( 0,9281211341185767 -1,0655057258030738 -2,023043502330592 1,9174346157803506 1,8850306344157086 0,9641587662499963 1,0312033692037768 2,0078915009385527 -0,9639620599609309 1,9604496252946102 1,4012276023996835 1,0317918119573273 1,040484016235319 -0,00121618374964689 -0,9673738303161374 -0,13701195271463823 ), 56,28469573412707
( 0,9271562847341208 -1,0649080768646377 -2,0209791714166525 1,9185739893533957 1,8839657190744459 0,96643267659666 1,0313974237656673 2,0086019432298245 -0,9640413812944976 1,9602228626794647 1,4021632651702627 1,0306354043229462 1,0394243998212478 -0,0032107561664052086 -0,9672758769704802 -0,1374902525783865 ), 56,28482641412535
( 0,9275896916866622 -1,0652356517429742 -2,021641628063532 1,918168138251854 1,884382418818362 0,9656686718481335 1,0313264628933265 2,0083949191570016 -0,9641267721716194 1,9602888228412985 1,4019071861279633 1,0309486762740552 1,0397915164072769 -0,0026364472724476565 -0,96743188277687 -0,13738636468768906 ), 56,28503175762651
( 0,9271653024906557 -1,0643172436886854 -2,022968533124642 1,9178159471653835 1,884306494714113 0,9650526963135426 1,0315733899109096 2,0079940576155164 -0,9638420646669634 1,960456348493048 1,4012532722153692 1,0318697221213728 1,0399069901510707 -0,001626043101158904 -0,9665342623756414 -0,13694721401758667 ), 56,28528144392584
( 0,9285736983655596 -1,0659771829891727 -2,0234009479510773 1,9170974980010242 1,8854276666009535 0,9634454402764312 1,0310385923700915 2,0077115133834296 -0,9639451450973984 1,9604697022029578 1,4010218365965241 1,0319797666358812 1,040856088734803 -0,0007020021549000702 -0,9676335607935675 -0,13692944251979666 ), 56,285759857756716
( 0,9287519764818307 -1,0662490400857978 -2,0232485938210085 1,9170736397622978 1,885532518968042 0,9633700074716373 1,0309506997544051 2,0077309151556344 -0,9639763153478259 1,9604420441436339 1,4010762466384452 1,0318691307645074 1,0409286544902014 -0,0007407774984135078 -0,9678462843902979 -0,13697967170266115 ), 56,28583988258782
( 0,9283852803887025 -1,0658118601426025 -2,0231003843156126 1,91726593121701 1,8852134419914637 0,9638492950070985 1,0311099364062626 2,00782630939889 -0,9640154233748842 1,9604215892876664 1,4011685837948686 1,0317893223832635 1,0406393173390958 -0,001079765421833731 -0,9675686522418789 -0,13701255611421748 ), 56,28590132864478
( 0,9288027912293839 -1,0663382079700516 -2,023148655630099 1,9170876947365851 1,8855471094296916 0,9634021428948762 1,030928985989468 2,007758939134642 -0,9640120515618179 1,960425301708713 1,4011251740307968 1,0317930252022518 1,0409249534621534 -0,0008212312821323361 -0,9679284568427596 -0,1370167992765687 ), 56,28599877606739
( 0,9286766599113009 -1,0661380954917172 -2,02325323888133 1,9170648255394307 1,8854575132533515 0,9634234510693928 1,0309953172341344 2,007724557818674 -0,9640060248162533 1,9604231932670444 1,401058510353986 1,0318716537405799 1,040866979744309 -0,0007943741151162349 -0,9677637113651375 -0,1369763055136537 ), 56,286676007403244
( 0,928344764726703 -1,0656410450035614 -2,0234706955732555 1,9171462434292506 1,885240677402894 0,9636568720144826 1,031171628158166 2,007728089868714 -0,9640017229673384 1,960468850446184 1,4010153534986398 1,0320126842774766 1,0406907822280225 -0,0008356920918619459 -0,9673967157868102 -0,13692012659986388 ), 56,28679322032299
( 0,9284196299485097 -1,065771659739116 -2,023342250217155 1,9171503165331942 1,8852652053525407 0,9636673063697556 1,0311321315506956 2,007752322642084 -0,9640334806007143 1,960439074171852 1,4010624860066263 1,0319191260504372 1,0406974643240547 -0,0009143041386368918 -0,9675034423590461 -0,13695906144995196 ), 56,28696126267073
( 0,9287045793751654 -1,0662529766051694 -2,0229318230695394 1,91716978990213 1,885391474882983 0,9636677784778164 1,030979934017949 2,007833282598542 -0,9641163073850596 1,9603629429501817 1,4012245685676232 1,0316248503046124 1,040759460875253 -0,0011293928889379331 -0,9678956483159873 -0,1370855603510028 ), 56,28703243215023
( 0,9284593029607823 -1,0658081160567061 -2,023384898966726 1,9171183410667798 1,8853006951908562 0,9636039482634897 1,031121515441661 2,007736104014377 -0,9640376283563505 1,9604425012417384 1,401043515975679 1,0319392013973339 1,040729284247775 -0,000869020545916312 -0,9675229342356213 -0,1369517064184318 ), 56,287136417350865
( 0,9283743664900769 -1,0656134814832998 -2,0237027746873313 1,9170443101646015 1,8853043400161615 0,9634548805141643 1,0311732877780708 2,0076483128135028 -0,9639645537231173 1,9604924343435397 1,400899777939055 1,0321587625238775 1,040771437536049 -0,0006196288685454087 -0,9673332623226761 -0,13685182457059317 ), 56,287244397564095
( 0,9291725254195837 -1,0666760322479047 -2,0236628902333753 1,9167076161823777 1,8859322006721106 0,9625769809073582 1,030778903570285 2,0075079673915117 -0,9638842842854778 1,9604704185675221 1,4008042364610902 1,0321346379035632 1,0413335811077535 -0,00010537748725921294 -0,9680523463843812 -0,13685274765963032 ), 56,287436512882266
( 0,9286671530412347 -1,065897904960362 -2,0240045719914677 1,9168286210957406 1,8855811348354414 0,9629839908038228 1,031079434638848 2,007532059478258 -0,963956267655772 1,9605299898447581 1,400764506755926 1,032316026571047 1,041024894747767 -0,00025501639395331956 -0,9674898515928135 -0,13679225994942718 ), 56,288112422036704
( 0,9283180459377439 -1,065287761288837 -2,0245857397569216 1,9167920949550268 1,8854377955431845 0,9629509762488867 1,0312725100286309 2,0074196548599637 -0,9638493716400911 1,9606320090137335 1,4005441370383682 1,032712453214308 1,0409603668985528 5,531856790961571E-05 -0,9669799710005187 -0,13661904998659744 ), 56,288698158257276
( 0,9286443403323988 -1,065804110809242 -2,024218719998573 1,9167576564091968 1,885600155635543 0,9628601546056256 1,031108667871656 2,0074705255179595 -0,963933823680663 1,960555806328241 1,400668839901016 1,0324503209662867 1,041061639098481 -9,669379494402848E-05 -0,9673893381861689 -0,13673304625923088 ), 56,28871171918388
( 0,9288157815211311 -1,0657777393320962 -2,0252459990107363 1,9164152541775643 1,8859966061939866 0,9619656146369162 1,0310558756210868 2,0071571919968116 -0,9636352222798706 1,960754355034671 1,4002167066724627 1,0331463450377707 1,0415209594194108 0,0009866459462415564 -0,9672072495181633 -0,13642596191675047 ), 56,289123900910255
( 0,9287971176469374 -1,0659561767931474 -2,0243552766038864 1,9166412454010842 1,8857351847057942 0,9626197534546614 1,0310589327195478 2,0074098809328675 -0,963937073168513 1,960565573507016 1,4005991847795045 1,0325184751534746 1,0411857066126176 7,573791606728776E-05 -0,9674728748791112 -0,1367056474714271 ), 56,28949059678206
( 0,9292995797408987 -1,0668803201596062 -2,023321255554957 1,9167355819783136 1,8858886968792854 0,9627968775290988 1,0307782069271967 2,007622388214114 -0,9641524086812558 1,9603747345819942 1,400993804136621 1,0318133998677623 1,0412113718831872 -0,0005603532007111364 -0,9682694344217834 -0,13701455121912773 ), 56,28989813719352
( 0,9289236846801656 -1,0660870790804597 -2,0244551459513374 1,9165720411219942 1,885850194940773 0,9624620107245467 1,0310223451426541 2,00738149060381 -0,9639512792288484 1,9605818544317224 1,4005716077745285 1,0325573974653346 1,0412799576784109 0,00018559622575999382 -0,9675586989958882 -0,13669768383326864 ), 56,28994736735393
( 0,9278387076630321 -1,064871849277494 -2,0237307037761094 1,91720311760691 1,884830978054782 0,9640334063812652 1,0314653711749113 2,007720859760146 -0,964105864206221 1,960454571508881 1,4009350093029256 1,0321395450527273 1,0403438871897963 -0,0010396923662388882 -0,9668127505930018 -0,13685782910241517 ), 56,28997257892864
( 0,929191927269484 -1,066498792705866 -2,024204930653594 1,9165080986095293 1,8859912666897392 0,9623186056433698 1,0308820370879284 2,0073908239948404 -0,9639943171431462 1,9605188790759656 1,4006275487116038 1,0323863408781162 1,0413859135879824 0,00013366999402957897 -0,9678659354639724 -0,13676381164690476 ), 56,29043675958576
( 0,9294683795458774 -1,066904911809629 -2,0240310090213134 1,9164699555824574 1,8861722897239654 0,9621791333639401 1,0307507060364653 2,007414334238778 -0,9640307032531961 1,9604965026285965 1,4007009767815188 1,0322522611546783 1,0415160018461413 0,0001192479349369388 -0,9681816974915369 -0,13682925907695906 ), 56,29054583955998
( 0,92919540529947 -1,0664016795210123 -2,0245727972669263 1,9163982320967785 1,8860733382578068 0,9620772377235828 1,0309062635491075 2,007291482365053 -0,9639319130897029 1,9605822207688675 1,4004773010288118 1,0326215775404965 1,0414900022417561 0,00044372094506151433 -0,9677452550814669 -0,1366644705733263 ), 56,290986844148065
( 0,9290110361064571 -1,0661210806452077 -2,02470296950286 1,9164204397219924 1,8859498539904136 0,9621797329081279 1,0310048600843538 2,0072792626717355 -0,9639295155600739 1,9605975731478615 1,4004328114535065 1,0327086755349575 1,0413948093046212 0,0004362746342859913 -0,9675314064667458 -0,13662621935978808 ), 56,29129510814302
( 0,9286362636342941 -1,0664806837009215 -2,0215378791969014 1,917566820329092 1,8849582457742255 0,9647571897205612 1,031002682948919 2,008247751720211 -0,9645847177451178 1,960089293015205 1,4018475220903082 1,0306447522517892 1,0402112673103023 -0,0025837490664528872 -0,968284647376845 -0,13752716901515777 ), 56,291879076855395
( 0,9283751082987336 -1,0651954874060356 -2,024992358832948 1,9166021650063305 1,8854948956089408 0,9627209722766896 1,0313473530683175 2,007322593899378 -0,9639773445678592 1,960651325744209 1,400405141244307 1,0328823608054494 1,0410043304195997 0,0002152588933557171 -0,9668679702481587 -0,13656248778108615 ), 56,2920176908501
( 0,9301520626188264 -1,0678221331213062 -2,02395565892945 1,9162345948562793 1,8867070691219074 0,9615256968394577 1,0304283103459655 2,0073421744406703 -0,964005809258316 1,960491146972118 1,400687235953264 1,0321834297846528 1,0419686431201758 0,0004645228178301442 -0,9688340316098729 -0,13686807789644642 ), 56,29205035296275
( 0,9298142186346962 -1,0672368560630747 -2,0244424526545055 1,9161969861462742 1,8865277291898956 0,9615521824369933 1,0306273546825466 2,007250417757485 -0,9639660754083683 1,9605572592977478 1,400501382562886 1,0324981223930945 1,041857517193065 0,0006523669849891685 -0,9683524315072995 -0,13672986903832376 ), 56,292395678631706
( 0,9287129075187686 -1,065616535526167 -2,025024079070554 1,9164530798888693 1,8857530642874916 0,9623754190744753 1,0312098408410828 2,007272469555465 -0,9640021992674577 1,960645262918262 1,40037648688887 1,0328686591714868 1,0412189776581524 0,00039018356741134263 -0,9671576903085274 -0,13657454998443785 ), 56,29261324677944
( 0,9299361958528842 -1,0675330184574978 -2,0238985975039148 1,9162824575338273 1,8864808045583383 0,9617768329481647 1,0305448058412194 2,0073702339353288 -0,9640934576105993 1,960439846696734 1,400702940739442 1,0321265808744438 1,0417651138857584 0,00023060311129251146 -0,9686261825219227 -0,13688250111894967 ), 56,292722354003075
( 0,9297833292750157 -1,0672014501710707 -2,024339138806072 1,9162293852737275 1,8864461881411236 0,9617067580222878 1,0306676929725402 2,0072987891688614 -0,9640772489799864 1,9605192653606083 1,40056970843088 1,032386988485271 1,0417554073901962 0,0004411485307197453 -0,9683483087892012 -0,1367831907400957 ), 56,29311683065201
( 0,9291409977973679 -1,0663064249647367 -2,0244288646290345 1,9163790376596552 1,8859118068018506 0,9622911821308654 1,0310009475758564 2,007340917482547 -0,9641749319514336 1,9604905867911264 1,400547805902247 1,0324455381134536 1,041300592946813 7,528208811967643E-05 -0,9677077281555644 -0,13675187083496265 ), 56,294027778840885
( 0,9293047255811048 -1,066383450966085 -2,02502541611898 1,9161637532904305 1,8862052691243216 0,9616960811936524 1,0309311959807255 2,007149448222714 -0,963972626360673 1,9606140828639356 1,4002789926720554 1,0328594725906195 1,0416260093348695 0,000770112949059528 -0,9676662465677837 -0,13656950557418768 ), 56,29408384068854
( 0,9297350335272518 -1,0669857374756742 -2,0248392399019792 1,9160344890055228 1,8864865005367182 0,9613816626018731 1,0307317435531411 2,007136620917137 -0,9640238364087724 1,9605656217926841 1,400321553929812 1,0327061294416153 1,0418456440337365 0,000827582735075067 -0,9681062060024107 -0,13663660854090148 ), 56,29519906443912
( 0,9290918586368195 -1,0659366488131439 -2,0256264366608145 1,9160439026896374 1,886157414735363 0,9614997416476306 1,03106952545723 2,0070020183576243 -0,9638802848338358 1,9607027653642153 1,400026928692197 1,0332554628258253 1,0416463277021089 0,0011595113149076679 -0,9672590118132568 -0,1363937648640408 ), 56,295658513668926
( 0,9290058959359354 -1,0657163578322952 -2,026076816976978 1,9159557475376008 1,8862185762725674 0,9612612955431379 1,0311194640786323 2,006885468651162 -0,9637416791963044 1,9608039871360576 1,3998379934734884 1,0335859097594011 1,0417546055674138 0,0015643811866821182 -0,9670463589244468 -0,13625518612359233 ), 56,29618720401646
( 0,9284931456574816 -1,065062061336858 -2,025868442846933 1,9162583021509825 1,885713616474383 0,9621134529544406 1,0314164140078126 2,007089435840177 -0,9639945203411296 1,9607581938132232 1,400067289585541 1,0333620401067904 1,0412350093294533 0,00083399102814947 -0,966658249405987 -0,13637376414087957 ), 56,296236833703716
( 0,9296737143200684 -1,0666479089669738 -2,0257145338886757 1,9157664565654458 1,8866014004255074 0,9608808098681217 1,0308394525598497 2,006903014688703 -0,9639312568982997 1,9606909571898237 1,399959305213987 1,0332487838121118 1,0420179211214897 0,001477669054536873 -0,9677411762390814 -0,13640658469745698 ), 56,29830247239498
Liczba wywołań funkcji celu: 4494
