Iteracja nr: 1
( -0,009925874671945945 -0,01014714480334801 ), 0,00020148753566329053
( 0,019100191391878407 0,009657426149508375 ), 0,00045808319103959416
( -0,03125739475204227 -0,010992993827179429 ), 0,0010978706399694046
( 0,020286186650464 -0,02684560808529507 ), 0,0011322160422867237
( 0,03523848101712801 0,0006583687617536249 ), 0,0012421839938209442
( 0,03539743318269106 0,001256476312833106 ), 0,001254557008647789
( 0,02087970951992668 -0,033263846559040466 ), 0,0015424457575399053
( -0,04106262771517011 0,0014181716843417458 ), 0,001688150605800925
( 0,042572060611168805 -0,026882322157867122 ), 0,0025350395892803843
( 0,03125226426249261 -0,04217559214647881 ), 0,0027554845944387984
( 0,05314565022172424 -0,015856037738630313 ), 0,003075874070258726
( -0,04522638209100412 0,032457624867090244 ), 0,0030989230490542537
( 0,06208470898904536 -0,0240691139198317 ), 0,004433833335140286
( 0,020021340473174193 -0,0663202847811338 ), 0,004799234247793451
( -0,07008712841256326 0,001363515961746442 ), 0,0049140647448970695
( -0,06012723233525452 -0,04365003509219245 ), 0,00552060963184731
( 0,05036253142738678 -0,05747069653944337 ), 0,0058392655325033085
( 0,06680313845487706 0,040897059725334195 ), 0,006135228801599026
( 0,07661780753152023 -0,018198114696402715 ), 0,006201459809440505
( 0,04605134571345696 0,06884518320201283 ), 0,00686038569213904
( -0,03656857591037488 0,07481634841734142 ), 0,0069347467346178755
( -0,06559955627555908 0,05166905189458576 ), 0,006972992707235639
( -0,07230179654751545 0,052254601892972374 ), 0,007958093202991349
( -0,009594694040563845 0,0932318300599575 ), 0,008784232290060826
( -0,0955326921257722 -0,012923608743155457 ), 0,009293514927743742
( -0,04361174930243347 0,08809521619935975 ), 0,009662751794430244
( 0,09871986255002296 0,02622843651041512 ), 0,010433542143676304
( -0,038273920003942585 0,10086100194755554 ), 0,011637834666332999
( -0,10810440026626525 -0,005301453941703137 ), 0,01171466677082489
( -0,06997512659045212 -0,0881733136157874 ), 0,012671051575337797
( -0,03004558481820893 -0,11430730626634367 ), 0,013968897432935876
( -0,07601999165623985 0,09431769597432899 ), 0,01467486690532073
( -0,012710345229846709 -0,1210018874906651 ), 0,014803009652165461
( -0,039608886589458825 0,11736086338993745 ), 0,015342436152488172
( 0,04249367276224636 -0,12307740791433167 ), 0,016953760563735668
( -0,08017636430764608 0,11051307618826944 ), 0,01864138940218663
( 0,12849426618522103 -0,04622914104820565 ), 0,01864790992453333
( -0,05516069846616023 -0,12612805020345152 ), 0,01895098770339904
( 0,13429485527341403 0,03146143508516444 ), 0,019024930050525236
( 0,14323723221313614 -0,011740439746451524 ), 0,020654742617519945
( -0,09494105849399306 -0,10908547828446363 ), 0,02091344616051
( 0,13012891818851124 0,0635629077787799 ), 0,020973778594205933
( 0,14163443603119297 -0,03533666923692865 ), 0,021308993662634196
( 0,0667564539855956 0,1306077837253632 ), 0,021514817318382187
( 0,14934610605353327 0,010841884663850054 ), 0,022421805856417433
( 0,1541093894463318 0,048716349867095665 ), 0,02612298665989443
( 0,08405658676239161 0,14130903545069992 ), 0,027033753278150635
( 0,11574274195529632 0,12120443541253323 ), 0,02808689747900125
( 0,16815768931825037 -0,005675397083376776 ), 0,028309218608907217
( -0,15381645765096774 -0,06919054589813145 ), 0,028446834285973388
( -0,03649759927119489 0,16631164342345883 ), 0,02899163749077244
( -0,0693276838896009 0,15577024231793102 ), 0,029070696145283376
( 0,1526447751292741 -0,0790185436278612 ), 0,02954435761133486
( 0,03553954214718833 -0,16914728229542467 ), 0,02987386216395986
( 0,10452873603290899 -0,13830285818779775 ), 0,030053937239551663
( 0,12484608211662751 -0,12193849886634034 ), 0,030455541725648183
( -0,16995379553925746 -0,04137182923554597 ), 0,030595920872494905
( 0,12798036525961465 -0,12109475505848122 ), 0,031042913594657943
( -0,05571295770972995 0,17023904500100429 ), 0,03208526609962012
( 0,0345803575048608 -0,17592094554949173 ), 0,03214398020819122
( -0,14967644650595185 -0,09870017373139602 ), 0,032144762933256826
( -0,10350946376927435 -0,14723808524291093 ), 0,03239326283580143
( 0,17569287871994088 0,04748378845433596 ), 0,033122697798875986
( -0,12979626415507303 0,12758025964143388 ), 0,033123792838789176
( -0,013743374542539932 0,18170550616029918 ), 0,033205771312787055
( 0,06346385759941538 -0,172202181045354 ), 0,03368125237817575
( -0,18391917414020043 -0,0017258075639677573 ), 0,03382924102816121
( 0,1266809717705698 -0,14024240953815784 ), 0,03571600204180429
( 0,17375975829975204 -0,07554828306108152 ), 0,035899996677865545
( 0,18542833304249662 -0,05279415760111883 ), 0,03717088977173082
( 0,08605645640143428 0,17298214780157256 ), 0,037328537146417054
( 0,0837726533340225 -0,1744985866539399 ), 0,03746761419084489
( 0,1692735623223581 0,09579607396796044 ), 0,037830426688976196
( 0,20153916023373242 0,010070665648594712 ), 0,04071945141432386
( -0,11766540606713924 -0,164754635592587 ), 0,0409892377341909
( -0,07455598505838235 0,19167345389566048 ), 0,04229730783631762
( 0,21234584549119462 -0,015956394258738016 ), 0,04534536461511059
( 0,18958658556945623 -0,09759998309480311 ), 0,0454688301279906
( -0,09927056252097399 -0,1919104279393662 ), 0,04668425693510127
( 0,19007436504192807 0,11023097049646476 ), 0,048279131102684614
( 0,22066207874341734 -0,008634492761071921 ), 0,04876630746060712
( -0,22216411857056784 -0,021925186907401972 ), 0,04983760940116183
( 0,21898750941030073 0,04928657791742739 ), 0,05038469604053719
( 0,04259230347880394 -0,22914591007960805 ), 0,05432195242184235
( -0,13626909995033776 0,19327434371254704 ), 0,05592423953879091
( -0,23718627694251904 0,011395695688500806 ), 0,056387191850078254
( 0,2297551674273253 -0,06046927290019892 ), 0,05644396992463701
( 0,23087126945371048 -0,07932052736645431 ), 0,05959328912086022
( 0,23981047304052727 -0,06709128836747173 ), 0,0620103039547287
( 0,23131715139596462 -0,10557960530851168 ), 0,06465467758704473
( 0,21222095965664867 0,14038809956073894 ), 0,06474655421586485
( -0,15060459942401505 -0,21407299943885805 ), 0,06850899445641735
( 0,007332104326482403 -0,26278646827802304 ), 0,06911048766389083
( 0,016654071210770394 0,2694887090875069 ), 0,07290152241354432
( 0,20622063224268106 -0,1787206862184731 ), 0,07446803284497303
( 0,12719829346048617 -0,24311309557220978 ), 0,07528338309796237
( -0,22106726255752296 -0,16316602423871673 ), 0,07549388604054628
( 0,2668135555234355 0,0702715870950904 ), 0,07612756936392027
( -0,21458857815308885 -0,1794018720413988 ), 0,07823328956572274
( -0,2412919276284241 0,1451087425144054 ), 0,07927834149275266
( 0,11393043448651201 -0,25804015705214245 ), 0,07956486655377974
( 0,2526539112926389 0,13040052810170003 ), 0,08083829662067091
( 0,25785257962792163 -0,12316784986808312 ), 0,08165827206190032
( 0,02802631273711277 0,2848781533537465 ), 0,08194103646387915
( 0,03263993588213579 -0,28525307598217875 ), 0,08243468277168459
( -0,09048565841022871 -0,27423866616068615 ), 0,08339450039552486
( -0,2859594409694615 -0,04155232232657588 ), 0,08349939737029861
( -0,20888332037533108 0,20657516292251188 ), 0,08630553946748554
( 0,13297513102050917 -0,2666604751634569 ), 0,08879019448432221
( 0,12228638459057786 -0,27496475886729893 ), 0,09055957847518657
( -0,21936737378923343 -0,20657671808194733 ), 0,0907959851366936
( 0,11398374573607431 0,2799362922672922 ), 0,09135662202038489
( 0,23659854961375926 0,18825812542445242 ), 0,09141999546766336
( -0,06414718029719568 0,29608553905761437 ), 0,09178150717911901
( 0,28909178729104923 0,09375987703834965 ), 0,09236497602137969
( -0,257271563125525 -0,16321149286931447 ), 0,09282664859768129
( 0,26104056416163246 -0,1604466115349945 ), 0,09388529129088478
( 0,30458558856200957 0,037048953907849624 ), 0,09414500574533174
( 0,2819352473755449 -0,12594288635806813 ), 0,09534909433691094
( 0,3056268371201607 -0,057523054889891956 ), 0,09671666541193875
( -0,3121820399474744 -0,005143637436089588 ), 0,09748408307184044
( 0,1176357055032797 0,29058499809767113 ), 0,09827780032867789
( 0,30600355170830584 -0,07085845026048529 ), 0,09865909363141548
( 0,3000375908139683 -0,09312238224881067 ), 0,09869433397714389
( 0,17030832222181136 -0,26839161577004234 ), 0,10103898403366236
( 0,29680883795941826 -0,11433128393906326 ), 0,1011671287779749
( -0,01643808883036127 0,31797941839921096 ), 0,1013811212898953
( -0,24911666516478306 0,19968361553122763 ), 0,10193265917444577
( -0,17123514914601823 -0,2709359937782204 ), 0,10272778902765099
( -0,28554784045299575 0,14668621783337712 ), 0,10305441568963047
( 0,04535194936284359 0,3191541063976153 ), 0,10391614294147028
( -0,2357776842877646 -0,22064588377430744 ), 0,10427572243464599
( -0,2851414993446316 0,16241121534914857 ), 0,10768307751969206
( 0,11256595907110828 0,312091527836727 ), 0,11007221688906096
( -0,334981580904115 -0,013671503698083676 ), 0,11239956955838686
( -0,25696078813173084 0,21662654455029706 ), 0,11295590644108211
( 0,10540070064592738 -0,3229821377438293 ), 0,1154267689982263
( 0,12271912964185683 -0,3212722819431608 ), 0,11827586392502068
( -0,14704990332648885 0,31346278973163216 ), 0,11988259461466715
( -0,34104769943095503 -0,06086323416740072 ), 0,1200178665604629
( 0,24470506389433372 -0,2523285859058473 ), 0,1235502835607745
( -0,05759887133428715 -0,3508492467877863 ), 0,12641282395054074
( -0,036719145185322766 0,3545472550860035 ), 0,12705205171216044
( -0,3253565774066782 0,14974427644303756 ), 0,12828025078923666
( 0,3456279417161584 -0,1062633067094274 ), 0,13075056444777003
( -0,3517751798970642 0,09825334367817562 ), 0,13339949673555357
( 0,0556874508333452 0,36142805066257466 ), 0,13373132798606488
( -0,3482245900953438 -0,1214612001088741 ), 0,13601318827895814
( -0,3236964288016801 -0,17873494446194077 ), 0,1367255583907742
( 0,1383756787036596 0,3495438383154652 ), 0,14132872336100652
( 0,35074404950620264 0,13531018757948476 ), 0,14133023512680487
( -0,3386542520542637 -0,16338833689056687 ), 0,14138245106629815
( 0,3435042072654954 0,153069182073599 ), 0,14142531490977706
( 0,32408123090712704 -0,19222705041027405 ), 0,14197988313571264
( -0,2148752770649398 0,3115178698262302 ), 0,14321476791480675
( -0,3048424692650178 0,22578684726581688 ), 0,14390863146583063
( 0,3321100411706439 0,1856286985510187 ), 0,14475509317211177
( 0,2754588867376857 -0,2625929910614839 ), 0,14483267723738175
( 0,3717140306272819 0,09960845088352721 ), 0,14809316405259595
( -0,18273689183245093 0,33913043033092183 ), 0,1484022204130211
( 0,12139506178004286 -0,36638809316335874 ), 0,14897699583646248
( -0,13322519763565938 0,3633242183924196 ), 0,14975344095552312
( 0,3885450776456732 0,018012873299184273 ), 0,15129174096717465
( -0,24860617101049864 0,3000722882851207 ), 0,1518484064611699
( -0,13403054712639062 0,3659056742030149 ), 0,1518511499769625
( 0,35530679330572346 0,1645665129448425 ), 0,1533250545520211
( 0,0906898455579785 0,38247541743936153 ), 0,15451209303274385
( -0,22729958380967918 0,3239403085071517 ), 0,15660242427576201
( -0,07291543263767508 -0,3906175941893786 ), 0,15789876520703738
( 0,18629155719252208 0,3512341492911729 ), 0,15806997190950867
( 0,047622987264415384 -0,39572054303946186 ), 0,15886269709943326
( -0,39930412963648987 -0,0009365461575745436 ), 0,15944466506345997
( 0,2864210565583648 0,2828511941333354 ), 0,16204181966266382
( -0,18571360423558658 0,35803315353843623 ), 0,16267728183084956
( -0,20893663497223436 0,3460416418830121 ), 0,16339933535061152
( 0,3708620160377608 -0,1608919620466108 ), 0,16342485839080043
( -0,06066771169304644 -0,407189766601909 ), 0,1694840772673877
( -0,33221689663784293 0,2534926520902345 ), 0,1746265910754199
( -0,06495663927241024 0,4185959196420336 ), 0,17944190892652584
( -0,043822181496042334 0,4227653550004025 ), 0,18065092897968846
( 0,2810617410357196 -0,3289746011227182 ), 0,18721999045788146
( 0,4038740495539041 -0,15950082799476067 ), 0,1885547620340836
( 0,1958636723928339 -0,39142623608497384 ), 0,19157707645885702
( -0,43344441853626614 -0,06658413178568415 ), 0,1923075105658952
( 0,3179256744013198 0,3060048578248031 ), 0,19471570745591196
( -0,13887763961040184 0,4215727247993925 ), 0,19701056107854098
( 0,1836947297041584 -0,40775926375168203 ), 0,20001137089639762
( 0,2298261562413697 -0,384115014277567 ), 0,20036440628613797
( 0,44579308776830545 -0,06569127798401804 ), 0,20304682110517364
( -0,2871970223597645 0,3487804502764177 ), 0,20412993214733577
( 0,44408771498476823 0,08519212443712036 ), 0,20447159666650253
( -0,28886427376213897 0,35285726736226875 ), 0,20795081978649557
( 0,43403760843452055 0,14174076293738658 ), 0,20847908941363058
( 0,45994313351159555 0,03250854829096528 ), 0,21260449177645144
( 0,33760198342586273 -0,3143011369143107 ), 0,2127603038787048
( -0,12375411066236529 -0,4451779605020976 ), 0,21349849642264013
( 0,384713615682891 -0,2645489354370847 ), 0,21799070533269793
( 0,3970248843725345 -0,2480478037249335 ), 0,21915647174378755
( 0,18045721530387127 -0,4324044466540444 ), 0,2195384120414181
( 0,0940334220546748 0,45985406496801806 ), 0,22030804553092276
( 0,4167690725741271 0,21717610816826505 ), 0,22086192181341197
( -0,3692998254355781 0,293998127494833 ), 0,22281726003721652
( 0,46910099209605693 0,07155687675771438 ), 0,2251761273968236
( -0,40634751885704323 -0,24792636671832663 ), 0,22658578939542529
( 0,4673799405886221 0,09637640425148403 ), 0,2277324201610694
( -0,13705716322492856 -0,45712355189663956 ), 0,22774660768986443
( -0,40207421250443875 -0,26317884102902306 ), 0,23092677472644435
( 0,4802478736916016 0,06093256150229065 ), 0,23435079723653496
( 0,39683357418644394 -0,2814820577701422 ), 0,23670903444810154
( -0,4407555608736571 0,21480514799285588 ), 0,24040671604528474
( 0,252464418151502 0,422716596823582 ), 0,2424276036626872
( -0,014860572728276233 0,49270353347984236 ), 0,2429776085253345
( -0,08322585744284616 0,49069390657527123 ), 0,24770705329719794
( -0,1822516538210419 0,46615604417970863 ), 0,25051712284577937
( -0,06222757599589397 -0,49901743754449207 ), 0,2528906741877958
( -0,2602196975983221 0,43325852752291183 ), 0,2554272426894839
( 0,45911455259026357 0,21596168084491968 ), 0,25742561999352087
( 0,05488106598607204 0,5083636637284763 ), 0,2614455460032069
( 0,5005627935092936 0,10596771308384034 ), 0,2617922664620468
( -0,5144388323732754 -0,02171593931287833 ), 0,2651188942738195
( -0,00393715510147534 0,5182172764093841 ), 0,2685646467594531
( 0,3054196381136083 -0,4217417916073174 ), 0,2711472941335974
( 0,4543733133281568 -0,2567774826277185 ), 0,2723897834494356
( -0,18690000954674169 0,4874198196372914 ), 0,27250969414382187
( -0,2705677592152097 -0,45014656654416607 ), 0,275838843698241
( -0,3651615115475275 0,3777335773583581 ), 0,2760255849796178
( 0,3855517566400355 -0,36141261622527576 ), 0,27926923621501565
( 0,5005678817739306 -0,17473598821783376 ), 0,28110086984210275
( 0,18663267070425935 0,4979338080007439 ), 0,28276983092432617
( 0,45224957047316505 0,2804452658891079 ), 0,2831792211527747
( 0,26493818292030746 0,46402758223393414 ), 0,28551383784298484
( -0,38853851497716296 -0,37197829544657746 ), 0,28933002990400036
( 0,16014670207299986 -0,517841228928611 ), 0,2938065045631522
( -0,31370324415450984 -0,44513638846226594 ), 0,29655612972629336
( -0,536456940551169 0,10785696266 ), 0,2994191734597611
( -0,3344720021598836 0,4333966731705702 ), 0,2997041965441592
( -0,5034057715942089 -0,2191967908527923 ), 0,3014646039945236
( 0,3352616493760578 -0,43481592876606756 ), 0,3014652654510527
( -0,1052006513440733 0,5395634539887786 ), 0,30219589792351803
( -0,09280900255885162 0,5419493034866636 ), 0,3023225585056487
( -0,4028811569926932 0,3781058316690584 ), 0,30527724660192146
( 0,32085758957582966 0,45155737501149684 ), 0,3068536557156851
( 0,5386039612600333 -0,14976018901156204 ), 0,31252234129777823
( 0,4608535841140323 0,3273866664063996 ), 0,3195680553314446
( 0,44415672850450266 0,35334426915301376 ), 0,3221273720190999
( -0,1981380960390729 0,5342381995484496 ), 0,324669158958758
( 0,09063096687308056 0,5626467101764296 ), 0,32478529262870864
( 0,08357087723605092 0,5688082857729495 ), 0,33052695748596445
( -0,30263713910826384 -0,4897798205889883 ), 0,3314735106238162
( -0,4864767472521546 0,3093461687598697 ), 0,3323546777434465
( -0,18931641574269786 0,5517597731885808 ), 0,3402795525787762
( 0,5729825327874397 0,11136033030933956 ), 0,3407101060461146
( 0,5347573561914529 0,23639979821663537 ), 0,34185029459773836
( -0,12835478339659936 -0,5764553458094339 ), 0,34877571613306196
( -0,5873042872238965 -0,0727853322908753 ), 0,3502240303882623
( -0,5944557991505237 0,01305275528995023 ), 0,3535480715643471
( 0,4913468247914607 0,34908278989203956 ), 0,3632804964314602
( -0,5455885525112097 0,2599841166435447 ), 0,36525860953820133
( 0,550452370456414 0,25030082736964304 ), 0,36564831632301315
( -0,07922587319685648 -0,6006543928124799 ), 0,3670624385887333
( 0,6063937710538152 -0,04141239946865344 ), 0,3694283924026182
( -0,0750848860697707 -0,6041162292352678 ), 0,37059415854154903
( -0,46050523109732344 -0,4023910296079374 ), 0,37398360857693524
( 0,0508838294034267 -0,6096616046440526 ), 0,37427643627191814
( -0,24534321668565928 0,5643074671730695 ), 0,3786362114809512
( -0,6132479186998541 -0,06342689334590357 ), 0,38009598058921545
( -0,6093186857928612 -0,12792979163873602 ), 0,3876352924450699
( 0,38783588817177383 0,4878164005224179 ), 0,3883815167726367
( -0,49505490094092003 -0,37984680266108417 ), 0,38936294843747277
( -0,6182518191702382 -0,09831306430447138 ), 0,391900770520244
( -0,010058912175058502 -0,6271874302271735 ), 0,39346525434911117
( 0,48974694002237107 0,3930250496701234 ), 0,39432075492947893
( 0,21623207622863505 0,5923994401229715 ), 0,39769340744815634
( 0,474471473556072 -0,42056102194827316 ), 0,4019947524006462
( 0,459102484009279 -0,44090099097937374 ), 0,40516877467008405
( 0,590606859958664 -0,2422599853738583 ), 0,407506363543575
( -0,5555494833214388 -0,32113925773180685 ), 0,41176565127525355
( -0,6325554335794821 0,11134562167884737 ), 0,41252422401797556
( -0,48332688932811574 -0,4307407828060118 ), 0,41914250391992847
( 0,3321587969376274 -0,5575285245801089 ), 0,42116752210352515
( -0,4449786743618458 -0,47492636451016573 ), 0,4235610723436684
( 0,4060394958774791 -0,5109732845069674 ), 0,42596176969227567
( 0,257087861627177 -0,6058922978457462 ), 0,4331996451848329
( -0,646436102339329 -0,1305130692806642 ), 0,4349132956607229
( -0,45204389575760445 0,4857374930103983 ), 0,4402845958077387
( -0,348236853243548 0,5652017105842738 ), 0,4407218796043576
( -0,6519668528428776 -0,13868109872160628 ), 0,4442932243484783
( 0,4118711147617087 0,5248112084522134 ), 0,4450646196921252
( 0,6578299438021712 -0,12428478666350173 ), 0,44818694315875984
( 0,5152595578432795 -0,44170738994268494 ), 0,460597830278831
( -0,14339075193165776 0,6683245725406802 ), 0,46721864200120916
( 0,1529936436580652 0,6666789328059419 ), 0,46786785444704065
( 0,6412136381110968 0,2517533842484949 ), 0,4745346961802389
( 0,1810932055513766 0,665556006818028 ), 0,475759547308432
( -0,26223311335867033 -0,6418405616359021 ), 0,4807255123028714
( 0,6894266639566178 0,11250004957543769 ), 0,4879653861288271
( -0,5976320364419562 0,3648717202916141 ), 0,4902954232503215
( -0,6933710684204314 0,10598332909582217 ), 0,4919959045687239
( -0,271110041574882 -0,6485986880501304 ), 0,4941809127830847
( -0,12817364807936157 0,6914400968771179 ), 0,49451789163141024
( 0,14213827357132536 0,690530800936769 ), 0,4970360758562126
( 0,7048934569080214 -0,0366858089184981 ), 0,4982206341677452
( -0,325696311516522 0,6280662005243287 ), 0,5005452395765336
( 0,7190406033129983 0,0700675146566132 ), 0,5219288458228754
( -0,7125082515471339 0,1239420207731804 ), 0,5230296330360933
( -0,23678547639261271 -0,6865323648539399 ), 0,5273940498224198
( 0,47515481506721846 -0,549218417640989 ), 0,5274129685576344
( 0,3484751725401796 -0,6469752343753817 ), 0,540011899771988
( 0,430146374683458 -0,5971003787013157 ), 0,5415547658985764
( 0,6656336162287282 0,31703191900795713 ), 0,5435773487236016
( -0,6278810168397979 0,389451095322339 ), 0,5459067269555482
( -0,5708958613943522 -0,47138996861584737 ), 0,548130587068849
( 0,7259135388276694 0,14803186100742832 ), 0,5488638977266329
( -0,741326858637894 -0,15260675159406123 ), 0,5728543319700197
( 0,3526584832145594 -0,6737509396106791 ), 0,5783083344094666
( 0,29943074643532097 -0,7006368116884065 ), 0,5805507138037092
( -0,6418769313191837 -0,41116437077033385 ), 0,5810621347506966
( 0,7365886231985688 -0,20263303825843137 ), 0,5836229480194061
( 0,7412096494154724 -0,1996597146912692 ), 0,5892557460572065
( 0,4874191183527668 0,595486729219142 ), 0,5921818416119002
( -0,06010301160322941 0,7679568904952385 ), 0,5933701576628937
( 0,5505015574101337 0,5423695535834618 ), 0,5972166973653065
( -0,662349589619782 0,39983669132530847 ), 0,5985763585994636
( 0,760705409891933 -0,14466236232341612 ), 0,5995999197118452
( -0,13499648947877357 -0,7636918204379648 ), 0,6014492487754453
( 0,7805147453607726 0,01582966816432521 ), 0,6094538461197843
( 0,7848322006352558 0,0008154895858364583 ), 0,615962248177243
( -0,35687302559168166 -0,7162403275117051 ), 0,6403585631490356
( 0,6587419053654444 0,4573827594316977 ), 0,6431398865098503
( 0,8038353157470567 0,008283010381904432 ), 0,6462198231031571
( -0,760805171332164 -0,2632218961976398 ), 0,6481102753636445
( 0,8056470032772234 -0,1143997544066685 ), 0,6621543976978764
( -0,2335384611677413 0,7822446695273246 ), 0,66644693584851
( 0,801892661196483 -0,1888072892821402 ), 0,6786800325668472
( 0,7445645881246914 -0,3577491346407497 ), 0,6823608692254967
( 0,6197776148900549 -0,5472180687362254 ), 0,6835719066702095
( -0,7370318967246594 -0,37696887830924886 ), 0,6853215520032823
( -0,5881517471645444 0,5826108261021362 ), 0,6853578523841198
( 0,739479780102335 -0,37667205181467134 ), 0,6887121797984721
( -0,8355569766694897 0,06801986770433363 ), 0,7027821636635732
( 0,28513200532163685 -0,788971150313865 ), 0,7037757364863213
( 0,40288569093551313 0,739575413308595 ), 0,7092886719311648
( -0,08645880322357591 0,8489070283516478 ), 0,7281182674396783
( -0,015533765270556811 0,8588143371432796 ), 0,7378033635463314
( -0,13491899553253384 -0,8488774676172737 ), 0,7387960903838234
( -0,8602748989782989 0,024453626824965158 ), 0,740670881677017
( 0,8479721261138835 -0,15415068278980204 ), 0,7428191596706621
( 0,8295353138368826 -0,2387740141969371 ), 0,7451418667581744
( -0,3365413674791282 0,7994474025934544 ), 0,7523762415381423
( -0,5672658465842986 0,6659979076340173 ), 0,7653437536738901
( -0,8788719044324921 0,1342607079646651 ), 0,7904417621039685
( -0,6517168952990015 0,6064762168645952 ), 0,7925483132405611
( 0,32689935027341643 -0,8317094949072107 ), 0,7986038691279893
( -0,7055278909432543 0,5486016535288725 ), 0,7987333791534496
( 0,4564992757603016 -0,7783723474573943 ), 0,8142551000560144
( -0,39975811250867366 -0,8092832853787297 ), 0,8147459845098879
( -0,4670555743950741 -0,7725275062209949 ), 0,8149396574415418
( 0,884833802619226 -0,1816905896579163 ), 0,8159423286278407
( -0,6683775137140204 0,6090473463513013 ), 0,8176671709360975
( 0,49309144165896995 -0,7594897567724644 ), 0,8199638604796187
( -0,8358397447830904 0,3561501241726297 ), 0,8254709899072413
( 0,6375717864868963 0,651141958293273 ), 0,830483632774091
( 0,8570170523362499 -0,31154201960818684 ), 0,8315366579766624
( 0,23510620340292968 0,8833425451025361 ), 0,8355689788667657
( 0,15788962168654103 -0,9028789829217694 ), 0,8401195904381678
( 0,9071364979081525 -0,1448667993639114 ), 0,8438830153950114
( -0,9157762516759755 0,07255975893791289 ), 0,8439110617508278
( -0,6657825316768761 0,633571413560782 ), 0,8446791155674779
( 0,016379485325601753 -0,9224879725473775 ), 0,8512523470341026
( 0,11028622281162415 0,9191593063108288 ), 0,8570168813198591
( 0,7985073194158143 -0,4806351257214746 ), 0,8686240632379271
( 0,7509463574103519 0,5535726340388012 ), 0,8703630928645325
( 0,9183514298934793 0,21609158497084993 ), 0,8900649218826121
( 0,8760766090033902 0,36194592870687536 ), 0,8985150801503616
( -0,9481990678981986 0,01767147539588569 ), 0,8993937534056801
( -0,6641829933835227 0,6786321570947987 ), 0,9016806533430362
( -0,8928518525577823 -0,3277623419598669 ), 0,9046125834228806
( -0,47748595953541084 -0,8278591071428689 ), 0,9133435428328401
( 0,7485833765528365 0,6066321796676171 ), 0,9283796730595297
( 0,30174942267251437 0,9181004646934992 ), 0,9339611773536148
( -0,5582089889205788 -0,7940003427004834 ), 0,9420338195202199
( 0,798129420820332 -0,5534297781802046 ), 0,943295091755589
( 0,9704882946255713 -0,06453371326918127 ), 0,9460121301535586
( -0,4215474910302915 -0,8811090222186835 ), 0,9540553962290981
( -0,004931365438453995 0,9779009730640502 ), 0,9563146314847039
( -0,8637360713325722 -0,46446132547576735 ), 0,961764323783733
( 0,9846995245162482 -0,004969592836401859 ), 0,9696578504354849
( 0,943386650227346 -0,2932521120689713 ), 0,9759751730600854
( 0,8913101974675719 -0,43395246839913515 ), 0,9827486129393843
( -0,9733092351489642 0,18853890899623765 ), 0,9828777874317531
( 0,9365369770406361 -0,3291256197115341 ), 0,9854251829149143
( 0,01699092086242355 -0,9971350070542573 ), 0,9945669136848468
( 0,29441878881734596 -0,9595501017321326 ), 1,007418820942819
( -0,963075035407714 0,2913291957855356 ), 1,0123862241426165
( -0,5684722127136117 -0,838285869788207 ), 1,0258838561140804
( -0,9158635296162201 -0,4475364093036578 ), 1,0390948425334918
( 0,8723772665595403 0,534441823514062 ), 1,046670157930931
( -0,7350623458367003 -0,7128825073468805 ), 1,048518121548128
( 0,19026952755326693 -1,0061541213643275 ), 1,048548609053765
( 0,8803779743513955 -0,5250612666716195 ), 1,050754711481872
( -1,0214641776114164 -0,09283163253672966 ), 1,0520067781428015
( 1,0093862163873304 -0,18837514273523318 ), 1,05434572823325
( -0,1138718767676842 1,0210073340944081 ), 1,055422780593165
( 0,6336022744962356 0,8115802576210558 ), 1,0601143568070623
( -1,000218387140225 -0,2523867640555997 ), 1,06413590064385
( -0,794943857200787 0,6576928628213632 ), 1,0644956379074255
( 1,037820411749153 0,0009756139098339445 ), 1,0770721588656824
( -0,4536454278381393 0,9376287081833481 ), 1,0849417686080227
( -0,23923116952107845 1,014597613764627 ), 1,0866398703272984
( -0,9847392324907244 -0,35317232812376675 ), 1,0944420493587825
( 0,9915067203540735 -0,34486459535813085 ), 1,1020171656388182
( -0,03569222829171695 -1,050898000185016 ), 1,1056605419532937
( 1,0529126445772516 0,012935300243559211 ), 1,1087923591030528
( 0,8073942069257054 0,6763315876112093 ), 1,1093098217778876
( -1,0090347659490293 -0,3042333000120387 ), 1,1107090597300275
( -0,20796941875799435 1,0344242374128623 ), 1,1132847820857197
( -0,7532159849288158 -0,7394772395819285 ), 1,114160907811995
( -1,0479266489115904 -0,12903615980601643 ), 1,1148005920365596
( -0,02096215866539608 -1,0558515826843466 ), 1,115261976752953
( 0,9758159443501843 -0,4275535996058619 ), 1,1350188377839716
( 0,9284742069771545 0,5235707845524834 ), 1,136190719458759
( 0,834101012198404 -0,6685881751687448 ), 1,1427346465258743
( -0,040767155920525364 -1,0707682110805565 ), 1,1482065228625038
( -0,5582716285129242 0,9163839466339496 ), 1,1514267488508858
( -1,040870535095217 -0,28365055774563275 ), 1,1638691097388119
( -1,077752055844068 0,05583449696779405 ), 1,1646669849277618
( 1,0766365752412157 -0,10274449182081458 ), 1,1697027457466513
( -0,6105938502484656 0,8955347213341986 ), 1,1748072870763664
( -0,08472496904729462 1,081635036480641 ), 1,1771126725225427
( 1,0525040912800412 0,2655201916176 ), 1,1782658343178722
( 0,17689090997266566 -1,0742363895225036 ), 1,1852742146053017
( -1,0089624735146796 -0,41088878186012034 ), 1,1868348640193542
( 0,6358019588697339 -0,8915781611370441 ), 1,1991557483191038
( 0,9224765103368817 0,5916761177327494 ), 1,2010435404186093
( -0,5808972019090457 -0,9299821847646106 ), 1,202308423165317
( 0,9363873239980651 -0,570583980775443 ), 1,2023872996618086
( -0,33587126247997234 1,0575499441100562 ), 1,2312213892470736
( -0,23509274429841803 1,0852659645057443 ), 1,2330708121363447
( 1,0121624744315572 -0,45768722309460264 ), 1,233950468831461
( -1,1031410201984462 -0,151437575551978 ), 1,2398534497335296
( 0,9888326826059048 -0,5139887402778287 ), 1,2419744993219795
( -0,9157976616691468 0,6379823218745979 ), 1,24570680014318
( 0,040916259377778694 1,1180787578872668 ), 1,2517742491202033
( 0,8778324424049598 0,6944019865801342 ), 1,252783915905094
( 0,9470752498979019 -0,6024282851968796 ), 1,2598713677744264
( -0,08648587020331773 1,1199597733651103 ), 1,2617896997008544
( -0,9514938859337061 0,6074650057767768 ), 1,2743543482126038
( -0,6834107500884007 0,9038694372533717 ), 1,2840302129371173
( -0,7890585004563586 -0,8164654790819066 ), 1,2892291956748845
( -0,6326783896495605 0,9504503156291735 ), 1,3036377472091565
( -0,07063339226436781 1,1460977325918218 ), 1,318529088754887
( -1,1249043764581348 0,2326127905356059 ), 1,3195185664954265
( 0,10760535658476406 1,1464976521920471 ), 1,3260357792476105
( 0,7969032614658472 0,8322572164195743 ), 1,3277068824173626
( -1,1282935760878683 -0,2584326864936728 ), 1,3398338472894873
( -1,0216368558965838 0,5493175375265076 ), 1,3454916223604432
( 1,0192500224546468 0,5580997499980522 ), 1,3503459392216863
( 1,1642792652826823 -0,04829482044870706 ), 1,3578785972493552
( -0,16138709215512362 1,1566895479968475 ), 1,3639765039594378
( 1,1680774556178495 0,07295410402955893 ), 1,3697272436174248
( -0,9389053406729309 0,7173188397585448 ), 1,396089556616697
( 1,1814340548634272 0,027611346604481668 ), 1,3965488124523524
( 1,1332982620536352 -0,34395753570333515 ), 1,402671737140901
( 1,0408519434298436 0,5673835040805973 ), 1,4052968088444595
( -1,1683708937815522 -0,20541788027886404 ), 1,407287050974165
( -0,5920799262653258 -1,0318440978691905 ), 1,4152608813938374
( 1,1201465224407052 0,4099703275379062 ), 1,4228039011975433
( 1,0634842723165256 0,5407395529898815 ), 1,423398061632307
( 1,115919466485102 0,4226793646445297 ), 1,423934100976698
( -0,005822194644262035 1,196791549450954 ), 1,432343910787691
( -0,5666747361231271 1,0565940748513023 ), 1,4375112955710951
( -1,1807550100329152 0,22491406690559743 ), 1,444768731209845
( 1,0654865788600132 0,5702654146924604 ), 1,4604642929251788
( -1,0399717448193195 0,616396531357343 ), 1,4614859138919036
( -0,4914280231186501 -1,1049934657330998 ), 1,4625120612191516
( 0,29298604518105276 1,175152805602181 ), 1,466824939185511
( 1,0434578972974116 0,6181329246969893 ), 1,4708926960267894
( 0,9807614179312769 0,7219376602610672 ), 1,483086944205793
( 0,9221119546880907 -0,7984445492433749 ), 1,4878041551951475
( -0,8326058349087556 0,906115232706963 ), 1,5142772912676998
( -1,2100490019302876 0,25038735536390466 ), 1,5269124147986155
( -0,550002168928893 1,1078691335048667 ), 1,5298764027993108
( -1,1557861486624033 0,45520168015546253 ), 1,5430501910562269
( -1,2319204771781607 0,2091444708357263 ), 1,561369471772023
( 0,9333686471989583 0,8331374982286489 ), 1,5652951225287055
( -1,1721081434958245 0,44343014453653784 ), 1,5704677931329232
( 1,1116226932738982 0,5998786416510995 ), 1,5955593969106834
( -0,2887726684972125 1,2314538847322405 ), 1,5998683242931273
( 1,0547719184092688 -0,7069346447911244 ), 1,6123003918707224
( -0,661714320456805 -1,083926991191598 ), 1,6127635641312819
( 0,01878165056290682 1,274311344057868 ), 1,624222151992437
( -1,2621331758588896 -0,18463656220061037 ), 1,6270708137049066
( -0,9556718672014303 0,8527032478191962 ), 1,6404115466016735
( 1,2030286330415398 -0,45434796403890987 ), 1,6537099643440984
( -0,2725249312377743 -1,2580374847900542 ), 1,6569281512830396
( 0,6515806177431916 1,1168110303533743 ), 1,6718241789375647
( 1,075304283178875 -0,7243817050189758 ), 1,6810081559890326
( 1,0038471095975572 -0,8216619597664719 ), 1,6828373955746492
( 0,2440458815621409 1,2759644496761506 ), 1,6876436691448045
( 1,2935695678239016 -0,12763654952350584 ), 1,6896133155743822
( 1,0666337859093826 0,7443330455801587 ), 1,6917393159860172
( -0,8606706778171551 -0,9803114685873822 ), 1,7017645910981911
( -1,2068613586032069 -0,5100549098099081 ), 1,7166703499107716
( -1,2781761265111875 0,31512207288403626 ), 1,733036131201875
( -0,865467538324347 0,995477733731122 ), 1,7400099782476557
( -0,1358974821990028 1,32208823041119 ), 1,7663854146598204
( -1,3321054712240255 -0,052694082812668575 ), 1,7772816528284512
( -0,9657848979209316 0,9253828715579185 ), 1,7890739280249233
( -0,7874230765565953 1,0849346513172538 ), 1,7971182991227446
( -0,6888950993142924 -1,1526882886874117 ), 1,8032667487363625
( 0,2579079172384632 1,318193878270211 ), 1,8041515944833417
( -0,004155799116660679 -1,3501778635755397 ), 1,8229975339557067
( 1,3313656748914748 0,22687721692747054 ), 1,8240078318399866
( -0,6444416760544984 1,1907581931394873 ), 1,8332101483647474
( 1,3573488552894697 0,039714076553511814 ), 1,8439731228321319
( -0,06650340529512734 -1,3685132844876422 ), 1,8772513127350021
( 0,4623412812063515 -1,2912893609266567 ), 1,881187673949904
( -0,5725188142877229 1,2514642686642121 ), 1,8939406084566714
( -0,6120314211679347 1,2354336237723258 ), 1,9008786992440625
( 1,1877378597417327 0,7034029807610704 ), 1,9054969768074308
( 1,171219853884904 -0,7318408724932537 ), 1,9073470087858624
( 0,6346140125208536 -1,2301103986592616 ), 1,9159065377774658
( -0,07000444776773887 1,387085694526652 ), 1,9289073466677509
( -1,38588280443809 -0,11616440228518154 ), 1,9341653159954586
( -1,1975932327266008 0,7131201929522545 ), 1,942769960668811
( 1,196412379823284 -0,7165376374561392 ), 1,9448287684856393
( -1,3976813708723683 -0,010521521590302736 ), 1,953623916900238
( -1,2938328776473762 0,5291904642029027 ), 1,9540460626845741
( 1,0517225988506842 -0,9209824848549959 ), 1,95432916234292
( -1,238183065735909 -0,6513274933688604 ), 1,9573248078933372
( 0,97027219339309 1,0133644728765532 ), 1,9683356841602122
( -0,3638823653446708 1,356168213855052 ), 1,9716026000796343
( -1,26880672591424 -0,6016691944095233 ), 1,9718763272266178
( -0,28940074495702245 1,3799307355695911 ), 1,9879616261513124
( 0,46436430597774714 1,3352195983452126 ), 1,9984455844713458
( 1,420422662456775 0,041807542240565515 ), 2,0193484106089903
( -0,9725739219099105 1,0463574347627802 ), 2,0407639148625707
( 1,2562790597651383 0,704426262877377 ), 2,0744534358357676
( 0,13325848841844817 -1,4354549810142367 ), 2,0782888272541524
( -1,362571643717462 0,472560346514049 ), 2,0799147653603844
( 1,240465035381178 -0,7426793317086409 ), 2,0903260937504204
( -0,06184274061877762 1,455994728128247 ), 2,1237451729044894
( 1,3760467231521192 0,48064191569480164 ), 2,124521235420454
( 0,7077215378870644 -1,2758293005238117 ), 2,12861017926431
( -1,3463996563187435 0,5702542553542117 ), 2,137981950284817
( -1,408770853316909 0,4017499970537998 ), 2,1460383772879803
( -0,3763665214867144 1,417678277258863 ), 2,151463456307667
( 1,1556441635514734 -0,9055441871306578 ), 2,155523707596708
( 1,4295670277519203 -0,34044103360411127 ), 2,1595619841968956
( -0,9280307079397767 -1,163297737881313 ), 2,214502621838983
( -0,8485872805531423 1,2232283209837052 ), 2,216387897973192
( 1,4286788701759034 0,4445868501252572 ), 2,238780781391394
( 0,5427909186067169 -1,3989942674613183 ), 2,2518069417115543
( -0,8544824233425596 -1,2396419025956291 ), 2,2668522584722846
( -0,3730557463565852 -1,4604321131344007 ), 2,27203254696388
( 0,8105265193453189 -1,2713453710983689 ), 2,273272291175287
( 0,7267926614894568 -1,3214035111328648 ), 2,274334812029191
( 1,3670662278541197 0,6387242283571223 ), 2,276838711229693
( 1,119947458458064 -1,014258416435611 ), 2,28300244501715
( 0,28383934399312616 1,499557138647922 ), 2,3292363852683917
( 1,4787957988106442 -0,37888756667046497 ), 2,330392802757477
( -0,9326609388711098 -1,217002641751887 ), 2,3509518569270123
( 1,3435518315901938 -0,7398774691705108 ), 2,3525501935555244
( -0,9863652198030413 -1,174870193279365 ), 2,3532363178933946
( -1,4986067315612295 -0,3279231514424304 ), 2,353355729132566
( 1,1880842132563514 0,9774911560750897 ), 2,367033057993979
( -1,4412039927290692 0,5398462720911602 ), 2,3685029461489338
( -1,4287919762073742 -0,5845476963189945 ), 2,3831425205464174
( -1,3523929208468455 -0,7533922346928932 ), 2,3965664716522137
( -1,2419243337434682 -0,9449238787452199 ), 2,4352571873670685
( -1,135822403292563 1,0719345041862525 ), 2,4391361130863203
( -0,48058833630341447 1,4905207927898425 ), 2,4526173827297444
( -1,4522056903936507 0,5863716753153694 ), 2,4527331088238524
( 0,8568282559803967 1,3130886154215795 ), 2,458356372196169
( 0,06771787029054102 -1,567438389319959 ), 2,461448814270634
( -1,1533314523190612 -1,0711621239716727 ), 2,4775617347398997
( 0,8446044928885493 -1,336015356717026 ), 2,498293782791246
( 1,3897649630872133 -0,7536652968256634 ), 2,4994580322641187
( 1,3797749299574498 -0,7774809258072216 ), 2,50825544733314
( 1,5838074037584888 -0,058356080307649244 ), 2,511851324309078
( 0,8271810000241875 1,3636951121315741 ), 2,5438927656525614
( 0,610911708154711 -1,4747173260598379 ), 2,5480043069415848
( 0,7105009171434922 -1,4403811956386978 ), 2,5795095420113086
( -0,31876709574512846 -1,5762655369516896 ), 2,586225504311382
( 1,088073747038682 -1,1878550915506203 ), 2,5949041975175304
( -1,6106375334743206 0,11441933985381803 ), 2,6072450495688266
( 1,3765251274613244 -0,8506942213544225 ), 2,6185020847782225
( 1,1354823210699072 -1,1578261249350814 ), 2,6298814370444905
( 0,14812474138357987 -1,6185652749326902 ), 2,641694488227887
( -1,060346162997909 1,2338752087212488 ), 2,6467820160812936
( -1,1238902026010775 1,1781845782999403 ), 2,6512480880464993
( 0,9895963918148816 1,3134462511641325 ), 2,7044420733901458
( 1,1361630005518017 1,1932583229649012 ), 2,7147317891478817
( -1,4164729167916663 -0,8732457815357496 ), 2,7689537189742732
( -1,5627224705923097 0,5719178937038671 ), 2,7691915972328003
( -0,9597497273513134 1,3595306199191883 ), 2,7694430456487726
( -0,9364311560994053 1,3768297344389224 ), 2,7725634277488225
( -1,6669738448768028 0,10441135352176789 ), 2,7897035302475985
( -0,4265830947996192 -1,6184640272829247 ), 2,8013989443776843
( -0,5776700961064453 1,5761708758251367 ), 2,818017369735008
( -1,1919254520604528 1,1826688584597285 ), 2,8193919120399515
( 1,5348662392792163 -0,6820366556874272 ), 2,8209883721804148
( -1,6827443085574618 -0,12621710964977922 ), 2,847559166750875
( 1,5157354116274226 -0,7417575360060336 ), 2,8476580802830944
( -1,4477240141232535 -0,8681329004193011 ), 2,8495595538595744
( -1,6881895405976266 0,05006773053425646 ), 2,8524907026240762
( 0,28881617368590984 1,6654455286418406 ), 2,8571235910556694
( -1,6542673691928225 -0,36476866908717476 ), 2,869656710723771
( -1,6354525121534205 -0,4437759037377451 ), 2,8716419722471866
( 1,2032968719855246 1,1940121039055027 ), 2,873588266402993
( 0,13310404351472618 1,6920268142888755 ), 2,880671426672531
( -0,7143530939053274 -1,5443495670720668 ), 2,8953159280877934
( -1,600473304452752 0,5798531763962136 ), 2,8977445044426893
( -1,2169341581604833 1,2012471738115287 ), 2,9239235178879492
( -1,3466419348345644 1,0547358467853303 ), 2,925912207148947
( 1,3118481166805085 -1,1044346524770814 ), 2,9407213828303687
( 1,7100433372082149 0,15538093299422695 ), 2,948391449468365
( -1,491060702561846 0,8524286355457615 ), 2,9498965974226348
( 0,951479511139482 -1,4304789483369509 ), 2,951583281753417
( 1,4648682456627107 -0,9079182198509583 ), 2,970154471088281
( 1,3210138653818322 1,1227034147392958 ), 3,0055405899983247
( 0,6233941747861227 -1,6222394181131206 ), 3,020281026837267
( 0,8806753132836687 1,5026843736751712 ), 3,0336493343148296
( -0,4868472876068458 -1,6735168127955455 ), 3,037678804159504
( 1,6538319031261053 0,5706385906106758 ), 3,0607883648918537
( -1,0109184542464775 -1,4424354199140403 ), 3,1025760617586817
( -1,3741731391102614 -1,118260044792483 ), 3,138857344031436
( -1,2138280964510058 1,2976197266394367 ), 3,1571956026976786
( -1,107740459570461 -1,3923878699934291 ), 3,1658329062742148
( -1,1069506202848132 -1,4090042400234177 ), 3,2106326241529013
( 1,6881120431830459 0,6334001999477947 ), 3,250918083633544
( -0,7945786594502928 -1,6185817877673603 ), 3,2511622497460086
( 1,2401834321408054 1,3250411269360516 ), 3,2937889334285093
( 0,27341694631386143 1,8013161119554324 ), 3,3194965617218326
( 0,3597066154002335 -1,7940802486980452 ), 3,348112787931131
( -1,4208142670709283 1,1538425670847918 ), 3,3500658511291213
( 1,7442452575253535 0,5549392238811705 ), 3,350349060601523
( 0,05798951266708256 1,8307676233860788 ), 3,3550728744180773
( 1,8396988787632302 0,057273044051889516 ), 3,387772166097656
( 0,8952164225976003 1,6094436603013924 ), 3,391721338972789
( -1,7254959503016791 0,6469446577015103 ), 3,395873664636019
( 1,7532613779191184 0,6596291949051083 ), 3,509036134074007
( 0,8257002913420808 -1,6956373205736817 ), 3,5569668940446917
( 1,5075491435319965 1,1513405351694737 ), 3,5982894480883862
( -1,8830076390399721 -0,2873308316212271 ), 3,628276775483036
( -1,8985595502653894 -0,16925043474822432 ), 3,6331740755663806
( 1,6377350874103334 -0,9788045487688545 ), 3,640234561225533
( 1,1352042676377523 -1,5335660019200577 ), 3,640513411508036
( -1,4336136176051846 1,259209360628276 ), 3,6408562184768956
( 0,23422304391730409 -1,8941813984948173 ), 3,642783604705669
( -0,45032595063337955 -1,8598480337415042 ), 3,6618281704259967
( 1,829588154936569 0,5640376977669568 ), 3,6655313411864476
( 0,5580021711395022 -1,8422870223113623 ), 3,7053878955732644
( -1,45072909158066 -1,2775765626830748 ), 3,736816770675548
( 1,1844019602846387 -1,5318838810333881 ), 3,749476228496011
( 0,9813135966708093 1,6763409330166303 ), 3,773095298718067
( 0,4609307262649248 1,8928388150826665 ), 3,795295914298664
( 1,4969656846852706 1,2519247853309468 ), 3,808221929251178
( -0,28437437721497827 -1,932296758662826 ), 3,81463954995527
( -1,4649372935282008 -1,3021739894834168 ), 3,8416983728568876
( 1,4343348239047145 1,3424430655356798 ), 3,859469771270602
( -0,9948203797549318 -1,6942542336333195 ), 3,8601649961601736
( -1,4239823221814696 1,3710154911473058 ), 3,9074091308512187
( 1,938110921784098 -0,3997064823069454 ), 3,916039217136998
( 0,676876639762778 1,8736441168026432 ), 3,9687042618857067
( 0,2694771676507641 -1,9743874555747072 ), 3,970823768615844
( 1,799838917838514 0,8649442225033643 ), 3,9875486382080623
( -1,9642617304955965 0,36604245078318076 ), 3,9923112216649126
( 1,78423884440808 0,9086469125645777 ), 4,009147465607819
( 0,33179924601668687 -1,974794120243722 ), 4,009902557006418
( -1,6626596057702498 1,130572827078514 ), 4,042631881988386
( 1,0306291376493686 1,7271103781070454 ), 4,045106677536943
( 0,33531449422222137 1,9865071826840304 ), 4,058646596890748
( 1,986796580261819 0,4091072269812878 ), 4,114729374508378
( 1,5410842768780593 1,3223077961732725 ), 4,123438656261388
( -1,0066727405812779 -1,7766505215647184 ), 4,169877082405606
( -2,0282485411929216 0,24536763058428906 ), 4,173997418989763
( -1,9648310682782748 0,5901670973681565 ), 4,2088583296875015
( 1,2251830593433979 1,6467181015111105 ), 4,212754034746404
( -0,042783870464053075 -2,0526700678842453 ), 4,215284867159797
( 0,6650774607586476 -1,9451714527183919 ), 4,2260200092797495
( -0,0752644675796389 -2,067736636247454 ), 4,281199536959981
( -0,08194331939031885 2,068245704730323 ), 4,284355002728135
( -1,3769657311462753 -1,5561338918791863 ), 4,31758731420626
( 1,833269505892698 -0,9800327775417053 ), 4,321341326292166
( -1,234921312152534 -1,6794085851580522 ), 4,3454438431111075
( -2,049589968982247 0,3952373019160468 ), 4,357031565778525
( -2,0207186643934083 -0,5382841167530255 ), 4,373053710976464
( -2,0735500342947244 0,2745036750871237 ), 4,37496201235999
( 0,6105876564101335 -2,0052954334886737 ), 4,394027061730947
( -1,5660204547624226 -1,3976621843067325 ), 4,4058796461753715
( -1,721176432431777 -1,2059464032281264 ), 4,416755039017435
( -0,8734244684384996 1,9171331495531834 ), 4,438269815182784
( -0,5144114649879847 -2,047266407648075 ), 4,455918899195338
( 2,078312589722372 0,392784796791013 ), 4,4736631171886705
( -1,859471895380135 1,03500250756064 ), 4,528865920365405
( -0,7873331915828632 1,9777749146099515 ), 4,531487167428459
( 0,7498841761448642 2,004416213424443 ), 4,580010634271244
( 1,762787241766103 -1,2140432236367968 ), 4,581319808591771
( 2,0380100667360113 0,6610446624405393 ), 4,590465077858448
( 2,0431716800039244 -0,6512490092162575 ), 4,598675785975216
( 1,6871907465347642 -1,3294497368091749 ), 4,61404921789452
( -0,6972989474265452 2,0496206485769 ), 4,687170625154961
( 1,5042008760816665 1,5677186896328794 ), 4,720362165429085
( -2,156770469212616 -0,34612303959473345 ), 4,771460015405905
( -1,3970600499702266 1,68944566063898 ), 4,806003423474692
( 2,1328181164741684 0,5759646903662574 ), 4,880648442509119
( 0,7499560375358294 -2,079229223769236 ), 4,885628223212461
( -2,1947558947590085 -0,2729245633536168 ), 4,891441254861179
( 2,1282923904080704 0,6244079563077969 ), 4,919513794969378
( 0,23318603340826255 2,207443153479318 ), 4,927181002019395
( -1,5185729745205485 -1,6214481146685233 ), 4,935157867506295
( -0,7122789598555912 -2,107635049182284 ), 4,949466817194573
( 1,7003256207359418 -1,4364025334029882 ), 4,954359454497588
( 0,4101723888913617 2,1973678315039047 ), 4,996666775537019
( -1,2959324103508756 1,821741452517492 ), 4,998182732018372
( -2,2020819652410366 -0,4912378519308207 ), 5,090479608809433
( -1,8304224918613354 1,3214340028888891 ), 5,096634322702814
( -0,42587421855264157 -2,222033951718477 ), 5,1188037326174545
( -1,9785378330584684 1,119772890343666 ), 5,168503282792307
( -1,9409011533622842 1,1857548448027395 ), 5,173111839096213
( -1,052197895675509 2,0510001510215417 ), 5,313722031154356
( -0,5943285671563124 2,2292848194615527 ), 5,322937252019803
( 1,8331452029378137 -1,4099055644593415 ), 5,348255035747332
( -2,3107046941080025 0,12177183761272653 ), 5,354184563808338
( 2,120660333522508 -0,9284157268395693 ), 5,35915601201884
( 1,4239489279171766 1,8269017796557683 ), 5,36520066182589
( -1,3902567934469583 1,8903236644924846 ), 5,506137508265714
( 1,1656172354613767 -2,0530932726836664 ), 5,57385552594355
( 1,386038826109248 1,913871722689729 ), 5,584008598393654
( -2,244191226732699 0,7538059259621577 ), 5,604617636159683
( -2,0002086725040673 -1,2898225827739909 ), 5,664477028594251
( 1,194861438969686 2,0607706094717395 ), 5,674469363199234
( -1,0354121290263247 2,1478853326199383 ), 5,68548967901869
( -0,1517112077774397 2,3845408394192527 ), 5,709051305423563
( 2,0301910505761276 -1,2638578826367133 ), 5,719012449342356
( -2,109742457491925 1,1291773136182932 ), 5,726054642534292
( 1,9730144155868237 -1,3854340240345078 ), 5,812213319065864
( 1,8818397585190452 -1,5100613829767573 ), 5,8216062571006955
( -0,4885362877638648 -2,3631584732948663 ), 5,823185674367421
( 2,406665955383314 0,20037458065818772 ), 5,832190993375025
( -2,3789600242702256 -0,4188301452309551 ), 5,834869487629976
( 1,629078072588654 1,7842824115202518 ), 5,837559090649689
( 1,9014484898585144 1,4927991336984374 ), 5,84395561315603
( -1,3663385474537293 2,0039728799439462 ), 5,8827883298088
( 0,8601537410423729 2,275317991565209 ), 5,916936420969526
( 0,8412588161810635 2,283204905426877 ), 5,920741035967719
( -2,072523525179935 1,2916622525324233 ), 5,963745137041398
( 1,2139494853715633 -2,123099110982977 ), 5,98122318809059
( -0,00850067622305635 -2,4478182787834237 ), 5,991886587442492
( -0,387793105769175 -2,424879080084024 ), 6,030422045911246
( -2,319735499932648 -0,8134031384849605 ), 6,042797455344955
( 2,061842643868257 -1,3448773079039045 ), 6,059890061388497
( -1,3245359082370087 -2,081936137826223 ), 6,088853454196007
( 1,7692442502232661 -1,723377062251818 ), 6,100253715643794
( 2,193459803613769 -1,1494275461021064 ), 6,132449593807665
( 0,7348017184039058 -2,3674684929505894 ), 6,144840630483068
( 0,8224431199551713 -2,342737114547591 ), 6,164829873440369
( -1,6049823896961302 -1,899108385361758 ), 6,182581130586044
( -1,4626535748277218 -2,011431049540913 ), 6,185210347013573
( 2,1665731069572147 1,2271546387813057 ), 6,199947535272716
( -1,3954603612394672 2,0684490055580897 ), 6,225790908384834
( -1,7440584751020949 1,7878473236595864 ), 6,23813801729219
( -0,49980530448819405 2,4630495580373237 ), 6,316418467742392
( -2,4604100678576017 -0,5223329999758037 ), 6,326449464878772
( 2,0530394194669217 -1,4638651424632996 ), 6,3578720132041715
( -2,5029235963904863 0,35291538438169034 ), 6,389175797901562
( 1,0071168977254277 -2,320484261821284 ), 6,39893165504436
( 2,3536481769825577 0,9350744861882183 ), 6,414024035733477
( 1,6615325071909712 -1,9301244553129377 ), 6,486070685449379
( -1,757027734169885 1,845360820389247 ), 6,4925030160698345
( 2,443373672664926 0,7466814252388582 ), 6,527608055068823
( -2,5585500760428594 0,03284592369050321 ), 6,547257346322004
( 0,5886573164881865 2,493373364362474 ), 6,563428170367316
( 2,509726405130433 0,5554435801203178 ), 6,607244199305802
( -2,186090092027471 1,3602062520193294 ), 6,629150938493148
( 2,443155054751829 -0,8560162911253602 ), 6,701770512231429
( 0,7376949680693965 -2,486612897318193 ), 6,7274375670240865
( -1,7376087274728698 -1,9328553426871227 ), 6,7552138655440395
( 0,35932738694666283 -2,5785223696419246 ), 6,777893781753723
( -2,6079245344460853 0,2167574067520076 ), 6,848254150747686
( 1,6490360786181486 -2,038374369025651 ), 6,874290056885042
( 0,5628646018202438 2,5625316810204057 ), 6,883385176215528
( 0,1688913256336267 2,6280368656479283 ), 6,935102047078871
( 1,7338180674922121 -1,9870780637013512 ), 6,95460432240554
( 1,8467356909573693 1,9029858260705312 ), 7,031787766481134
( 0,18029005252231195 -2,648181493795351 ), 7,045369727118675
( -0,6200038025712027 2,5832629636414426 ), 7,057652254524321
( -0,6524187117403909 -2,597614938561401 ), 7,173253544466343
( 2,6032304609826307 0,6814321572347741 ), 7,241158617901477
( 2,412885702736399 -1,2019483845647758 ), 7,2666973336276
( 1,678069282671468 -2,112263764681476 ), 7,2775747290318975
( 0,9039728214855415 -2,5453026254786835 ), 7,29573231725321
( -0,9914251525310238 -2,512651930222441 ), 7,296343555521721
( 0,1017611983743769 -2,7053476250234647 ), 7,329261113714691
( 2,702988949362135 0,16297664935928036 ), 7,332710648610197
( -2,3684068392234057 -1,3271199675312748 ), 7,370598364300415
( -2,5958618039416574 -0,7952472005649439 ), 7,370916615169616
( 1,7878037327209997 -2,068903285012203 ), 7,476602989465424
( 1,6140532778050214 2,212621644794382 ), 7,500862526605729
( 0,25840162883724943 2,7271343251349154 ), 7,504033029114813
( -0,19535459729116 2,733722230784301 ), 7,511400653767088
( -2,4218370008175736 -1,3107264049604934 ), 7,583298167189719
( 0,7052486408399672 2,6654775877312673 ), 7,6021464161043175
( -1,2664432136346828 2,4545273230256326 ), 7,628582792840721
( -2,494731877269267 -1,186379142283288 ), 7,6311826087082695
( 2,2369479922818085 -1,6301918055694156 ), 7,661461643119285
( -2,3533415027556326 -1,459541413176585 ), 7,668477365369641
( -0,4419262207002415 2,7389969312703757 ), 7,6974029740509335
( 0,07826928785095781 -2,7806065833987477 ), 7,737899053061152
( 2,447931246485416 -1,3255180588537563 ), 7,749365511867074
( 0,07342157124181772 -2,7909240888607583 ), 7,794647996906871
( -0,4687032066071197 2,7538052108794417 ), 7,8031258353505635
( 2,7830164446937506 -0,24283730038477874 ), 7,804150485894011
( -2,74968139249657 0,6163550344877646 ), 7,9406412887802915
( -2,1806391337056086 -1,8229274113102438 ), 8,078251378354615
( 1,39874636777468 2,4961003552186636 ), 8,1870083846856
( -2,4200198075541954 -1,5544888083243475 ), 8,272931324160295
( 1,549734238623587 2,425545385331622 ), 8,284946626665754
( -2,5446331185000988 -1,3681726094304256 ), 8,347053996963197
( 2,197509565228403 -1,8760064465849906 ), 8,348448476898767
( 1,9165494212612906 2,16249905742012 ), 8,349563857479897
( 2,872040573593924 0,3606163887949546 ), 8,378661236237232
( -1,9199517858783715 -2,198848913228537 ), 8,521151403303866
( -1,011949251483704 2,74171470567818 ), 8,541040814910417
( 2,3819203272855822 1,7014806007205618 ), 8,56858068016466
( 1,8872710443236738 2,237876206322113 ), 8,569881909565224
( 2,301289831974901 1,8103562384806495 ), 8,573324600956875
( -2,822785319238915 -0,8155780163959054 ), 8,633284459339023
( 2,3290356592630896 1,8213134951169438 ), 8,741589949614152
( -0,35499683068191923 2,949047900193057 ), 8,822906267427287
( -2,6227385711382656 -1,4197312215940139 ), 8,894394354105222
( 1,5470153901606372 2,557159935792202 ), 8,932323554614648
( -2,9890965207690803 0,05259603447278715 ), 8,937464353316082
( -1,9635279243725332 -2,300603343749034 ), 9,148217655059945
( -1,6628834428888817 -2,535568559169746 ), 9,194289262884123
( -0,27790045045761586 3,028549067347461 ), 9,249338113695721
( -0,3328666281607693 -3,033103685515149 ), 9,310518159228701
( -2,6831823312402525 1,4717661029560793 ), 9,365562884490402
( 0,4264627716516225 -3,034806478600121 ), 9,39192085815805
( 3,0416088657752205 0,49596305685470454 ), 9,497363846127085
( -2,788979456840662 1,313285184631565 ), 9,503124386851997
( -0,13434783304281323 3,081257967495512 ), 9,512200002497874
( -0,33755975219957435 3,0711778536773826 ), 9,546079995223453
( -2,694056848872079 -1,587774347918919 ), 9,778969684863906
( 0,8899408554693067 -3,0066582448719714 ), 9,831988527690045
( -2,962961786816494 1,0669947897484946 ), 9,917620431485226
( 3,051488802078496 0,7841514689987207 ), 9,926477435543307
( 0,712715276740586 3,069279951133862 ), 9,928442484131693
( 2,165750090911992 2,291471173218955 ), 9,941313593978759
( -1,0258119065225213 2,985466871755459 ), 9,965302509912696
( -2,053665604712771 2,399897531366978 ), 9,977050577041588
( -0,6275318708204356 -3,0977228401447734 ), 9,989683043249997
( 2,106202973900139 2,3566681559746674 ), 9,98997576465083
( -2,009602704775832 -2,4468833974453017 ), 10,025741391735803
( 3,0836108728948286 0,7273764046752518 ), 10,037732449513502
( -0,11051552608058424 3,1762153888812685 ), 10,100557878071056
( -2,797273668086129 1,5120280550481247 ), 10,110968813420643
( -2,279122450453035 -2,241069084777315 ), 10,216789786903679
( -1,2195578118466464 -2,961682481093736 ), 10,258884375253729
( 1,900339884205931 2,580504561426315 ), 10,27029546704583
( -1,3298546762375545 -2,9198915246505646 ), 10,294279975637089
( -2,0812778220966903 2,4731063471569286 ), 10,447972377099429
( 3,050690116536535 1,0719555884370617 ), 10,455798970715145
( -2,111013553924977 -2,455588469436189 ), 10,486292956082927
( 3,2421216236879937 -0,02198625811740537 ), 10,511836018331278
( -1,4339524304304496 2,9116695696264854 ), 10,534039255426277
( 3,251608934316685 0,020909732135256577 ), 10,573397878626055
( -0,545977545708138 3,205798928275075 ), 10,575238248947102
( -2,850770476922568 1,5848765705790653 ), 10,638726056063785
( 2,6566343331354165 1,9076831402202012 ), 10,696960943474267
( -3,147460239895991 -0,8974710607114464 ), 10,71196026654066
( -2,6096611821910836 1,9850244724553203 ), 10,750653642081486
( -2,1957253705739985 2,4606626051652976 ), 10,876070359441192
( 1,3613006359406619 3,0255011939673797 ), 11,00679689611049
( 2,004535292609944 2,650668363619912 ), 11,044204513214297
( 1,4223444678162283 3,019656793094221 ), 11,141390933207504
( -2,1225793880449313 -2,5842297133068124 ), 11,183586469691004
( 2,4256186384556444 2,341250679957924 ), 11,365080525626855
( 2,866706825150397 1,7763101991707544 ), 11,373285945041914
( 0,7539588450511108 -3,297634884566767 ), 11,442849771942479
( 0,7479559260326978 -3,307460804580815 ), 11,498735041125803
( 2,761712047053858 2,0024697842709305 ), 11,636938667760477
( 3,1460389992789817 -1,3250691680761175 ), 11,653369685170231
( 2,188336041387429 2,6607006631157324 ), 11,868142648739703
( 3,369671929654103 -0,7510882742032917 ), 11,918822509144483
( 1,4343667400690074 -3,15546799428218 ), 12,014386207955395
( 2,4313515463168507 -2,493438687712219 ), 12,128706831157373
( -3,031593930805622 -1,7326250655841786 ), 12,192551379188062
( -1,9077064472405985 2,9326782355574244 ), 12,239945522155553
( -1,5261836616923405 3,160253049308607 ), 12,316435904880988
( 2,7014957055169444 -2,240343096423487 ), 12,317216236618872
( 3,5107007280082136 0,06413730720028231 ), 12,329133195812304
( 0,6557435039028954 -3,490612254418491 ), 12,614373453607389
( 0,49941971199742485 3,550136002142339 ), 12,85288568243878
( 1,5375475175184985 -3,246095810134415 ), 12,901190377199502
( -3,1761588645867374 -1,6832846921468905 ), 12,921432487908964
( 0,1006290419566298 -3,6007236984869455 ), 12,975337356930616
( 3,485104098252952 0,9491989839065911 ), 13,046929286708828
( 0,2963422900576536 -3,606256616427701 ), 13,092905536405185
( -2,045152162324471 -3,038394043996735 ), 13,414485733655292
( 3,2764146379806287 -1,7915804206563095 ), 13,944653283652773
( 2,5071348852240356 -2,7694475361233746 ), 13,955564988047168
( 0,3242583218040828 3,7238080557916766 ), 13,971889895638187
( -2,697604414689084 2,5915111926865793 ), 13,992999839969853
( 1,073313560117597 3,6002598314402237 ), 14,1138728522143
( -3,6626852175756017 -0,8860175653839124 ), 14,200290129215668
( 3,7834683089411008 -0,19314169185701963 ), 14,351936157895025
( 2,6701029182910614 -2,733720040927961 ), 14,602674856437615
( 0,7856259260819127 -3,7508784386689844 ), 14,686297157403942
( 2,939086365285748 2,477185502679352 ), 14,774676677293343
( -0,16816109149210634 3,9181419495869845 ), 15,380114489805113
( -3,7164000756849234 -1,2633868700354314 ), 15,407775905928828
( 2,8155837919437445 -2,748423566745239 ), 15,481344191696937
( -2,0638441186014456 3,3798602855734297 ), 15,682908095882283
( 3,782274983745576 -1,2015085057139985 ), 15,74922674197068
( 2,9955308141318326 2,6303593949479627 ), 15,891995405004332
( 3,472505739971864 2,0482382350641046 ), 16,25357598171606
( -2,968626938879299 2,7299612176327983 ), 16,26543415201903
( 0,3639261795269216 -4,050044435862462 ), 16,535302196605553
( 3,8312932865167237 -1,3657933423959714 ), 16,54419970144128
( 0,4709522523942845 4,045043488731291 ), 16,584172849762663
( -4,0946202438016 -0,03481557173524934 ), 16,76712706498513
( 1,6239095482088048 -3,7638572297378143 ), 16,80370346661334
( -2,0583681990541605 -3,551021662255332 ), 16,84663448868409
( 0,6434922172756716 4,067281870833012 ), 16,956864050501245
( 4,095599732627443 -0,4653145866163289 ), 16,99045483441591
( 3,039686337741172 -2,809576330639072 ), 17,13341218953765
( 2,0539757589998917 -3,5950760684089342 ), 17,143388356205822
( 3,849706278368801 1,555609721236415 ), 17,2401600345174
( -2,2865993912004834 -3,5103358982177273 ), 17,550994894154478
( 3,506664214597362 -2,3649353190723463 ), 17,889612977333552
( -3,831873210326873 1,8671758555586706 ), 18,16959797560203
( 2,2136198964661022 3,70184336299537 ), 18,60375733018347
( 0,15380942795221164 4,313864329362302 ), 18,63308279227145
( -4,103308054028397 1,3461391284885427 ), 18,649227539502206
( -4,319059537527907 0,10058658856472147 ), 18,664392950509868
( 0,6897376862078923 4,296332907157434 ), 18,934214524899268
( -3,8624920602695676 2,0851110494804517 ), 19,26653300431092
( -4,179040407355474 1,3738318682658317 ), 19,351792728572597
( 4,207891560655479 -1,4290285618213563 ), 19,74847401673682
( -0,5807453667707592 4,406171159296674 ), 19,7516094660435
( 3,293095664830412 3,0901623457011 ), 20,393582380513777
( 3,3934045509696844 -2,996730784768139 ), 20,495589842918832
( 2,4626362438897664 3,8182732641488055 ), 20,643787989433072
( 4,13833956769295 1,88072188375298 ), 20,662969181560428
( -0,010473353636217764 4,547894807521059 ), 20,683456871413405
( -0,40688978228454764 4,5513391538861665 ), 20,88024738862481
( -4,155924832500711 -1,9228192788875207 ), 20,968945192657586
( -0,6693669627946467 4,625220540608989 ), 21,840717180152243
( -4,663531772213456 -0,8680391374867267 ), 22,502020534653077
( -4,770422849379418 0,400125920255933 ), 22,917034913941905
( -1,9159396901947157 4,389390761913617 ), 22,937576157236027
( 1,2381972247526711 -4,708783333181515 ), 23,705772846233234
( 3,0033787342115943 3,879764882560151 ), 24,07285936506142
( 2,3361278360766966 -4,330112855626725 ), 24,207370608956218
( -3,086572670045463 -3,84045468366116 ), 24,27602302472652
( 3,511993053756708 3,47443503998543 ), 24,405794056713923
( -3,929812911423407 -3,0060177993176085 ), 24,479572528604393
( -3,1118158345008835 3,8883745445619518 ), 24,802854386647795
( -4,24366900971698 2,6587289887709957 ), 25,077566499763535
( 4,111796892080885 -2,8780142963196393 ), 25,18983997154625
( -0,09850291143492196 -5,025651766431689 ), 25,26687850099911
( 0,7020520664510548 5,008832246781019 ), 25,581277580401586
( -4,764557631288637 -1,9668194017667266 ), 26,569387981036815
( 3,036804459523994 -4,16627157176606 ), 26,580000135090856
( 1,2710995539023462 5,014656128273016 ), 26,762470160756855
( -5,011742926489723 -1,3875533400673876 ), 27,042871432751937
( 5,013515767428034 1,5153081466706597 ), 27,431499129615975
( 4,66494490382674 -2,392212089828373 ), 27,484389638460105
( 3,3007539223121682 4,164823094750453 ), 28,240727866225903
( 3,48463937212876 4,095021848427447 ), 28,911915492888063
( -5,1475152495167675 1,877904262830922 ), 30,023437664366217
( -5,047369005660535 2,224066278567068 ), 30,422404690761784
( 5,3905066779020006 1,37676002740121 ), 30,953030417555844
( 4,811307821953125 -2,9014992775264776 ), 31,567381015073998
( -1,5366972742374116 -5,457282605227576 ), 32,14337194596817
( 4,415378503863504 3,561727432438764 ), 32,18146963536675
( -3,887215211662909 -4,3295220578478935 ), 33,85520335117497
( 2,5726515050670073 5,244740410379923 ), 34,1258377387957
( 5,4787132719393306 2,243915646073681 ), 35,05145654281843
( -1,5898266879935956 -5,7043743871348855 ), 35,06743604645718
( 5,644942675021786 -1,9338086235808865 ), 35,60499359691792
( -2,6036922336020054 5,470454480737127 ), 36,70508547313631
( 4,916508280428474 -3,5842818667541407 ), 37,0191301718643
( -3,221115365294419 5,206229618621884 ), 37,48041103835156
( 0,8442542081368054 -6,131559593414277 ), 38,30878821554736
( 4,47740100125843 4,51042879826351 ), 40,3910876702748
( 5,506672082683026 3,242882431462751 ), 40,839723890490376
( -1,2931291711480246 6,31901842453169 ), 41,60217690284493
( -6,235506189300988 -3,3384225421358384 ), 50,02660250665164
( -4,906575541486097 5,174420902483952 ), 50,849115220372425
( 5,994975552779433 -3,9671305761841618 ), 51,67785688691835
( 5,399602000425634 -5,3884726942530055 ), 58,191339739710756
( -4,126630287411331 -6,759072945731807 ), 62,714144614704175
( -5,789126856924286 -5,777320831478839 ), 66,8914257554014
( 7,887153448797289 3,3491974398932394 ), 73,42431301626239
( -5,779155446371643 -6,742513538425536 ), 78,86012648917867
( 4,78077564729894 8,12267329031637 ), 88,83363717102557
( -8,512826142768436 -8,258339973885503 ), 140,66838806127691
Liczba wywoa funkcji celu: 5002
