Iteracja nr: 0
( 0,020286186650464 -0,02684560808529507 ), 0,0011322160422867237
( -0,06047075439916938 0,02024554843834203 ), 0,004066594369173916
( 0,09871986255002296 0,02622843651041512 ), 0,010433542143676304
( -0,08974604630701519 0,08042338367531862 ), 0,01452227346952842
( 0,17182287959887788 0,015514247055840036 ), 0,029763793815360127
( 0,1723529699580535 0,034719753244773166 ), 0,030911007518739625
( 0,18162377171559818 0,019732615259250075 ), 0,033376570557169305
( -0,14737662931450007 -0,10986598687667534 ), 0,03379040594048936
( 0,10115112543274662 0,15432307979181203 ), 0,034047163132741226
( -0,0026307019856837144 -0,18543656423088528 ), 0,03439363994669272
( -0,18449663044121223 -0,0608591452716033 ), 0,03774284220735136
( 0,20153916023373242 0,010070665648594712 ), 0,04071945141432386
( 0,2090115407328934 0,005333446050157953 ), 0,0437142698063079
( -0,09927056252097399 -0,1919104279393662 ), 0,04668425693510127
( 0,20134295115823364 -0,08095656151890651 ), 0,04709294883407135
( -0,18315337054700453 0,14254986333036124 ), 0,053865620678233014
( 0,23346011083613938 -0,02307532661353573 ), 0,055036094049943834
( 0,23422343216792374 0,044518031264336955 ), 0,05684247128417445
( 0,24377841055482805 -0,04019660602212349 ), 0,06104368058833612
( 0,25015891299332793 -0,04859794880050927 ), 0,06494124237762033
( 0,2603310757282582 -0,05236368669482605 ), 0,07051422467410601
( -0,2811678457873157 -0,04291363503165324 ), 0,08089693757630967
( -0,09048565841022871 -0,27423866616068615 ), 0,08339450039552486
( -0,14501924169086644 0,25078444299359604 ), 0,08392341730820214
( 0,10825335613124842 -0,2689670347655895 ), 0,08406205490427271
( 0,13297513102050917 -0,2666604751634569 ), 0,08879019448432221
( 0,26104056416163246 -0,1604466115349945 ), 0,09388529129088478
( 0,11634139067396365 0,2984610786147317 ), 0,1026143346318209
( 0,3209856689934236 -0,030815383949851505 ), 0,10398138758713248
( 0,08783455399747697 -0,3117300854932109 ), 0,10489055507754028
( 0,1933321082378418 0,26051946951555705 ), 0,10524769807235583
( 0,3203366568532803 -0,0653397266386242 ), 0,10688485360114637
( 0,31939193789724385 -0,08084063865799074 ), 0,1085464188523887
( -0,3060366220707733 0,17872244288800346 ), 0,125600125640345
( 0,049101049856310475 0,35337078062085325 ), 0,12728182169358307
( -0,2221788625574148 -0,28992205086415884 ), 0,13341824254458653
( 0,366940378888005 0,014973800029174256 ), 0,13486945634578637
( 0,2617406010119985 -0,27183349757617137 ), 0,14240159262261654
( -0,2300983410843429 -0,3034808242597924 ), 0,1450458572631696
( -0,2771298248376093 0,2612637002738323 ), 0,14505966089529887
( -0,3651399618387562 -0,11387884944602228 ), 0,1462955840827581
( -0,18436988969043178 0,34176402395519645 ), 0,15079490429451006
( -0,07291543263767508 -0,3906175941893786 ), 0,15789876520703738
( -0,2330676543972353 0,3261860006743605 ), 0,16071783856216304
( 0,40239082078177413 0,07232751295310724 ), 0,16714964177941177
( 0,414170092982181 -0,07476901395322688 ), 0,17712727136840628
( 0,11477162021087839 -0,4104163068282004 ), 0,18161406971632965
( 0,13912560629330195 0,4070543149008424 ), 0,18504914960587301
( 0,1836947297041584 -0,40775926375168203 ), 0,20001137089639762
( 0,4408058619949906 -0,14165464428729568 ), 0,214375846217307
( -0,01248909905442086 0,4663966003802753 ), 0,21768176644146936
( 0,44257891614159817 -0,15464083491877734 ), 0,21978988483744832
( -0,11141045940077898 -0,45763672923332877 ), 0,22184366640727168
( -0,17982398118455978 0,43811420593458966 ), 0,22428072165076096
( -0,48047085732513606 -0,04782392871263741 ), 0,23313937289626266
( 0,4830381044823391 0,0012093028119239957 ), 0,23332727279518206
( 0,07090623997804757 -0,48066086429117716 ), 0,23606256132896591
( 0,39759478228682166 -0,2820167696200637 ), 0,2376150692486412
( 0,3693251413697649 -0,34582110716842074 ), 0,25599329821098915
( 0,35194977393982896 -0,37228144696502596 ), 0,26246211913067014
( 0,3715196377397092 -0,3589063629235856 ), 0,2668406185732813
( -0,10458046642995011 0,5190603850295048 ), 0,28036075726568366
( -0,20095559165270593 0,4910223090944532 ), 0,28148605784493785
( 0,4201218316654094 -0,325202229776559 ), 0,2822588436935445
( -0,15799182886614105 -0,5114725786153418 ), 0,286565616663895
( 0,46037008078719316 0,2783684848339598 ), 0,2894296246327613
( 0,3352616493760578 -0,43481592876606756 ), 0,3014652654510527
( 0,22076437162603058 0,5086462603329995 ), 0,3074579259301817
( 0,471007336720635 0,2999745931793738 ), 0,31183266779779645
( 0,5460817431660168 -0,12972117378859016 ), 0,3150328531483251
( -0,2641529259455839 0,4972241976914007 ), 0,31700867105547026
( 0,5624427414313811 -0,12231014389012751 ), 0,33130160868727104
( -0,21027503666866793 0,5485060548942291 ), 0,3450744833016407
( -0,515618916155629 0,28313078982951384 ), 0,34602591084698997
( -0,5899066090033149 0,0333587671234688 ), 0,3491026146897877
( 0,27515046818070943 0,5318868882215932 ), 0,3586114420021132
( 0,5886727793346052 -0,16814439377402202 ), 0,3748081782871621
( -0,43502355197744835 -0,44619199258869413 ), 0,38833278502534496
( 0,590606859958664 -0,2422599853738583 ), 0,407506363543575
( -0,551410752499876 0,32963847876516494 ), 0,41271534465509163
( -0,313400150036135 0,5702047915547346 ), 0,4233531583546502
( -0,19299260444837588 -0,6253618452016328 ), 0,4283235828057583
( -0,1918865596028434 0,627166269314305 ), 0,4301579811218389
( -0,0246892095128807 -0,6627491645978825 ), 0,439846012241562
( -0,12120343018188295 0,6767179167689301 ), 0,4726374103639352
( 0,5570994938513482 -0,43390103192426555 ), 0,4986299515543708
( 0,15596252883722206 0,6932081861977882 ), 0,5048618998129287
( -0,7290255990509582 -0,04833643008308042 ), 0,533814734544785
( 0,11720270072616923 0,7228218128545144 ), 0,5362078461957946
( 0,674056351389626 0,32568060563903256 ), 0,5604198217381021
( 0,2905919897650522 -0,6901968469887814 ), 0,5608153921088674
( 0,6764345708640735 0,32326067467801567 ), 0,5620611924533492
( -0,2884319235997248 0,7255356635008354 ), 0,6095949735630349
( -0,21726395660663078 -0,750969738104952 ), 0,6111591743897882
( 0,6137482434812114 0,4842675250349515 ), 0,6112019421797498
( -0,3093761626045215 0,7433838028731281 ), 0,6483330883620131
( -0,4789329949641097 0,6515163771063781 ), 0,6538504033031122
( 0,21101259591510635 0,7899392862968779 ), 0,6685303916700529
( -0,46393508509093984 0,68235966903476 ), 0,6808504811035647
( -0,4532150744400627 0,7017632820488191 ), 0,6978756077316419
( 0,2645196368847756 -0,7993162597327252 ), 0,708877121370767
( -0,3536966833337569 0,765757139519425 ), 0,7114853405262721
( -0,2041251865942213 0,8280521111752819 ), 0,7273373906239671
( 0,7188741997061117 -0,46546299448672324 ), 0,7334359142396498
( -0,3279216925569415 0,7922090898794565 ), 0,735127878537046
( 0,63934156948282 0,587432763123803 ), 0,7538348936600215
( 0,7610767000846543 0,4256959590617484 ), 0,7604547929732486
( 0,8953801511765551 0,11064175190860112 ), 0,8139472123863551
( 0,37655318073455035 0,8267860753988951 ), 0,8253675123948145
( 0,8860946729487944 -0,2260156589632616 ), 0,8362468475248284
( -0,7607276549198638 0,5278481726770217 ), 0,8573302583583462
( -0,7772113233993165 0,5222903492958744 ), 0,8768446501877234
( -0,9449283508537534 0,004087072696188188 ), 0,892906292410418
( 0,9485634894675345 -0,0839319835673139 ), 0,9068172714163694
( 0,44780331482335256 -0,8498380791922129 ), 0,9227525696118926
( 0,3386619414005047 -0,9055110613882438 ), 0,9346421928496227
( 0,880105319014179 -0,40251846818670334 ), 0,9366064897884199
( -0,6492745847726095 -0,7292179154819033 ), 0,9533162546914167
( 0,6077467713088155 0,7645015112896241 ), 0,9538186988004089
( -0,815985197501452 0,5417482773754406 ), 0,959323038580741
( 0,8913101974675719 -0,43395246839913515 ), 0,9827486129393843
( 0,15435572366155542 0,996747027937051 ), 1,0173303271284266
( -0,21410001822618482 1,0048304064386036 ), 1,0555229635080219
( 1,0285615363160798 -0,044548764841475436 ), 1,0599234264377955
( -0,6703121231209082 -0,7916424809323406 ), 1,0760161600195706
( 0,31176613686120214 0,9943887364833017 ), 1,086007083338215
( -1,0492762227449084 0,11512935091085887 ), 1,1142353590589782
( -0,773208329255441 0,7281543841164355 ), 1,1280599275379761
( -0,2363421197917055 -1,0375007737681312 ), 1,132265453157108
( 0,5008069174191845 -0,9390040927512756 ), 1,132536254738552
( 0,7356261097770931 0,7698570208558246 ), 1,1338256059467855
( 0,9715223511483954 0,4580959285585877 ), 1,1537075585428607
( 0,9686932886982397 0,4762424857691261 ), 1,1651735928205673
( -0,5445121425292285 -0,9324337371468125 ), 1,165926147531342
( -1,0431010221539623 0,29428621747323414 ), 1,1746641202133445
( -0,8593800869810234 0,6883191679815954 ), 1,2123174109103871
( -1,0464808403998767 -0,34944571804886104 ), 1,2172344591867164
( -0,5922390071598538 0,9317073247023504 ), 1,2188255805057002
( -0,30205281556161434 -1,0889443234754905 ), 1,2770356430181924
( -1,0945305954081936 -0,3413718719791947 ), 1,3145319792631946
( 0,9963241343969198 0,5895022311625118 ), 1,3401746613273509
( 0,9872882801074421 0,6199607520836071 ), 1,3590894821615829
( 1,1416370143170584 0,2855572480455407 ), 1,38487801437011
( -0,23630446052129409 1,1544169221579126 ), 1,3885182282268078
( -0,07416724137021019 1,1818396614973348 ), 1,402245765180602
( 0,9683299515664463 0,7151834407097118 ), 1,4491502489660582
( -0,3301230876829754 1,164175855892632 ), 1,4642866764646838
( -0,7917013456480841 0,9190899263743404 ), 1,4715173134637776
( -0,8420443499324914 0,88837905326284 ), 1,4982560295294118
( 0,7039067885596244 -1,006281925177287 ), 1,5080880799188308
( -1,1846295149785642 -0,3389463494379784 ), 1,5182317155556804
( -0,09440185814417057 1,2307846324258405 ), 1,5237425222366834
( -1,221028112928056 0,2605363153051028 ), 1,5587888241534096
( -0,5835491831401018 1,1037971004636429 ), 1,5588976881354255
( 0,9325963068876879 0,8345598800350966 ), 1,5662260649847495
( 0,2947693818525665 1,2184349625670363 ), 1,5714727464834795
( -0,3774945904456395 1,2127227874888025 ), 1,6131987251103321
( 1,1762592104643161 -0,5167389611080058 ), 1,6506048841291174
( -1,282465170630136 -0,18377107142146598 ), 1,6784887205707772
( 1,075304283178875 -0,7243817050189758 ), 1,6810081559890326
( 1,2852662110022086 -0,17870704442436014 ), 1,683845440870864
( 0,2622665243206259 -1,2715242772454096 ), 1,6855577174036829
( 0,9734118396640339 0,859622700777865 ), 1,6864817972907495
( -0,6541576074085054 1,1435127648710441 ), 1,73554361875344
( 0,22737053454156458 1,3039301241053298 ), 1,7519311285270578
( -1,3243223537325468 0,051233075481654504 ), 1,7564545246190217
( -0,27521104534861807 1,3018128983724924 ), 1,7704579418508684
( 0,6709553261025327 1,1742625373253546 ), 1,8290735561911358
( -1,050696598088038 0,872803399373181 ), 1,8657491151911567
( -1,0116742517099016 0,9307781229465473 ), 1,889832705728687
( -0,9024924883129376 1,0399650248408299 ), 1,8960199443534658
( -0,3298487760728941 1,342299796897472 ), 1,9105689598277806
( -0,9890632463623359 0,972607115810861 ), 1,9242107070307242
( -0,5821684377733052 1,2638758004767863 ), 1,936302128970248
( 0,8469909504665001 -1,105040353182071 ), 1,9385078523329011
( -1,3926405923920608 -0,009272208446284513 ), 1,9395337934275816
( 1,2212712774033698 -0,6718600702349202 ), 1,9428994869865306
( -1,3038013688182906 -0,5206181531221588 ), 1,9709412706927756
( -0,967949858722911 1,0264241360276345 ), 1,9904734360217793
( 1,1016932541850406 -0,8816380594818636 ), 1,9910136942437704
( -0,07805552723543374 1,4332600770022736 ), 2,060327113660565
( 0,9455451798753414 -1,0844275375522727 ), 2,0700387713871775
( -1,4382615751447045 -0,13651780488216986 ), 2,0872334695875727
( 0,671287165214286 1,283599905678673 ), 2,0982551760397303
( 0,6608879609212663 -1,2891196507511493 ), 2,0986023708434347
( -1,1652981896977068 0,8920178809834078 ), 2,1536157709068817
( 1,4681914691733295 0,12473275322529645 ), 2,1711444498805026
( 1,4633953888064424 -0,23042891231209317 ), 2,194623547609293
( 0,10000815605126506 1,4862569053162389 ), 2,2189612198769777
( -1,4852377324089887 0,22688969104694784 ), 2,257410053674774
( 1,4997136404084017 -0,12565699854648038 ), 2,264930684510731
( 1,4959639885945992 0,18406268945682763 ), 2,271787328821943
( 0,48187213071991775 -1,4352972943155216 ), 2,29227907343401
( -1,2283647247849077 -0,897549085434755 ), 2,3144742578606667
( 1,301080007599844 -0,7959785614213546 ), 2,3263910564184194
( 1,1852013643016388 -0,9654123814878774 ), 2,336723340272561
( 1,3847747634806122 0,6723685626385012 ), 2,3696806295973496
( -1,4392027437245418 0,5533037424035302 ), 2,3774495689020014
( -0,7819420673892776 -1,3313157763819774 ), 2,3838350931965646
( 1,2444593778145912 -0,9149122040488411 ), 2,3857434841481875
( 1,325533142793222 -0,8134120870794921 ), 2,4186773360502913
( 1,1511785840438722 -1,047408585037024 ), 2,4222768763705154
( 1,5591589985337426 0,07089613967413269 ), 2,4360030453294375
( -0,482777283752708 -1,4851819206829653 ), 2,4388392432311847
( 0,017683171544379164 -1,5742520220560918 ), 2,478582123503562
( -0,8992968494850537 1,2934099314202938 ), 2,4816440741903927
( -0,6716405777457684 1,4265713942192153 ), 2,4862070084792256
( -0,978199442686785 1,2414726194868688 ), 2,498128414608325
( -0,17219771483790325 -1,580568993354433 ), 2,527850395748841
( 0,830624706900225 1,3701138071431078 ), 2,567149248237266
( -0,39884098141726304 1,5583051473794007 ), 2,5873890608070216
( -1,4939809690180361 -0,6013193136411448 ), 2,5935640527459274
( -1,234090824088506 -1,052240519574406 ), 2,630190273133664
( -0,5216024255509 1,5531121697625334 ), 2,6842265022050666
( -1,5376278981568046 0,6629071616792471 ), 2,803745458195748
( 1,6266290089610922 -0,43709325977657315 ), 2,8369724505358556
( 1,597149963024302 0,5688142059134984 ), 2,874437605237533
( -0,24922337047463028 1,7006536008664108 ), 2,954334958530624
( 0,8662283787686569 1,4939893182211037 ), 2,982355687142934
( -0,4014546407460696 -1,6897557611480218 ), 3,0164403609094865
( -1,7408909824156031 0,1325685736357249 ), 3,048275839371774
( -1,149292017950339 1,31441486207558 ), 3,0485585721695285
( 1,721401321745316 0,3112359703057682 ), 3,060090339718694
( -0,8720045481347585 -1,5200085267261851 ), 3,070817853288012
( -1,5089646538179011 0,9122273227506827 ), 3,1091330148446565
( -1,276932478015107 1,2226926486993381 ), 3,1255338665932046
( 1,60812745507606 -0,7396374948901885 ), 3,1331375356168394
( -0,746509865435206 -1,6104808539181368 ), 3,1509255600289805
( 0,17305835518848375 1,7729343451270552 ), 3,1732453864316432
( -1,1069506202848132 -1,4090042400234177 ), 3,2106326241529013
( -0,623825554311165 1,6909149976079085 ), 3,2483518513469853
( 1,539757474467535 0,9508217293248515 ), 3,274915041134943
( 1,3482481050470532 1,2154249178170131 ), 3,295030683613463
( 1,3828480619528012 -1,1759721555088394 ), 3,295179272978724
( 1,8275952670634874 0,13510890751270557 ), 3,3583588770821367
( -1,8353983780431231 -0,03427880639930455 ), 3,369862242691488
( -0,5181713923315243 -1,7633360694298892 ), 3,377855685583241
( -1,8237962832832384 -0,25578487419316365 ), 3,391658784783767
( 1,1818609830924536 -1,413820658887166 ), 3,395684238852401
( 1,5546859686232284 -1,0050037242024612 ), 3,4270809466947627
( -1,8349965663782464 -0,36015307152189124 ), 3,4969226335466064
( -0,8012464132886947 -1,697609604482142 ), 3,5238741840380126
( 0,8245049047586873 -1,6925575355020899 ), 3,54455934895604
( -1,064953541731545 1,5566671530165737 ), 3,5573386713272868
( -0,1186583475454096 1,882997568144142 ), 3,5597596450789597
( -1,7925795819871393 -0,6084750976623217 ), 3,5835835022323588
( -1,7606272381705026 0,7110081997571993 ), 3,605340931909865
( -1,8099951965365473 -0,6166046621336335 ), 3,656283920850307
( -0,04251306319011269 1,913129348375868 ), 3,6618712641588798
( 0,853763275568397 -1,7180847687860634 ), 3,6807270034439394
( -0,38289799537823244 1,8815745972746591 ), 3,686933839973965
( 0,6077080493725046 1,8221531317814312 ), 3,689551108933012
( 1,5312062819135752 1,1746684094259834 ), 3,7244385498749653
( 1,1241792235836514 -1,580620265811965 ), 3,7621393514326282
( 0,3739256095224861 -1,9169566157715483 ), 3,81454302820707
( -0,22725406958971828 1,9430799134430883 ), 3,8272039621710876
( 0,45741420550912215 1,9036136949370204 ), 3,832972854953317
( 0,5958643240945407 1,865287644117955 ), 3,8343522880277545
( -1,9459271354726229 0,3100486366937586 ), 3,882762573684346
( -0,2997950700021197 1,9479677159496114 ), 3,8844553063795217
( 1,0069467946850224 1,708283938821308 ), 3,932175862961283
( 0,887505575310219 1,77331882203248 ), 3,9323257907813853
( 1,5563855793704313 1,238513951483963 ), 3,956252879692653
( 0,11110749507555812 1,993570593499335 ), 3,9866685867272564
( 1,437759193405018 1,4006987856313766 ), 4,029108586289861
( -1,97067313096335 0,3891500547738103 ), 4,034990354231352
( 0,8383045570586063 1,8288889376935795 ), 4,047589276803176
( 1,6369473701276585 -1,1757499714879878 ), 4,0619846880218615
( -1,1059401171799461 -1,6872273246374823 ), 4,069839587791349
( -1,8211540403530986 -0,894845796744687 ), 4,117351038646049
( 1,237647760223044 -1,6161741233274378 ), 4,14379077529833
( -1,2667106078985477 -1,597472533405781 ), 4,156474259148593
( -0,21840138834006684 -2,0450613465081817 ), 4,229975077410726
( -1,8656672427511198 -0,8786240227836812 ), 4,252694434087145
( -1,826219997507148 0,9779141014699149 ), 4,291395469148719
( -1,7658572880930445 -1,1051115276651808 ), 4,339523450489791
( -1,484759028050202 1,4614631603357922 ), 4,340383940395262
( 1,4366875812740922 -1,5143559433728964 ), 4,357345129416016
( -2,085280361762647 -0,19849290657086802 ), 4,387793621111907
( -1,8698333884315763 0,946139994552327 ), 4,391457789784988
( 0,160711440823144 -2,089446393014088 ), 4,3916143964910335
( 1,7034529733130264 1,232997899705021 ), 4,422035852965983
( 2,0483879594940273 0,5202831957214546 ), 4,466587836350234
( -0,6079209136063323 -2,026552432307072 ), 4,476482598089667
( 1,870273673849875 -0,994913719558427 ), 4,487776924461493
( -1,2671101235738869 -1,701336196701722 ), 4,5001129194709115
( 1,2028270936539192 1,7487987174104578 ), 4,505089971244396
( 0,976904647444786 1,8929101253086582 ), 4,537451432695262
( 1,8796362134043103 -1,005834203569112 ), 4,544734739810403
( 1,9955385046537213 0,7577375652759217 ), 4,556340141385892
( 1,5821111246677617 -1,4380746068673655 ), 4,571134185714218
( 0,6415636452791121 -2,0637096301127515 ), 4,670501348363932
( 1,3319075776929377 -1,707625636347983 ), 4,689963109428723
( -0,9026252853716326 1,9687729491138584 ), 4,6907993309547
( 1,5590233159888123 -1,5342382612262035 ), 4,784440742007156
( -0,7111835093277006 2,073667445658921 ), 4,805878659125257
( -1,7343702821070606 1,3636265299095527 ), 4,867517588529293
( 1,2557995606824774 1,8217682173148575 ), 4,895871974228857
( -2,05510259657862 -0,8208692328589728 ), 4,897272979918665
( 2,166792924789999 -0,463309858710129 ), 4,909647604097997
( -0,764958345472496 2,0835325000872853 ), 4,9262689492279925
( -2,0753599234151743 0,795247976634641 ), 4,939538156059328
( -2,099250931934732 0,7744035906152853 ), 5,006555396386688
( 0,40919741408051713 2,2002400359749488 ), 5,0084987395972265
( 1,6680268730927423 -1,4945691388133238 ), 5,0160505600527525
( -1,4361810143052232 -1,7683787471236805 ), 5,189779299129498
( -0,7378189632703283 2,1644346108023758 ), 5,229154007000534
( 2,254002148664238 0,4372831233903327 ), 5,2717422161850065
( 2,0046922156561298 -1,1265353725725378 ), 5,287872825169429
( -0,4120240657036778 2,269142760862914 ), 5,318772699895556
( 0,1833121680389774 2,3009114048624646 ), 5,327796643977311
( -1,8506644880939422 -1,3830227824572505 ), 5,3377110642878085
( 1,916741867310699 -1,3194060058099764 ), 5,41473159406914
( -1,8551920478628423 1,439913972117783 ), 5,515089781553538
( 0,05010548893288291 2,358850579879176 ), 5,566686618217529
( -1,9338126027873592 -1,3554035273098726 ), 5,576749904543266
( 2,03223036396812 -1,2376437549539263 ), 5,661722316410451
( 1,2250291629418077 -2,050557708663339 ), 5,70548336661655
( -0,15199827473706337 2,3877512547995225 ), 5,724459530319739
( -1,8605320116884716 1,5122813790728715 ), 5,748574336008097
( -2,210388109765082 0,9501160478657388 ), 5,7885361002028635
( 0,11930957037765233 -2,4073479384872822 ), 5,809558870522668
( -1,1027136070549832 2,1440816935040514 ), 5,8130636076034135
( -1,739411473578051 1,6721539170813795 ), 5,821650996825568
( 2,11727827224732 1,1595340140173809 ), 5,8273864117938565
( 2,362301227827533 0,5022593851573705 ), 5,832731580974129
( -1,8289044417854394 1,5842935744429463 ), 5,854877587203717
( 1,7266303917890806 1,7016208527712273 ), 5,876766036435592
( 0,8421144534768004 2,3077620842274555 ), 6,034922590152379
( -2,3425082456444346 0,7741440514318717 ), 6,086643893279519
( -0,14053430784976528 -2,467041976574544 ), 6,106046005863646
( -1,16054447309903 2,1831517676985808 ), 6,113015114846143
( 1,7804923801718193 1,7199243554150738 ), 6,128292904199868
( -2,057740226220843 -1,3773318709320468 ), 6,131337921292578
( 2,1357381982662194 -1,2590079088090196 ), 6,146478565977098
( 0,8224431199551713 -2,342737114547591 ), 6,164829873440369
( -2,1141115633943914 1,3137820509245899 ), 6,195490979809501
( -1,4171651582243943 2,049395050091407 ), 6,208377157024334
( 2,002174731087277 1,4877995995543798 ), 6,222251302238583
( -1,6461909607630156 -1,8751968525917793 ), 6,2263079152679754
( 1,6824139495969797 -1,844207278267034 ), 6,231617183011609
( -0,4743849459398507 -2,4542843772284084 ), 6,248552881241792
( -1,9789494842370399 -1,5302710190815665 ), 6,257970453002982
( 1,8648323032655743 1,6692275185044263 ), 6,263920027835232
( -2,2439904550231593 -1,114027722379884 ), 6,276550928465958
( 0,7246855918570185 -2,4034033196126643 ), 6,301516723770331
( -1,5551077144007035 -1,9754634879384572 ), 6,320815995566555
( 0,20541442961554485 -2,5201065816666506 ), 6,39313227085385
( -0,40137615824849915 -2,501344673123941 ), 6,417827994175839
( 0,353471702639709 2,510247699532709 ), 6,426285757576273
( -1,571870943313309 -1,991194234170857 ), 6,435632740627938
( 1,7913721692055602 -1,8126093229180125 ), 6,49456680613353
( 1,1591691962301667 2,2703731123736812 ), 6,4982672948782465
( -2,561676804980374 0,04857869162012975 ), 6,5645479424539825
( -0,13323250997027902 -2,560072197806715 ), 6,571720559695883
( 1,9425384406374482 -1,6934358389659376 ), 6,641180534048438
( 0,9360749572625482 -2,410069250719952 ), 6,684670118879912
( -1,671601073556209 1,9788133188216903 ), 6,709952299860383
( -2,4850266430303325 -0,7322647657639865 ), 6,71156910374999
( -2,3769365522188326 1,0383154709382285 ), 6,727926390463627
( -2,5982756630711936 -0,030601406032854467 ), 6,751972867359238
( 1,1732345693867807 2,322818516927716 ), 6,771965217386459
( -0,6389259718233733 -2,527196624955625 ), 6,794949178657545
( 1,7630456975898376 -1,9391916818971202 ), 6,868794510929019
( -1,6711535967216662 2,029212114146139 ), 6,910456148033204
( -2,254442326594873 1,3533908933143655 ), 6,91417711404876
( -1,6701643469173617 2,0502942270689086 ), 6,993155363265991
( -2,649211311420876 -0,33138204145888484 ), 7,128134629961775
( -1,713957902617846 2,0655160782532507 ), 7,204008361468855
( -1,713679945556183 -2,0977048195294743 ), 7,337064465678626
( 2,428422499128623 1,2009301233396437 ), 7,339468995418679
( 1,3498952054458049 2,349056128076734 ), 7,34028175854043
( 2,5766653307259046 0,8392420924574672 ), 7,343531516317223
( -2,309388271269819 -1,4317006948418052 ), 7,383041067089111
( 0,09941003113690713 -2,7155120237709425 ), 7,3838879055352
( -2,703812977135234 -0,2894152807132244 ), 7,394365820035213
( 0,3484142195688058 2,7106853450521204 ), 7,469207508278074
( 2,47863810411214 1,1584159250191943 ), 7,4855743064947
( 0,12701619343456932 2,768143762086115 ), 7,678753000970878
( -2,351854789879692 -1,4763949057040555 ), 7,710962870268938
( 2,605389670718908 0,9868174229145065 ), 7,761863962456409
( 0,28796487991847214 -2,796573928831835 ), 7,903749511488385
( -0,49549581531559056 2,7729559230200023 ), 7,934800654006974
( 2,120379370326801 -1,8647653503143786 ), 7,973358485840588
( -2,803697312538956 0,3530567007144207 ), 7,985367654257518
( -2,43888031592129 1,4335765669733336 ), 8,00327896876338
( -0,039861853955233006 2,8330171745268196 ), 8,027575278564672
( 2,2983120242664175 -1,6752007016031012 ), 8,08853555153912
( 2,8413726278379303 0,12399731818942805 ), 8,088773745144795
( -2,4607145875648273 1,4289365900972792 ), 8,096976059973178
( -0,2036822838276862 -2,8403100462207127 ), 8,108847631407569
( -2,8399718145913475 -0,3807754171354396 ), 8,210429825967939
( 0,18621441132383112 -2,8622444963212654 ), 8,227119363706056
( -2,331513492484488 -1,6868853375265296 ), 8,281537307599208
( 2,731823182293548 0,9466540790744632 ), 8,359011844744769
( -2,874437564323422 -0,40766560865413914 ), 8,428582559672918
( 1,563215909077404 2,4645699411936643 ), 8,517748973428038
( 2,4945801166028665 -1,5279323644429759 ), 8,557507268462674
( 2,636288668189128 1,2797830750138222 ), 8,58786266111424
( 2,465780874414625 1,588827417753496 ), 8,604447884034194
( 2,388405560422424 1,717172595553051 ), 8,653162843975156
( 0,9492423126874092 -2,7948809451400156 ), 8,712420465702888
( -2,1416157031534597 -2,0397488586729526 ), 8,747093226451101
( 0,9710270436096533 2,8043953553632273 ), 8,807526828604145
( 2,202636461052318 1,9949056987946463 ), 8,831256126640437
( -2,859152473036927 -0,8310031101670781 ), 8,865319033180532
( 2,555443620234123 1,545373897606537 ), 8,918472579598902
( -1,0741911887562006 2,80525475428926 ), 9,023340946463957
( -0,06363325654661939 3,0040085203898528 ), 9,028116381913561
( 0,8326630874023684 2,89631762482655 ), 9,081983601003351
( 3,010058987685281 0,24046784578752378 ), 9,118279894202631
( -2,9075046364012502 0,8184195172475537 ), 9,123393716906484
( -1,9818456221985885 -2,297534875939888 ), 9,206378576387827
( 0,4928030992034571 2,9967351871044006 ), 9,223276676214178
( -2,0022817727072937 2,3093603309732806 ), 9,342277435588883
( 2,9767005430811873 0,6942652055059724 ), 9,342750298756085
( 2,6147941109835915 -1,5857405926504187 ), 9,351721470013771
( -2,5875356049594482 1,6364768607236295 ), 9,373397022616723
( 0,04691829638857507 -3,086864828307484 ), 9,5309357947778
( -2,40975559031309 -1,9532708247088792 ), 9,622188919704094
( -2,1891446926803346 -2,1990595318229733 ), 9,628217309991951
( -2,2572722147509303 -2,142798919399281 ), 9,686865060465298
( 3,0818861132859636 -0,46381482263683305 ), 9,7131462049625
( 2,3829857236013483 -2,0093845760821507 ), 9,716247333484686
( 1,8392100308768629 -2,5229644671972853 ), 9,748043240418152
( 2,917346159490708 -1,1246746832225472 ), 9,77580175737692
( -3,1266413883349427 0,07802309303048477 ), 9,781973974295102
( -0,31375254922808915 3,1204761961628202 ), 9,835812352965908
( -2,7642558138305184 1,4904937245659902 ), 9,86268174726642
( -2,050911889238481 -2,3931117469191783 ), 9,933223410662315
( -3,1571290580415736 0,12304363579524748 ), 9,982603625440188
( -1,6516208249148616 -2,718278527117378 ), 10,11688950027987
( -0,8354302997392626 3,0764241826390055 ), 10,162329537248507
( -0,5210634282438656 3,1533285111118916 ), 10,21498779524439
( 2,7727280527114724 -1,6006233172186537 ), 10,2500158579172
( 0,8108426555274735 3,1028736371741736 ), 10,285290620293331
( -0,3526509574141693 -3,192838565868436 ), 10,318580805461943
( 2,0819535865934906 2,447765785776453 ), 10,326088078747317
( -3,194951842102899 -0,39984653640452295 ), 10,367594526031402
( -3,217701257320683 0,1658072139672151 ), 10,381093413566674
( 0,6290857208064311 -3,1628435248021276 ), 10,399328006505295
( 2,559138385141602 1,9655715409227192 ), 10,41266075679048
( 3,2271607568237224 0,030253692174640356 ), 10,415481836273258
( 2,0931406290484666 2,456520703534455 ), 10,415731659866825
( 3,2168238941357146 -0,27027439666564235 ), 10,42100421537544
( 0,6850212911421804 3,1636270918054366 ), 10,477790545323424
( -2,691054104692703 1,8468409592005888 ), 10,652593722964395
( 3,2546538989318137 0,2784293015664918 ), 10,670294877802862
( -0,9029275018531779 -3,1394027579007084 ), 10,671127749917394
( -3,0410126534628805 -1,2345532245538218 ), 10,771879622777588
( 1,3407390746849404 -3,0097057693330536 ), 10,855910084343698
( 2,1944676057910364 -2,4633845647351134 ), 10,883951586641448
( 0,271349002591594 3,2923112219519517 ), 10,912943463398207
( -0,06740926061093866 3,3107253337334663 ), 10,965446243840685
( -1,9012710544737703 -2,7179320911883984 ), 11,001986474891542
( -1,8027583236920774 2,793641962241006 ), 11,054372986834847
( 2,386778836156701 -2,3178496588281305 ), 11,069140253655217
( -2,9951878047085603 -1,4689814859684278 ), 11,129056591592894
( 3,143796482600854 1,1266979703847555 ), 11,152904640482628
( 3,1267615560498623 -1,1983277520096625 ), 11,212627229627888
( -2,0040040987230197 -2,6945706129042337 ), 11,27674321562576
( -2,207747291689399 2,5379874330442007 ), 11,31552831425217
( 1,3504147684151484 -3,0843488360270954 ), 11,336827789055437
( 1,3298542677210519 -3,1016142614706355 ), 11,38852340033393
( 2,5225459674364266 -2,292931270502866 ), 11,620771969079666
( -2,6575666807068403 -2,1358456578258247 ), 11,624497336456603
( -3,297945536060882 0,9119116663705766 ), 11,70802764608666
( 2,339492313298338 2,5010516614686353 ), 11,728483697317028
( -0,588297178119568 3,3764867265827694 ), 11,746756184573073
( 3,4055552870020716 -0,46033141189006294 ), 11,80971182160046
( 3,437660769882041 0,1779364518745099 ), 11,849172949691676
( 2,9310531855712885 1,8178644942539055 ), 11,895704096116607
( -2,900364193353292 1,8668876049207166 ), 11,897381783492502
( 2,2580675356543907 2,610536778118199 ), 11,91377126548404
( -3,0747451843162907 1,56885977323697 ), 11,915378936557378
( 3,0361171706549364 -1,6433753717441837 ), 11,918690086401071
( 0,34183542616991636 -3,4513727007414134 ), 12,028824978007847
( 3,3448601963162634 -0,9274857951006057 ), 12,048319633014275
( 3,4291882757945484 0,5485708157965079 ), 12,060262170790434
( 2,5655165846416237 2,3542030480994316 ), 12,124147337751875
( -2,6919128733484783 -2,215216943395203 ), 12,153581024004446
( 0,05780024957916885 -3,4886455109738863 ), 12,173988370089662
( -2,44112748330211 2,4944752207766068 ), 12,181510016801395
( -2,495455318089017 2,4513205826438877 ), 12,236269843472327
( -3,4520037976325475 -0,5898019953053738 ), 12,26419661253573
( -0,18662340495230012 3,5097447642107067 ), 12,353136605180458
( -2,068207117178211 -2,8529224020743515 ), 12,416646911804293
( -0,7977351536444526 -3,433848943174882 ), 12,427699939903391
( -2,126915364280234 -2,8125104192422254 ), 12,433983825157398
( 2,1861357673090596 -2,779671629929228 ), 12,50576396334138
( -0,45238503517971695 3,508990573648083 ), 12,517667066005657
( -3,4240704499390446 -0,9136913949792252 ), 12,559090411404854
( 2,7140541338632636 2,2811015254070908 ), 12,569514010754826
( 1,5462681484161975 -3,1905101579713806 ), 12,57030025492502
( -2,4824431068437853 2,5413415117422264 ), 12,62094045802049
( -2,3466986103040233 -2,667859799750413 ), 12,624470278727149
( 2,6855020839192356 -2,3297648184982105 ), 12,639725552246556
( 3,0707783979732044 1,7937774873932868 ), 12,647317643737853
( 3,5507141692010222 0,3247838135939306 ), 12,713055636937522
( -2,8735644988791567 2,114603430748866 ), 12,728920598553493
( 2,405914752596074 2,6405030264160456 ), 12,760682029271724
( 3,380006975787232 1,1877054240242195 ), 12,835091330626904
( 1,341129940163266 -3,332356959179757 ), 12,903232419796081
( 3,058915737587695 1,8844600739884252 ), 12,908155260118134
( 1,0325059479093783 -3,4413738782926404 ), 12,909122702663172
( 1,3358871720904744 3,3483939887028225 ), 12,996336840137081
( -2,3333134467047656 -2,756874901901618 ), 13,044710865308328
( -0,09103257276889318 3,615934299640968 ), 13,08326778862494
( 3,0534200537157368 -1,9432760081182776 ), 13,099695668161521
( 0,6893309725059205 3,5538710869937518 ), 13,10517689262611
( 3,2505835401793908 -1,6010196587160395 ), 13,129557299280403
( 2,1126398985173536 -2,946571689444805 ), 13,145532061845024
( 1,9684091117196267 3,0464558245227056 ), 13,155527521869168
( 2,4446637202234296 2,685083398582516 ), 13,186053562320094
( -2,918165509013905 2,174901896513111 ), 13,245888197454711
( 3,5700659471921234 0,7637449473263835 ), 13,328677211867374
( 2,044025993612968 -3,026141213144482 ), 13,335572904457038
( 3,451945178213609 -1,2138974919612269 ), 13,389472634381942
( -2,913569473857315 2,2353091038207875 ), 13,485493868617283
( -2,5912662620803144 -2,612360561080227 ), 13,539088542083082
( 0,32783604060249427 -3,6849517613837834 ), 13,686345953243368
( 0,06189239699131567 3,7197990881987 ), 13,84073592536921
( 2,1485559759077906 -3,062054823874142 ), 13,99247252601998
( 1,784614651558198 -3,3020353805293947 ), 14,088287108824092
( -3,0060755905538845 2,2524561191215167 ), 14,11004902469185
( 3,684534177597433 -0,7411299438859213 ), 14,12506569960794
( -3,747918505106215 -0,31868020553684007 ), 14,148450194318608
( -3,389447150659443 -1,6483409230185897 ), 14,205379785611191
( -3,1252615958940804 2,1078861938823827 ), 14,210444249130372
( -0,5235369379152095 3,735853512607441 ), 14,23069239302299
( 3,3390781678538484 -1,7585961299935702 ), 14,242103359466574
( -0,47588580794114854 3,755525412436235 ), 14,330438425654151
( -3,785314965198705 -0,14810718317837074 ), 14,350545123466304
( 3,4295443578212526 -1,6126856434775483 ), 14,362529486942183
( -2,228371585390514 -3,1034470587273786 ), 14,597023568899449
( 3,7672434348826793 -0,6726215672436917 ), 14,644542870388008
( 1,802923381856185 -3,388415913828166 ), 14,73189512592771
( -0,355595860889375 3,8369832911476944 ), 14,84888919282825
( 2,690546568958399 -2,7621061014076984 ), 14,868270955167446
( -1,8163917400214278 -3,415655747772536 ), 14,965983140509632
( 3,718497708735666 -1,1137004650770688 ), 15,067553935785277
( -3,7460570596714415 -1,0468207677250185 ), 15,128777214054644
( 3,00897266032064 -2,471120193386773 ), 15,160351480720951
( 3,3198954602266086 -2,0359518870854774 ), 15,166805953360162
( -3,4004860920104267 -1,9035406471254972 ), 15,1867726572153
( -2,3614335280604566 -3,104538073376988 ), 15,214524956495355
( -3,0680001938996395 2,416492897636901 ), 15,252063114097812
( 3,901380536426643 0,3644228257636857 ), 15,353574085946232
( 2,6235206212383555 2,9261389014414467 ), 15,445149320591842
( -0,6344826837172978 3,879240519226981 ), 15,451075281949523
( 0,98267158437562 -3,82039434333372 ), 15,561056381315575
( 3,637049338712675 -1,5341942425260755 ), 15,581879866030466
( -3,90865647737162 0,6108696916517611 ), 15,65075723827784
( 0,5147133366421954 -3,9298340801131033 ), 15,708525716135743
( 3,3319490548644177 2,1530468021643414 ), 15,737495036521985
( -2,4204232039613514 3,1442805940814638 ), 15,744948940591815
( 2,967653513155074 2,6367704850046545 ), 15,759525964733335
( 3,0328290545765606 2,567885607524651 ), 15,792088567616002
( -3,2345725444148155 2,3252547302814817 ), 15,869269105778539
( 3,2021038257757795 -2,3883928830956584 ), 15,957889475069877
( -3,786632109343585 -1,2872604908791312 ), 15,99562230289023
( 3,534908290616446 -1,8992744228250813 ), 16,10281995626643
( 0,007247157189266537 4,013552815475857 ), 16,108658723901506
( 3,5667703648308855 1,8873661951846161 ), 16,284001990161503
( -1,6347299151918468 3,690419537992911 ), 16,291538262022954
( -2,795975433843309 -2,915601017663713 ), 16,31820792085696
( -3,032281084443059 -2,684080020839719 ), 16,39901413334212
( -2,9798580185987524 -2,7640386390129743 ), 16,51946340896398
( 1,0125690906492486 3,9373585572052314 ), 16,52808857133551
( -2,6514694050464316 -3,0862872776952655 ), 16,555459166360933
( -2,8343229951282307 -2,922431164860896 ), 16,573990754062876
( -2,8644274184646967 2,942002079613377 ), 16,86032067210176
( 4,097132349783486 0,3062030260619059 ), 16,880253784811817
( 3,254650640518067 -2,520101814140099 ), 16,94366394545688
( -2,1662190797381147 -3,5021653811916895 ), 16,957667458638976
( 3,3681055366735464 2,3709302726712407 ), 16,96544526403992
( 4,107156451377628 -0,32944769697685095 ), 16,977269901136225
( 2,9766017019881197 -2,850112541697954 ), 16,983299192622543
( -4,134353045890876 -0,06198395642781125 ), 17,096717118921607
( 4,005202980699248 1,0973013668795228 ), 17,245721206357807
( 3,049737146147813 -2,8189480649784233 ), 17,247364853639404
( -4,15440893307614 -0,23479782140901917 ), 17,31424360016125
( -1,367533013893245 3,9430595299697866 ), 17,417865000973496
( 1,8649631222854044 -3,7394558719155073 ), 17,46161766548789
( -4,166827025458099 0,49116306164789797 ), 17,60368861321533
( -2,651874308563806 -3,2626387868612783 ), 17,6772492019524
( 3,2035958715477513 -2,725700977900953 ), 17,69247232912801
( -4,209688418958675 0,02966418273616507 ), 17,72235654845219
( -2,091079221023195 -3,6559162581183013 ), 17,738335994968693
( 4,168077845997552 -0,6587920978409969 ), 17,80687995847334
( -3,5105026161865176 2,3671355615060214 ), 17,926959384798813
( 0,5082954379714475 4,222833005513101 ), 18,090682844713392
( -0,802090852453877 4,184624983749779 ), 18,154435990213024
( -4,132519363550794 1,0432496233274737 ), 18,166086066695176
( -3,6884786635527904 2,140914688055716 ), 18,188390553016884
( 1,8719001453535435 -3,8370519176945033 ), 18,226977573257685
( -2,7842647521942716 3,267142914761327 ), 18,42635303578657
( 3,797667694397658 2,00438063925204 ), 18,439821664080043
( -0,3179455946599719 4,2897016959134655 ), 18,502630041086547
( -3,0882854707204994 -3,0090334479898595 ), 18,59178943978508
( -0,4158536180519179 -4,297118554339857 ), 18,638162101698732
( -0,20321490959303912 -4,3124781958894784 ), 18,638764489503078
( 1,0618796922679923 -4,193340057809108 ), 18,711689321277657
( 3,6491425235226145 2,3291068355695543 ), 18,740979808477817
( 4,258904576467226 0,9214928774159282 ), 18,987417314581773
( 4,354417524033195 0,2571226145974734 ), 19,027064012544823
( -4,194672184974382 1,227953756036817 ), 19,103145166362687
( 4,263331398527545 -1,002601870421706 ), 19,181205124243938
( -2,964464093451911 3,2444290494676933 ), 19,314367218395503
( -4,091290825615781 1,6073910489733754 ), 19,322366604087588
( -4,1113958796161745 1,575463013856518 ), 19,38565978695472
( -2,616026029462565 -3,5440685297055894 ), 19,404013930075212
( 0,7909492259834059 -4,334457112623703 ), 19,413119139257955
( -2,993425361493452 -3,247856150782228 ), 19,509164971006154
( 4,254164844006825 1,2313958990403489 ), 19,614254380157
( 3,4159538483392033 2,849579071880344 ), 19,788841580881858
( -4,382159476760379 0,8334259835733852 ), 19,897920549856067
( 3,780714522702485 -2,3698851920840776 ), 19,910158125832865
( -4,2074513483131835 1,495157297992764 ), 19,938142194163447
( -2,3309761500687163 3,8430260356522163 ), 20,202298922889966
( -4,49762973343483 0,06042150352668141 ), 20,232323977165485
( -0,7671045931478133 -4,440655949707448 ), 20,30787472050063
( 3,383037841439033 2,9810393370110493 ), 20,33154056541575
( -2,9042801462040586 3,454984025324162 ), 20,371757782880216
( -4,50559828087002 -0,34637306760724645 ), 20,420390170542532
( 0,7435202754555948 4,458907036568249 ), 20,434674360771407
( 4,301970882858944 1,40059048152825 ), 20,4686071739137
( -0,06766384210991735 4,530225777814544 ), 20,527523993504467
( -1,4826187432751006 4,291427453253838 ), 20,614507924451356
( 4,492367431342574 -0,6954861427183503 ), 20,66506611290073
( -3,005809306001775 3,4348946715148494 ), 20,833390988447977
( 2,5794876821625445 3,781958668673331 ), 20,95696807398165
( 4,4585486549933675 1,1337016295522506 ), 21,163935493792593
( 3,3457432363232926 3,177835099832515 ), 21,292633725130592
( -4,6155233073246595 -0,08882302613548157 ), 21,31094493042903
( -4,062392929453145 2,2440281452416206 ), 21,53869862990745
( -4,068512660487864 2,3111439424455194 ), 21,894181591252654
( 3,574171585369933 3,0284039127045204 ), 21,945932780149867
( -0,7054385043385349 -4,633511255434512 ), 21,967070037641697
( 0,8990380541394781 -4,610053741556267 ), 22,060864922827836
( 4,407218729731564 -1,6481243667236303 ), 22,139890859884872
( -3,339533388106745 3,327552690311471 ), 22,22509015707882
( 2,455320917286545 4,045581370902676 ), 22,395329435459615
( 4,706467079026975 -0,6370546160193281 ), 22,556670949756242
( -4,647328608144054 -1,0287499076869502 ), 22,65598956464006
( -1,7919929068736324 -4,411740758343385 ), 22,67469509711368
( -0,4866889581683078 4,756471642243026 ), 22,860888625465023
( 1,9610552519764044 -4,390100640734925 ), 23,118721337085436
( -1,1098415173146106 4,692907982235288 ), 23,25513352328288
( -4,824397737389869 -0,2688775663085654 ), 23,34710867419651
( -4,804168582446906 -0,5250809865589356 ), 23,355745811015616
( 4,818294928960833 0,44232378011551 ), 23,411616348905348
( 2,9289799496161257 -3,8811879150049604 ), 23,642543176833833
( 1,736335358404708 -4,546036120890431 ), 23,68130488928692
( -4,600157122506943 1,5899389129198456 ), 23,689351298568095
( 2,9164832116522064 3,9000569942258103 ), 23,71631888205883
( -0,8533420945489616 4,804331228106908 ), 23,80979127969244
( -0,6860668663381467 -4,84204596132107 ), 23,916096836632725
( 4,891567109579077 -0,24240767641924177 ), 23,98619026910278
( -1,064539008092732 -4,783050058980562 ), 24,010811166465015
( -4,263951378973001 -2,44743068544907 ), 24,171198322323463
( -4,483949401575693 -2,02107581889972 ), 24,190549701632186
( -4,826444862244725 1,0326385025250924 ), 24,36091228518577
( -1,7008325702883047 4,64662868195442 ), 24,48398954011499
( -4,953093461397543 -0,11863124999448413 ), 24,547208210814347
( -2,376216049658284 4,353151845994226 ), 24,596333708936562
( 2,579546405819895 4,23807802770576 ), 24,615365028700687
( 1,78755466889393 4,649439848937199 ), 24,81264260316965
( -3,650133970919085 3,390854931089444 ), 24,821375169351125
( -2,8492901607394874 -4,089874879279808 ), 24,845530948250875
( -3,9712114962481313 -3,0383358542659185 ), 25,00200551125113
( -4,219320580916332 2,6884049964948913 ), 25,03018758972283
( 2,307925230443759 -4,446375691038215 ), 25,09677565517444
( 4,611790016195846 1,9889949108163236 ), 25,224707908736914
( 3,2207246348629575 3,878280125423931 ), 25,414123904871392
( 4,818794668403907 -1,556378618991161 ), 25,643096461890753
( 2,557282582680636 -4,377934154903323 ), 25,706001672350816
( -1,25083636396665 -4,919213661739996 ), 25,763254659270732
( -4,188663255697885 2,8683605918403883 ), 25,77239235445655
( -4,794458778980118 -1,6759049774137003 ), 25,795492476659543
( 5,086646608912169 0,05748146100002352 ), 25,877277842316364
( -1,7127520641634542 -4,792719247874989 ), 25,903677422247572
( 3,7643258850524823 3,4629703100044034 ), 26,16231273684815
( -1,6584474430823406 -4,841160323243597 ), 26,1872811968144
( 5,082790976653503 0,6029669168995427 ), 26,19833321522561
( 1,3722713739301569 4,934291996062009 ), 26,230366226109766
( 3,8297437609839617 -3,414097710702505 ), 26,323000453019667
( -4,5213977811594965 2,437913513772896 ), 26,386460196110527
( 4,888070904806841 1,581665204558112 ), 26,394901989729025
( 2,967271803335649 -4,259717373859791 ), 26,94989406003375
( 3,312621767634025 -4,002568550934427 ), 26,994017980332092
( 4,310563276455771 2,927195443095338 ), 27,149428922407225
( -3,939299050506052 3,4192351989275034 ), 27,209246354902685
( -2,969147391788608 -4,2920527900114305 ), 27,23755338641
( -3,2946827022128 4,049023872179199 ), 27,249528425737275
( -4,646219136558772 -2,3939527904813898 ), 27,31836222797857
( 0,8326344341162197 5,1619454209584275 ), 27,338960629829714
( 4,97779401022892 -1,605149659694813 ), 27,35493863828929
( -4,795813183032393 -2,0974459714651896 ), 27,399103689762843
( 3,1713696793517414 4,169839550723573 ), 27,445147521890135
( 1,0913140889202697 5,148636671681994 ), 27,69942601766452
( -3,922812001813284 3,5158056976992826 ), 27,749343705545087
( -4,080414519637468 3,345356010407998 ), 27,841189488441188
( -3,8721483616743515 3,5952382177672204 ), 27,919270777311382
( -3,219301422123518 -4,197613395483437 ), 27,983859864428496
( -5,04005390877234 1,630938090107337 ), 28,062102457094316
( -1,3532660381637003 5,125205048397442 ), 28,0990557581659
( -4,286185723972267 3,1199166075944524 ), 28,105267698727342
( -1,8488004944969605 4,976721692032381 ), 28,18582206839785
( 2,6934875341293 4,5846903819793585 ), 28,274260995123974
( -2,0353222749437854 -4,915868704262193 ), 28,308301880426797
( -4,425420314207636 2,9666907879008027 ), 28,385599188417096
( 5,294758072667531 -0,6896887233797753 ), 28,510133583235216
( -5,327729629260052 0,4343622177835806 ), 28,57337353873332
( -2,0771059452712786 4,946661035679621 ), 28,783824509792268
( 1,6310254906027177 -5,11206955769917 ), 28,793499313750427
( 4,73984057431915 -2,5163279150822313 ), 28,797994846184174
( -5,330482160415134 -0,675149274069154 ), 28,869866604780096
( -3,715056767554275 3,8845666748581174 ), 28,89150503756907
( -3,411592141015005 -4,1820934732137225 ), 29,12886675533216
( 0,6205693335688891 5,383489426361846 ), 29,367064701515936
( -3,1092945648141033 -4,454666004850643 ), 29,511761905554515
( 2,162151177230295 -4,9851592259719855 ), 29,526710221491957
( -4,3903662792462494 -3,2032135034586133 ), 29,535892814682157
( -5,416104761279216 0,45069686433460626 ), 29,537318448672444
( -0,8096268255309731 -5,389324118596157 ), 29,700310051901607
( 1,900899675513072 -5,124574780954344 ), 29,874686261958963
( 5,449281514446716 0,4806244684664007 ), 29,92566890337931
( -3,009414273109678 -4,570186402037912 ), 29,94317801656849
( -5,489392663538636 -0,3145999299177946 ), 30,232404930416084
( -5,366012913960426 1,3318028773311186 ), 30,56779349685751
( 5,51887719739204 -0,445333407082176 ), 30,65632736335724
( -4,846193459229424 2,682135735209745 ), 30,679443146367166
( -5,541925847256579 -0,21736556884497923 ), 30,760189887009847
( -3,937935809717997 3,905811062376527 ), 30,76269849644219
( 4,784355101283312 2,806056083712358 ), 30,764004480114785
( 0,8387388495849105 -5,486072604876718 ), 30,800475483781835
( 4,549807907502803 3,2022959919217513 ), 30,95545161505315
( -2,3693963223458185 5,037403584428137 ), 30,989473804755335
( 5,242332151646072 -1,8850255722526073 ), 31,035367796228403
( -4,607366757932352 -3,149418606959496 ), 31,146666003962768
( -3,5330825437017204 4,320282874173493 ), 31,147516373486603
( -0,7371660378961886 -5,539095150455047 ), 31,22498885322219
( -0,5346476344370836 -5,56479336427115 ), 31,252773280045393
( -4,396673927634454 -3,46359424885906 ), 31,327226746670135
( 5,586804610742331 0,5167909605722993 ), 31,47945865554101
( 5,280811416724263 -1,895585974891618 ), 31,480215407211126
( -3,5719690123590566 -4,3408066697138645 ), 31,601565169085703
( 3,8685824911514164 4,082572611445531 ), 31,633329618568485
( -5,196650195574426 2,1664407839919546 ), 31,698638925707392
( 4,541252538442 3,3717769264025756 ), 31,99185425932671
( 5,2392611303860495 2,159616923770354 ), 32,113802449809434
( -2,9027143668555304 4,867385890948901 ), 32,117196106957934
( -3,641225048659956 4,394598187079058 ), 32,571013080867246
( -0,9989970363641056 -5,635163956361821 ), 32,753067893743676
( -5,5438131859795 -1,5067057974396512 ), 33,004027001078434
( -1,2185668865122112 5,6390913433099215 ), 33,28425643509696
( 3,2426090267842542 -4,783325786270239 ), 33,39471887818053
( -2,7058144936568485 5,108295153824326 ), 33,41611145266856
( -4,962527643576012 -2,9848953082915086 ), 33,536280614716745
( -5,7159150098700655 1,111063913716159 ), 33,90614742042018
( 0,9625537435615696 5,757742148345237 ), 34,07810435607561
( 5,3536235519434445 -2,327934512719993 ), 34,08056423143641
( 5,535256603344031 -1,8959697875695216 ), 34,233767100240115
( -4,470511577351741 -3,793066725745441 ), 34,37282894919319
( -3,6403572754552322 4,599373317123396 ), 34,40643600322651
( -4,862761965083434 -3,281389718237524 ), 34,413972412017046
( 4,847823995896025 -3,314298372728153 ), 34,485971198653786
( 3,6981183394399775 4,562629564355658 ), 34,49366779403459
( -3,906957470320616 4,388171397105764 ), 34,52036488527122
( 5,107197035953378 2,9065861131999835 ), 34,53170439749796
( 5,76067575118779 1,1693941637323957 ), 34,5528678204944
( 3,499172007443012 -4,7308559042938985 ), 34,6252023248652
( -4,758500211983852 3,4683641406077736 ), 34,672874079304265
( 5,859172299072831 -0,7410703897753828 ), 34,87908535282425
( -4,084490804663677 -4,273477768225892 ), 34,945677368903084
( -3,262837292257741 4,932188926066685 ), 34,97259479816266
( -4,29805475761848 4,076733176601498 ), 35,09302809269019
( 5,310016076640344 -2,632329369742978 ), 35,12542864499037
( 5,245156479108689 -2,773046010321194 ), 35,20145066569415
( -5,887411140852287 -0,7588557727299089 ), 35,23747202523713
( -5,067379741330846 3,09367219612146 ), 35,24914509990525
( 5,654235286137159 -1,8219097676920413 ), 35,28973187261023
( 5,788477524940646 1,4049335265713054 ), 35,48031027082707
( 2,1744180285770214 -5,548478231173492 ), 35,513704444806905
( 3,8456075819272364 4,565432733007588 ), 35,63187371379338
( -1,2104801371782985 5,8647290495063915 ), 35,86030898662734
( -0,486696935827341 5,968778004515576 ), 35,86318477453266
( -5,7040003193095306 -1,8601857384185325 ), 35,99591062409893
( -5,81975209756805 -1,4831365156289074 ), 36,069208401139576
( 5,820509508304755 1,4943199500837259 ), 36,11132304948429
( 5,432778830063246 2,5748562036418505 ), 36,14497028581629
( -5,572680072698344 2,263131509141541 ), 36,17652742031849
( 6,022543721717116 -0,12358020789593485 ), 36,28630494777786
( 3,931408244061079 -4,584738363940048 ), 36,47579664725508
( 2,679521946496505 5,4214026065084315 ), 36,57144408361283
( 3,5961096337719933 4,871981030340379 ), 36,66820365810424
( -2,5959969601831694 -5,4845710290975855 ), 36,8197195904968
( 3,9597410650635005 -4,618108336366099 ), 37,006473908764285
( -3,9390241660093537 4,649561890217258 ), 37,13433715136637
( 2,4913190961168805 5,567986675935933 ), 37,20914646207672
( -1,6748445271593595 5,888459845496894 ), 37,47906354218497
( -2,5398305391606795 5,575918522339458 ), 37,541606535421465
( 2,3401240159930676 -5,663029008088225 ), 37,54607795667623
( 5,782994131677235 2,026741334215724 ), 37,55070156283187
( 2,624590463068295 -5,539878203163024 ), 37,578725604709824
( -5,862308863796529 -1,8283960133772952 ), 37,70969719628134
( -5,594894859069158 -2,548165491132257 ), 37,79599585423579
( -1,0701447257359828 6,061187801651367 ), 37,88320730090787
( -4,701978530805724 -3,9733166916755343 ), 37,895847636505366
( -1,0021866116728926 -6,078132288078164 ), 37,94807011599469
( 5,423719118327702 2,923707910424733 ), 37,96479701999358
( -5,693745643077422 -2,3694979077044445 ), 38,03325978267887
( -2,0392767082906817 5,829082693372218 ), 38,13685453914839
( -4,489906808162333 -4,241196600297539 ), 38,14701174835787
( -3,8201485572973324 -4,859414403275441 ), 38,2074433425817
( -3,4943957219360335 5,099832208143348 ), 38,21909001270111
( -4,739012677836712 4,011469836370017 ), 38,550131408803566
( 5,3510314251573 -3,149085133394669 ), 38,55027449038829
( -3,1598192219659142 -5,348062772276395 ), 38,58623293171396
( 3,4022720405934237 5,218233403944198 ), 38,80541489624279
( 3,123375654342115 5,395206008128275 ), 38,863723348280466
( -5,834495307250262 2,1969210476555974 ), 38,8677975799575
( -6,184344638855819 0,8723180006689919 ), 39,00705730643586
( -5,978968465123488 -1,8056902667046462 ), 39,00858124621301
( -1,5005061285534023 -6,07566889945663 ), 39,16527121765086
( -6,182675875610721 -0,9978843371659517 ), 39,22125413321993
( 2,1314428745240637 -5,890037465598697 ), 39,23559007351572
( 4,152755847327347 4,703915796473962 ), 39,372204947828735
( -4,508182869969206 -4,364661550286218 ), 39,37398323763068
( 2,093520407053516 -5,915755936106198 ), 39,37899599032524
( -1,341814799292342 6,130966139040664 ), 39,38921275366314
( 3,098107688679532 5,482919568907527 ), 39,66067824976433
( 2,744275952496919 -5,668910165623373 ), 39,667592969360896
( 1,7249177319060147 6,058366271032055 ), 39,679143055822635
( -5,830524433617038 -2,391007869197386 ), 39,7119338015691
( -3,343951764894685 -5,377507269462342 ), 40,09959783906261
( 5,569705300639091 -3,0561609933416705 ), 40,36173715319033
( 6,070813721656748 1,8876091714714927 ), 40,417847627279144
( -4,382346051205047 4,610633525238528 ), 40,462898416565935
( -4,875153453294439 4,099517811231994 ), 40,57316747777706
( -3,075687066328957 -5,5803788548872895 ), 40,6004790940564
( 0,5401665541695349 6,3574331261420785 ), 40,708735859612034
( 5,976840812318031 2,2684460063068244 ), 40,86847337931984
( -1,8835687019102998 6,128193105364119 ), 41,10258179144837
( 2,6373443777851957 -5,846524136179099 ), 41,13742984195994
( 3,4819578875905854 5,4121526333719 ), 41,41542685786868
( 1,7793760321212488 6,185398484039803 ), 41,42533347004945
( 6,103643362614289 -2,1604429125410642 ), 41,92197587633438
( 5,676312919103608 -3,1611357649485097 ), 42,21330768001912
( 0,19459482343972895 -6,510930805378324 ), 42,430087097733974
( -3,3324756074139663 -5,621057682828769 ), 42,701683147697416
( -6,333854898817626 -1,6240402764980764 ), 42,75522469896399
( 0,33508401259658627 -6,570818268513139 ), 43,287934013323834
( -5,442486097637978 -3,7195102076386206 ), 43,45541110771056
( -4,699532340996658 -4,679276577417307 ), 43,98123351203975
( 5,821990480048186 3,187055802299236 ), 44,052897836740925
( -6,245650356074043 2,2466326561036576 ), 44,05550666179919
( 0,6410697232880389 -6,618326104364245 ), 44,2132108138258
( 4,361302283484158 5,024111967812151 ), 44,262658673037414
( -5,538249586231107 3,6973218532578684 ), 44,34239736596722
( 1,896008443412689 6,395140231109587 ), 44,4926665930486
( -6,2604230292177965 2,307492042191151 ), 44,51741602953602
( 0,7922903758386011 -6,625978459152223 ), 44,53131458079574
( -6,653179672654753 0,5526178177731301 ), 44,57018620914674
( -6,436066384303623 -1,8362054439232784 ), 44,79460093545659
( 5,922523051699592 3,191607969434955 ), 45,26264072847376
( -6,2571332839936105 -2,5319557711500256 ), 45,562516960720586
( 4,899028574972928 4,654465490201295 ), 45,66452997787606
( 0,35807769758794217 -6,759325730900043 ), 45,816703973917285
( 5,833586163330355 -3,446540372744786 ), 45,909368065959136
( 6,6942953188359455 1,0881893074955356 ), 45,997745784736466
( -4,1816380241823214 5,340407283732977 ), 46,00604652143566
( 4,798614952905243 -4,797568522596675 ), 46,04336919525623
( 2,530200995700544 6,30730969241182 ), 46,18407263463612
( -6,517541062381685 1,936728846980743 ), 46,22926012655874
( -5,288276949002206 -4,286164432396173 ), 46,3370786308861
( 6,563459987142003 1,819786896678825 ), 46,39063135213805
( 3,174944037456765 -6,080577013224373 ), 47,0536864547349
( -6,1352637104329455 3,1142861081184834 ), 47,340238759775204
( 4,1106153703936394 -5,530982477353174 ), 47,48892588810429
( 3,790787635615363 5,757835270249235 ), 47,52273789766039
( -6,515496986786054 2,3436661503992298 ), 47,9444720093453
( 6,93791290184178 -0,02032504923556439 ), 48,135048541169056
( -4,260029980044261 -5,4808226693690205 ), 48,187272563945264
( -6,8735552610680895 -0,9902480888321121 ), 48,22635320439246
( -2,9152904430055235 -6,304418049992452 ), 48,24460531614997
( 0,5557384094844026 6,945460345875237 ), 48,54826459590162
( -6,015010407965833 -3,556042953341562 ), 48,82579169394747
( 5,854875962512462 -3,8547455767453402 ), 49,138635997843984
( -6,895604663813628 -1,284889974223195 ), 49,20030592546754
( -6,62312134551728 2,3706132606077848 ), 49,48554358881609
( -3,448198046420236 6,145441832242954 ), 49,656525080817964
( 4,745104116080734 5,243084077824937 ), 50,00594371958769
( 4,6458418482493045 -5,334268462725754 ), 50,0382665113751
( -7,084469137664381 0,06943275977719375 ), 50,19452387064937
( -5,97848699060101 3,851982747908396 ), 50,58007778696945
( 4,712842741612675 5,343396481998226 ), 50,76277267100228
( 5,943650397542498 -3,997820459738998 ), 51,309548476514834
( 6,344649758695208 -3,342133333297257 ), 51,4244357780478
( -6,783075606797372 2,3529248293756426 ), 51,54636994022193
( -6,659569488521315 2,699423249111798 ), 51,636751650289355
( -6,889028478722812 -2,180316598073233 ), 52,21249384848758
( -3,897511316991874 -6,104744769588287 ), 52,45850316789527
( 7,244304486470661 0,41852259451728546 ), 52,655108654820424
( -5,549722487834879 -4,678263412866199 ), 52,68556825214266
( 0,06761633873355459 -7,279064655208327 ), 52,98935422396684
( 0,09869887302454643 -7,279726750191322 ), 53,00416302498741
( -7,230785029178111 -1,220262814823985 ), 53,773293475428446
( -5,962706359148228 -4,306126016875782 ), 54,0965883986412
( 4,931735960043062 5,458606065712341 ), 54,11839976021342
( 7,066795416611452 -2,074624441679298 ), 54,24366403425377
( -2,8398609993778816 -6,843609438653166 ), 54,899800644610245
( -2,0523732308567366 7,120063680484913 ), 54,90754269289768
( -0,029124321482021542 -7,418776991295058 ), 55,03910027267074
( -4,508359934652512 5,923022164380564 ), 55,40750086012343
( 4,834950383783233 -5,6713805800907995 ), 55,54130289787669
( 5,096097153005936 5,548989405447648 ), 56,76148961464545
( 0,32857449685449686 -7,5274730620397365 ), 56,770811899717074
( 7,550120869617855 -0,3658453154696114 ), 57,13816794069013
( -2,4202446664187325 -7,164808691499467 ), 57,19206783111463
( -0,24004999864306453 7,559686015878578 ), 57,20647666051866
( 6,839855002375065 -3,288416348892346 ), 57,597298537177664
( 7,304917673540793 2,1411406078672126 ), 57,9463053198666
( 5,726505249653885 5,037930096780931 ), 58,17360203436462
( 4,413533234409757 6,2935745536596315 ), 59,08835627371148
( -4,007902129849203 6,592565817521076 ), 59,525203540797115
( -7,416827832237139 2,193679237211036 ), 59,82156368881825
( -7,733412293102826 -0,3332420090624596 ), 59,916715931717896
( 0,2009945726438458 7,745044693582089 ), 60,02611612381635
( -2,8071368891918294 7,236289086769258 ), 60,24389726195744
( 1,6299853187857223 -7,611422058167405 ), 60,59059788701433
( 4,108607184549317 -6,614417754931137 ), 60,63117523367853
( 5,698518636694253 -5,320882545182289 ), 60,78490571237728
( -3,406479487842981 -7,0224572024257705 ), 60,919007660996556
( 7,644037414781036 -1,6724766252521426 ), 61,22848606058714
( -7,3374087027993085 -2,7647366858024824 ), 61,48133541373713
( 6,353988848541633 4,608149884751548 ), 61,608219647727125
( 5,572651095259176 5,555023355780232 ), 61,91272471275717
( 3,309173941934539 7,140987515511048 ), 61,94433487466323
( 7,548344035411638 2,273708232897614 ), 62,147246805280844
( 5,804702207422064 5,362813720162469 ), 62,45433871401341
( -3,4595745846949617 7,13055380980365 ), 62,81345394157266
( 1,6398503545606196 -7,7856474265661255 ), 63,305415036148325
( 7,691872093430135 2,073243214810942 ), 63,463233729448895
( 7,937903471067466 0,7036955212015626 ), 63,50549890254407
( -0,6380000128092009 -7,947952325465749 ), 63,57699018422095
( 5,343590633724272 5,935122415888394 ), 63,77963895240665
( 1,1004024244182795 -7,9159240238895165 ), 63,872738647656824
( -6,652893034425926 4,443680761195064 ), 64,00728443492815
( -4,419024873979501 6,733914252539076 ), 64,87338199739845
( 6,863081401378409 -4,250940501025435 ), 65,17238146520461
( 3,153888770407253 -7,528936936624351 ), 66,63190577176744
( -0,6013520337209758 8,176486235662523 ), 67,21655143043905
( -7,471497076982438 3,396084175195896 ), 67,3566562963731
( -6,238208639784613 5,415394345483996 ), 68,24174295058343
( -6,694819086966898 4,952782022673121 ), 69,35065237133034
( 5,769163868270471 -6,02532375773314 ), 69,58777812446093
( -6,0421298394299985 -5,757559684995618 ), 69,65682652281723
( -2,157507762886111 8,124819703872818 ), 70,66753496735383
( -1,1008810044838562 8,345007227533028 ), 70,85108461361186
( -8,268604161810938 -1,9219974073220423 ), 72,06388881846982
( -5,002514318498189 6,951836039830777 ), 73,35317383146946
( -6,018993979047613 -6,0942686176753735 ), 73,36839850419432
( 5,015161333961983 -6,986634456144184 ), 73,96490422944848
( 7,357158306044013 -4,496130353859087 ), 74,34296649908545
( -7,660895922322945 3,9724626291709324 ), 74,46978567282396
( 3,6585182058692665 7,822685967220739 ), 74,57917120442914
( 4,450994909674552 7,435318481304155 ), 75,0953166043719
( -1,1356036587857423 8,63930052903547 ), 75,92710930084013
( 6,594702523817821 -5,732769089209121 ), 76,35474280784072
( 5,5156456348251295 -6,80688259787113 ), 76,75599747016634
( -5,79855381077526 6,572792485184147 ), 76,82482734974948
( 6,152923663287837 -6,2783525244735685 ), 77,27618002781105
( 7,909618956303735 -3,9217557278566932 ), 77,94224002289617
( 6,275017326811248 6,364950160741071 ), 79,88843300049916
( -4,372255669365462 8,013675061033837 ), 83,33560762213408
( -4,898669205420749 7,896648745356975 ), 86,35402139168544
( -6,985354069153969 -6,130138321148783 ), 86,37376730786272
( -9,132056450344205 -1,9077500184901097 ), 87,03396514532221
( 8,228977399292617 4,430991100531584 ), 87,34975117105878
( 7,456576649659849 5,679565505022635 ), 87,85799965809551
( -8,6553197205134 -3,6790553764107363 ), 88,45000792700492
( -6,097684950135303 -7,301414705860987 ), 90,49241845806965
( -6,187279058922194 7,294014195104294 ), 91,48506523136007
( -7,465470050025967 5,99381395244842 ), 91,65904876440007
( -4,8380174156173545 -8,273683152204573 ), 91,86024541689062
( -6,977117160671691 6,662888522972195 ), 93,07424734329399
( -4,953058862131627 8,339799287619588 ), 94,08504424952083
( -9,663278336101799 1,292767828154009 ), 95,05019685848438
( 6,927967120997874 6,885532213319065 ), 95,40728229028211
( 6,348921111535343 7,654968774704807 ), 98,9073462222048
( -8,374927837765156 -5,462769476448454 ), 99,98126664059066
( 5,397416175183693 8,78213085854145 ), 106,25792378468056
( 4,530718760524859 -9,324933033326495 ), 107,48178856299558
( 6,860310067982189 7,968533265600115 ), 110,56137663383342
( -7,392452511902292 -8,229304763076726 ), 122,3698110243278
( -7,837558066941671 7,885409422101034 ), 123,60699820684223
( 8,626804842829031 8,344031179694793 ), 144,04461812397733
( -8,296320180236918 8,711668727566957 ), 144,7221005518744
Liczba wywoa funkcji celu: 3001
