Iteracja nr: 34
( 0,9999999987448072 1,000000002568833 1,000000003197053 ), 0
( 1,0000000004952103 0,9999999963741752 1,000000002000774 ), 0
( 0,9999999991731545 1,0000000036224905 0,9999999986751148 ), 0
( 1,0000000013009478 1,00000000299553 1,0000000030217704 ), 0
( 1,000000002653456 1,000000001044017 0,9999999971196392 ), 0
( 1,0000000029134701 0,9999999983443523 1,0000000013031707 ), 0
( 0,9999999999580058 0,9999999978766706 1,0000000026729412 ), 0
( 0,9999999966545493 0,9999999992336133 0,9999999966767656 ), 0
( 0,9999999980997899 0,9999999994155894 1,0000000025357072 ), 0
( 1,0000000016023114 1,0000000025137297 1,000000000532514 ), 0
( 1,0000000014631738 0,9999999983863496 0,9999999974594773 ), 0
( 1,0000000004404872 1,0000000005739733 1,0000000019051256 ), 0
( 1,0000000002238902 1,0000000029771767 1,0000000020298097 ), 0
( 0,999999998824171 1,0000000021200972 1,0000000035401568 ), 0
( 0,999999999113122 0,9999999994983565 1,000000001528833 ), 0
( 0,9999999993007849 1,0000000021686235 1,0000000025171254 ), 0
( 0,9999999988281959 1,0000000034917516 1,0000000032560261 ), 0
( 0,9999999980145065 1,0000000016357804 1,0000000013740988 ), 0
( 0,9999999988105449 1,0000000028601312 1,000000003083336 ), 0
( 0,9999999987525405 1,0000000027002263 1,000000003174875 ), 0
( 0,9999999986560544 1,0000000023284914 1,0000000032966803 ), 0
( 0,999999998645428 1,0000000007250525 1,0000000015152095 ), 0
( 1,0000000008381327 1,0000000018830595 1,0000000026079303 ), 0
( 0,9999999992424433 1,0000000029867318 1,000000001677663 ), 0
( 1,0000000006513237 1,0000000004682679 0,9999999989072272 ), 0
( 0,9999999989469951 1,000000002413919 1,0000000031309386 ), 0
( 0,9999999995023409 1,0000000023740376 0,999999998096812 ), 0
( 0,9999999980464563 1,0000000014959813 1,0000000005645506 ), 0
( 0,9999999991115138 1,0000000011771562 1,0000000023511648 ), 0
( 0,9999999976670961 0,9999999987451247 1,0000000024291718 ), 0
( 0,999999998832644 1,0000000027292588 1,0000000028015283 ), 0
( 1,0000000003749723 0,9999999974978707 0,9999999967345348 ), 0
( 1,0000000014284183 1,0000000008779315 1,0000000002677596 ), 0
( 1,000000001463899 0,9999999997371734 0,9999999973849396 ), 0
( 1,0000000016360173 1,0000000033971548 1,0000000016753499 ), 0
( 1,0000000023403135 1,0000000003026612 0,9999999993468426 ), 0
( 1,0000000016449664 0,9999999981695975 0,99999999754251 ), 0
( 1,000000000336828 1,0000000035281686 1,000000000091753 ), 0
( 1,0000000015068886 1,0000000020726765 0,9999999985048365 ), 0
( 1,000000002263277 0,9999999985480106 0,9999999994820518 ), 0
( 1,0000000029445588 0,9999999995503327 0,9999999962577385 ), 0
( 0,9999999984685302 1,0000000019180855 1,0000000029601852 ), 0
( 0,9999999984684572 1,0000000034684924 1,000000003597216 ), 0
( 1,0000000010590053 1,0000000020664577 1,0000000023938405 ), 0
( 0,9999999995349117 1,000000001974591 1,0000000021348057 ), 0
( 1,0000000001577005 1,0000000022566247 1,0000000032990897 ), 0
( 0,9999999986887237 1,0000000026336318 0,9999999962963342 ), 0
( 1,0000000002934717 1,0000000026807883 1,0000000020246316 ), 0
( 1,0000000004772283 1,0000000005817773 1,0000000034651626 ), 0
( 0,9999999991954812 0,9999999966459614 0,999999998843532 ), 0
( 0,9999999988310394 1,00000000296558 1,000000002918708 ), 0
( 0,9999999984985866 1,0000000031452774 1,0000000027815223 ), 0
( 0,999999999073655 1,0000000024258988 1,0000000010354824 ), 0
( 1,000000003722585 1,000000000823904 1,0000000015750794 ), 0
( 0,9999999983261455 1,0000000033634255 1,0000000013295942 ), 0
( 0,9999999975589163 0,9999999997181442 1,000000001910831 ), 0
( 0,9999999985716412 1,0000000031529812 1,0000000032898508 ), 0
( 1,000000000911274 0,9999999969042417 0,9999999978701835 ), 0
( 0,9999999987010371 1,0000000025527547 1,0000000033039094 ), 0
( 0,9999999988617598 0,9999999978105804 0,9999999999116319 ), 0
( 1,0000000013374284 1,000000001014228 1,000000003120415 ), 0
( 1,0000000004797276 1,0000000032683358 1,0000000024210536 ), 0
( 0,999999998623301 1,0000000023583877 1,0000000027284193 ), 0
( 1,0000000004203102 0,9999999992191391 1,0000000004666338 ), 0
( 0,9999999977714898 1,0000000015506978 1,0000000033642142 ), 0
( 0,9999999995186115 1,0000000037149417 1,0000000033912457 ), 0
( 0,9999999988252382 1,000000000965149 0,9999999968404159 ), 0
( 0,9999999977001633 1,000000000799385 1,0000000023548883 ), 0
( 0,9999999987326288 1,0000000025336262 1,0000000032235272 ), 0
( 1,0000000030856846 1,000000001660772 0,9999999995496642 ), 0
( 0,9999999983197085 1,0000000014243948 1,0000000029933191 ), 0
( 0,9999999986783945 1,0000000025827347 1,0000000036759722 ), 0
( 1,000000002646084 1,0000000000157412 0,9999999983267684 ), 0
( 0,9999999987565796 1,0000000020922761 1,0000000030591438 ), 0
( 0,9999999986324457 0,9999999981809659 1,0000000011444783 ), 0
( 1,0000000005028318 0,9999999963434802 0,9999999977687806 ), 0
( 0,9999999988305012 1,0000000025214189 1,0000000025633486 ), 0
( 0,9999999991862492 1,000000002704213 1,0000000026533935 ), 0
( 0,999999997504885 0,9999999991877795 1,0000000028235945 ), 0
( 0,9999999967231917 1,0000000016189308 1,000000002557118 ), 0
( 0,9999999997081693 0,9999999976067361 0,9999999998219748 ), 0
( 0,9999999989927697 1,0000000027315876 1,0000000031918213 ), 0
( 0,9999999979505912 1,0000000003065697 0,9999999987579862 ), 0
( 0,9999999993791672 1,0000000014817805 1,0000000009767613 ), 0
( 0,9999999969717324 0,9999999999682442 1,0000000014663464 ), 0
( 0,9999999991083407 1,0000000028862939 1,000000002737621 ), 0
( 0,9999999987112663 1,000000002587315 1,000000003065239 ), 0
( 0,9999999997605188 0,9999999996276444 1,0000000016130774 ), 0
( 1,000000000293721 1,0000000026816622 1,0000000020259672 ), 0
( 0,9999999989817809 0,9999999964938471 0,9999999967676381 ), 0
( 1,0000000012329662 1,0000000010550956 1,0000000030864418 ), 0
( 1,0000000037357168 0,9999999986307494 1,0000000002786344 ), 0
( 1,0000000036779408 0,9999999983604915 1,000000002191544 ), 0
( 1,0000000016675008 0,9999999989415161 1,000000000246767 ), 0
( 0,9999999975148628 1,0000000008446683 0,9999999995433143 ), 0
( 0,9999999983498603 1,0000000033550414 1,0000000008183887 ), 0
( 1,0000000010836403 0,9999999991774756 0,9999999989050579 ), 0
( 1,000000000488839 1,00000000195082 1,0000000017218955 ), 0
( 0,999999998875774 1,0000000028209444 1,0000000032036047 ), 0
( 0,9999999995222044 0,999999999541815 1,0000000025311593 ), 0
( 1,00000000362286 0,9999999996050354 0,9999999988876251 ), 0
( 1,0000000012433838 1,000000003335127 0,9999999979407511 ), 0
( 0,999999997800758 1,0000000011259031 0,9999999989339926 ), 0
( 0,999999999106951 1,0000000020968272 1,000000002589636 ), 0
( 1,000000000801651 1,0000000006210417 1,0000000002715734 ), 0
( 1,000000000449842 1,0000000031728624 0,9999999995249802 ), 0
( 0,9999999995292366 1,0000000000691835 1,0000000003187128 ), 0
( 0,9999999996144163 1,0000000030824658 0,9999999983285512 ), 0
( 1,000000001678831 0,9999999999886577 1,00000000188729 ), 0
( 1,0000000004197116 0,9999999997199851 0,9999999970014887 ), 0
( 1,0000000009843906 0,9999999981891646 1,0000000022580824 ), 0
( 0,9999999998881027 1,0000000019007096 1,000000000452301 ), 0
( 1,000000001453844 1,0000000021434936 0,9999999965262598 ), 0
( 0,9999999986066116 1,0000000028086293 1,000000003253496 ), 0
( 1,000000002748734 1,0000000013430876 0,9999999982640391 ), 0
( 1,0000000012617543 0,9999999963989274 0,9999999972515927 ), 0
( 1,0000000025147466 1,0000000000482687 0,9999999997330999 ), 0
( 1,0000000036912393 1,0000000000414582 0,999999999040201 ), 0
( 0,9999999996995526 0,9999999972082289 0,9999999969042163 ), 0
( 0,9999999983425825 1,0000000018320592 1,0000000034603034 ), 0
( 1,0000000004914114 1,0000000031098877 0,9999999992172558 ), 0
( 1,0000000004681429 1,000000003460782 1,0000000035014591 ), 0
( 1,0000000001327463 0,9999999980139199 0,9999999967321709 ), 0
( 1,0000000036349626 1,000000000475348 1,0000000005414162 ), 0
( 1,0000000007150285 1,0000000000415399 0,9999999995317146 ), 0
( 0,9999999986996209 1,0000000037490335 0,9999999992633408 ), 0
( 0,9999999998610786 1,0000000008248382 0,9999999994983856 ), 0
( 1,0000000015846748 0,9999999993289544 0,9999999981892008 ), 0
( 0,9999999997116888 1,0000000026081546 0,9999999988424301 ), 0
( 1,0000000031147056 0,9999999991640163 1,000000000798727 ), 0
( 0,9999999976509008 1,0000000008626553 1,0000000020264201 ), 0
( 1,0000000016579662 0,9999999990944447 1,0000000011217036 ), 0
( 0,999999998380753 1,0000000023739821 1,000000002327394 ), 0
( 0,9999999996489518 1,000000001260702 1,0000000037184484 ), 0
( 1,0000000024202929 0,9999999993901355 0,9999999999413793 ), 0
( 1,000000003083634 0,9999999999670097 0,9999999987408512 ), 0
( 1,0000000008183492 1,000000002482263 1,0000000005966359 ), 0
( 0,9999999986857455 1,000000002657364 1,000000003367737 ), 0
( 0,9999999999808938 0,9999999979345667 1,0000000003921865 ), 0
( 0,999999998663533 1,0000000019320636 1,0000000028871852 ), 0
( 0,9999999983871197 1,0000000024408242 1,0000000037239338 ), 0
( 1,0000000001983311 1,0000000014005368 0,9999999998243171 ), 0
( 0,9999999970643374 1,0000000014010637 1,000000000539305 ), 0
( 1,0000000008966223 1,000000001383505 1,0000000022249633 ), 0
( 1,0000000025147568 1,0000000005834713 1,000000003197469 ), 0
( 0,9999999971070641 1,0000000001034124 1,0000000018840947 ), 0
( 0,999999999361432 0,9999999996328336 0,9999999987969519 ), 0
( 0,9999999987758125 1,0000000024715527 1,0000000030094611 ), 0
( 0,9999999983277091 1,0000000026558737 1,0000000027377869 ), 0
( 0,9999999983348218 1,000000000271653 1,0000000000438931 ), 0
( 0,9999999994637065 1,0000000027784828 1,0000000031472218 ), 0
( 0,9999999988489526 1,0000000023186189 1,0000000032182976 ), 0
( 0,9999999998387411 0,9999999999772249 1,0000000027429674 ), 0
( 0,9999999987233769 1,0000000022951148 1,000000001304393 ), 0
( 0,999999998690679 1,0000000027045706 1,0000000032729275 ), 0
( 0,9999999994169445 1,000000000783023 1,0000000036037957 ), 0
( 1,0000000020462747 1,000000001203345 0,9999999995410624 ), 0
( 0,9999999990367419 1,0000000029210923 0,9999999992773092 ), 0
( 0,9999999995194707 1,0000000031351273 1,0000000008253322 ), 0
( 0,9999999982919628 1,0000000001844325 1,0000000014365054 ), 0
( 0,9999999995389048 1,0000000005125373 1,0000000016450625 ), 0
( 1,0000000027918003 1,0000000011725776 1,00000000288625 ), 0
( 0,9999999996485666 1,000000001656531 1,000000000986746 ), 0
( 1,000000002156543 1,0000000001193623 1,0000000022575397 ), 0
( 0,9999999996858119 1,0000000006653385 1,0000000010186132 ), 0
( 0,9999999968394566 1,000000001614503 0,9999999977486794 ), 0
( 0,9999999986983092 0,9999999984868312 1,0000000016982422 ), 0
( 0,9999999975355498 0,9999999999808716 1,0000000025635392 ), 0
( 0,9999999996835319 0,9999999980071296 1,0000000013115284 ), 0
( 0,9999999990193755 1,0000000031671503 1,0000000015840302 ), 0
( 0,9999999991361099 0,999999998928686 1,000000001707731 ), 0
( 1,0000000015071957 1,000000002275868 0,9999999962669318 ), 0
( 0,999999999592798 1,0000000019795414 1,0000000006417986 ), 0
( 0,9999999993017524 1,0000000020341895 1,0000000036245433 ), 0
( 0,9999999998475111 1,0000000029891702 1,000000002332076 ), 0
( 0,9999999987972791 1,0000000020730366 1,0000000032156535 ), 0
( 0,9999999990110544 1,0000000014108832 1,000000002803469 ), 0
( 0,9999999996548541 1,0000000011168806 1,0000000027604408 ), 0
( 0,9999999980531661 0,999999998667775 1,000000001750802 ), 0
( 1,0000000018475772 1,0000000000580218 1,0000000033795557 ), 0
( 1,0000000007989325 0,9999999990233063 1,0000000004202514 ), 0
( 0,9999999987331679 1,0000000026092108 1,0000000032525584 ), 0
( 0,9999999995393898 1,0000000019691728 1,0000000009323946 ), 0
( 0,9999999995018812 1,0000000020682065 0,9999999985879594 ), 0
( 0,9999999993092407 1,0000000025159164 0,9999999980933099 ), 0
( 0,9999999984705866 1,0000000018544588 1,0000000031681124 ), 0
( 0,9999999974808362 0,999999999218509 1,0000000031270442 ), 0
( 0,9999999993043222 1,0000000026026938 1,0000000032223049 ), 0
( 1,000000003731066 1,0000000011478625 1,0000000034469516 ), 0
( 0,9999999986575784 1,0000000025373965 1,0000000031243637 ), 0
( 0,9999999994264782 1,0000000021514108 1,0000000029088438 ), 0
( 0,9999999987020263 1,000000001833107 0,9999999995946586 ), 0
( 0,9999999972293226 1,0000000015136472 1,0000000017676052 ), 0
( 0,9999999981758085 1,0000000014913468 1,0000000025138867 ), 0
( 0,999999998664026 1,0000000020821258 1,000000003490305 ), 0
( 0,9999999972232003 0,999999998754268 1,0000000029916345 ), 0
( 0,9999999992429569 1,0000000017097517 1,0000000032148757 ), 0
( 0,9999999985651294 1,0000000019863944 1,000000000560333 ), 0
( 1,0000000016341777 1,0000000015735753 1,0000000003446914 ), 0
( 0,9999999985511521 1,0000000026625337 1,0000000037432388 ), 0
( 0,9999999986401554 1,0000000020348982 1,000000001965129 ), 0
( 1,0000000004143794 1,0000000020410482 1,000000003432698 ), 0
( 0,9999999984119866 1,0000000036925745 1,000000003655014 ), 0
( 0,9999999984562379 1,0000000031627305 1,0000000004046141 ), 0
( 1,0000000022286333 1,0000000007752778 0,9999999979487965 ), 0
( 0,9999999988758118 1,0000000027824032 1,0000000030332634 ), 0
( 0,9999999992336953 1,0000000025668079 1,0000000000445366 ), 0
( 0,9999999981983201 0,9999999999469501 0,9999999972339398 ), 0
( 0,9999999987320882 1,0000000025909133 1,000000003189297 ), 0
( 0,9999999993859862 1,0000000035647552 1,0000000028856773 ), 0
( 1,000000001086383 1,0000000005524694 1,0000000014560644 ), 0
( 0,9999999999083677 1,0000000019494972 1,0000000004174043 ), 0
( 1,000000000688857 1,0000000034788061 1,0000000011769883 ), 0
( 0,9999999989987881 1,0000000024202573 1,0000000029600797 ), 0
( 1,0000000011575392 1,0000000008068806 0,9999999976260271 ), 0
( 0,999999998313855 1,0000000002935734 1,0000000012371295 ), 0
( 0,9999999986411391 1,0000000023894062 0,999999998107396 ), 0
( 0,9999999988777315 0,9999999982523614 0,9999999999258011 ), 0
( 0,9999999984254885 1,0000000007635372 1,0000000036236083 ), 0
( 1,0000000000613072 0,9999999995171166 0,9999999999061377 ), 0
( 1,0000000010042076 1,0000000007690075 0,9999999988924025 ), 0
( 1,0000000004661145 1,0000000033625271 1,0000000033315515 ), 0
( 1,0000000002437237 1,0000000031541814 1,0000000031728578 ), 0
( 1,00000000061802 0,9999999967306574 1,0000000026390627 ), 0
( 0,999999998456694 0,9999999991955856 1,0000000003035967 ), 0
( 0,9999999985932783 1,000000002678786 1,0000000030643141 ), 0
( 0,9999999988091118 1,0000000024930684 1,0000000031664222 ), 0
( 1,0000000007033865 0,9999999998233493 1,0000000022598405 ), 0
( 0,9999999990453542 1,0000000026497187 1,0000000034032341 ), 0
( 0,9999999984593023 1,00000000254198 1,0000000028582037 ), 0
( 0,9999999997091489 1,0000000033855285 1,0000000013266197 ), 0
( 0,9999999988624586 1,000000002004557 1,0000000012653412 ), 0
( 1,000000000473638 0,9999999980543851 1,000000003360665 ), 0
( 0,999999999207718 1,0000000036052445 1,0000000018880602 ), 0
( 0,9999999993592763 1,0000000021952193 1,000000002179913 ), 0
( 0,9999999990223826 1,0000000021268545 1,0000000037103527 ), 0
( 1,00000000080035 1,0000000022907332 1,0000000002183502 ), 0
( 1,0000000010953622 1,0000000025804765 0,9999999972112494 ), 0
( 1,000000001153724 0,9999999976439261 1,000000004111133 ), 3,552713678800501E-15
( 1,000000002647117 1,0000000027888138 1,0000000006729517 ), 3,552713678800501E-15
( 0,9999999983917963 1,0000000047571198 0,9999999988759735 ), 3,552713678800501E-15
( 0,9999999980733429 0,999999998315646 1,000000001157418 ), 3,552713678800501E-15
( 1,0000000032630965 0,9999999999066165 1,0000000042438688 ), 3,552713678800501E-15
( 0,9999999997030389 1,000000003954159 0,9999999988841987 ), 3,552713678800501E-15
( 0,9999999972203827 1,0000000006442624 1,0000000042419124 ), 3,552713678800501E-15
( 1,0000000035478616 0,9999999998941297 1,0000000042115893 ), 3,552713678800501E-15
( 1,0000000000218003 1,0000000043603792 0,9999999988419023 ), 3,552713678800501E-15
( 1,0000000030605194 0,9999999991878319 0,9999999959825674 ), 3,552713678800501E-15
( 0,9999999965235132 1,0000000018890571 0,9999999996627275 ), 3,552713678800501E-15
( 1,0000000003490843 1,0000000048321422 1,0000000001354736 ), 3,552713678800501E-15
( 1,0000000018024893 1,0000000035699543 0,9999999985121585 ), 3,552713678800501E-15
( 0,9999999974930808 1,0000000022832427 0,9999999988012518 ), 3,552713678800501E-15
( 1,0000000028930842 1,000000003159675 1,000000000119913 ), 3,552713678800501E-15
( 1,0000000007146645 0,9999999984501752 1,0000000043853285 ), 3,552713678800501E-15
( 1,0000000002531626 1,0000000050015458 0,9999999990103742 ), 3,552713678800501E-15
( 1,000000004777825 0,9999999988645284 0,9999999988479872 ), 3,552713678800501E-15
( 1,0000000025345865 1,0000000034142478 0,999999999741804 ), 3,552713678800501E-15
( 0,9999999982854496 1,0000000002161884 0,9999999954436112 ), 3,552713678800501E-15
( 1,0000000044562662 0,9999999999122912 1,000000001313088 ), 3,552713678800501E-15
( 0,9999999976860678 1,0000000032641703 1,0000000011115522 ), 3,552713678800501E-15
( 0,9999999988755789 1,000000004881006 1,000000001582 ), 3,552713678800501E-15
( 0,9999999976531981 1,0000000015846255 1,0000000049646305 ), 3,552713678800501E-15
( 0,9999999974265742 1,0000000021444229 1,0000000015018071 ), 3,552713678800501E-15
( 0,9999999953321457 0,9999999994645937 0,9999999995359398 ), 3,552713678800501E-15
( 1,0000000045685222 1,0000000002942888 0,9999999985276306 ), 3,552713678800501E-15
( 1,0000000035564243 0,9999999983099266 0,9999999994559348 ), 3,552713678800501E-15
( 1,0000000029108482 1,0000000016391595 1,0000000042233843 ), 3,552713678800501E-15
( 0,9999999994909038 1,000000001761829 1,0000000038360626 ), 3,552713678800501E-15
( 0,9999999959460019 1,0000000015628303 1,000000000821626 ), 3,552713678800501E-15
( 1,0000000001304745 1,0000000037833405 1,0000000012984063 ), 3,552713678800501E-15
( 1,0000000010372943 1,0000000020042434 1,0000000049619784 ), 3,552713678800501E-15
( 1,0000000004332719 0,9999999982373525 1,0000000039910297 ), 3,552713678800501E-15
( 0,9999999980669818 1,0000000036823717 0,9999999992925966 ), 3,552713678800501E-15
( 1,000000000405539 1,0000000006678107 1,0000000039093793 ), 3,552713678800501E-15
( 0,9999999964856421 1,000000003701517 0,9999999990650764 ), 3,552713678800501E-15
( 1,0000000034610421 1,0000000028093274 0,9999999998552727 ), 3,552713678800501E-15
( 1,0000000046232542 1,0000000003306697 0,999999999127014 ), 3,552713678800501E-15
( 0,9999999985237551 1,0000000017934088 0,9999999950908072 ), 3,552713678800501E-15
( 0,9999999989682918 1,0000000014071895 1,000000003948443 ), 3,552713678800501E-15
( 1,0000000015950492 1,0000000039184882 0,9999999999189363 ), 3,552713678800501E-15
( 1,0000000036814929 0,9999999989624548 1,0000000044019821 ), 3,552713678800501E-15
( 0,9999999968090286 1,000000003744057 1,000000000646744 ), 3,552713678800501E-15
( 1,0000000007708718 0,9999999952831138 1,0000000004611878 ), 3,552713678800501E-15
( 0,9999999965043945 1,000000003715383 0,9999999997837918 ), 3,552713678800501E-15
( 1,0000000046848487 0,9999999991642782 0,9999999985838789 ), 3,552713678800501E-15
( 0,9999999962259669 1,0000000000905753 1,000000000893482 ), 3,552713678800501E-15
( 1,000000000296488 1,0000000020531314 1,000000004797635 ), 3,552713678800501E-15
( 0,9999999988836727 1,0000000035187346 1,0000000044002444 ), 3,552713678800501E-15
( 0,9999999990256322 1,000000001750868 1,0000000038294665 ), 3,552713678800501E-15
( 0,9999999971933796 1,0000000015264665 1,0000000040584167 ), 3,552713678800501E-15
( 0,999999999591597 1,0000000047360615 1,0000000016422919 ), 3,552713678800501E-15
( 0,999999999561466 1,0000000032591903 1,0000000046786688 ), 3,552713678800501E-15
( 0,9999999980469002 1,0000000030425198 1,000000000902917 ), 3,552713678800501E-15
( 1,0000000009099033 0,9999999999559189 1,0000000040296293 ), 3,552713678800501E-15
( 1,0000000028453317 1,0000000037270524 0,9999999988901839 ), 3,552713678800501E-15
( 1,0000000028258575 1,0000000025797051 1,0000000013729007 ), 3,552713678800501E-15
( 0,9999999977958497 0,9999999984993125 1,0000000038682202 ), 3,552713678800501E-15
( 1,0000000043310455 1,0000000006870786 1,000000001664474 ), 3,552713678800501E-15
( 0,9999999979452472 0,9999999971198092 0,9999999986659888 ), 3,552713678800501E-15
( 1,000000001064672 1,0000000043201172 1,0000000009147285 ), 3,552713678800501E-15
( 0,999999997075368 0,99999999994918 0,9999999957375318 ), 3,552713678800501E-15
( 0,9999999982880774 0,9999999975969265 1,0000000003821594 ), 3,552713678800501E-15
( 0,9999999993995554 1,0000000013703283 1,0000000047635897 ), 3,552713678800501E-15
( 0,9999999995169189 1,0000000016668686 1,000000004207846 ), 3,552713678800501E-15
( 1,000000001836768 1,0000000002829492 1,0000000043633634 ), 3,552713678800501E-15
( 0,9999999980769325 1,0000000024302285 1,0000000001591263 ), 3,552713678800501E-15
( 0,999999995934555 1,0000000003573843 0,9999999997717616 ), 3,552713678800501E-15
( 1,0000000047598239 1,0000000016132173 1,0000000004405705 ), 3,552713678800501E-15
( 1,0000000011809143 1,0000000027818292 1,000000005018848 ), 3,552713678800501E-15
( 0,999999996258627 0,9999999990230332 1,0000000040053418 ), 3,552713678800501E-15
( 1,000000004084073 0,9999999993987005 1,0000000012951962 ), 3,552713678800501E-15
( 1,00000000101029 0,999999999095447 0,9999999961253457 ), 3,552713678800501E-15
( 0,9999999975774235 1,0000000035425218 1,0000000006398577 ), 3,552713678800501E-15
( 0,9999999967054415 0,9999999993735195 1,0000000039089376 ), 3,552713678800501E-15
( 0,9999999987388029 0,9999999997586445 1,0000000041170976 ), 3,552713678800501E-15
( 1,0000000053309808 1,0000000029781873 0,9999999982630007 ), 7,105427357601002E-15
( 1,0000000067724872 1,000000001281357 1,0000000012993615 ), 7,105427357601002E-15
( 0,9999999958263479 1,0000000038758345 1,0000000024799176 ), 7,105427357601002E-15
( 1,000000006168074 1,000000001787382 0,9999999989325199 ), 7,105427357601002E-15
( 1,0000000035255774 1,0000000027293316 1,0000000030931682 ), 7,105427357601002E-15
( 1,0000000053288045 1,0000000027172258 0,9999999988521379 ), 7,105427357601002E-15
( 0,999999998837017 1,0000000062717296 1,000000001910216 ), 7,105427357601002E-15
( 1,0000000042197643 1,000000001929924 0,9999999998168838 ), 7,105427357601002E-15
( 1,000000004746361 1,000000002373725 0,9999999978172673 ), 7,105427357601002E-15
( 1,0000000051442366 1,0000000018704753 0,9999999984993541 ), 7,105427357601002E-15
( 1,0000000057310428 1,0000000030553349 0,9999999981122483 ), 7,105427357601002E-15
( 1,000000003923509 1,000000005243861 0,9999999997682216 ), 7,105427357601002E-15
( 1,0000000063319574 0,9999999984215324 1,0000000014808796 ), 7,105427357601002E-15
( 1,0000000044302682 1,000000004587993 1,0000000027914202 ), 7,105427357601002E-15
( 0,9999999988982792 0,9999999972546837 0,9999999947564046 ), 7,105427357601002E-15
( 1,0000000050625648 1,0000000048520847 0,9999999998328752 ), 7,105427357601002E-15
( 1,0000000053440965 1,0000000029201794 0,9999999982436489 ), 7,105427357601002E-15
( 1,0000000033850984 1,0000000046187705 0,9999999991944619 ), 7,105427357601002E-15
( 0,999999993335712 0,999999999025738 1,000000003556006 ), 7,105427357601002E-15
( 1,0000000025560345 1,0000000037261407 0,9999999970608169 ), 7,105427357601002E-15
( 1,0000000050635216 0,9999999961629755 0,9999999994525028 ), 7,105427357601002E-15
( 1,0000000009802088 1,000000006568205 0,9999999977875355 ), 7,105427357601002E-15
( 1,0000000045665558 0,9999999959945233 0,9999999987035973 ), 7,105427357601002E-15
( 1,0000000059372895 0,9999999984175417 1,000000000303015 ), 7,105427357601002E-15
( 1,0000000047544277 1,0000000047810529 1,0000000024641542 ), 7,105427357601002E-15
( 1,0000000010019972 1,0000000048376627 1,0000000051130749 ), 7,105427357601002E-15
( 0,9999999998011058 1,0000000062774033 1,000000002527849 ), 7,105427357601002E-15
( 0,9999999974183654 1,0000000049700477 0,9999999972520294 ), 7,105427357601002E-15
( 1,0000000049635354 0,9999999969532857 1,0000000005149 ), 7,105427357601002E-15
( 0,9999999978723791 0,9999999963799562 0,9999999978801424 ), 7,105427357601002E-15
( 1,000000005541377 0,9999999995484216 0,9999999978483816 ), 7,105427357601002E-15
( 1,000000006242455 0,9999999988366817 1,0000000004420257 ), 7,105427357601002E-15
( 1,000000000797824 1,000000003383186 1,0000000062602408 ), 7,105427357601002E-15
( 1,0000000039696482 1,0000000038735648 1,000000003181032 ), 7,105427357601002E-15
( 0,9999999960717998 1,0000000041555392 1,0000000030745089 ), 7,105427357601002E-15
( 0,9999999984471214 1,0000000039187438 1,0000000049419449 ), 7,105427357601002E-15
( 0,9999999999697288 1,0000000063745926 1,0000000029069693 ), 7,105427357601002E-15
( 0,9999999983779533 1,0000000040670012 1,000000003058557 ), 7,105427357601002E-15
( 1,0000000032298004 1,000000005754918 0,9999999973996264 ), 7,105427357601002E-15
( 0,999999997310286 1,000000002050803 1,0000000024691673 ), 7,105427357601002E-15
( 0,9999999956719677 0,9999999955906568 1,0000000011091787 ), 7,105427357601002E-15
( 0,9999999996037715 1,0000000052834435 1,0000000008383831 ), 7,105427357601002E-15
( 1,000000004678855 1,000000003417802 0,9999999983164217 ), 7,105427357601002E-15
( 0,9999999950893403 0,9999999975484412 0,9999999994116409 ), 7,105427357601002E-15
( 0,9999999988314079 0,9999999948958097 1,000000001540331 ), 7,105427357601002E-15
( 0,999999997330958 1,0000000017405803 0,999999997356877 ), 7,105427357601002E-15
( 1,0000000012050052 1,0000000052963707 1,000000001359576 ), 7,105427357601002E-15
( 1,0000000051186921 1,000000003511885 0,9999999969435244 ), 7,105427357601002E-15
( 1,0000000048084887 1,000000005081104 1,0000000002269598 ), 7,105427357601002E-15
( 0,9999999960740574 1,0000000044230415 1,000000003282869 ), 7,105427357601002E-15
( 1,0000000052884457 0,9999999969467169 1,000000002334554 ), 7,105427357601002E-15
( 1,0000000006436507 1,0000000027292988 0,9999999949061709 ), 7,105427357601002E-15
( 0,9999999964884462 1,0000000007472138 1,0000000061815497 ), 7,105427357601002E-15
( 1,000000000360749 0,9999999945335294 0,9999999971666619 ), 7,105427357601002E-15
( 1,000000002876986 1,0000000045041297 0,999999997065506 ), 7,105427357601002E-15
( 1,0000000021625426 0,9999999959975051 1,0000000013550496 ), 7,105427357601002E-15
( 1,0000000003915248 0,999999994778385 0,9999999968544069 ), 7,105427357601002E-15
( 1,000000003165562 0,9999999962675259 1,0000000020034339 ), 7,105427357601002E-15
( 1,0000000023659266 1,000000006405237 1,0000000001112779 ), 7,105427357601002E-15
( 1,0000000054860723 0,9999999990141238 1,0000000021684656 ), 7,105427357601002E-15
( 0,9999999992646877 1,000000006531803 1,000000001210026 ), 7,105427357601002E-15
( 1,0000000039214618 1,0000000024271842 1,0000000025978646 ), 7,105427357601002E-15
( 1,0000000066687118 0,9999999996326743 0,9999999992883158 ), 7,105427357601002E-15
( 1,0000000001628804 1,0000000063476984 0,999999999135776 ), 7,105427357601002E-15
( 1,0000000017127926 1,0000000002443876 0,9999999941782287 ), 7,105427357601002E-15
( 1,000000002115159 0,9999999975966618 1,0000000051525237 ), 7,105427357601002E-15
( 0,9999999983967334 1,000000006236696 1,0000000024083817 ), 7,105427357601002E-15
( 1,0000000025678855 1,0000000013438786 0,9999999943493345 ), 7,105427357601002E-15
( 1,000000001130207 1,000000000644138 1,0000000064207863 ), 7,105427357601002E-15
( 1,0000000046008586 0,9999999972411963 0,9999999995571718 ), 7,105427357601002E-15
( 0,9999999988058058 0,9999999952005512 1,0000000051133682 ), 7,105427357601002E-15
( 1,0000000063992096 1,000000003483849 1,000000002782137 ), 7,105427357601002E-15
( 1,0000000013025028 1,0000000059337903 1,0000000019658144 ), 7,105427357601002E-15
( 0,9999999942973555 1,0000000007545142 0,9999999994572966 ), 7,105427357601002E-15
( 1,0000000041292654 1,0000000039096206 1,0000000008239476 ), 7,105427357601002E-15
( 1,0000000025182225 1,0000000038816885 1,0000000033211272 ), 7,105427357601002E-15
( 0,9999999985592928 0,9999999931259193 1,0000000030224854 ), 7,105427357601002E-15
( 0,9999999958579217 1,0000000007059093 0,9999999963016788 ), 7,105427357601002E-15
( 0,9999999963349915 1,0000000032636354 1,000000003349421 ), 7,105427357601002E-15
( 0,9999999981836949 1,0000000028225067 1,0000000026945495 ), 7,105427357601002E-15
( 0,999999999620546 1,000000000922444 1,0000000052330373 ), 7,105427357601002E-15
( 1,0000000042660158 1,0000000043355792 0,9999999980667352 ), 7,105427357601002E-15
( 1,0000000027677394 1,000000002117557 1,0000000020922908 ), 7,105427357601002E-15
( 0,9999999972157712 1,0000000052359361 0,9999999995280874 ), 7,105427357601002E-15
( 1,0000000003539191 1,0000000039882464 1,0000000042589012 ), 7,105427357601002E-15
( 0,9999999971086767 1,0000000044087347 1,000000003055122 ), 7,105427357601002E-15
( 1,0000000007023058 0,9999999957864314 1,0000000042372288 ), 7,105427357601002E-15
( 0,9999999996249592 0,9999999941598195 1,0000000012600216 ), 7,105427357601002E-15
( 1,0000000027411675 1,0000000004770533 1,0000000053424771 ), 7,105427357601002E-15
( 1,0000000043052057 1,0000000004793022 1,0000000040776795 ), 7,105427357601002E-15
( 0,9999999955462339 1,000000000147508 1,0000000026000475 ), 7,105427357601002E-15
( 1,0000000006749203 0,999999999482629 0,9999999949050692 ), 7,105427357601002E-15
( 1,0000000038212211 1,000000002944307 1,0000000009871552 ), 7,105427357601002E-15
( 0,9999999969377192 1,0000000042966644 0,9999999998904747 ), 7,105427357601002E-15
( 0,9999999983073367 1,000000003227093 1,0000000040074473 ), 7,105427357601002E-15
( 0,9999999961811871 1,0000000028883806 1,000000003487894 ), 7,105427357601002E-15
( 0,9999999993142076 0,9999999995587394 1,0000000058611598 ), 7,105427357601002E-15
( 1,0000000059449226 0,9999999991504475 1,0000000015754864 ), 7,105427357601002E-15
( 0,9999999956318377 0,9999999968741342 0,9999999994950478 ), 7,105427357601002E-15
( 0,9999999940450773 1,0000000016901323 1,0000000013018888 ), 7,105427357601002E-15
( 0,9999999979668993 1,0000000028412221 1,000000003379787 ), 7,105427357601002E-15
( 0,9999999970446539 0,9999999947779806 1,0000000006757412 ), 7,105427357601002E-15
( 0,9999999952792429 0,999999998103821 0,9999999978411659 ), 7,105427357601002E-15
( 1,000000002177707 1,0000000062278842 1,0000000014733945 ), 7,105427357601002E-15
( 0,9999999975506024 1,0000000054017684 0,999999999919817 ), 7,105427357601002E-15
( 1,0000000032681018 0,9999999981878609 1,0000000043242498 ), 7,105427357601002E-15
( 0,999999996677274 1,0000000063997498 1,000000002259037 ), 7,105427357601002E-15
( 0,9999999967908386 1,0000000044161148 0,9999999983981944 ), 7,105427357601002E-15
( 0,999999996948554 1,0000000005194554 1,0000000065217882 ), 7,105427357601002E-15
( 0,9999999946752032 0,9999999996691338 0,9999999983670544 ), 7,105427357601002E-15
( 1,0000000009251604 1,0000000038047745 1,0000000038991455 ), 7,105427357601002E-15
( 0,9999999964567687 1,000000005975723 0,9999999978466262 ), 7,105427357601002E-15
( 1,000000001319318 1,0000000016441106 0,999999994316242 ), 7,105427357601002E-15
( 1,0000000031484981 0,999999995636505 0,9999999999404225 ), 7,105427357601002E-15
( 0,9999999983659422 0,999999994483995 0,9999999997298933 ), 7,105427357601002E-15
( 1,0000000024678204 0,9999999951911388 1,0000000012628967 ), 7,105427357601002E-15
( 0,9999999970964012 0,9999999949278316 0,9999999968924211 ), 7,105427357601002E-15
( 1,0000000003122853 1,0000000049443822 0,9999999966084462 ), 7,105427357601002E-15
( 0,999999997731221 1,0000000041200678 0,9999999991052182 ), 7,105427357601002E-15
( 0,9999999981138615 1,0000000029130538 1,0000000044740265 ), 7,105427357601002E-15
( 1,0000000040363481 1,0000000004174099 1,000000002266503 ), 7,105427357601002E-15
( 1,0000000001795255 1,0000000063214785 1,0000000022462554 ), 7,105427357601002E-15
( 0,9999999979038205 1,0000000058165208 1,000000000967899 ), 7,105427357601002E-15
( 0,9999999993961322 1,0000000010389172 1,0000000068217394 ), 7,105427357601002E-15
( 1,0000000027049827 1,0000000036889136 1,0000000027786249 ), 7,105427357601002E-15
( 0,9999999978975769 1,000000002242873 1,000000003678684 ), 7,105427357601002E-15
( 0,9999999997934407 1,00000000415382 1,0000000031369074 ), 7,105427357601002E-15
( 1,0000000002365763 0,9999999990638783 0,9999999933067141 ), 7,105427357601002E-15
( 1,000000003758158 1,000000002641131 0,9999999967987251 ), 7,105427357601002E-15
( 0,9999999969732487 1,0000000047552289 1,0000000015886443 ), 7,105427357601002E-15
( 1,0000000050396587 1,0000000003991265 1,000000002728228 ), 7,105427357601002E-15
( 1,0000000038375174 1,0000000041686516 0,9999999991205478 ), 7,105427357601002E-15
( 1,0000000054892653 0,9999999972795082 1,0000000023276134 ), 7,105427357601002E-15
( 1,0000000011686496 1,0000000026558964 1,0000000055462819 ), 7,105427357601002E-15
( 1,0000000030495113 0,9999999965235542 0,9999999960455774 ), 7,105427357601002E-15
( 0,9999999963652705 0,9999999960173251 0,9999999985740602 ), 7,105427357601002E-15
( 1,0000000008548873 1,0000000038040624 1,0000000040905834 ), 7,105427357601002E-15
( 0,9999999980972097 1,000000005794402 1,0000000026329277 ), 7,105427357601002E-15
( 0,9999999984834042 1,0000000062372225 1,000000002092253 ), 7,105427357601002E-15
( 1,0000000044634312 1,000000004277513 0,9999999993775748 ), 7,105427357601002E-15
( 1,0000000026970373 1,000000000583029 1,0000000066171564 ), 7,105427357601002E-15
( 0,9999999968658076 1,0000000040161714 0,999999996953216 ), 7,105427357601002E-15
( 1,0000000022137332 0,9999999981703174 0,9999999959581206 ), 7,105427357601002E-15
( 0,9999999998513642 1,0000000046934197 0,9999999974222205 ), 7,105427357601002E-15
( 1,0000000031113343 0,9999999999887472 0,999999994586892 ), 7,105427357601002E-15
( 1,0000000011947483 0,99999999590742 0,9999999979283215 ), 7,105427357601002E-15
( 1,0000000000965494 1,0000000059945746 1,0000000023880788 ), 7,105427357601002E-15
( 1,0000000002052674 0,9999999958912632 1,0000000032853757 ), 7,105427357601002E-15
( 1,0000000029766787 0,9999999964061264 1,0000000041715462 ), 7,105427357601002E-15
( 1,0000000003940988 0,999999993469303 0,999999997688033 ), 7,105427357601002E-15
( 0,9999999974270618 0,9999999986286636 0,9999999939775199 ), 7,105427357601002E-15
( 0,9999999983998621 0,9999999975351114 1,0000000054203402 ), 7,105427357601002E-15
( 0,9999999992470091 1,0000000066832648 0,999999998132324 ), 7,105427357601002E-15
( 0,9999999965249777 0,9999999983317611 1,0000000059283591 ), 7,105427357601002E-15
( 0,999999999152003 0,9999999937466778 0,9999999982504799 ), 7,105427357601002E-15
( 1,0000000026494293 1,0000000045941861 1,000000001121661 ), 7,105427357601002E-15
( 1,0000000047370967 1,0000000034074599 0,9999999967988129 ), 7,105427357601002E-15
( 1,0000000020430466 1,000000003563831 1,0000000034587648 ), 7,105427357601002E-15
( 1,0000000058175096 1,0000000029292044 0,9999999984528537 ), 7,105427357601002E-15
( 1,0000000060680616 1,0000000017797541 0,9999999978014068 ), 7,105427357601002E-15
( 0,9999999959307968 0,9999999992477314 1,0000000033975205 ), 7,105427357601002E-15
( 0,999999996964505 1,0000000038270545 0,9999999963521954 ), 7,105427357601002E-15
( 0,999999996002439 1,0000000017490036 0,9999999964767616 ), 7,105427357601002E-15
( 1,0000000022980169 0,999999998114543 1,0000000037378478 ), 7,105427357601002E-15
( 0,9999999985991547 0,9999999931212189 1,0000000006643943 ), 7,105427357601002E-15
( 0,9999999983387908 1,0000000008577037 1,000000005206545 ), 7,105427357601002E-15
( 0,9999999938299438 0,9999999984377822 0,9999999978429903 ), 7,105427357601002E-15
( 1,0000000013343928 1,0000000021982913 1,0000000051333024 ), 7,105427357601002E-15
( 0,9999999944149787 1,0000000032503544 0,9999999998278404 ), 7,105427357601002E-15
( 0,9999999980032611 0,999999998283332 1,0000000047596387 ), 7,105427357601002E-15
( 0,9999999982126125 1,000000001998003 1,0000000028114806 ), 7,105427357601002E-15
( 1,0000000022217428 1,0000000043459847 0,999999996919955 ), 7,105427357601002E-15
( 1,0000000021679905 1,000000002148175 1,0000000042136967 ), 7,105427357601002E-15
( 1,0000000033658352 1,0000000009158627 1,000000005053098 ), 7,105427357601002E-15
( 0,9999999976485388 1,0000000052602829 1,0000000000230662 ), 7,105427357601002E-15
( 1,0000000015003003 1,0000000064673689 1,0000000029809335 ), 7,105427357601002E-15
( 0,9999999971379785 1,0000000058570075 0,9999999981849157 ), 7,105427357601002E-15
( 0,9999999999248097 1,0000000003697125 1,0000000051357645 ), 7,105427357601002E-15
( 0,9999999958203586 1,0000000019434732 1,0000000018771968 ), 7,105427357601002E-15
( 0,9999999948638933 0,9999999992522326 1,0000000023454714 ), 7,105427357601002E-15
( 0,9999999960580138 0,9999999958761872 0,9999999978002224 ), 7,105427357601002E-15
( 0,9999999998830948 1,0000000045938142 0,9999999978981675 ), 7,105427357601002E-15
( 0,9999999963794589 1,0000000031571157 1,0000000025380402 ), 7,105427357601002E-15
( 0,9999999958135278 0,9999999994859664 1,0000000034004113 ), 7,105427357601002E-15
( 1,0000000060378602 1,0000000026358413 0,9999999997212647 ), 7,105427357601002E-15
( 1,0000000046324093 0,9999999944742417 1,0000000028611196 ), 7,105427357601002E-15
( 1,0000000009918988 1,0000000066463999 0,9999999987398835 ), 7,105427357601002E-15
( 0,9999999980967461 1,0000000050015392 1,0000000007798657 ), 7,105427357601002E-15
( 1,000000004171084 0,9999999987585974 1,000000003395102 ), 7,105427357601002E-15
( 1,000000001671184 1,0000000042196935 1,0000000035373642 ), 7,105427357601002E-15
( 0,9999999959860109 0,9999999969090342 1,000000000309845 ), 7,105427357601002E-15
( 1,0000000024733207 1,0000000029509155 1,0000000026859739 ), 7,105427357601002E-15
( 1,0000000001608618 0,9999999972260719 1,0000000055092955 ), 7,105427357601002E-15
( 0,9999999970367915 1,0000000026406934 1,0000000036972474 ), 7,105427357601002E-15
( 1,0000000057016583 0,999999997511171 1,0000000036044123 ), 7,105427357601002E-15
( 1,0000000047353552 1,0000000038152703 1,0000000007270826 ), 7,105427357601002E-15
( 0,9999999989085128 1,0000000049818951 1,0000000030153413 ), 7,105427357601002E-15
( 0,9999999970291129 1,000000002652221 1,0000000022254838 ), 7,105427357601002E-15
( 1,0000000022921156 0,9999999973036549 1,0000000021232527 ), 7,105427357601002E-15
( 0,9999999977829677 1,0000000020454594 1,000000004497978 ), 7,105427357601002E-15
( 0,9999999939159622 0,9999999982866135 1,000000000706487 ), 7,105427357601002E-15
( 0,9999999941065355 0,9999999983952946 1,0000000008892043 ), 7,105427357601002E-15
( 0,999999999465757 1,0000000038129702 1,00000000221413 ), 7,105427357601002E-15
( 0,9999999987378019 1,0000000052450715 1,0000000024047666 ), 7,105427357601002E-15
( 0,9999999972140882 1,000000003858943 1,0000000034112801 ), 7,105427357601002E-15
( 0,9999999975089144 1,0000000032541256 1,0000000024232854 ), 7,105427357601002E-15
( 1,0000000021493836 1,0000000034394065 1,0000000046885207 ), 7,105427357601002E-15
( 0,9999999959763403 1,0000000022143876 1,0000000017218555 ), 7,105427357601002E-15
( 0,9999999950768549 1,0000000050523035 0,9999999995553065 ), 7,105427357601002E-15
( 0,9999999967746918 0,9999999981622527 1,0000000050875681 ), 7,105427357601002E-15
( 0,9999999972842744 1,000000003124302 1,0000000037353243 ), 7,105427357601002E-15
( 0,9999999972964618 1,0000000022215412 1,000000005282075 ), 7,105427357601002E-15
( 0,9999999979517943 1,0000000034993162 1,0000000036377679 ), 7,105427357601002E-15
( 1,0000000013089483 1,0000000054626432 1,0000000021664817 ), 7,105427357601002E-15
( 0,9999999963099611 1,0000000025246611 1,0000000045357236 ), 7,105427357601002E-15
( 0,9999999994803686 1,0000000049804174 0,9999999981721972 ), 7,105427357601002E-15
( 0,9999999952752173 0,999999997257104 1,0000000004423546 ), 7,105427357601002E-15
( 0,9999999976486657 1,0000000003138811 1,000000005042542 ), 7,105427357601002E-15
( 0,9999999981215808 1,0000000025507945 1,0000000025456948 ), 7,105427357601002E-15
( 1,0000000025120905 0,9999999972396861 0,9999999977671381 ), 7,105427357601002E-15
( 0,9999999973446378 1,0000000047589315 1,0000000037416343 ), 7,105427357601002E-15
( 1,0000000059575642 1,0000000005082716 1,0000000014695671 ), 7,105427357601002E-15
( 0,9999999973320859 1,000000002975961 1,0000000032065877 ), 7,105427357601002E-15
( 0,9999999959524946 1,0000000051037805 1,00000000025743 ), 7,105427357601002E-15
( 0,9999999996819096 1,0000000050990567 1,0000000026144689 ), 7,105427357601002E-15
( 1,0000000013223787 0,999999995107528 0,9999999956852453 ), 7,105427357601002E-15
( 0,999999996093134 0,999999996703065 1,0000000034392613 ), 7,105427357601002E-15
( 0,9999999984308474 0,9999999953437415 1,0000000043003678 ), 7,105427357601002E-15
( 0,99999999736779 1,00000000389912 1,0000000019112132 ), 7,105427357601002E-15
( 1,0000000014722554 1,0000000063161 0,9999999964226526 ), 7,105427357601002E-15
( 0,9999999953630154 0,999999998317023 1,0000000018658162 ), 7,105427357601002E-15
( 1,0000000015638204 1,0000000025766445 1,000000006403356 ), 7,105427357601002E-15
( 0,9999999990834181 1,0000000060105465 0,999999999469472 ), 7,105427357601002E-15
( 0,9999999996732148 1,0000000065451575 0,9999999976799476 ), 7,105427357601002E-15
( 0,9999999955465924 1,0000000028718548 1,0000000030570269 ), 7,105427357601002E-15
( 0,9999999970865069 1,00000000175465 1,0000000028269729 ), 7,105427357601002E-15
( 0,9999999981672131 1,0000000033218588 1,0000000040555235 ), 7,105427357601002E-15
( 1,0000000068405446 1,0000000013841592 1,000000001689137 ), 7,105427357601002E-15
( 0,9999999995894138 0,9999999992480538 1,0000000052378955 ), 7,105427357601002E-15
( 0,9999999992066136 1,000000006434748 1,0000000023550697 ), 7,105427357601002E-15
( 0,9999999988108386 1,0000000041924608 1,0000000017951467 ), 7,105427357601002E-15
( 0,9999999980967085 0,9999999966478706 1,0000000030985248 ), 7,105427357601002E-15
( 0,9999999994323344 0,9999999996559982 1,0000000062547552 ), 7,105427357601002E-15
( 0,9999999943536745 1,0000000017584263 1,0000000007518297 ), 7,105427357601002E-15
( 1,000000003297977 0,999999999791137 1,000000006185617 ), 7,105427357601002E-15
( 0,9999999938752147 0,9999999998351743 1,0000000020741222 ), 7,105427357601002E-15
( 0,9999999983854237 0,9999999952544072 1,0000000050709514 ), 7,105427357601002E-15
( 0,9999999952784565 0,9999999999074439 1,0000000036810461 ), 7,105427357601002E-15
( 1,0000000054032232 0,999999996813195 1,000000000700003 ), 7,105427357601002E-15
( 1,0000000048541287 1,000000000395555 1,0000000054045262 ), 7,105427357601002E-15
( 1,000000001650924 1,0000000034061998 1,0000000059002105 ), 7,105427357601002E-15
( 1,000000000820439 1,0000000044529789 1,0000000022284061 ), 7,105427357601002E-15
( 1,000000000017976 0,9999999992057755 1,0000000053750961 ), 7,105427357601002E-15
( 0,9999999968636429 1,000000004052252 0,9999999992212806 ), 7,105427357601002E-15
( 1,0000000033674232 1,000000003081325 1,0000000049429811 ), 7,105427357601002E-15
( 1,0000000005921128 0,9999999946845196 1,0000000007530305 ), 7,105427357601002E-15
( 0,9999999992198868 1,0000000028941145 1,0000000053449547 ), 7,105427357601002E-15
( 0,999999998081308 1,0000000035332484 1,0000000018170796 ), 7,105427357601002E-15
( 1,0000000026414013 0,9999999951365637 1,000000003344615 ), 7,105427357601002E-15
( 1,00000000342508 1,0000000049526976 0,9999999997339256 ), 7,105427357601002E-15
( 0,999999999601325 1,0000000044735324 1,0000000023518973 ), 7,105427357601002E-15
( 0,9999999995654274 1,0000000045252881 1,0000000043238193 ), 7,105427357601002E-15
( 1,0000000027595155 1,0000000021385334 1,0000000042925656 ), 7,105427357601002E-15
( 1,0000000001050062 1,0000000019630506 1,0000000060545002 ), 7,105427357601002E-15
( 1,0000000046904876 0,9999999962689284 0,9999999969282042 ), 7,105427357601002E-15
( 0,9999999979459169 1,000000002357067 1,0000000034124494 ), 7,105427357601002E-15
( 0,9999999995323121 1,0000000037719823 1,0000000022932685 ), 7,105427357601002E-15
( 0,9999999957465833 1,0000000018973711 1,0000000005272238 ), 7,105427357601002E-15
( 0,9999999979778955 1,0000000025161124 1,0000000039833985 ), 7,105427357601002E-15
( 0,9999999987000219 1,0000000006292737 1,0000000064987784 ), 7,105427357601002E-15
( 0,9999999964777462 1,000000003787692 0,9999999987024482 ), 7,105427357601002E-15
( 1,0000000016244288 1,0000000021657531 1,0000000058808738 ), 7,105427357601002E-15
( 0,9999999959507359 1,000000004265387 1,0000000023882383 ), 7,105427357601002E-15
( 0,9999999949114644 0,99999999903285 1,0000000035001058 ), 7,105427357601002E-15
( 0,9999999975607786 1,0000000043174104 1,0000000023165305 ), 7,105427357601002E-15
( 1,0000000065895296 0,9999999990879221 0,9999999950172213 ), 1,0658141036401503E-14
( 1,000000000207317 0,99999999281011 0,9999999992595151 ), 1,0658141036401503E-14
( 0,9999999995390918 1,0000000051293132 1,0000000048043587 ), 1,0658141036401503E-14
( 1,0000000062299204 1,000000002598693 1,0000000049219495 ), 1,0658141036401503E-14
( 0,9999999993111401 1,0000000053259868 1,000000004910397 ), 1,0658141036401503E-14
( 1,0000000041241277 1,0000000015255626 1,000000005680134 ), 1,0658141036401503E-14
( 0,9999999940318193 1,0000000040635932 0,9999999985430784 ), 1,0658141036401503E-14
( 1,0000000063015932 0,9999999970441066 1,0000000038498607 ), 1,0658141036401503E-14
( 0,9999999932113625 1,000000002667701 1,0000000002101843 ), 1,0658141036401503E-14
( 0,9999999969512984 1,0000000061969052 1,0000000049176343 ), 1,0658141036401503E-14
( 0,9999999982495992 1,0000000051364326 1,000000005020833 ), 1,0658141036401503E-14
( 0,9999999984164764 1,0000000056756215 1,0000000044762207 ), 1,0658141036401503E-14
( 1,0000000010824799 0,9999999960567807 1,0000000056616365 ), 1,0658141036401503E-14
( 1,0000000013310173 0,9999999983422405 1,0000000070303372 ), 1,0658141036401503E-14
( 1,0000000067032395 0,9999999966782841 1,000000000004505 ), 1,0658141036401503E-14
( 0,9999999983337531 1,0000000066364696 1,0000000043091128 ), 1,0658141036401503E-14
( 1,0000000030166725 1,0000000052632525 1,000000004869044 ), 1,0658141036401503E-14
( 1,0000000043056685 1,000000006239682 1,0000000002677385 ), 1,0658141036401503E-14
( 1,0000000025144955 1,000000003416851 1,0000000056030065 ), 1,0658141036401503E-14
( 0,9999999998175833 1,0000000051723235 1,0000000046401918 ), 1,0658141036401503E-14
( 0,9999999934688032 0,9999999977560675 0,9999999985398008 ), 1,0658141036401503E-14
( 0,99999999392475 0,999999996001149 1,000000000972317 ), 1,0658141036401503E-14
( 1,0000000000445008 1,0000000065049837 1,0000000046810131 ), 1,0658141036401503E-14
( 0,9999999966353279 1,000000004024548 1,0000000039607468 ), 1,0658141036401503E-14
( 0,999999996363852 1,0000000021144662 1,0000000063022132 ), 1,0658141036401503E-14
( 0,9999999934203109 1,0000000035459595 0,9999999991104234 ), 1,0658141036401503E-14
( 0,9999999959803353 0,9999999992480112 1,0000000057049432 ), 1,0658141036401503E-14
( 0,9999999970562327 1,000000003829557 0,9999999951885054 ), 1,0658141036401503E-14
( 0,9999999976214878 1,0000000018834163 1,0000000056391358 ), 1,0658141036401503E-14
( 0,9999999998126812 1,0000000057939722 1,0000000047029505 ), 1,0658141036401503E-14
( 1,0000000006510226 0,999999996621067 1,0000000074109998 ), 1,0658141036401503E-14
( 1,0000000028854552 0,9999999967429258 1,0000000062596126 ), 1,0658141036401503E-14
( 0,9999999967965169 0,9999999999821596 1,0000000070012591 ), 1,0658141036401503E-14
( 1,0000000036027998 1,0000000068326445 1,000000001535051 ), 1,0658141036401503E-14
( 0,99999999693654 1,0000000053079503 1,0000000040584354 ), 1,0658141036401503E-14
( 0,999999999746477 0,9999999999679694 0,9999999930670678 ), 1,0658141036401503E-14
( 1,0000000064397334 0,9999999970352861 1,0000000046343958 ), 1,0658141036401503E-14
( 1,000000001379014 1,0000000022269753 1,0000000071497968 ), 1,0658141036401503E-14
( 0,9999999960952153 0,9999999943622312 0,9999999996989989 ), 1,0658141036401503E-14
( 0,9999999968799944 1,0000000047697777 1,0000000038769963 ), 1,0658141036401503E-14
( 1,0000000027918432 0,9999999946129347 1,0000000046975015 ), 1,0658141036401503E-14
( 0,9999999997911679 1,0000000011515808 1,000000007297897 ), 1,0658141036401503E-14
( 1,0000000008608012 1,0000000072377326 1,0000000008474106 ), 1,0658141036401503E-14
( 1,0000000004788636 1,0000000038080898 1,0000000057625524 ), 1,0658141036401503E-14
( 0,999999995202546 1,000000003826365 1,0000000044132764 ), 1,0658141036401503E-14
( 0,999999998099171 1,000000005400575 1,0000000044826636 ), 1,0658141036401503E-14
( 0,9999999984527327 1,0000000055532718 0,9999999956256609 ), 1,0658141036401503E-14
( 1,000000001809232 1,0000000048461555 1,0000000047933753 ), 1,0658141036401503E-14
( 1,0000000050851396 1,0000000043991961 1,000000004768701 ), 1,0658141036401503E-14
( 0,9999999991514307 1,000000003953014 1,0000000060556822 ), 1,0658141036401503E-14
( 0,9999999986003014 1,0000000010920451 1,00000000858692 ), 1,4210854715202004E-14
( 1,0000000052743514 0,9999999998480043 0,9999999946343014 ), 1,4210854715202004E-14
( 1,000000008283181 1,0000000011499164 1,0000000029565135 ), 1,4210854715202004E-14
( 1,0000000022082767 0,9999999913637602 1,000000002279203 ), 1,4210854715202004E-14
( 1,0000000062153773 1,0000000064388537 1,000000001396553 ), 1,4210854715202004E-14
( 1,00000000807627 1,0000000022795827 0,9999999986172659 ), 1,4210854715202004E-14
( 1,0000000083931948 0,9999999979103606 0,9999999966585618 ), 1,4210854715202004E-14
( 1,0000000056499176 1,0000000038468866 0,9999999979729634 ), 1,4210854715202004E-14
( 1,0000000078214981 1,0000000033646996 0,9999999987467004 ), 1,4210854715202004E-14
( 0,9999999949370733 0,9999999982170847 1,000000005687167 ), 1,4210854715202004E-14
( 1,0000000052705156 1,0000000002172325 0,9999999941369123 ), 1,4210854715202004E-14
( 0,9999999928443853 1,0000000031410519 0,9999999975451471 ), 1,4210854715202004E-14
( 0,9999999949315047 0,9999999923566399 1,0000000034902716 ), 1,4210854715202004E-14
( 1,0000000033592278 0,9999999978951455 1,0000000070076829 ), 1,4210854715202004E-14
( 1,0000000041528954 0,9999999991650717 0,9999999925268732 ), 1,4210854715202004E-14
( 1,0000000080726128 1,0000000017017552 0,999999997419193 ), 1,4210854715202004E-14
( 1,000000000185104 0,9999999996654286 0,9999999917670667 ), 1,4210854715202004E-14
( 0,9999999951289482 0,9999999925557025 1,0000000017455979 ), 1,4210854715202004E-14
( 1,000000007443744 0,9999999960127073 0,9999999999593664 ), 1,4210854715202004E-14
( 1,0000000059902356 1,0000000051720825 0,9999999964962691 ), 1,4210854715202004E-14
( 1,0000000075152742 0,9999999961467094 0,9999999999552276 ), 1,4210854715202004E-14
( 0,9999999954142098 0,9999999937376335 1,0000000048639508 ), 1,4210854715202004E-14
( 1,0000000043148307 1,0000000077792899 0,9999999977629779 ), 1,4210854715202004E-14
( 0,9999999947813808 0,9999999959567385 0,9999999939021018 ), 1,4210854715202004E-14
( 0,9999999975486448 0,9999999982652844 1,0000000068909989 ), 1,4210854715202004E-14
( 0,9999999944831183 1,0000000005746315 1,0000000066661316 ), 1,4210854715202004E-14
( 1,0000000082298217 1,0000000035959216 0,9999999989625549 ), 1,4210854715202004E-14
( 1,0000000083990748 1,0000000000287392 0,9999999995436386 ), 1,4210854715202004E-14
( 1,0000000063444539 0,9999999991841301 1,0000000063541712 ), 1,4210854715202004E-14
( 0,9999999957809658 0,9999999998914428 1,0000000075585305 ), 1,4210854715202004E-14
( 0,9999999982373258 1,0000000050021098 1,0000000056160054 ), 1,4210854715202004E-14
( 0,9999999949507863 0,9999999965179539 1,0000000064260302 ), 1,4210854715202004E-14
( 0,9999999929631657 1,0000000001204628 1,0000000018893285 ), 1,4210854715202004E-14
( 1,0000000033207528 1,0000000062826873 1,0000000061861687 ), 1,4210854715202004E-14
( 1,0000000076734035 0,9999999976410201 1,0000000006019552 ), 1,4210854715202004E-14
( 0,999999995954544 1,0000000019107445 1,0000000064435168 ), 1,4210854715202004E-14
( 1,0000000029267957 0,9999999921272202 1,0000000022646096 ), 1,4210854715202004E-14
( 0,9999999963540024 1,000000007742907 1,000000001386162 ), 1,4210854715202004E-14
( 1,0000000075484823 1,0000000015829176 1,000000002664101 ), 1,4210854715202004E-14
( 0,9999999934227067 1,0000000021120823 1,0000000046603346 ), 1,4210854715202004E-14
( 0,9999999931153252 0,9999999996102285 0,999999994816143 ), 1,4210854715202004E-14
( 1,0000000042328978 1,0000000009788932 0,9999999933974837 ), 1,4210854715202004E-14
( 0,9999999945025675 0,9999999965678061 1,0000000062625407 ), 1,4210854715202004E-14
( 1,0000000032437062 1,0000000081843572 0,9999999973324678 ), 1,4210854715202004E-14
( 0,9999999961269982 1,0000000019216804 1,0000000061397782 ), 1,4210854715202004E-14
( 1,0000000048622497 0,9999999938369767 1,0000000043842914 ), 1,4210854715202004E-14
( 0,9999999940086091 0,9999999981209254 1,0000000066934134 ), 1,4210854715202004E-14
( 1,0000000005111391 1,0000000054057832 1,0000000050717917 ), 1,4210854715202004E-14
( 1,0000000030173877 0,9999999962110516 0,9999999933748244 ), 1,4210854715202004E-14
( 0,9999999923425318 0,9999999973844783 1,0000000011674384 ), 1,4210854715202004E-14
( 1,0000000069203174 1,0000000019022133 1,0000000022793583 ), 1,4210854715202004E-14
( 1,0000000046770785 0,9999999964082447 1,0000000058670195 ), 1,4210854715202004E-14
( 1,0000000056581508 1,0000000064712622 0,999999998515259 ), 1,4210854715202004E-14
( 1,000000007856366 1,000000002724576 0,9999999986322229 ), 1,4210854715202004E-14
( 0,9999999958338645 1,0000000061291714 1,0000000053298677 ), 1,4210854715202004E-14
( 1,0000000010265986 0,9999999967857227 1,0000000082381213 ), 1,4210854715202004E-14
( 0,9999999981366285 0,9999999929316816 0,9999999975371151 ), 1,4210854715202004E-14
( 1,0000000012909587 1,0000000075717317 1,000000002915922 ), 1,4210854715202004E-14
( 0,9999999960906488 0,9999999984122445 1,0000000076352555 ), 1,4210854715202004E-14
( 1,00000000219171 1,0000000078326423 1,0000000026577744 ), 1,4210854715202004E-14
( 1,0000000051266011 1,0000000076698805 1,0000000025110545 ), 1,4210854715202004E-14
( 1,000000003421112 1,0000000060925667 1,0000000059080658 ), 1,4210854715202004E-14
( 1,000000002733255 0,9999999971634799 1,0000000066934989 ), 1,4210854715202004E-14
( 1,0000000019691273 1,0000000066134087 0,9999999973797373 ), 1,4210854715202004E-14
( 1,0000000051376532 1,0000000035688263 1,0000000059198577 ), 1,4210854715202004E-14
( 0,9999999915662563 0,9999999969250998 1,0000000034657994 ), 1,4210854715202004E-14
( 1,000000007141201 0,9999999964695571 1,0000000004395972 ), 1,4210854715202004E-14
( 0,9999999954920565 1,000000006625887 0,9999999988486167 ), 1,4210854715202004E-14
( 1,0000000016720227 1,000000009121521 0,999999996454655 ), 1,4210854715202004E-14
( 1,0000000083808656 1,0000000008252679 0,9999999973576463 ), 1,4210854715202004E-14
( 0,9999999949356665 1,0000000055756908 0,9999999985864231 ), 1,4210854715202004E-14
( 1,000000006912806 1,0000000030559866 1,0000000023428315 ), 1,4210854715202004E-14
( 0,9999999982075738 1,0000000032005998 1,0000000071857504 ), 1,4210854715202004E-14
( 1,000000002416067 1,0000000027862657 1,000000006857656 ), 1,4210854715202004E-14
( 1,0000000068913717 0,9999999999771612 0,9999999949138663 ), 1,4210854715202004E-14
( 1,0000000037105383 0,9999999962008251 1,0000000063198364 ), 1,4210854715202004E-14
( 1,0000000034173944 1,0000000047215325 1,0000000051509033 ), 1,4210854715202004E-14
( 0,9999999978991849 1,0000000059689467 1,0000000053890068 ), 1,4210854715202004E-14
( 0,999999998673274 1,0000000001956286 1,0000000083428982 ), 1,4210854715202004E-14
( 0,9999999932433953 0,9999999964017653 1,000000002242125 ), 1,4210854715202004E-14
( 0,999999995824414 1,0000000031832215 1,0000000059818352 ), 1,4210854715202004E-14
( 0,999999995609081 0,9999999928119893 1,0000000021763087 ), 1,4210854715202004E-14
( 1,0000000066219858 1,0000000009998942 0,9999999944748483 ), 1,4210854715202004E-14
( 1,0000000020345599 1,0000000000967681 1,0000000079830436 ), 1,4210854715202004E-14
( 0,9999999920869795 1,000000001953464 0,9999999966761465 ), 1,4210854715202004E-14
( 1,0000000073219992 1,0000000024562614 1,0000000024842848 ), 1,4210854715202004E-14
( 0,9999999974068247 1,0000000067516712 0,9999999946662188 ), 1,4210854715202004E-14
( 1,0000000012001393 1,000000005222967 0,9999999941090187 ), 1,4210854715202004E-14
( 0,9999999973143532 0,9999999928262332 1,000000000635368 ), 1,4210854715202004E-14
( 0,9999999997513132 1,0000000083433738 1,0000000014904693 ), 1,4210854715202004E-14
( 1,0000000021881874 1,0000000053514786 1,0000000058515548 ), 1,4210854715202004E-14
( 1,0000000000028684 1,000000000425396 1,000000007849621 ), 1,4210854715202004E-14
( 1,0000000028764502 0,9999999917239913 0,9999999995687103 ), 1,4210854715202004E-14
( 1,0000000028166889 0,9999999946370423 1,000000005970086 ), 1,4210854715202004E-14
( 1,00000000703633 0,9999999970095027 1,000000001344279 ), 1,4210854715202004E-14
( 1,0000000028871083 0,9999999925551656 1,000000002748602 ), 1,4210854715202004E-14
( 0,9999999965601616 0,999999997721965 1,000000006839685 ), 1,4210854715202004E-14
( 0,999999994317799 0,9999999961577707 1,0000000041172576 ), 1,4210854715202004E-14
( 1,0000000001978595 1,000000008290307 1,000000000185733 ), 1,4210854715202004E-14
( 1,0000000016473503 1,000000004404355 1,0000000068993924 ), 1,4210854715202004E-14
( 0,999999993235468 1,0000000045756325 1,0000000012461947 ), 1,4210854715202004E-14
( 0,9999999932838829 1,0000000024263382 1,0000000043367008 ), 1,4210854715202004E-14
( 0,9999999907992093 0,9999999994385663 0,9999999962921657 ), 1,4210854715202004E-14
( 0,9999999959565302 0,9999999976902499 1,0000000068384507 ), 1,4210854715202004E-14
( 0,9999999931501086 0,9999999978833856 1,0000000045250679 ), 1,4210854715202004E-14
( 1,0000000027845308 1,000000007849836 0,9999999989749062 ), 1,4210854715202004E-14
( 0,9999999942987942 1,0000000003673688 1,0000000056241947 ), 1,4210854715202004E-14
( 0,9999999978644356 1,000000008053002 1,0000000030641774 ), 1,4210854715202004E-14
( 1,000000003277426 1,0000000057567786 0,999999994671307 ), 1,4210854715202004E-14
( 0,9999999928161848 1,0000000008714087 1,000000005226179 ), 1,4210854715202004E-14
( 0,9999999935858583 0,9999999948008538 1,0000000009812449 ), 1,4210854715202004E-14
( 0,9999999987334796 1,0000000048911564 1,0000000069410049 ), 1,4210854715202004E-14
( 0,9999999990026992 1,0000000054712708 1,0000000059421545 ), 1,4210854715202004E-14
( 0,9999999926717089 1,0000000024087135 1,0000000042665191 ), 1,7763568394002505E-14
( 1,0000000089879753 1,0000000026390676 0,9999999995934168 ), 1,7763568394002505E-14
( 1,0000000084327993 0,9999999977714851 1,0000000049567104 ), 1,7763568394002505E-14
( 0,9999999965168048 1,0000000078475493 1,0000000038586494 ), 1,7763568394002505E-14
( 0,9999999918740076 0,9999999964975198 1,0000000048255853 ), 1,7763568394002505E-14
( 1,000000003598123 0,999999993304261 1,0000000061230394 ), 1,7763568394002505E-14
( 0,9999999980154916 1,0000000093367065 1,0000000015194956 ), 1,7763568394002505E-14
( 1,0000000064070174 0,9999999949026722 0,9999999958611713 ), 1,7763568394002505E-14
( 0,9999999963483902 1,0000000076443512 1,0000000047285884 ), 1,7763568394002505E-14
( 0,9999999913683703 1,000000004587295 1,0000000013717303 ), 1,7763568394002505E-14
( 0,9999999993675825 0,999999998773024 0,9999999903950958 ), 1,7763568394002505E-14
( 1,0000000082327545 1,000000001140886 1,0000000039369792 ), 1,7763568394002505E-14
( 1,0000000016608614 0,999999993726077 0,9999999924435591 ), 1,7763568394002505E-14
( 1,0000000047941935 1,0000000081321228 1,0000000005632408 ), 1,7763568394002505E-14
( 1,0000000086542742 1,0000000044460946 0,9999999984632737 ), 1,7763568394002505E-14
( 0,9999999930564596 1,000000004326085 0,9999999959058148 ), 1,7763568394002505E-14
( 1,0000000058967706 1,0000000064904746 1,0000000044527855 ), 1,7763568394002505E-14
( 1,0000000072394837 1,0000000026023588 1,0000000047166908 ), 1,7763568394002505E-14
( 0,999999992815895 0,9999999961727185 1,0000000037991956 ), 1,7763568394002505E-14
( 0,9999999914979251 0,9999999997945646 0,9999999951906309 ), 1,7763568394002505E-14
( 0,999999993488176 0,9999999934092149 1,000000000406645 ), 1,7763568394002505E-14
( 1,0000000011552184 0,9999999917106688 1,0000000039427808 ), 1,7763568394002505E-14
( 0,9999999953035189 0,9999999946527995 0,9999999925755328 ), 1,7763568394002505E-14
( 1,000000006895822 1,000000006683653 0,9999999994769371 ), 1,7763568394002505E-14
( 1,000000009513604 0,9999999985415464 0,9999999993979755 ), 1,7763568394002505E-14
( 0,9999999923850968 0,9999999953798745 1,0000000049618982 ), 1,7763568394002505E-14
( 1,0000000053773228 0,9999999986290155 0,9999999910787057 ), 2,1316282072803006E-14
( 0,9999999998765695 0,9999999948603567 1,0000000090145373 ), 2,1316282072803006E-14
( 0,9999999953111941 1,0000000036927779 0,9999999908043492 ), 2,1316282072803006E-14
( 1,000000004453152 0,9999999999663785 1,0000000089174188 ), 2,1316282072803006E-14
( 0,9999999927033508 0,9999999937589787 1,0000000049726425 ), 2,1316282072803006E-14
( 0,9999999979372453 1,0000000092220862 1,0000000023171554 ), 2,1316282072803006E-14
( 1,0000000029641434 1,0000000106890214 1,00000000357565 ), 2,1316282072803006E-14
( 1,0000000013140045 0,99999998955687 0,9999999972122665 ), 2,1316282072803006E-14
( 1,000000001965995 1,0000000077055482 1,0000000050707343 ), 2,1316282072803006E-14
( 0,9999999997665073 1,0000000090343397 1,0000000068468726 ), 2,1316282072803006E-14
( 0,9999999941464605 0,999999995964325 1,0000000072347728 ), 2,1316282072803006E-14
( 0,9999999904203787 0,9999999991185974 1,0000000037237262 ), 2,1316282072803006E-14
( 1,0000000026351528 1,000000008779243 0,9999999958168213 ), 2,1316282072803006E-14
( 1,000000005035754 0,9999999949171867 0,9999999928844836 ), 2,1316282072803006E-14
( 0,9999999916033296 0,999999993122829 1,0000000020100097 ), 2,1316282072803006E-14
( 1,0000000078159597 1,0000000074239839 1,0000000014444577 ), 2,1316282072803006E-14
( 0,999999995471684 0,999999994912512 1,00000000779829 ), 2,1316282072803006E-14
( 0,999999997327265 1,0000000047428048 1,0000000080657394 ), 2,1316282072803006E-14
( 0,9999999984348502 1,000000008702286 1,000000006214566 ), 2,1316282072803006E-14
( 1,000000000635616 1,000000005597998 1,0000000080828078 ), 2,1316282072803006E-14
( 0,9999999894902734 0,9999999992316768 0,9999999964873384 ), 2,1316282072803006E-14
( 1,0000000036293744 1,0000000075911302 1,0000000065577783 ), 2,1316282072803006E-14
( 1,0000000062940502 1,000000005639859 1,0000000065867292 ), 2,1316282072803006E-14
( 1,0000000040304309 1,0000000032917384 0,9999999920326844 ), 2,1316282072803006E-14
( 1,0000000080725782 1,0000000060939969 1,000000001507798 ), 2,1316282072803006E-14
( 1,0000000095813038 0,9999999948728748 1,0000000000727394 ), 2,1316282072803006E-14
( 0,999999990738427 1,000000005380731 0,9999999975095489 ), 2,1316282072803006E-14
( 0,9999999961145347 0,9999999947401677 0,999999991524729 ), 2,1316282072803006E-14
( 0,9999999966521745 0,9999999990374193 1,0000000105937863 ), 2,1316282072803006E-14
( 1,000000007867384 1,000000006008848 1,000000002803125 ), 2,1316282072803006E-14
( 0,9999999931402034 0,9999999937023659 1,0000000054801597 ), 2,1316282072803006E-14
( 1,0000000092081014 1,0000000028838811 0,9999999963335986 ), 2,1316282072803006E-14
( 0,9999999981543527 1,000000006994254 1,0000000050636875 ), 2,1316282072803006E-14
( 1,0000000096512418 1,000000003208345 0,9999999968854213 ), 2,1316282072803006E-14
( 0,9999999970766064 1,0000000060256127 1,000000007819668 ), 2,1316282072803006E-14
( 0,9999999917610127 1,0000000048413735 0,9999999971638334 ), 2,1316282072803006E-14
( 1,0000000098079058 1,0000000046256132 0,9999999993821067 ), 2,1316282072803006E-14
( 0,9999999980719896 1,0000000053915319 1,0000000081730367 ), 2,1316282072803006E-14
( 0,99999999056132 0,9999999988991951 1,0000000042241566 ), 2,1316282072803006E-14
( 1,0000000038126162 1,0000000097916806 1,0000000024727733 ), 2,1316282072803006E-14
( 0,9999999910224424 0,9999999984776092 1,0000000054653595 ), 2,1316282072803006E-14
( 0,9999999940921276 0,9999999979120928 0,9999999910164221 ), 2,1316282072803006E-14
( 0,9999999947298407 1,0000000039794041 1,0000000078309175 ), 2,1316282072803006E-14
( 1,0000000086116902 0,9999999949145976 0,9999999984533736 ), 2,1316282072803006E-14
( 0,9999999992796141 1,0000000100772666 1,0000000028831055 ), 2,1316282072803006E-14
( 1,0000000059474536 1,0000000059272993 0,9999999937173862 ), 2,1316282072803006E-14
( 0,9999999946059728 0,9999999912868295 1,0000000026926044 ), 2,1316282072803006E-14
( 0,9999999975834843 0,9999999923844467 1,0000000066413204 ), 2,1316282072803006E-14
( 0,9999999952099602 0,9999999911964741 1,000000002487218 ), 2,1316282072803006E-14
( 0,9999999969102299 0,99999999164452 0,9999999942458577 ), 2,1316282072803006E-14
( 0,9999999991871408 1,0000000081096727 1,0000000059915426 ), 2,1316282072803006E-14
( 0,999999995648325 0,999999992565657 0,9999999942363879 ), 2,1316282072803006E-14
( 0,999999996226816 1,0000000078132392 1,0000000055965825 ), 2,1316282072803006E-14
( 0,9999999999645951 1,0000000084557714 1,0000000053426175 ), 2,1316282072803006E-14
( 0,9999999995043468 0,9999999894368748 1,0000000033881808 ), 2,1316282072803006E-14
( 1,0000000047641593 1,00000000735994 1,0000000061657417 ), 2,1316282072803006E-14
( 1,0000000011177543 1,0000000029660607 1,000000010087419 ), 2,1316282072803006E-14
( 0,9999999915579448 1,0000000057698362 0,9999999973945947 ), 2,1316282072803006E-14
( 1,0000000081632239 1,0000000033473084 0,9999999948818488 ), 2,1316282072803006E-14
( 1,0000000022406899 1,0000000104505227 1,0000000025148312 ), 2,1316282072803006E-14
( 0,9999999944392137 0,9999999969953804 1,0000000089851908 ), 2,1316282072803006E-14
( 1,0000000003776028 0,9999999993111618 1,0000000110243612 ), 2,4868995751603507E-14
( 0,9999999926333515 1,0000000050289426 0,9999999923676763 ), 2,4868995751603507E-14
( 0,9999999912986919 0,999999999121601 0,9999999923884301 ), 2,4868995751603507E-14
( 0,9999999992906351 0,9999999980744673 0,9999999886704901 ), 2,4868995751603507E-14
( 1,0000000051584625 0,9999999900649491 0,9999999993427875 ), 2,4868995751603507E-14
( 0,9999999990669651 0,9999999898938386 1,0000000050298359 ), 2,4868995751603507E-14
( 0,9999999907535415 1,0000000062362742 0,9999999955496583 ), 2,4868995751603507E-14
( 0,9999999939601971 0,9999999909203678 1,0000000038749626 ), 2,4868995751603507E-14
( 0,9999999939175007 1,0000000025455662 1,000000009381811 ), 2,4868995751603507E-14
( 0,9999999921235365 1,0000000061169805 0,9999999955195001 ), 2,4868995751603507E-14
( 0,999999999874769 1,000000007807566 1,000000007101569 ), 2,4868995751603507E-14
( 1,000000002559276 1,0000000109041387 0,9999999986604395 ), 2,4868995751603507E-14
( 1,000000009993613 0,9999999992888414 0,9999999954364949 ), 2,4868995751603507E-14
( 0,9999999930903484 0,9999999910958324 0,9999999990945663 ), 2,4868995751603507E-14
( 0,9999999937613748 0,9999999923499866 1,0000000063122219 ), 2,4868995751603507E-14
( 0,9999999938214628 0,9999999921773046 1,0000000038106216 ), 2,4868995751603507E-14
( 0,9999999916486809 0,9999999928672373 1,0000000013802453 ), 2,4868995751603507E-14
( 0,9999999993471925 1,0000000104471867 1,0000000048140807 ), 2,4868995751603507E-14
( 1,0000000060929815 1,000000001101133 0,9999999904279001 ), 2,4868995751603507E-14
( 0,9999999907981131 0,9999999941509073 1,0000000048872413 ), 2,4868995751603507E-14
( 1,0000000016896446 0,9999999957647614 0,9999999892126952 ), 2,842170943040401E-14
( 1,0000000102543811 0,9999999952397611 0,999999996461487 ), 2,842170943040401E-14
( 0,9999999900741393 1,000000000681527 0,9999999941232117 ), 2,842170943040401E-14
( 0,9999999917522309 0,9999999959443674 0,9999999933780888 ), 2,842170943040401E-14
( 0,9999999912997581 1,000000008816641 1,0000000010694072 ), 2,842170943040401E-14
( 1,0000000045423163 1,000000001644052 0,9999999884632377 ), 2,842170943040401E-14
( 1,0000000076974909 1,000000001480645 1,0000000078357847 ), 2,842170943040401E-14
( 1,0000000120738048 1,000000000657381 1,0000000008918124 ), 2,842170943040401E-14
( 0,9999999945721915 0,999999989007984 0,9999999971171761 ), 2,842170943040401E-14
( 0,9999999982467364 1,0000000082701466 1,0000000078131976 ), 2,842170943040401E-14
( 1,0000000054278504 1,0000000078524593 1,000000007887067 ), 2,842170943040401E-14
( 1,0000000071069017 1,0000000100524225 1,0000000003095373 ), 2,842170943040401E-14
( 1,000000010882016 0,9999999987374288 0,9999999940288874 ), 2,842170943040401E-14
( 0,9999999977170158 0,9999999880928236 1,0000000001009155 ), 2,842170943040401E-14
( 0,9999999943780369 1,0000000088731424 0,9999999946934898 ), 2,842170943040401E-14
( 1,0000000008995185 1,0000000075547617 0,9999999908269718 ), 2,842170943040401E-14
( 0,9999999938201317 1,0000000098088402 1,0000000022281612 ), 2,842170943040401E-14
( 0,9999999939568718 1,000000005355744 0,9999999919300214 ), 2,842170943040401E-14
( 0,9999999919955425 0,9999999912092771 0,9999999962371316 ), 3,197442310920451E-14
( 0,9999999920585728 1,0000000084042657 0,9999999952426031 ), 3,197442310920451E-14
( 1,0000000056154423 1,0000000002317824 0,9999999888700798 ), 3,197442310920451E-14
( 0,9999999920707355 1,0000000090240984 0,9999999956914235 ), 3,197442310920451E-14
( 0,9999999997550774 1,0000000069573693 1,0000000106143203 ), 3,197442310920451E-14
( 1,0000000016129604 1,0000000120314696 1,0000000038416774 ), 3,197442310920451E-14
( 1,0000000046242454 1,0000000051742242 0,9999999890006287 ), 3,197442310920451E-14
( 1,0000000087491876 1,0000000074675774 1,0000000048305884 ), 3,197442310920451E-14
( 0,999999988008274 0,999999999549964 1,0000000041258188 ), 3,197442310920451E-14
( 1,0000000110369816 1,000000006171324 1,0000000001154685 ), 3,197442310920451E-14
( 1,0000000109947884 1,000000003199781 1,0000000062951389 ), 3,197442310920451E-14
( 0,9999999993856256 1,0000000069222845 1,0000000104972253 ), 3,197442310920451E-14
( 1,0000000006396053 1,000000009333912 0,9999999901978089 ), 3,552713678800501E-14
( 1,0000000039839712 1,0000000015305825 0,9999999868783135 ), 3,552713678800501E-14
( 1,0000000099495159 0,9999999961007344 0,9999999908429967 ), 3,552713678800501E-14
( 0,9999999941554152 1,0000000006331633 1,0000000119467845 ), 3,552713678800501E-14
( 1,0000000092047037 0,9999999983536786 1,000000009643515 ), 3,552713678800501E-14
( 0,9999999925538191 1,0000000072056001 1,0000000082328984 ), 3,552713678800501E-14
( 1,0000000018355018 0,9999999908372913 0,9999999907327684 ), 3,552713678800501E-14
( 0,99999998977581 1,000000003996423 1,0000000077100866 ), 3,552713678800501E-14
( 1,000000008917426 1,0000000093520593 1,0000000034190517 ), 3,552713678800501E-14
( 1,0000000053290459 1,0000000102510358 1,000000006830676 ), 3,552713678800501E-14
( 0,999999995301882 1,0000000006756327 0,9999999874192386 ), 3,552713678800501E-14
( 1,0000000078030964 1,0000000093763206 1,000000006684517 ), 3,552713678800501E-14
( 0,9999999963205076 1,0000000082690474 1,0000000102464137 ), 3,552713678800501E-14
( 0,9999999900961263 1,0000000095479644 0,9999999982417395 ), 3,552713678800501E-14
( 0,9999999953829428 1,0000000066665293 1,00000000995522 ), 3,552713678800501E-14
( 0,9999999944552095 0,999999990911442 0,9999999922129352 ), 3,552713678800501E-14
( 0,9999999883963033 1,0000000068317538 1,0000000009382135 ), 3,552713678800501E-14
( 1,0000000129369753 1,0000000014469606 0,9999999972794658 ), 3,552713678800501E-14
( 0,9999999998342074 1,0000000131460538 0,9999999959026478 ), 3,907985046680551E-14
( 1,0000000126231616 0,9999999972659135 0,9999999951817037 ), 3,907985046680551E-14
( 0,9999999889392557 1,0000000061908145 0,9999999938364921 ), 3,907985046680551E-14
( 1,000000013036617 1,0000000000383724 0,999999995256361 ), 3,907985046680551E-14
( 0,9999999891801075 0,9999999910436541 1,0000000010826364 ), 3,907985046680551E-14
( 1,0000000006937693 0,999999993016315 0,9999999877470838 ), 4,263256414560601E-14
( 0,9999999974511304 0,9999999975254825 0,9999999861337975 ), 4,263256414560601E-14
( 1,000000006619489 1,0000000026320797 0,9999999869220852 ), 4,263256414560601E-14
( 0,9999999931764456 1,0000000123468744 0,9999999956131405 ), 4,263256414560601E-14
( 0,9999999986585312 0,9999999926552244 0,9999999876146972 ), 4,263256414560601E-14
( 0,99999998923833 0,9999999908697971 0,9999999968325257 ), 4,263256414560601E-14
( 0,999999986908482 1,0000000073062294 1,000000002660705 ), 4,263256414560601E-14
( 1,0000000111900091 0,999999995416994 1,0000000092904988 ), 4,263256414560601E-14
( 1,0000000134132532 0,9999999971118163 0,9999999935586514 ), 4,263256414560601E-14
( 1,0000000004431027 0,9999999886134141 0,9999999909524887 ), 4,263256414560601E-14
( 1,0000000032438874 1,0000000104098101 0,9999999885090136 ), 4,618527782440651E-14
( 0,9999999997880114 1,0000000005658056 1,0000000152545727 ), 4,618527782440651E-14
( 1,0000000112169813 1,0000000073104947 0,9999999908241024 ), 4,973799150320701E-14
( 1,0000000117737686 1,0000000095884032 0,9999999959219206 ), 4,973799150320701E-14
( 1,0000000070818822 0,9999999906210157 0,9999999896270876 ), 4,973799150320701E-14
( 0,9999999907406735 0,9999999937014955 1,0000000117102845 ), 4,973799150320701E-14
( 1,0000000095489947 1,0000000120918207 1,0000000039360712 ), 4,973799150320701E-14
( 0,9999999975460283 1,0000000152429194 0,9999999979732047 ), 4,973799150320701E-14
( 0,9999999864205974 1,000000001470665 0,9999999912995345 ), 4,973799150320701E-14
( 1,0000000007288836 1,0000000090397136 0,9999999862056972 ), 4,973799150320701E-14
( 1,0000000049878055 1,000000010156401 1,0000000124668509 ), 5,3290705182007514E-14
( 0,9999999970188476 1,0000000156214077 1,0000000053803042 ), 5,684341886080802E-14
( 0,9999999944450806 1,0000000111982086 1,000000011801063 ), 5,684341886080802E-14
( 0,9999999908680115 1,0000000050601547 1,0000000132210056 ), 5,684341886080802E-14
( 1,0000000119190446 0,9999999975633911 0,999999987183689 ), 6,039613253960852E-14
( 0,9999999914587215 1,0000000107670226 0,9999999889976993 ), 6,039613253960852E-14
( 0,9999999971536118 0,9999999872802021 0,9999999876766948 ), 6,394884621840902E-14
( 0,9999999981117969 1,0000000141608616 1,0000000098293866 ), 6,394884621840902E-14
( 0,9999999923423802 1,000000013473982 1,0000000092987948 ), 6,394884621840902E-14
( 1,000000013517835 1,0000000128298487 1,0000000021755158 ), 7,105427357601002E-14
( 0,9999999855049994 1,0000000091685763 1,000000007707798 ), 7,105427357601002E-14
( 1,000000012285795 1,000000004712116 1,0000000137273541 ), 7,105427357601002E-14
( 1,000000008752599 1,000000010422297 0,9999999865494242 ), 7,105427357601002E-14
( 0,999999999457054 1,0000000175848378 1,000000008473715 ), 7,460698725481052E-14
( 0,9999999945617475 1,0000000181242927 1,0000000064427323 ), 7,815970093361102E-14
( 0,9999999989145084 1,0000000142006078 1,0000000142489631 ), 7,815970093361102E-14
( 1,0000000072104929 1,0000000133123943 1,0000000125917936 ), 7,815970093361102E-14
( 0,9999999987318752 1,0000000129832363 1,000000014698479 ), 7,815970093361102E-14
( 0,9999999823962051 0,9999999945278815 0,9999999907055485 ), 7,815970093361102E-14
( 0,9999999850982427 1,0000000136963731 1,0000000028914906 ), 7,815970093361102E-14
( 0,9999999950346118 0,9999999983362804 1,000000019837792 ), 8,171241461241152E-14
( 0,9999999976302091 1,0000000038844619 1,0000000201014432 ), 8,526512829121202E-14
( 1,0000000184191575 1,000000008832528 1,000000002382691 ), 8,526512829121202E-14
( 0,999999997839342 1,00000002038674 1,0000000039620816 ), 8,881784197001252E-14
( 0,9999999810082266 0,9999999890180444 0,9999999991081641 ), 9,237055564881302E-14
( 1,0000000005688139 0,9999999793419169 0,9999999946396088 ), 9,237055564881302E-14
( 0,9999999980468077 1,0000000158924234 1,0000000145562036 ), 9,237055564881302E-14
( 0,9999999951797744 0,999999981081705 1,0000000112506724 ), 9,947598300641403E-14
( 1,0000000004246556 0,9999999774444901 1,000000005537097 ), 1,0658141036401503E-13
( 0,999999985008312 0,9999999910374804 1,0000000149130817 ), 1,0658141036401503E-13
( 0,9999999803504095 1,0000000098194506 1,0000000075526423 ), 1,0658141036401503E-13
( 0,9999999778729065 1,0000000087498773 1,0000000015509443 ), 1,1368683772161603E-13
( 0,9999999999353121 1,000000022376127 0,9999999846570048 ), 1,4566126083082054E-13
( 1,000000025390888 0,9999999889737671 0,9999999979791809 ), 1,5631940186722204E-13
( 0,9999999722410986 1,0000000102838311 1,000000003982319 ), 1,7763568394002505E-13
( 0,9999999742690858 0,999999966864368 0,999999994268095 ), 3,552713678800501E-13
( 0,9999999777416112 0,9999999624676802 1,0000000144973937 ), 4,192202140984591E-13
( 1,0000000252398435 0,9999999433708897 1,0000000249994379 ), 8,810729923425242E-13
( 0,9999999857572968 0,9999999485465358 0,9999999579947986 ), 9,094947017729282E-13
( 0,9999999991059486 1,0000000530438484 1,0000000548743022 ), 1,1546319456101628E-12
( 0,9999999997291518 1,0000000554939803 1,0000000549166947 ), 1,2079226507921703E-12
( 0,9999999984099771 0,9999999170137942 1,00000000139697 ), 1,3642420526593924E-12
( 0,9999999916963173 0,9999999216099017 0,9999999103257037 ), 2,8279600883251987E-12
( 0,9999999987277469 0,9999998692277798 0,9999998715263867 ), 6,671996288787341E-12
( 0,9999999938459798 1,000000135653945 1,0000001296401182 ), 6,991740519879386E-12
( 1,0000000027501073 1,0000001395848286 1,0000001325920906 ), 7,354117315117037E-12
( 0,9999999979832986 1,0000002501113296 1,0000002418856897 ), 2,4023449896048987E-11
( 1,0000000006052485 0,9999994654526777 0,9999994584486285 ), 1,148698913766566E-10
( 0,9999999821922889 1,0000005719435383 1,0000006183142545 ), 1,4080470123190025E-10
( 1,000000016030178 0,9999992033368601 0,9999991928646466 ), 2,552127398303128E-10
( 1,0000000129422602 0,9999988760385249 0,9999988642640121 ), 5,065636798917694E-10
( 0,9999999091381917 0,9999984710802345 0,9999986478781702 ), 8,281055841052876E-10
( 1,0000001555537466 0,9999889999174231 0,9999888764643802 ), 4,8558263188169803E-08
( 1,000001098096188 0,9999725641505255 0,9999722649844146 ), 3,021834373839738E-07
( 1,000000085210975 1,0000323155836945 1,0000311828830608 ), 4,000926416836137E-07
( 0,9999945352346442 0,999994731448594 1,00016691071629 ), 5,53847342743552E-06
( 1,0000129901385562 1,0001710232744339 1,0001635820903243 ), 1,1145032498660612E-05
( 1,0000086727371078 0,999657903017245 1,0001764232413262 ), 2,9407792933255905E-05
( 0,9999967705079017 0,9996386507413116 0,9992298224505541 ), 0,00014358745741560597
( 0,9999979679137649 1,000850640692326 1,0008501510583296 ), 0,0002869438241646094
( 1,0009969459198036 1,001975057824758 0,9992393356898113 ), 0,0010858615249560444
( 1,011743842931213 1,0102384869166297 1,0007048342657905 ), 0,04823765475698849
( 1,000217560828777 0,9574301366648317 0,9577730073515226 ), 0,7091034025418423
( 0,9950969098978013 -0,0023499509206711625 0,007635414273201961 ), 2,006857619236939
( 0,9965933107022593 0,006112157300831263 0,015213563347230069 ), 2,012945203992402
( 0,986779755787849 0,0011540326360201837 0,017187927710490304 ), 2,0567877120978437
( 1,0232442487986477 2,0000647089985506 1,993762227438905 ), 2,102373956150373
Liczba wywoa funkcji celu: 71035
