Iteracja nr: 83
( 0,9999999994667266 1,000000001267449 1,0000000016020554 ), 0
( 0,99999999946639 1,0000000012682166 1,0000000016013604 ), 0
( 0,9999999994654588 1,0000000012684709 1,0000000016009882 ), 0
( 0,9999999994674229 1,000000001266448 1,0000000016002284 ), 0
( 0,9999999994650732 1,0000000012663282 1,0000000016009853 ), 0
( 0,9999999994662098 1,0000000012686057 1,0000000016037605 ), 0
( 0,9999999994658003 1,0000000012674364 1,0000000016051196 ), 0
( 0,9999999994672547 1,0000000012670143 1,000000001601289 ), 0
( 0,999999999466263 1,0000000012680588 1,0000000016024864 ), 0
( 0,9999999994667428 1,0000000012676453 1,0000000015993815 ), 0
( 0,9999999994663791 1,0000000012704928 1,0000000016034734 ), 0
( 0,999999999466835 1,0000000012674461 1,000000001602194 ), 0
( 0,9999999994666334 1,0000000012661037 1,000000001600012 ), 0
( 0,9999999994670971 1,0000000012674426 1,0000000015988837 ), 0
( 0,9999999994663845 1,0000000012676158 1,0000000016001112 ), 0
( 0,9999999994652742 1,000000001268531 1,0000000016020743 ), 0
( 0,9999999994668277 1,000000001268343 1,0000000016031252 ), 0
( 0,9999999994662983 1,0000000012652328 1,0000000015992223 ), 0
( 0,9999999994670311 1,0000000012677588 1,0000000016010224 ), 0
( 0,9999999994662176 1,0000000012682013 1,0000000016019925 ), 0
( 0,9999999994645973 1,0000000012694414 1,0000000016015707 ), 0
( 0,9999999994666123 1,000000001268834 1,0000000016037565 ), 0
( 0,9999999994671979 1,0000000012679389 1,0000000016014026 ), 0
( 0,9999999994672043 1,00000000126784 1,0000000016008657 ), 0
( 0,9999999994658965 1,0000000012643204 1,0000000016014572 ), 0
( 0,9999999994664809 1,0000000012670303 1,0000000015996389 ), 0
( 0,9999999994667074 1,000000001266825 1,0000000016000408 ), 0
( 0,9999999994672303 1,000000001267401 1,0000000016009827 ), 0
( 0,9999999994662607 1,0000000012685581 1,000000001604171 ), 0
( 0,9999999994667476 1,0000000012703087 1,000000001602636 ), 0
( 0,9999999994658894 1,0000000012672046 1,0000000016016066 ), 0
( 0,9999999994659656 1,0000000012679975 1,0000000016013704 ), 0
( 0,9999999994668982 1,000000001269975 1,0000000016022914 ), 0
( 0,9999999994663414 1,0000000012670731 1,0000000016010453 ), 0
( 0,9999999994666893 1,000000001270361 1,0000000016037018 ), 0
( 0,9999999994662698 1,0000000012697625 1,0000000016048252 ), 0
( 0,9999999994665475 1,0000000012684003 1,0000000016054496 ), 0
( 0,9999999994661388 1,000000001268742 1,000000001601665 ), 0
( 0,999999999463318 1,0000000012685317 1,0000000016042387 ), 0
( 0,9999999994667451 1,0000000012673909 1,0000000016011588 ), 0
( 0,9999999994669929 1,000000001269568 1,0000000016016974 ), 0
( 0,9999999994662132 1,000000001267618 1,0000000016012442 ), 0
( 0,9999999994658272 1,0000000012650152 1,0000000015981936 ), 0
( 0,9999999994663594 1,0000000012644452 1,000000001598952 ), 0
( 0,9999999994673956 1,0000000012672257 1,0000000016005917 ), 0
( 0,9999999994677958 1,0000000012662862 1,0000000016011477 ), 0
( 0,9999999994663602 1,0000000012676005 1,0000000016022719 ), 0
( 0,9999999994690368 1,0000000012696857 1,0000000016007435 ), 0
( 0,9999999994678156 1,000000001268359 1,0000000016008854 ), 0
( 0,999999999466259 1,0000000012668362 1,0000000015994233 ), 0
( 0,9999999994672683 1,000000001268618 1,0000000016030415 ), 0
( 0,9999999994648262 1,0000000012671935 1,0000000016007988 ), 0
( 0,9999999994676572 1,0000000012662416 1,000000001601656 ), 0
( 0,999999999467471 1,0000000012693402 1,0000000016026864 ), 0
( 0,9999999994680737 1,0000000012682486 1,0000000016023038 ), 0
( 0,9999999994649649 1,000000001268866 1,0000000016038582 ), 0
( 0,9999999994664783 1,000000001269472 1,0000000016031603 ), 0
( 0,9999999994649467 1,00000000126215 1,0000000015972281 ), 0
( 0,9999999994665454 1,0000000012683972 1,000000001603053 ), 0
( 0,9999999994661894 1,0000000012689556 1,0000000016025283 ), 0
( 0,9999999994673547 1,0000000012687345 1,000000001603682 ), 0
( 0,999999999466807 1,0000000012677046 1,0000000016025077 ), 0
( 0,9999999994669028 1,0000000012684658 1,0000000016038932 ), 0
( 0,9999999994672794 1,0000000012670658 1,0000000016025132 ), 0
( 0,9999999994674461 1,0000000012673755 1,0000000016004726 ), 0
( 0,9999999994658251 1,000000001268214 1,0000000016020314 ), 0
( 0,999999999466958 1,0000000012690033 1,000000001601627 ), 0
( 0,9999999994657512 1,000000001266726 1,00000000159921 ), 0
( 0,9999999994666814 1,0000000012680526 1,0000000016024368 ), 0
( 0,9999999994664254 1,0000000012690426 1,0000000016030621 ), 0
( 0,9999999994665626 1,0000000012690087 1,0000000016020707 ), 0
( 0,9999999994674683 1,0000000012705896 1,00000000160532 ), 0
( 0,999999999466935 1,0000000012659755 1,0000000015991442 ), 0
( 0,9999999994668347 1,0000000012645638 1,000000001598855 ), 0
( 0,9999999994666284 1,0000000012687156 1,000000001602085 ), 0
( 0,9999999994666247 1,000000001267493 1,0000000016017003 ), 0
( 0,9999999994677197 1,0000000012684422 1,000000001600162 ), 0
( 0,9999999994659932 1,0000000012687837 1,0000000016025896 ), 0
( 0,9999999994671672 1,000000001267278 1,0000000016022454 ), 0
( 0,9999999994665194 1,0000000012669434 1,000000001599201 ), 0
( 0,9999999994666775 1,0000000012686674 1,000000001603197 ), 0
( 0,9999999994662244 1,000000001268623 1,0000000016031823 ), 0
( 0,9999999994674783 1,0000000012676655 1,0000000016001813 ), 0
( 0,9999999994670022 1,000000001269605 1,0000000016022847 ), 0
( 0,9999999994669845 1,0000000012680597 1,0000000016009052 ), 0
( 0,9999999994673481 1,0000000012673773 1,0000000016012374 ), 0
( 0,9999999994669523 1,0000000012705255 1,0000000016029909 ), 0
( 0,9999999994667099 1,000000001267619 1,0000000016014308 ), 0
( 0,9999999994675118 1,0000000012675294 1,0000000015985118 ), 0
( 0,9999999994655274 1,0000000012676997 1,000000001601488 ), 0
( 0,9999999994662281 1,0000000012686194 1,0000000016029917 ), 0
( 0,999999999469918 1,0000000012697112 1,000000001598784 ), 0
( 0,9999999994660023 1,0000000012691261 1,0000000016015669 ), 0
( 0,9999999994669888 1,0000000012665595 1,0000000016000277 ), 0
( 0,9999999994660289 1,0000000012673904 1,0000000016004844 ), 0
( 0,9999999994674522 1,0000000012652897 1,0000000015974189 ), 0
( 0,9999999994654942 1,0000000012685475 1,0000000016020385 ), 0
( 0,9999999994662317 1,0000000012680694 1,0000000016022434 ), 0
( 0,9999999994670108 1,000000001268038 1,0000000016011903 ), 0
( 0,9999999994673122 1,0000000012684973 1,0000000016017854 ), 0
( 0,9999999994654386 1,0000000012680699 1,0000000016018014 ), 0
( 0,9999999994667746 1,0000000012663022 1,0000000016001724 ), 0
( 0,9999999994670155 1,000000001269226 1,0000000016023423 ), 0
( 0,9999999994668307 1,000000001267595 1,00000000160017 ), 0
( 0,999999999465532 1,0000000012664925 1,0000000015999617 ), 0
( 0,9999999994673303 1,000000001269481 1,0000000016042052 ), 0
( 0,999999999466619 1,0000000012701138 1,0000000016019435 ), 0
( 0,999999999466921 1,0000000012670704 1,0000000016008146 ), 0
( 0,9999999994666278 1,000000001267328 1,00000000160168 ), 0
( 0,9999999994668144 1,0000000012680954 1,000000001602429 ), 0
( 0,9999999994669768 1,0000000012683652 1,0000000016023365 ), 0
( 0,9999999994664099 1,0000000012676948 1,0000000016018724 ), 0
( 0,9999999994669148 1,0000000012684385 1,000000001602646 ), 0
( 0,9999999994659599 1,0000000012693369 1,0000000016049106 ), 0
( 0,9999999994654126 1,0000000012634158 1,0000000015980057 ), 0
( 0,9999999994665666 1,0000000012683248 1,0000000016020818 ), 0
( 0,9999999994669623 1,0000000012675254 1,0000000015996267 ), 0
( 0,9999999994660219 1,0000000012670702 1,0000000016019033 ), 0
( 0,9999999994668297 1,0000000012702102 1,0000000016024446 ), 0
( 0,9999999994662776 1,0000000012675032 1,0000000016008523 ), 0
( 0,9999999994668112 1,000000001266622 1,00000000160054 ), 0
( 0,999999999467037 1,0000000012671686 1,0000000016013015 ), 0
( 0,9999999994661902 1,000000001267972 1,0000000016012498 ), 0
( 0,999999999466975 1,0000000012670631 1,000000001600018 ), 0
( 0,999999999466997 1,0000000012678667 1,0000000016008301 ), 0
( 0,9999999994668345 1,0000000012676955 1,0000000016030783 ), 0
( 0,9999999994662354 1,0000000012679588 1,0000000016023707 ), 0
( 0,9999999994661113 1,0000000012677521 1,0000000016011759 ), 0
( 0,9999999994670169 1,0000000012680332 1,0000000016010209 ), 0
( 0,9999999994670978 1,0000000012667247 1,000000001599469 ), 0
( 0,9999999994670984 1,0000000012630244 1,0000000015968873 ), 0
( 0,9999999994663661 1,000000001267819 1,0000000016024833 ), 0
( 0,9999999994673848 1,0000000012674912 1,0000000016005512 ), 0
( 0,9999999994667196 1,000000001268983 1,000000001603775 ), 0
( 0,9999999994668911 1,0000000012687276 1,0000000016026072 ), 0
( 0,9999999994673908 1,0000000012668069 1,0000000016004715 ), 0
( 0,9999999994664008 1,0000000012671237 1,000000001601352 ), 0
( 0,9999999994654677 1,0000000012667574 1,0000000016000257 ), 0
( 0,9999999994667533 1,0000000012689174 1,000000001602344 ), 0
( 0,9999999994650802 1,000000001266657 1,0000000016030377 ), 0
( 0,9999999994671099 1,000000001268275 1,0000000016014081 ), 0
( 0,9999999994674663 1,000000001267484 1,0000000016003006 ), 0
( 0,9999999994665978 1,000000001268402 1,0000000016028912 ), 0
( 0,9999999994663649 1,0000000012696764 1,0000000016058523 ), 0
( 0,9999999994667621 1,0000000012685761 1,0000000016017876 ), 0
( 0,9999999994664842 1,000000001267684 1,0000000016023844 ), 0
( 0,9999999994661016 1,0000000012683772 1,0000000016008588 ), 0
( 0,9999999994671859 1,0000000012687251 1,0000000015999515 ), 0
( 0,9999999994662772 1,0000000012691184 1,0000000016038488 ), 0
( 0,9999999994668088 1,0000000012688506 1,0000000016001112 ), 0
( 0,9999999994671162 1,0000000012686392 1,0000000016019077 ), 0
( 0,999999999466533 1,0000000012664043 1,0000000016018629 ), 0
( 0,9999999994671018 1,0000000012682344 1,000000001600632 ), 0
( 0,9999999994683704 1,000000001267437 1,0000000016011632 ), 0
( 0,9999999994672699 1,0000000012670522 1,00000000159993 ), 0
( 0,999999999467213 1,0000000012685482 1,0000000016027926 ), 0
( 0,9999999994666989 1,0000000012691406 1,0000000016046278 ), 0
( 0,9999999994671973 1,0000000012687695 1,000000001601788 ), 0
( 0,9999999994669788 1,0000000012691819 1,0000000016025832 ), 0
( 0,9999999994667881 1,0000000012652015 1,000000001597912 ), 0
( 0,9999999994658336 1,0000000012678323 1,0000000016021169 ), 0
( 0,9999999994658327 1,0000000012668282 1,0000000015996142 ), 0
( 0,9999999994674516 1,0000000012659396 1,0000000015987083 ), 0
( 0,9999999994663294 1,0000000012695778 1,000000001601312 ), 0
( 0,9999999994664031 1,0000000012654857 1,0000000015999733 ), 0
( 0,9999999994664245 1,000000001266591 1,0000000015985697 ), 0
( 0,9999999994669307 1,0000000012682186 1,0000000015996278 ), 0
( 0,9999999994679415 1,0000000012710657 1,0000000016039647 ), 0
( 0,9999999994643045 1,0000000012672325 1,0000000016022512 ), 0
( 0,9999999994670947 1,000000001267689 1,0000000016013493 ), 0
( 0,9999999994663025 1,0000000012694252 1,000000001603361 ), 0
( 0,9999999994670583 1,0000000012663288 1,0000000016010742 ), 0
( 0,9999999994666077 1,0000000012694348 1,0000000016020794 ), 0
( 0,9999999994665927 1,0000000012694548 1,0000000016030182 ), 0
( 0,9999999994670296 1,0000000012692358 1,0000000016036785 ), 0
( 0,9999999994667461 1,0000000012678167 1,0000000016019497 ), 0
( 0,9999999994658177 1,0000000012651324 1,000000001602804 ), 0
( 0,9999999994671677 1,0000000012682972 1,0000000016006996 ), 0
( 0,9999999994662941 1,0000000012702603 1,0000000016027402 ), 0
( 0,9999999994658283 1,0000000012675254 1,0000000016028547 ), 0
( 0,9999999994667809 1,0000000012667003 1,000000001599668 ), 0
( 0,9999999994672588 1,000000001268096 1,0000000016003625 ), 0
( 0,9999999994659238 1,0000000012654355 1,000000001599872 ), 0
( 0,9999999994670241 1,0000000012684138 1,0000000016010049 ), 0
( 0,9999999994677177 1,0000000012642523 1,0000000015977313 ), 0
( 0,9999999994662431 1,000000001267639 1,0000000016017512 ), 0
( 0,9999999994671467 1,0000000012672654 1,000000001601223 ), 0
( 0,999999999466847 1,0000000012694372 1,0000000016023274 ), 0
( 0,9999999994668569 1,0000000012673103 1,0000000015992085 ), 0
( 0,9999999994656201 1,000000001266182 1,0000000016031978 ), 0
( 0,9999999994661858 1,0000000012678516 1,0000000016045798 ), 0
( 0,9999999994661447 1,0000000012645227 1,000000001595797 ), 0
( 0,999999999466238 1,0000000012678878 1,0000000016013237 ), 0
( 0,9999999994658779 1,0000000012672894 1,0000000015993842 ), 0
( 0,9999999994659248 1,0000000012675736 1,0000000016010693 ), 0
( 0,999999999466798 1,0000000012668886 1,0000000016001926 ), 0
( 0,9999999994660225 1,0000000012644688 1,0000000015998753 ), 0
( 0,9999999994663228 1,0000000012679242 1,0000000016029966 ), 0
( 0,9999999994666128 1,0000000012684782 1,0000000016052268 ), 0
( 0,9999999994672726 1,0000000012678245 1,0000000016012773 ), 0
( 0,9999999994653507 1,0000000012681978 1,0000000016009545 ), 0
( 0,9999999994665949 1,0000000012671384 1,0000000016009962 ), 0
( 0,9999999994665008 1,0000000012680272 1,000000001600374 ), 0
( 0,9999999994667753 1,000000001264556 1,0000000015997557 ), 0
( 0,9999999994665263 1,0000000012690873 1,0000000016020152 ), 0
( 0,9999999994667501 1,00000000126724 1,0000000016007842 ), 0
( 0,9999999994670001 1,000000001269469 1,0000000016014428 ), 0
( 0,9999999994665355 1,0000000012679318 1,0000000016031727 ), 0
( 0,9999999994671992 1,0000000012697376 1,0000000016033552 ), 0
( 0,9999999994663993 1,000000001267313 1,0000000016013466 ), 0
( 0,9999999994658796 1,000000001267879 1,0000000016015087 ), 0
( 0,9999999994674799 1,0000000012692953 1,000000001601854 ), 0
( 0,9999999994664829 1,000000001266345 1,0000000016008024 ), 0
( 0,9999999994671669 1,0000000012678654 1,0000000016037989 ), 0
( 0,9999999994661559 1,0000000012663055 1,0000000016007584 ), 0
( 0,9999999994664561 1,000000001267615 1,000000001601939 ), 0
( 0,9999999994658086 1,0000000012684964 1,0000000016030124 ), 0
( 0,9999999994654404 1,000000001268938 1,0000000016023363 ), 0
( 0,9999999994662512 1,000000001266876 1,0000000016007362 ), 0
( 0,9999999994673667 1,00000000126597 1,0000000016022026 ), 0
( 0,9999999994665582 1,000000001267443 1,0000000016015027 ), 0
( 0,9999999994669787 1,0000000012674775 1,0000000015993096 ), 0
( 0,9999999994667071 1,0000000012676893 1,0000000016013815 ), 0
( 0,999999999466691 1,0000000012689967 1,0000000016020583 ), 0
( 0,9999999994651858 1,000000001268089 1,000000001602074 ), 0
( 0,9999999994667526 1,0000000012675836 1,0000000016008186 ), 0
( 0,9999999994672568 1,0000000012651338 1,0000000015990036 ), 0
( 0,9999999994674253 1,0000000012660906 1,000000001601659 ), 0
( 0,9999999994673369 1,0000000012661467 1,0000000016002686 ), 0
( 0,9999999994668167 1,0000000012679882 1,0000000016015829 ), 0
( 0,999999999466923 1,000000001269599 1,0000000016005401 ), 0
( 0,99999999946761 1,000000001267342 1,0000000016030175 ), 0
( 0,9999999994666515 1,0000000012695158 1,0000000016021853 ), 0
( 0,9999999994665347 1,0000000012694403 1,0000000016028139 ), 0
( 0,9999999994669003 1,0000000012687293 1,000000001600911 ), 0
( 0,9999999994661034 1,0000000012670422 1,0000000016021278 ), 0
( 0,9999999994666662 1,0000000012666002 1,0000000016026604 ), 0
( 0,9999999994676507 1,0000000012683306 1,0000000016023165 ), 0
( 0,9999999994658342 1,000000001266488 1,0000000016010262 ), 0
( 0,9999999994665638 1,0000000012658279 1,000000001598389 ), 0
( 0,9999999994653631 1,0000000012673842 1,0000000016008626 ), 0
( 0,9999999994668399 1,000000001268617 1,0000000016007298 ), 0
( 0,9999999994663298 1,000000001268179 1,0000000016008201 ), 0
( 0,9999999994667337 1,0000000012680237 1,0000000016019186 ), 0
( 0,9999999994654817 1,000000001269585 1,0000000016047674 ), 0
( 0,9999999994674599 1,0000000012676642 1,0000000016013886 ), 0
( 0,9999999994664697 1,000000001267837 1,0000000016003803 ), 0
( 0,9999999994665701 1,0000000012684025 1,000000001602331 ), 0
( 0,9999999994670736 1,000000001267913 1,0000000015995913 ), 0
( 0,9999999994667219 1,0000000012651205 1,0000000015979758 ), 0
( 0,9999999994673471 1,0000000012686534 1,0000000016018502 ), 0
( 0,9999999994654651 1,0000000012680315 1,0000000016017199 ), 0
( 0,999999999465764 1,000000001269062 1,0000000016035568 ), 0
( 0,999999999467397 1,0000000012661985 1,0000000015997526 ), 0
( 0,9999999994642292 1,0000000012699917 1,0000000016011004 ), 0
( 0,9999999994664721 1,0000000012664005 1,0000000015991175 ), 0
( 0,9999999994664686 1,000000001268144 1,000000001600528 ), 0
( 0,999999999466523 1,000000001268918 1,0000000016026775 ), 0
( 0,9999999994667583 1,0000000012671764 1,0000000016013053 ), 0
( 0,9999999994662285 1,000000001268795 1,000000001602231 ), 0
( 0,9999999994670791 1,0000000012683812 1,000000001601145 ), 0
( 0,9999999994656329 1,0000000012675454 1,0000000016010977 ), 0
( 0,9999999994665797 1,0000000012690216 1,0000000016018726 ), 0
( 0,9999999994633483 1,0000000012683015 1,0000000016030832 ), 0
( 0,9999999994664958 1,0000000012647174 1,0000000015985373 ), 0
( 0,9999999994659912 1,0000000012681358 1,0000000016001085 ), 0
( 0,999999999466159 1,0000000012668775 1,0000000016022255 ), 0
( 0,9999999994659513 1,0000000012676484 1,0000000016012476 ), 0
( 0,9999999994661155 1,0000000012688177 1,0000000016005715 ), 0
( 0,9999999994667393 1,0000000012688885 1,0000000016036785 ), 0
( 0,9999999994676146 1,0000000012670032 1,000000001600227 ), 0
( 0,9999999994669597 1,0000000012665222 1,0000000016001167 ), 0
( 0,9999999994666492 1,0000000012669708 1,0000000016010404 ), 0
( 0,9999999994658458 1,0000000012680406 1,0000000016017798 ), 0
( 0,9999999994665393 1,000000001269587 1,0000000016023838 ), 0
( 0,9999999994665381 1,0000000012673051 1,0000000016012118 ), 0
( 0,9999999994676908 1,0000000012685188 1,000000001602258 ), 0
( 0,9999999994670834 1,0000000012656243 1,0000000015984911 ), 0
( 0,999999999467007 1,0000000012684633 1,0000000016013508 ), 0
( 0,9999999994659754 1,0000000012676598 1,0000000016015034 ), 0
( 0,9999999994664712 1,0000000012687098 1,0000000016019712 ), 0
( 0,9999999994664157 1,000000001268729 1,0000000016034198 ), 0
( 0,999999999467343 1,0000000012680044 1,0000000016024666 ), 0
( 0,9999999994668207 1,0000000012710664 1,0000000016062816 ), 0
( 0,9999999994659758 1,0000000012675234 1,0000000016013728 ), 0
( 0,9999999994668478 1,0000000012671448 1,0000000016008062 ), 0
( 0,9999999994667575 1,000000001269395 1,0000000016007535 ), 0
( 0,9999999994657703 1,0000000012667984 1,0000000016013117 ), 0
( 0,999999999466306 1,000000001268712 1,0000000016037633 ), 0
( 0,9999999994666214 1,0000000012657653 1,0000000015984216 ), 0
( 0,9999999994658824 1,0000000012681252 1,000000001602454 ), 0
( 0,9999999994668082 1,0000000012644603 1,0000000015985173 ), 0
( 0,999999999466089 1,0000000012654688 1,0000000016010495 ), 0
( 0,9999999994657331 1,00000000126734 1,0000000016026598 ), 0
( 0,9999999994671407 1,000000001267667 1,0000000015992052 ), 0
( 0,9999999994667642 1,000000001266616 1,0000000016013573 ), 0
( 0,9999999994668021 1,00000000126823 1,000000001601899 ), 0
( 0,9999999994663957 1,0000000012694055 1,0000000016023054 ), 0
( 0,999999999468575 1,0000000012685466 1,0000000016009127 ), 0
( 0,9999999994666594 1,0000000012671597 1,0000000016001598 ), 0
( 0,9999999994673197 1,000000001270061 1,0000000016038992 ), 0
( 0,9999999994669722 1,0000000012675427 1,0000000016004846 ), 0
( 0,9999999994661637 1,0000000012680128 1,0000000016023438 ), 0
( 0,9999999994662182 1,0000000012673473 1,0000000016013375 ), 0
( 0,999999999466839 1,0000000012666437 1,000000001600798 ), 0
( 0,9999999994662853 1,0000000012649224 1,000000001598176 ), 0
( 0,9999999994673479 1,0000000012674104 1,0000000016015334 ), 0
( 0,9999999994661446 1,000000001268426 1,0000000016010804 ), 0
( 0,9999999994664875 1,0000000012693868 1,00000000160298 ), 0
( 0,9999999994666645 1,000000001268681 1,0000000016020851 ), 0
( 0,9999999994670913 1,0000000012681898 1,0000000016021053 ), 0
( 0,9999999994661475 1,0000000012674617 1,0000000016041073 ), 0
( 0,9999999994649852 1,0000000012658772 1,000000001601105 ), 0
( 0,9999999994659887 1,0000000012678747 1,0000000016016506 ), 0
( 0,999999999466229 1,0000000012669787 1,0000000016029336 ), 0
( 0,9999999994662411 1,0000000012667805 1,0000000015984063 ), 0
( 0,9999999994653906 1,0000000012691515 1,0000000015989365 ), 0
( 0,9999999994662261 1,0000000012695507 1,0000000016025898 ), 0
( 0,999999999467319 1,0000000012695083 1,000000001604279 ), 0
( 0,9999999994671418 1,0000000012682622 1,000000001602415 ), 0
( 0,9999999994674138 1,0000000012685955 1,0000000016032622 ), 0
( 0,9999999994672042 1,0000000012666972 1,0000000016004627 ), 0
( 0,9999999994666586 1,000000001268691 1,0000000016029331 ), 0
( 0,9999999994664927 1,0000000012682702 1,000000001599856 ), 0
( 0,9999999994657668 1,0000000012673338 1,0000000016017607 ), 0
( 0,9999999994664923 1,0000000012670507 1,0000000016014408 ), 0
( 0,9999999994671575 1,0000000012682495 1,000000001601655 ), 0
( 0,9999999994665645 1,000000001266704 1,000000001601332 ), 0
( 0,9999999994674678 1,0000000012681067 1,0000000016029553 ), 0
( 0,9999999994661879 1,000000001267237 1,0000000016009676 ), 0
( 0,9999999994661899 1,0000000012698982 1,00000000160516 ), 0
( 0,9999999994651809 1,0000000012702541 1,0000000016026416 ), 0
( 0,9999999994671409 1,0000000012661412 1,0000000015986272 ), 0
( 0,9999999994655571 1,000000001267616 1,0000000016006652 ), 0
( 0,999999999465809 1,0000000012679864 1,000000001601391 ), 0
( 0,999999999466453 1,0000000012697314 1,0000000016038828 ), 0
( 0,9999999994665587 1,0000000012676915 1,0000000016024193 ), 0
( 0,9999999994661294 1,0000000012695067 1,0000000016044654 ), 0
( 0,999999999466633 1,0000000012659118 1,0000000015981254 ), 0
( 0,9999999994659705 1,0000000012705614 1,0000000016023216 ), 0
( 0,9999999994666675 1,0000000012696 1,0000000016029136 ), 0
( 0,999999999466662 1,0000000012667278 1,000000001600724 ), 0
( 0,9999999994673154 1,000000001266255 1,0000000016007462 ), 0
( 0,9999999994676039 1,0000000012664858 1,0000000016025195 ), 0
( 0,9999999994671205 1,0000000012671018 1,0000000015997812 ), 0
( 0,9999999994663048 1,0000000012690407 1,0000000016017248 ), 0
( 0,9999999994666852 1,0000000012686021 1,0000000016020367 ), 0
( 0,9999999994667607 1,0000000012676244 1,0000000016012425 ), 0
( 0,9999999994667532 1,0000000012673882 1,000000001602147 ), 0
( 0,9999999994661775 1,0000000012687884 1,000000001601989 ), 0
( 0,9999999994671336 1,0000000012694088 1,0000000016040251 ), 0
( 0,9999999994660772 1,000000001267906 1,000000001601627 ), 0
( 0,9999999994662913 1,000000001269319 1,0000000016030233 ), 0
( 0,9999999994669914 1,0000000012673755 1,0000000016009287 ), 0
( 0,9999999994655141 1,0000000012675891 1,0000000016029542 ), 0
( 0,9999999994669081 1,0000000012681078 1,0000000016018658 ), 0
( 0,9999999994654614 1,0000000012691677 1,0000000016018082 ), 0
( 0,9999999994659834 1,0000000012689203 1,0000000016019375 ), 0
( 0,9999999994664024 1,0000000012652044 1,0000000015989232 ), 0
( 0,9999999994663801 1,0000000012671142 1,0000000016010506 ), 0
( 0,9999999994662673 1,00000000126872 1,0000000016023631 ), 0
( 0,999999999466211 1,000000001267803 1,0000000016011883 ), 0
( 0,9999999994667222 1,0000000012679457 1,0000000016027302 ), 0
( 0,9999999994659337 1,0000000012680905 1,000000001602776 ), 0
( 0,9999999994661282 1,0000000012673624 1,0000000016008601 ), 0
( 0,9999999994664646 1,0000000012675718 1,000000001599966 ), 0
( 0,9999999994664586 1,0000000012690982 1,0000000016006267 ), 0
( 0,9999999994663039 1,0000000012661447 1,0000000016007073 ), 0
( 0,999999999466703 1,0000000012695418 1,0000000016014081 ), 0
( 0,9999999994663658 1,0000000012678147 1,0000000015999575 ), 0
( 0,9999999994663009 1,0000000012690495 1,0000000016031136 ), 0
( 0,999999999466907 1,0000000012682622 1,0000000016017978 ), 0
( 0,9999999994661652 1,0000000012683368 1,000000001602993 ), 0
( 0,9999999994668053 1,000000001268738 1,0000000016011648 ), 0
( 0,999999999467158 1,0000000012682029 1,0000000016023074 ), 0
( 0,9999999994672893 1,000000001265147 1,000000001599841 ), 0
( 0,999999999467054 1,000000001266612 1,0000000015997403 ), 0
( 0,9999999994670511 1,000000001270198 1,0000000016013555 ), 0
( 0,9999999994668858 1,0000000012684764 1,000000001602802 ), 0
( 0,9999999994672161 1,000000001268449 1,0000000016022281 ), 0
( 0,9999999994670987 1,0000000012685923 1,0000000016028732 ), 0
( 0,9999999994694407 1,0000000012686634 1,0000000015987438 ), 0
( 0,9999999994669472 1,0000000012681443 1,0000000016011614 ), 0
( 0,9999999994658234 1,0000000012692503 1,0000000016019315 ), 0
( 0,9999999994663874 1,0000000012689092 1,0000000016014239 ), 0
( 0,9999999994660758 1,0000000012670722 1,0000000016005777 ), 0
( 0,9999999994671701 1,0000000012685206 1,0000000016024693 ), 0
( 0,9999999994654635 1,0000000012681922 1,0000000016021544 ), 0
( 0,9999999994661418 1,0000000012666856 1,000000001600892 ), 0
( 0,9999999994657625 1,0000000012671972 1,0000000016006947 ), 0
( 0,999999999465701 1,0000000012681174 1,0000000016009012 ), 0
( 0,9999999994679569 1,000000001271445 1,0000000016043313 ), 0
( 0,9999999994667123 1,0000000012666286 1,0000000016001738 ), 0
( 0,9999999994662544 1,0000000012688364 1,0000000016025177 ), 0
( 0,9999999994671751 1,000000001264932 1,0000000015987236 ), 0
( 0,9999999994666516 1,0000000012690886 1,0000000016012407 ), 0
( 0,9999999994649392 1,0000000012679338 1,0000000016035568 ), 0
( 0,9999999994664727 1,0000000012683272 1,0000000016024595 ), 0
( 0,9999999994662129 1,0000000012702326 1,0000000016042996 ), 0
( 0,9999999994664643 1,000000001267856 1,0000000016010722 ), 0
( 0,9999999994669359 1,0000000012684802 1,0000000016008403 ), 0
( 0,9999999994654584 1,0000000012684382 1,0000000016018986 ), 0
( 0,9999999994659948 1,0000000012673496 1,0000000016022714 ), 0
( 0,9999999994663691 1,0000000012684425 1,000000001602336 ), 0
( 0,9999999994670729 1,000000001268684 1,0000000016016566 ), 0
( 0,9999999994666506 1,0000000012687886 1,0000000016019275 ), 0
( 0,999999999466611 1,0000000012687864 1,0000000016025907 ), 0
( 0,9999999994665537 1,0000000012680788 1,0000000016021242 ), 0
( 0,999999999465509 1,0000000012685497 1,0000000016083619 ), 0
( 0,999999999465759 1,0000000012679324 1,000000001603299 ), 0
( 0,9999999994648345 1,0000000012669563 1,000000001602843 ), 0
( 0,9999999994660694 1,0000000012694197 1,0000000016029857 ), 0
( 0,9999999994669356 1,0000000012669439 1,000000001601994 ), 0
( 0,9999999994673541 1,0000000012704127 1,0000000016020876 ), 0
( 0,9999999994666512 1,0000000012694163 1,0000000016027555 ), 0
( 0,9999999994661266 1,0000000012684742 1,0000000016012078 ), 0
( 0,9999999994655057 1,0000000012666088 1,0000000015976662 ), 0
( 0,9999999994667892 1,0000000012655046 1,0000000015995953 ), 0
( 0,9999999994660406 1,0000000012673875 1,0000000016013295 ), 0
( 0,9999999994664633 1,0000000012662213 1,0000000015980792 ), 0
( 0,9999999994674708 1,00000000126954 1,0000000016017632 ), 0
( 0,9999999994670274 1,0000000012690409 1,0000000016022172 ), 0
( 0,9999999994667914 1,000000001267788 1,0000000016020547 ), 0
( 0,9999999994661055 1,0000000012697041 1,0000000016037167 ), 0
( 0,9999999994656702 1,00000000126854 1,0000000016024126 ), 0
( 0,9999999994664264 1,0000000012676151 1,0000000016002077 ), 0
( 0,9999999994666471 1,000000001269666 1,0000000016007216 ), 0
( 0,999999999466448 1,0000000012671282 1,00000000160157 ), 0
( 0,9999999994655776 1,0000000012660373 1,0000000016006432 ), 0
( 0,9999999994709574 1,0000000012685943 1,0000000015975354 ), 0
( 0,999999999466628 1,0000000012670074 1,000000001600281 ), 0
( 0,9999999994668498 1,0000000012684636 1,0000000016024688 ), 0
( 0,9999999994664708 1,0000000012676726 1,000000001602607 ), 0
( 0,9999999994662466 1,000000001268849 1,000000001603309 ), 0
( 0,9999999994660035 1,0000000012683627 1,000000001601748 ), 0
( 0,99999999946691 1,0000000012685182 1,0000000016017303 ), 0
( 0,9999999994673512 1,0000000012674846 1,0000000016010917 ), 0
( 0,9999999994652139 1,0000000012667585 1,0000000016020785 ), 0
( 0,9999999994667613 1,000000001267863 1,0000000016008923 ), 0
( 0,9999999994674691 1,0000000012668324 1,0000000016016146 ), 0
( 0,9999999994661504 1,0000000012679975 1,000000001603187 ), 0
( 0,9999999994669853 1,000000001268454 1,0000000016024555 ), 0
( 0,9999999994664247 1,0000000012694528 1,0000000016020487 ), 0
( 0,9999999994670628 1,0000000012680605 1,0000000016009098 ), 0
( 0,9999999994662176 1,0000000012683257 1,0000000016012773 ), 0
( 0,9999999994672594 1,0000000012686816 1,0000000016008306 ), 0
( 0,9999999994663963 1,0000000012700996 1,0000000016023445 ), 0
( 0,9999999994663482 1,000000001268005 1,0000000016012602 ), 0
( 0,9999999994663559 1,0000000012674546 1,0000000016012036 ), 0
( 0,999999999465463 1,000000001270008 1,0000000016043205 ), 0
( 0,9999999994664122 1,000000001268089 1,0000000016030233 ), 0
( 0,9999999994673924 1,0000000012681645 1,0000000016013166 ), 0
( 0,9999999994660279 1,0000000012689323 1,0000000016027235 ), 0
( 0,9999999994659422 1,000000001268487 1,0000000016036548 ), 0
( 0,9999999994659152 1,0000000012683479 1,0000000016023887 ), 0
( 0,9999999994668216 1,00000000126804 1,000000001602376 ), 0
( 0,9999999994667067 1,0000000012681038 1,0000000016022752 ), 0
( 0,9999999994668938 1,0000000012680408 1,0000000016030313 ), 0
( 0,9999999994670548 1,0000000012690835 1,0000000016020278 ), 0
( 0,9999999994656531 1,000000001268577 1,0000000016006734 ), 0
( 0,9999999994665432 1,0000000012697663 1,0000000016028745 ), 0
( 0,9999999994664986 1,0000000012701873 1,0000000016036519 ), 0
( 0,9999999994667936 1,0000000012663535 1,0000000016003967 ), 0
( 0,9999999994649991 1,0000000012674555 1,0000000016036437 ), 0
( 0,9999999994666364 1,0000000012681873 1,0000000016015353 ), 0
( 0,9999999994668026 1,0000000012695995 1,00000000160275 ), 0
( 0,999999999465769 1,0000000012693262 1,000000001602866 ), 0
( 0,9999999994666887 1,0000000012703214 1,0000000016036412 ), 0
( 0,9999999994669889 1,00000000126822 1,0000000016022186 ), 0
( 0,9999999994667149 1,0000000012682861 1,0000000016029875 ), 0
( 0,9999999994656417 1,00000000126659 1,0000000016006645 ), 0
( 0,9999999994673177 1,0000000012681272 1,000000001603864 ), 0
( 0,9999999994667393 1,0000000012653156 1,0000000015996433 ), 0
( 0,9999999994666146 1,000000001267174 1,0000000016013235 ), 0
( 0,9999999994678233 1,0000000012672348 1,0000000016012516 ), 0
( 0,9999999994682482 1,0000000012685508 1,0000000016033954 ), 0
( 0,9999999994658706 1,000000001267498 1,0000000016008808 ), 0
( 0,9999999994663453 1,0000000012662238 1,0000000015993151 ), 0
( 0,9999999994664989 1,0000000012691979 1,0000000016021464 ), 0
( 0,999999999466139 1,0000000012693366 1,0000000016024417 ), 0
( 0,9999999994668956 1,000000001268992 1,0000000016030914 ), 0
( 0,9999999994661848 1,0000000012683625 1,000000001602343 ), 0
( 0,9999999994663297 1,0000000012677783 1,0000000016015917 ), 0
( 0,9999999994666325 1,0000000012675476 1,0000000016002921 ), 0
( 0,9999999994663039 1,0000000012694572 1,000000001601361 ), 0
( 0,9999999994668192 1,000000001267514 1,0000000016019062 ), 0
( 0,999999999466419 1,000000001266635 1,0000000016006778 ), 0
( 0,9999999994662985 1,0000000012677037 1,0000000016003876 ), 0
( 0,999999999466751 1,0000000012688508 1,0000000016022565 ), 0
( 0,9999999994666722 1,0000000012663937 1,0000000016014625 ), 0
( 0,999999999466959 1,0000000012647303 1,0000000015980317 ), 0
( 0,9999999994666715 1,000000001265057 1,0000000015979824 ), 0
( 0,9999999994671379 1,0000000012685417 1,0000000016027657 ), 0
( 0,9999999994663381 1,0000000012667685 1,0000000016013326 ), 0
( 0,9999999994673568 1,00000000126458 1,0000000015983368 ), 0
( 0,9999999994650017 1,0000000012694272 1,000000001600991 ), 0
( 0,9999999994664674 1,000000001267639 1,0000000016010586 ), 0
( 0,9999999994676719 1,0000000012669235 1,000000001599789 ), 0
( 0,9999999994654348 1,0000000012678958 1,0000000016018142 ), 0
( 0,9999999994666022 1,000000001269089 1,0000000016026453 ), 0
( 0,9999999994659197 1,0000000012672567 1,0000000016004928 ), 0
( 0,9999999994671654 1,0000000012673553 1,0000000016007886 ), 0
( 0,9999999994663336 1,000000001267542 1,0000000016023243 ), 0
( 0,9999999994670101 1,0000000012679744 1,000000001602504 ), 0
( 0,9999999994664908 1,0000000012675747 1,000000001600228 ), 0
( 0,9999999994662278 1,0000000012674448 1,0000000016009667 ), 0
( 0,9999999994677456 1,0000000012689445 1,0000000016031931 ), 0
( 0,9999999994671239 1,000000001268276 1,0000000016020778 ), 0
( 0,9999999994662205 1,0000000012674632 1,000000001600304 ), 0
( 0,9999999994662353 1,0000000012684933 1,0000000016013324 ), 0
( 0,999999999466186 1,0000000012664125 1,00000000160179 ), 0
( 0,9999999994670324 1,000000001268297 1,0000000016018475 ), 0
( 0,9999999994661518 1,0000000012675248 1,0000000016007455 ), 0
( 0,9999999994677149 1,0000000012693249 1,000000001602066 ), 0
( 0,9999999994667153 1,0000000012685333 1,000000001602112 ), 0
( 0,999999999467267 1,0000000012675456 1,0000000016020592 ), 0
( 0,9999999994662816 1,0000000012677048 1,0000000016011605 ), 0
( 0,9999999994666924 1,0000000012669508 1,0000000015982504 ), 0
( 0,9999999994662975 1,0000000012681767 1,0000000016026795 ), 0
( 0,999999999466128 1,0000000012667818 1,0000000016014328 ), 0
( 0,9999999994662068 1,0000000012690624 1,0000000016019996 ), 0
( 0,9999999994665802 1,0000000012685482 1,0000000016022075 ), 0
( 0,9999999994669523 1,0000000012667138 1,0000000016013175 ), 0
( 0,9999999994665427 1,000000001269171 1,0000000016016806 ), 0
( 0,9999999994669847 1,0000000012681554 1,0000000016012494 ), 0
( 0,9999999994661025 1,0000000012680168 1,0000000016010575 ), 0
( 0,9999999994658578 1,0000000012664885 1,000000001603058 ), 0
( 0,9999999994662969 1,0000000012672887 1,0000000016002726 ), 0
( 0,9999999994662582 1,0000000012687806 1,000000001601682 ), 0
( 0,9999999994669203 1,000000001267841 1,0000000016019075 ), 0
( 0,99999999946774 1,0000000012672163 1,000000001600161 ), 0
( 0,9999999994664296 1,000000001268904 1,0000000016025354 ), 0
( 0,9999999994654988 1,0000000012687882 1,0000000016021582 ), 0
( 0,9999999994659754 1,000000001267033 1,000000001601413 ), 0
( 0,9999999994654218 1,0000000012673838 1,0000000016027029 ), 0
( 0,9999999994673098 1,0000000012635761 1,0000000015968615 ), 0
( 0,9999999994662422 1,0000000012677321 1,0000000016021 ), 0
( 0,9999999994665844 1,0000000012694874 1,000000001603758 ), 0
( 0,9999999994675042 1,0000000012696217 1,000000001601258 ), 0
( 0,9999999994670583 1,0000000012654477 1,0000000016036399 ), 0
( 0,9999999994665136 1,0000000012645356 1,000000001597763 ), 0
( 0,9999999994667883 1,0000000012686006 1,0000000016019728 ), 0
( 0,9999999994662069 1,000000001265141 1,0000000015983406 ), 0
( 0,9999999994675409 1,0000000012661923 1,0000000016032649 ), 0
( 0,9999999994669544 1,0000000012678858 1,000000001601144 ), 0
( 0,9999999994672306 1,0000000012669308 1,0000000016032942 ), 0
( 0,9999999994662451 1,000000001269158 1,0000000016018071 ), 0
( 0,9999999994668756 1,0000000012694588 1,0000000016018609 ), 0
( 0,999999999466735 1,0000000012674883 1,000000001602445 ), 0
( 0,9999999994665671 1,0000000012651764 1,0000000015973922 ), 0
( 0,9999999994660361 1,0000000012684989 1,0000000016012671 ), 0
( 0,9999999994665073 1,0000000012650607 1,0000000015982236 ), 0
( 0,9999999994661171 1,0000000012679335 1,0000000016013766 ), 0
( 0,999999999466587 1,0000000012684498 1,000000001601468 ), 0
( 0,9999999994665643 1,0000000012668144 1,0000000016016373 ), 0
( 0,9999999994663694 1,0000000012680372 1,0000000016010142 ), 0
( 0,9999999994676837 1,0000000012680286 1,0000000016026154 ), 0
( 0,9999999994660872 1,0000000012652572 1,0000000015990316 ), 0
( 0,9999999994664646 1,000000001267215 1,0000000016017643 ), 0
( 0,9999999994681822 1,0000000012670616 1,000000001599244 ), 0
( 0,9999999994668981 1,0000000012688903 1,0000000016021173 ), 0
( 0,9999999994671794 1,0000000012678292 1,0000000016015682 ), 0
( 0,9999999994670296 1,0000000012668688 1,0000000016008062 ), 0
( 0,9999999994666386 1,0000000012692594 1,0000000016043245 ), 0
( 0,9999999994661489 1,0000000012666048 1,000000001601651 ), 0
( 0,9999999994663665 1,0000000012687575 1,0000000016019022 ), 0
( 0,9999999994672657 1,0000000012661394 1,0000000015990516 ), 0
( 0,9999999994660591 1,0000000012675863 1,0000000016040673 ), 0
( 0,9999999994657855 1,0000000012682038 1,000000001601031 ), 0
( 0,9999999994666409 1,0000000012682555 1,0000000016022688 ), 0
( 0,9999999994676411 1,0000000012678525 1,0000000016004724 ), 0
( 0,9999999994664311 1,0000000012664731 1,0000000015987736 ), 0
( 0,9999999994654203 1,000000001267698 1,000000001602264 ), 0
( 0,9999999994661357 1,0000000012691508 1,000000001603662 ), 0
( 0,999999999466431 1,0000000012659074 1,0000000015992974 ), 0
( 0,999999999466204 1,0000000012655785 1,0000000015988963 ), 0
( 0,9999999994663645 1,0000000012661032 1,0000000015996644 ), 0
( 0,9999999994654024 1,0000000012677037 1,0000000016020594 ), 0
( 0,9999999994668816 1,0000000012675865 1,000000001600816 ), 0
( 0,999999999466231 1,0000000012684693 1,000000001602764 ), 0
( 0,9999999994664116 1,0000000012680679 1,0000000016007147 ), 0
( 0,999999999466133 1,0000000012676533 1,0000000016019104 ), 0
( 0,9999999994670317 1,0000000012666241 1,0000000016012724 ), 0
( 0,9999999994666321 1,0000000012668775 1,0000000016027017 ), 0
( 0,9999999994664155 1,0000000012671766 1,0000000016013466 ), 0
( 0,999999999466152 1,000000001267491 1,0000000016017714 ), 0
( 0,9999999994673857 1,0000000012673849 1,0000000016019719 ), 0
( 0,9999999994664658 1,0000000012686752 1,0000000016027037 ), 0
( 0,9999999994659672 1,0000000012686714 1,0000000016004573 ), 0
( 0,9999999994659021 1,000000001267402 1,0000000016000588 ), 0
( 0,9999999994667467 1,0000000012678305 1,0000000016006962 ), 0
( 0,9999999994661775 1,0000000012674177 1,0000000016006876 ), 0
( 0,9999999994654876 1,000000001269128 1,0000000016026684 ), 0
( 0,9999999994665699 1,0000000012698445 1,0000000016030932 ), 0
( 0,9999999994660844 1,0000000012683803 1,0000000016027522 ), 0
( 0,999999999466021 1,000000001268828 1,0000000016018107 ), 0
( 0,9999999994660959 1,0000000012676113 1,0000000016015271 ), 0
( 0,9999999994677101 1,0000000012668624 1,000000001600012 ), 0
( 0,9999999994678087 1,0000000012652 1,0000000015981967 ), 0
( 0,99999999946627 1,0000000012694024 1,0000000016036277 ), 0
( 0,9999999994672628 1,0000000012664125 1,0000000015974617 ), 0
( 0,999999999467298 1,0000000012698207 1,0000000016024126 ), 0
( 0,999999999466088 1,0000000012684631 1,000000001602669 ), 0
( 0,9999999994654629 1,0000000012671375 1,0000000016010067 ), 0
( 0,9999999994662359 1,000000001266392 1,0000000016008703 ), 0
( 0,999999999468029 1,0000000012674226 1,0000000016013644 ), 0
( 0,9999999994667634 1,0000000012690429 1,0000000016012924 ), 0
( 0,9999999994670414 1,0000000012681847 1,000000001600921 ), 0
( 0,9999999994666344 1,0000000012676422 1,0000000016009234 ), 0
( 0,9999999994671414 1,0000000012680175 1,00000000160162 ), 0
( 0,9999999994682505 1,0000000012674746 1,0000000016018613 ), 0
( 0,9999999994663843 1,0000000012676962 1,000000001599798 ), 0
( 0,9999999994656733 1,0000000012685755 1,0000000016035753 ), 0
( 0,9999999994664167 1,0000000012684913 1,0000000016021315 ), 0
( 0,9999999994664616 1,0000000012650772 1,000000001599781 ), 0
( 0,9999999994670922 1,000000001268707 1,0000000016025938 ), 0
( 0,9999999994675793 1,0000000012675523 1,0000000016014312 ), 0
( 0,9999999994661607 1,0000000012699048 1,000000001603959 ), 0
( 0,999999999466558 1,000000001267843 1,0000000016027994 ), 0
( 0,9999999994665184 1,0000000012688834 1,0000000016017756 ), 0
( 0,9999999994669171 1,0000000012683767 1,0000000016003578 ), 0
( 0,9999999994666295 1,0000000012674977 1,0000000016016672 ), 0
( 0,9999999994670467 1,0000000012699164 1,0000000016025241 ), 0
( 0,9999999994677589 1,000000001267278 1,0000000016001003 ), 0
( 0,9999999994657394 1,0000000012682424 1,000000001604787 ), 0
( 0,9999999994659947 1,0000000012698258 1,000000001601919 ), 0
( 0,9999999994670056 1,0000000012697574 1,0000000016009714 ), 0
( 0,9999999994678503 1,0000000012686343 1,0000000016013433 ), 0
( 0,9999999994670498 1,000000001265394 1,000000001603588 ), 0
( 0,9999999994669236 1,0000000012674728 1,0000000016018855 ), 0
( 0,9999999994666493 1,000000001268774 1,000000001601389 ), 0
( 0,9999999994661275 1,0000000012685166 1,0000000016026653 ), 0
( 0,9999999994663236 1,0000000012664119 1,0000000016007733 ), 0
( 0,9999999994670196 1,0000000012687766 1,000000001602032 ), 0
( 0,9999999994673001 1,0000000012672088 1,000000001600615 ), 0
( 0,999999999466477 1,0000000012633505 1,0000000015965458 ), 0
( 0,999999999466564 1,0000000012669608 1,0000000016026276 ), 0
( 0,9999999994668576 1,000000001268282 1,0000000016022084 ), 0
( 0,9999999994660331 1,0000000012678998 1,000000001601463 ), 0
( 0,9999999994660758 1,0000000012682022 1,0000000016025965 ), 0
( 0,9999999994664088 1,0000000012681856 1,0000000016046422 ), 0
( 0,9999999994665699 1,0000000012668369 1,0000000016006656 ), 0
( 0,9999999994669426 1,0000000012693204 1,0000000016049069 ), 0
( 0,9999999994665519 1,0000000012683086 1,0000000016016497 ), 0
( 0,9999999994668102 1,0000000012690191 1,0000000016033694 ), 0
( 0,9999999994670672 1,000000001268838 1,0000000016018336 ), 0
( 0,9999999994660644 1,0000000012673025 1,0000000016012764 ), 0
( 0,9999999994666791 1,0000000012700736 1,0000000016032948 ), 0
( 0,99999999946599 1,000000001268343 1,0000000015985882 ), 0
( 0,9999999994664709 1,0000000012686756 1,0000000016027095 ), 0
( 0,9999999994669073 1,0000000012660808 1,0000000016011397 ), 0
( 0,9999999994663141 1,0000000012695798 1,0000000016022024 ), 0
( 0,9999999994669194 1,0000000012693882 1,0000000016012773 ), 0
( 0,9999999994668634 1,0000000012680386 1,0000000016006294 ), 0
( 0,9999999994671456 1,0000000012652344 1,0000000015981618 ), 0
( 0,9999999994657385 1,0000000012693653 1,000000001602599 ), 0
( 0,9999999994658433 1,0000000012685917 1,0000000016027408 ), 0
( 0,9999999994662971 1,0000000012683508 1,000000001603027 ), 0
( 0,9999999994665341 1,0000000012648615 1,0000000015976709 ), 0
( 0,999999999466959 1,0000000012688597 1,0000000016018544 ), 0
( 0,9999999994671332 1,0000000012669954 1,000000001599632 ), 0
( 0,9999999994670125 1,000000001267123 1,0000000016002353 ), 0
( 0,9999999994662271 1,0000000012687793 1,0000000016025543 ), 0
( 0,9999999994660739 1,0000000012675323 1,0000000016009538 ), 0
( 0,9999999994673202 1,0000000012664896 1,0000000016005808 ), 0
( 0,9999999994656524 1,0000000012685328 1,0000000016022805 ), 0
( 0,9999999994666783 1,00000000126782 1,000000001602337 ), 0
( 0,9999999994659946 1,000000001268463 1,0000000016008173 ), 0
( 0,9999999994667458 1,0000000012662364 1,0000000016013255 ), 0
( 0,9999999994670971 1,0000000012675587 1,0000000016013766 ), 0
( 0,9999999994666733 1,0000000012671526 1,000000001601866 ), 0
( 0,9999999994662523 1,0000000012671555 1,0000000016020314 ), 0
( 0,9999999994666372 1,0000000012669668 1,0000000016028945 ), 0
( 0,9999999994665567 1,0000000012693735 1,000000001603028 ), 0
( 0,9999999994667356 1,0000000012676296 1,000000001600618 ), 0
( 0,9999999994663069 1,0000000012615589 1,0000000015951245 ), 0
( 0,9999999994666379 1,0000000012670944 1,0000000016000143 ), 0
( 0,9999999994660601 1,0000000012686778 1,000000001601465 ), 0
( 0,9999999994666293 1,000000001267419 1,0000000016001613 ), 0
( 0,9999999994667007 1,000000001267512 1,000000001601429 ), 0
( 0,9999999994667329 1,0000000012657317 1,0000000016004915 ), 0
( 0,999999999466201 1,0000000012675216 1,000000001601848 ), 0
( 0,9999999994665065 1,0000000012671675 1,000000001601631 ), 0
( 0,9999999994660892 1,0000000012681718 1,000000001601226 ), 0
( 0,9999999994672938 1,0000000012693018 1,0000000016029678 ), 0
( 0,9999999994666339 1,000000001267996 1,000000001602622 ), 0
( 0,9999999994672492 1,0000000012707224 1,0000000015997788 ), 0
( 0,9999999994664408 1,000000001268022 1,0000000016008874 ), 0
( 0,9999999994662966 1,0000000012682422 1,0000000016018797 ), 0
( 0,9999999994655645 1,0000000012680232 1,0000000016026074 ), 0
( 0,9999999994660542 1,0000000012679036 1,0000000016010187 ), 0
( 0,9999999994661983 1,0000000012663106 1,00000000160047 ), 0
( 0,999999999465683 1,0000000012666186 1,0000000016012212 ), 0
( 0,99999999946656 1,0000000012671375 1,000000001600502 ), 0
( 0,999999999466755 1,0000000012689054 1,000000001602027 ), 0
( 0,9999999994657099 1,000000001268807 1,0000000016024675 ), 0
( 0,9999999994668072 1,0000000012675836 1,0000000016011208 ), 0
( 0,9999999994663314 1,0000000012680694 1,000000001604938 ), 0
( 0,9999999994657699 1,0000000012704409 1,0000000016014328 ), 0
( 0,9999999994660994 1,0000000012692583 1,0000000016021116 ), 0
( 0,9999999994670633 1,0000000012666053 1,0000000016014183 ), 0
( 0,9999999994665875 1,0000000012681352 1,0000000016013648 ), 0
( 0,9999999994657973 1,000000001268047 1,0000000016017687 ), 0
( 0,9999999994667939 1,0000000012677508 1,0000000016003128 ), 0
( 0,9999999994661203 1,0000000012657773 1,0000000016008008 ), 0
( 0,9999999994667215 1,0000000012675467 1,0000000016012907 ), 0
( 0,9999999994683211 1,0000000012673638 1,0000000016003023 ), 0
( 0,9999999994670242 1,000000001265499 1,000000001599014 ), 0
( 0,9999999994665758 1,0000000012680181 1,0000000016019144 ), 0
( 0,9999999994670156 1,0000000012679333 1,0000000015993256 ), 0
( 0,9999999994661829 1,000000001267301 1,0000000016031974 ), 0
( 0,9999999994660644 1,000000001269431 1,000000001602638 ), 0
( 0,9999999994667497 1,0000000012674757 1,000000001602112 ), 0
( 0,9999999994658159 1,0000000012674521 1,0000000016013912 ), 0
( 0,999999999466696 1,0000000012668178 1,0000000016007442 ), 0
( 0,9999999994664767 1,0000000012693522 1,0000000016017698 ), 0
( 0,9999999994667957 1,0000000012675658 1,0000000016023893 ), 0
( 0,9999999994664448 1,000000001268246 1,0000000016008417 ), 0
( 0,9999999994664216 1,0000000012682457 1,0000000016032229 ), 0
( 0,9999999994659241 1,0000000012682546 1,0000000016026513 ), 0
( 0,999999999466379 1,000000001266199 1,0000000016000807 ), 0
( 0,9999999994658362 1,0000000012688306 1,0000000016041013 ), 0
( 0,9999999994657268 1,0000000012682366 1,0000000016015078 ), 0
( 0,9999999994670287 1,0000000012687156 1,0000000016015673 ), 0
( 0,9999999994671442 1,0000000012691195 1,0000000016021124 ), 0
( 0,9999999994671417 1,0000000012697459 1,0000000016008845 ), 0
( 0,9999999994667337 1,0000000012674226 1,0000000016019495 ), 0
( 0,9999999994674538 1,0000000012660857 1,000000001600205 ), 0
( 0,999999999466628 1,0000000012677512 1,0000000016022215 ), 0
( 0,9999999994666295 1,0000000012689352 1,0000000016039863 ), 0
( 0,9999999994674338 1,0000000012680295 1,000000001600229 ), 0
( 0,9999999994669563 1,0000000012673493 1,0000000016006199 ), 0
( 0,9999999994668941 1,000000001269656 1,0000000016035504 ), 0
( 0,9999999994655447 1,0000000012686663 1,0000000016017532 ), 0
( 0,9999999994667551 1,0000000012680919 1,0000000016018507 ), 0
( 0,9999999994671172 1,0000000012686248 1,0000000016017092 ), 0
( 0,9999999994663181 1,0000000012680248 1,0000000016013189 ), 0
( 0,9999999994664123 1,000000001268349 1,0000000016011785 ), 0
( 0,9999999994668299 1,0000000012665762 1,0000000016013046 ), 0
( 0,9999999994668012 1,000000001267942 1,0000000016014636 ), 0
( 0,999999999467185 1,0000000012684944 1,000000001602305 ), 0
( 0,9999999994658655 1,0000000012681338 1,0000000016042319 ), 0
( 0,9999999994671654 1,0000000012685903 1,0000000016037354 ), 0
( 0,9999999994665324 1,000000001268674 1,0000000016021393 ), 0
( 0,999999999467148 1,0000000012682941 1,000000001600435 ), 0
( 0,9999999994669956 1,0000000012664385 1,0000000016005228 ), 0
( 0,9999999994662448 1,0000000012685537 1,0000000016018709 ), 0
( 0,9999999994672484 1,0000000012688206 1,0000000016034154 ), 0
( 0,9999999994675115 1,000000001267379 1,0000000016007924 ), 0
( 0,9999999994662737 1,0000000012690025 1,0000000016016168 ), 0
( 0,9999999994660986 1,0000000012674488 1,0000000016007853 ), 0
( 0,9999999994657642 1,0000000012677563 1,0000000015999388 ), 0
( 0,9999999994664721 1,0000000012658248 1,0000000016013395 ), 0
( 0,9999999994670435 1,000000001267919 1,0000000015991677 ), 0
( 0,9999999994666603 1,000000001267718 1,000000001599414 ), 0
( 0,9999999994669405 1,0000000012694599 1,0000000016034372 ), 0
( 0,9999999994666847 1,0000000012689017 1,0000000016032111 ), 0
( 0,9999999994664817 1,0000000012675834 1,000000001600068 ), 0
( 0,9999999994676141 1,0000000012653323 1,0000000015993569 ), 0
( 0,999999999466318 1,0000000012663999 1,0000000016030341 ), 0
( 0,9999999994673651 1,0000000012689774 1,000000001600449 ), 0
( 0,9999999994646743 1,000000001266825 1,0000000016032198 ), 0
( 0,9999999994670051 1,0000000012679418 1,000000001600764 ), 0
( 0,9999999994676259 1,0000000012685755 1,0000000016031407 ), 0
( 0,9999999994661694 1,0000000012661578 1,0000000016005806 ), 0
( 0,9999999994666933 1,0000000012678478 1,0000000016028616 ), 0
( 0,9999999994656563 1,0000000012703878 1,0000000016025656 ), 0
( 0,9999999994678708 1,00000000126895 1,000000001601501 ), 0
( 0,9999999994663413 1,0000000012696422 1,000000001602288 ), 0
( 0,9999999994655587 1,000000001268742 1,0000000016021144 ), 0
( 0,9999999994664297 1,0000000012682626 1,0000000016022916 ), 0
( 0,9999999994671719 1,0000000012693318 1,0000000016024497 ), 0
( 0,9999999994663221 1,0000000012666792 1,000000001599941 ), 0
( 0,9999999994668981 1,0000000012668764 1,0000000016006527 ), 0
( 0,999999999466776 1,0000000012701424 1,0000000016022124 ), 0
( 0,9999999994662361 1,0000000012667811 1,0000000016024582 ), 0
( 0,9999999994659993 1,0000000012685657 1,000000001601766 ), 0
( 0,99999999946669 1,0000000012694017 1,0000000016014359 ), 0
( 0,9999999994660819 1,0000000012669306 1,000000001599773 ), 0
( 0,9999999994666172 1,0000000012680965 1,0000000016020916 ), 0
( 0,9999999994659811 1,0000000012667083 1,0000000016018178 ), 0
( 0,999999999466604 1,0000000012667165 1,0000000016004167 ), 0
( 0,9999999994666192 1,0000000012677939 1,0000000015999024 ), 0
( 0,999999999467365 1,0000000012672363 1,000000001600748 ), 0
( 0,9999999994666958 1,0000000012657633 1,0000000016020831 ), 0
( 0,999999999467338 1,000000001265905 1,0000000015996724 ), 0
( 0,9999999994671254 1,0000000012682193 1,0000000016003525 ), 0
( 0,9999999994659567 1,0000000012673418 1,0000000016009267 ), 0
( 0,9999999994673711 1,0000000012672552 1,0000000015995132 ), 0
( 0,999999999466959 1,0000000012677128 1,0000000016016988 ), 0
( 0,9999999994665051 1,000000001265893 1,0000000015987403 ), 0
( 0,9999999994668061 1,0000000012692944 1,00000000160473 ), 0
( 0,9999999994674595 1,000000001268643 1,0000000016020139 ), 0
( 0,9999999994667161 1,0000000012677097 1,0000000016012354 ), 0
( 0,9999999994675614 1,000000001267783 1,0000000016021373 ), 0
( 0,9999999994664028 1,000000001268173 1,0000000016023942 ), 0
( 0,9999999994668276 1,0000000012684838 1,000000001602037 ), 0
( 0,9999999994652101 1,0000000012647794 1,0000000016008352 ), 0
( 0,9999999994670781 1,0000000012681414 1,000000001601023 ), 0
( 0,9999999994659454 1,000000001267598 1,0000000016017232 ), 0
( 0,9999999994683723 1,0000000012667511 1,0000000015990154 ), 0
( 0,9999999994668474 1,0000000012676713 1,0000000016012551 ), 0
( 0,9999999994665251 1,0000000012675792 1,0000000016008412 ), 0
( 0,9999999994647498 1,0000000012682528 1,0000000016022448 ), 0
( 0,9999999994660028 1,000000001268615 1,0000000016014239 ), 0
( 0,9999999994670303 1,0000000012671164 1,0000000016013113 ), 0
( 0,9999999994664993 1,0000000012688932 1,0000000016020496 ), 0
( 0,9999999994672139 1,0000000012674861 1,0000000016015453 ), 0
( 0,9999999994665912 1,0000000012676329 1,0000000016004558 ), 0
( 0,9999999994657742 1,0000000012686263 1,0000000016024178 ), 0
( 0,9999999994657027 1,0000000012705597 1,000000001604446 ), 0
( 0,9999999994667561 1,0000000012682444 1,0000000016014072 ), 0
( 0,9999999994667428 1,0000000012688892 1,0000000016018247 ), 0
( 0,9999999994664914 1,000000001267251 1,0000000015996133 ), 0
( 0,9999999994669758 1,0000000012649721 1,000000001599851 ), 0
( 0,9999999994672882 1,0000000012657817 1,0000000015994712 ), 0
( 0,9999999994663235 1,0000000012668568 1,0000000016050168 ), 0
( 0,9999999994671831 1,0000000012674881 1,0000000016009258 ), 0
( 0,9999999994670753 1,0000000012671422 1,0000000016006128 ), 0
( 0,9999999994673909 1,0000000012662005 1,0000000015998691 ), 0
( 0,9999999994668666 1,0000000012682968 1,0000000016031085 ), 0
( 0,9999999994669411 1,0000000012683659 1,0000000016019233 ), 0
( 0,9999999994666354 1,0000000012686672 1,0000000016020913 ), 0
( 0,9999999994669336 1,000000001268917 1,000000001602717 ), 0
( 0,9999999994663021 1,000000001267556 1,0000000016004014 ), 0
( 0,9999999994665464 1,0000000012622543 1,0000000015957142 ), 0
( 0,9999999994666153 1,0000000012621562 1,0000000015955282 ), 0
( 0,9999999994668518 1,0000000012684582 1,0000000016022956 ), 0
( 0,9999999994663947 1,000000001268217 1,0000000016016894 ), 0
( 0,9999999994672262 1,0000000012679318 1,0000000016015476 ), 0
( 0,9999999994660328 1,0000000012682868 1,0000000016018198 ), 0
( 0,9999999994654786 1,000000001267286 1,0000000016001391 ), 0
( 0,9999999994662135 1,0000000012649364 1,0000000016011519 ), 0
( 0,9999999994671086 1,0000000012684178 1,0000000016016721 ), 0
( 0,9999999994661232 1,0000000012684653 1,0000000016026867 ), 0
( 0,9999999994666177 1,0000000012673114 1,0000000016014694 ), 0
( 0,9999999994665246 1,00000000126719 1,0000000016008244 ), 0
( 0,9999999994668891 1,0000000012666512 1,000000001600938 ), 0
( 0,9999999994665087 1,0000000012679293 1,0000000016024784 ), 0
( 0,9999999994661085 1,0000000012672257 1,000000001601364 ), 0
( 0,9999999994661007 1,0000000012682564 1,0000000016013633 ), 0
( 0,9999999994659791 1,000000001262636 1,0000000015970891 ), 0
( 0,9999999994670382 1,000000001268201 1,0000000016022212 ), 0
( 0,9999999994676655 1,0000000012686239 1,000000001602083 ), 0
( 0,9999999994663293 1,0000000012684305 1,0000000016014132 ), 0
( 0,9999999994661398 1,000000001268889 1,0000000016050163 ), 0
( 0,9999999994668487 1,0000000012633188 1,000000001598237 ), 0
( 0,999999999466826 1,0000000012673442 1,0000000016012347 ), 0
( 0,999999999466888 1,0000000012689971 1,0000000016032298 ), 0
( 0,9999999994664032 1,0000000012680983 1,0000000016012478 ), 0
( 0,9999999994694543 1,0000000012683974 1,0000000016002357 ), 0
( 0,9999999994660056 1,0000000012692127 1,00000000160207 ), 0
( 0,9999999994662474 1,000000001268429 1,0000000016017425 ), 0
( 0,9999999994677232 1,0000000012668606 1,0000000016000463 ), 0
( 0,9999999994664125 1,0000000012687138 1,0000000016011295 ), 0
( 0,9999999994659563 1,0000000012689416 1,0000000016030148 ), 0
( 0,9999999994666031 1,0000000012685812 1,0000000016023352 ), 0
( 0,9999999994664197 1,000000001268402 1,0000000016034265 ), 0
( 0,9999999994658643 1,0000000012679964 1,0000000016019845 ), 0
( 0,9999999994665569 1,0000000012703643 1,0000000016049067 ), 0
( 0,9999999994668018 1,0000000012679664 1,0000000016025734 ), 0
( 0,9999999994663107 1,0000000012677972 1,0000000016018291 ), 0
( 0,9999999994667554 1,000000001269154 1,0000000016037163 ), 0
( 0,9999999994661511 1,0000000012667531 1,0000000015998536 ), 0
( 0,9999999994667816 1,0000000012682688 1,0000000016030286 ), 0
( 0,9999999994667867 1,0000000012675303 1,0000000016026516 ), 0
( 0,9999999994667721 1,0000000012684116 1,0000000016018855 ), 0
( 0,9999999994673555 1,0000000012673782 1,000000001600824 ), 0
( 0,9999999994674412 1,0000000012650168 1,0000000016005888 ), 0
( 0,9999999994668731 1,0000000012691452 1,0000000016008646 ), 0
( 0,9999999994660449 1,0000000012661927 1,000000001601205 ), 0
( 0,9999999994658951 1,0000000012679033 1,000000001602571 ), 0
( 0,9999999994662138 1,0000000012677623 1,0000000016019606 ), 0
( 0,9999999994655051 1,000000001269852 1,0000000016055557 ), 0
( 0,9999999994666219 1,0000000012672352 1,000000001600164 ), 0
( 0,9999999994672076 1,0000000012680286 1,000000001601035 ), 0
( 0,9999999994662819 1,0000000012673875 1,000000001601262 ), 0
( 0,9999999994670007 1,000000001266547 1,0000000016017236 ), 0
( 0,9999999994675005 1,0000000012683088 1,000000001600916 ), 0
( 0,9999999994673441 1,0000000012668333 1,0000000016008914 ), 0
( 0,9999999994658556 1,00000000126846 1,000000001602812 ), 0
( 0,9999999994658829 1,0000000012660855 1,0000000016005757 ), 0
( 0,9999999994661775 1,0000000012693737 1,000000001604168 ), 0
( 0,9999999994671125 1,0000000012665822 1,0000000016020036 ), 0
( 0,9999999994668601 1,0000000012685046 1,00000000160191 ), 0
( 0,9999999994661329 1,0000000012692518 1,0000000016023038 ), 0
( 0,9999999994670978 1,0000000012674517 1,0000000016007489 ), 0
( 0,9999999994671722 1,00000000126818 1,0000000015992512 ), 0
( 0,9999999994669081 1,0000000012690162 1,000000001600422 ), 0
( 0,9999999994670593 1,000000001269593 1,0000000016031643 ), 0
( 0,9999999994661312 1,0000000012672823 1,000000001601596 ), 0
( 0,9999999994667498 1,0000000012669492 1,0000000016021062 ), 0
( 0,9999999994665344 1,0000000012676418 1,0000000016007453 ), 0
( 0,999999999467028 1,0000000012689199 1,0000000016026993 ), 0
( 0,9999999994671271 1,0000000012679051 1,0000000015998778 ), 0
( 0,9999999994669042 1,000000001268238 1,0000000016017978 ), 0
( 0,9999999994664084 1,0000000012677432 1,0000000016001604 ), 0
( 0,9999999994666814 1,000000001268358 1,0000000016027766 ), 0
( 0,999999999466559 1,0000000012672352 1,000000001600984 ), 0
( 0,9999999994668229 1,0000000012687933 1,0000000016021928 ), 0
( 0,9999999994677882 1,0000000012667178 1,0000000015997066 ), 0
( 0,999999999466579 1,0000000012666694 1,0000000016004325 ), 0
( 0,9999999994673129 1,0000000012686552 1,000000001603277 ), 0
( 0,999999999467974 1,0000000012677355 1,0000000016002868 ), 0
( 0,9999999994668398 1,0000000012661396 1,0000000016008455 ), 0
( 0,9999999994667196 1,0000000012683745 1,0000000016048844 ), 0
( 0,9999999994669998 1,0000000012684407 1,000000001602182 ), 0
( 0,9999999994669091 1,000000001269878 1,0000000016025532 ), 0
( 0,9999999994666833 1,0000000012658465 1,0000000015994779 ), 0
( 0,9999999994663312 1,0000000012687917 1,0000000016031318 ), 0
( 0,9999999994662505 1,0000000012672667 1,0000000016014294 ), 0
( 0,9999999994665568 1,000000001268728 1,0000000016025978 ), 0
( 0,9999999994668762 1,0000000012686947 1,000000001602666 ), 0
( 0,9999999994673797 1,0000000012683161 1,0000000016006263 ), 0
( 0,9999999994672426 1,0000000012653945 1,0000000015995278 ), 0
( 0,9999999994663726 1,0000000012684473 1,0000000016015427 ), 0
( 0,9999999994670972 1,0000000012672468 1,000000001602897 ), 0
( 0,9999999994667843 1,000000001267428 1,0000000015999433 ), 0
( 0,9999999994660785 1,0000000012684378 1,0000000016031685 ), 0
( 0,9999999994659583 1,0000000012678478 1,0000000016004058 ), 0
( 0,9999999994663945 1,0000000012673522 1,0000000016020647 ), 0
( 0,9999999994672467 1,0000000012683905 1,0000000016014066 ), 0
( 0,9999999994661161 1,0000000012680261 1,0000000016029595 ), 0
( 0,9999999994669239 1,0000000012689032 1,0000000016027408 ), 0
( 0,9999999994662861 1,0000000012678678 1,0000000016009882 ), 0
( 0,9999999994667766 1,0000000012679546 1,0000000016018362 ), 0
( 0,9999999994671207 1,0000000012687897 1,0000000016039272 ), 0
( 0,9999999994661087 1,0000000012669845 1,0000000016020907 ), 0
( 0,9999999994663348 1,0000000012681383 1,0000000016023805 ), 0
( 0,9999999994664595 1,000000001268773 1,0000000016009036 ), 0
( 0,9999999994668913 1,0000000012678794 1,000000001601847 ), 0
( 0,9999999994668285 1,0000000012690191 1,0000000016012687 ), 0
( 0,9999999994664619 1,0000000012675985 1,0000000016003003 ), 0
( 0,9999999994663392 1,0000000012662258 1,0000000016007469 ), 0
( 0,9999999994667979 1,0000000012680834 1,0000000016020532 ), 0
( 0,9999999994673218 1,0000000012688814 1,0000000016033685 ), 0
( 0,9999999994662525 1,0000000012676897 1,0000000016006976 ), 0
( 0,9999999994672406 1,0000000012678816 1,0000000016019477 ), 0
( 0,9999999994658965 1,0000000012671728 1,000000001599912 ), 0
( 0,9999999994670238 1,0000000012693262 1,0000000016016792 ), 0
( 0,9999999994667349 1,0000000012696957 1,0000000016011688 ), 0
( 0,9999999994669669 1,000000001266922 1,0000000016005512 ), 0
( 0,9999999994655919 1,0000000012675678 1,0000000016027661 ), 0
( 0,999999999466771 1,000000001267888 1,0000000015996398 ), 0
( 0,9999999994662925 1,0000000012671335 1,0000000016026993 ), 0
( 0,9999999994676879 1,000000001268537 1,0000000016007007 ), 0
( 0,9999999994654827 1,0000000012679724 1,0000000016026303 ), 0
( 0,9999999994669619 1,0000000012690915 1,000000001602301 ), 0
( 0,9999999994670752 1,0000000012690822 1,0000000016021513 ), 0
( 0,9999999994671764 1,000000001267747 1,0000000016002775 ), 0
( 0,9999999994657716 1,000000001268434 1,0000000016008528 ), 0
( 0,9999999994660574 1,0000000012694408 1,0000000016019506 ), 0
( 0,9999999994669592 1,00000000126626 1,000000001602232 ), 0
( 0,9999999994669713 1,0000000012677779 1,0000000016011032 ), 0
( 0,9999999994666643 1,0000000012700199 1,00000000160145 ), 0
( 0,9999999994673496 1,0000000012692818 1,0000000016014112 ), 0
( 0,9999999994670997 1,000000001266548 1,0000000016007717 ), 0
( 0,9999999994666311 1,0000000012636703 1,000000001597474 ), 0
( 0,9999999994651507 1,0000000012681869 1,0000000016045105 ), 0
( 0,9999999994664931 1,000000001268505 1,0000000016025679 ), 0
( 0,9999999994657358 1,0000000012663308 1,0000000015981643 ), 0
( 0,9999999994665456 1,0000000012689931 1,0000000016024397 ), 0
( 0,9999999994666914 1,0000000012667523 1,0000000016013457 ), 0
( 0,9999999994683966 1,0000000012682653 1,0000000016015764 ), 0
( 0,9999999994669354 1,0000000012669799 1,0000000016011694 ), 0
( 0,9999999994652179 1,0000000012685495 1,0000000016023802 ), 0
( 0,999999999466056 1,0000000012688013 1,000000001601846 ), 0
( 0,9999999994665981 1,000000001268771 1,0000000016021144 ), 0
( 0,9999999994673365 1,0000000012694858 1,00000000160092 ), 0
( 0,9999999994663464 1,000000001268464 1,000000001601116 ), 0
( 0,9999999994660107 1,0000000012690824 1,0000000016029034 ), 0
( 0,9999999994660922 1,0000000012694867 1,0000000016033634 ), 0
( 0,9999999994667172 1,0000000012671484 1,0000000015996282 ), 0
( 0,9999999994665167 1,0000000012687615 1,0000000016023043 ), 0
( 0,9999999994660922 1,000000001266844 1,000000001602113 ), 0
( 0,9999999994658114 1,00000000126855 1,0000000016032202 ), 0
( 0,9999999994656741 1,000000001268191 1,0000000016031818 ), 0
( 0,9999999994666446 1,0000000012681394 1,0000000016012476 ), 0
( 0,9999999994677597 1,0000000012663322 1,0000000016007775 ), 0
( 0,9999999994665312 1,000000001266898 1,0000000016007333 ), 0
( 0,9999999994663061 1,0000000012674413 1,0000000015992947 ), 0
( 0,9999999994665965 1,0000000012687547 1,0000000016024635 ), 0
( 0,9999999994660371 1,0000000012654056 1,0000000015990471 ), 0
( 0,9999999994645649 1,0000000012679764 1,0000000016031743 ), 0
( 0,9999999994673389 1,0000000012671615 1,0000000015998547 ), 0
( 0,9999999994673587 1,000000001264372 1,0000000015993944 ), 0
( 0,9999999994664631 1,0000000012676113 1,0000000016017665 ), 0
( 0,9999999994665582 1,000000001268657 1,0000000016003414 ), 0
( 0,9999999994663107 1,00000000126902 1,00000000160205 ), 0
( 0,999999999466477 1,0000000012654402 1,0000000015997041 ), 0
( 0,9999999994676418 1,0000000012664498 1,0000000016013562 ), 0
( 0,9999999994672856 1,0000000012685675 1,0000000016030848 ), 0
( 0,999999999466895 1,000000001268214 1,0000000016017148 ), 0
( 0,9999999994663474 1,000000001268031 1,0000000016022437 ), 0
( 0,9999999994660942 1,0000000012672225 1,0000000016011947 ), 0
( 0,9999999994671348 1,0000000012661647 1,000000001599638 ), 0
( 0,99999999946591 1,0000000012675376 1,0000000016020054 ), 0
( 0,9999999994661926 1,000000001269407 1,0000000016040205 ), 0
( 0,9999999994662071 1,0000000012685228 1,0000000016021264 ), 0
( 0,9999999994677861 1,0000000012673322 1,0000000016001533 ), 0
Liczba wywoa funkcji celu: 169084
