Iteracja nr: 4
( 0,9986733594203483 1,0081727885694616 0,9932837021932046 ), 0,022545640293120783
( 0,9909677704387672 1,0211529760849403 0,987051964072966 ), 0,13806352966454938
( 1,005332655768448 1,0079507081800887 0,9741917872128893 ), 0,15003366104483717
( 1,0260486542019507 1,0000221754202117 0,9870609322225643 ), 0,16751333737503415
( 1,0014224259855 1,032057933700881 0,9941773333536733 ), 0,21033162948495487
( 1,0061764980783243 1,0045602765928037 0,9664489466723916 ), 0,23419604291411744
( 0,9976342381606376 1,0096764377931267 0,9656233061610079 ), 0,25322654162881264
( 1,0227647433842944 1,0275375845470984 1,0200584821402197 ), 0,33242703301165477
( 1,0140536555811812 1,0012904476674571 0,9607874310357712 ), 0,34300901505223536
( 1,0409277581720646 1,0063476205764783 0,990137584773058 ), 0,3577882965809991
( 1,036131273727516 1,0224492724774394 1,0084161963394997 ), 0,3717580021174669
( 1,0130863074936438 1,0071412676997875 0,9589835936536146 ), 0,37600189072804824
( 1,0254528920596027 0,9770626829101856 0,9724897233845968 ), 0,3822290397811905
( 1,0032368001021763 0,9922435684293891 0,9564303752742334 ), 0,38828762798072347
( 0,9616005207728946 0,9882068916564332 1,0263938300216175 ), 0,4565950835703063
( 1,0056352195404596 1,0457581402166487 1,0146595045954325 ), 0,46145980736577386
( 0,9654249470900773 1,0304717599313638 0,9839222419317601 ), 0,4711314232689716
( 1,0281252762293138 0,9910206606060595 0,9582386983974603 ), 0,5165466555744089
( 0,969852435575653 1,0363856401416571 0,9756470299000004 ), 0,5587275196182802
( 0,9839753854028371 0,9489929845950316 1,0149455612203895 ), 0,6069634827536206
( 1,0547264224775665 1,0071619337421638 0,9931893445103914 ), 0,6077540001326227
( 0,9763217910869855 0,9552649566483836 1,027071006383402 ), 0,6505002739538028
( 1,0068712272644529 1,0498336209749732 0,9713425454207419 ), 0,660550312396083
( 0,9497377200833304 0,9975584266342201 0,9693991898993937 ), 0,6834566726617659
( 1,0185983683078417 1,0377918115866276 1,0417595553536378 ), 0,6945694230930357
( 1,006542961231348 0,9821886889914617 0,9400359886617007 ), 0,7763638203984939
( 0,9814195225732463 1,0487545199266048 1,037975888334268 ), 0,8211019365624317
( 1,033039672866268 1,007025040131353 0,9441716770828539 ), 0,8376514389666667
( 1,0513578633042246 1,0277185544923926 0,9690299913743636 ), 0,8605174263054529
( 1,0603051318091046 0,9880789161998857 0,9753596237424477 ), 0,8613416408852217
( 1,0068561923675594 1,0294458340579384 1,0610195975172096 ), 0,9105864856296684
( 1,0504316708296448 0,9566040693127786 0,9836782259490542 ), 0,9245161474190553
( 1,0490638079856345 0,9558812954451014 0,9766990440409826 ), 0,9650603694868849
( 1,0268607466864048 1,0014728500099834 0,9341979863205478 ), 0,9901456391090377
( 1,0421809812254494 0,9924128583242006 0,9429223415621616 ), 1,0018239620912865
( 0,9498219166445078 0,9961449391536036 1,0512284218268988 ), 1,0145579892701733
( 1,0177333629775909 1,0147865473968243 0,9312882531684377 ), 1,027953972216764
( 1,0478572977703953 1,0053648925012795 0,9431367877948766 ), 1,091420265490946
( 1,0044468356967915 1,0742870960019122 0,9854929752794623 ), 1,1208535809482498
( 1,0158668965836628 0,9280683512072556 0,9793403723269591 ), 1,1437104702976164
( 0,9758826694423819 0,9944905492007093 0,927084247704759 ), 1,1577596484403259
( 1,0487363224868698 0,9778705555730703 1,055191884736815 ), 1,1629030927679622
( 1,984155177156099 1,0186510862220746 1,0197595974585187 ), 1,164373759335625
( 1,0136438174985745 1,056461136521577 1,0509510312726436 ), 1,173449170026629
( 1,0150635094224767 1,07382242085405 1,0245172350789136 ), 1,2260397730888357
( 1,0669808138888193 1,0150459202367395 1,0394170052839167 ), 1,2286340925346622
( 1,0783393978826088 0,9885110878479602 0,9893377230368162 ), 1,2420037270777584
( 1,0761832496277295 0,9814029725467553 0,9840731804944074 ), 1,2485560745712974
( 1,0267329726755205 1,0671454274683536 0,9645096036398346 ), 1,271640189408842
( 1,0456357547156714 1,0063539294384731 0,9331519626516525 ), 1,2920304676099654
( 1,0684629970302149 1,0474078452084445 1,0109415155741008 ), 1,382078494684695
( 0,9204950800412934 1,007427545176672 0,9690421321713658 ), 1,4287950294203675
( 0,945250067564102 0,9998621498342602 1,0668111443751056 ), 1,4615881217962325
( 1,0160929895783766 -0,024848372400170765 0,9637530381346443 ), 1,482818672759251
( 1,0555810998062378 0,9912324750247734 0,9325850957103616 ), 1,5102716275287307
( 1,088311470575384 0,9923189429760321 1,0028231357993447 ), 1,5214319639966654
( 1,0820506648831953 1,0207378965181833 0,9727699987726757 ), 1,5384099640920326
( 1,0499459617196032 0,9330360072618721 0,9694196893800475 ), 1,5524850033579938
( 1,0139504194280315 0,9590915549805427 0,9212846873378024 ), 1,5733083572190907
( 1,0670012150153778 0,9525506573263259 0,962709041216731 ), 1,5956239873072988
( 1,0251359671607914 0,9629420042718229 0,921412439046654 ), 1,5970178685971135
( 1,0816389213905186 0,9662360426795646 0,9794329296549086 ), 1,6028009790107305
( 1,0367861817161603 0,9601444453928367 0,9255320613212001 ), 1,6611384629345025
( 1,0691732493174684 0,9384763401239882 0,9810609389020432 ), 1,7472843092963615
( 1,083301711097357 0,9571466630736367 0,9847116286759476 ), 1,754171621017484
( 1,0586498013551289 0,9283095421550558 1,0208446447798727 ), 1,7634610603624736
( 0,9342824069308389 1,0522653697784163 1,0454844120088072 ), 1,7895533021765502
( 1,085354284665683 0,9695032524341309 0,9681800254225834 ), 1,7953809619825876
( 1,035426508190578 1,0637926819248902 1,062286258740799 ), 1,804582299265597
( 1,0450276183822913 0,9975794548192036 0,9107838983763763 ), 1,9391285554988293
( 1,0023389483313705 0,00339360878894494 0,0015570995591397052 ), 1,9939496252154356
( 1,0008021483339276 0,00035216685611416665 0,006341013573775478 ), 1,9947418866792432
( 1,000878894735411 9,038736922756252E-05 0,004999230797207321 ), 1,9949335039407359
( 1,0035889553777655 0,001174962269891694 0,007547000728682446 ), 1,9966830170272303
( 1,0028088778069604 0,008291554214834573 0,011245941756120259 ), 2,001207103176313
( 1,0024949312937095 -0,0027423536639725743 0,00546747438383044 ), 2,0032066419674983
( 1,0059442917389625 0,005735326845242361 0,013353791510562488 ), 2,010713635210351
( 1,0000191468795558 0,00017161540986904145 0,01464596107858429 ), 2,0128968226089157
( 1,0017106087081038 -0,00544101407527986 0,0007766391866832478 ), 2,0159016952697293
( 0,9924421903667415 -0,0037948687359019573 0,005774470154862987 ), 2,016842410653439
( 0,9938245093203735 0,006298172726636561 0,016490817874817987 ), 2,0237598231303906
( 0,9928424849275023 0,0009238925180584667 0,01605217930001296 ), 2,027456201162181
( 1,0128683624921564 0,008021372703750695 0,010128088059920215 ), 2,0296421673121046
( 1,0350699052910863 0,951036011156478 1,0823698496182104 ), 2,031360900020509
( 1,000349526213247 -0,008165827969404746 0,012381061474177469 ), 2,0352162179293174
( 1,015111113141636 0,0033060813284715024 0,005980548710528624 ), 2,0359583119104556
( 1,00658792641741 0,004605051162298597 -0,009467591529556896 ), 2,040318852175332
( 1,0139835170723268 0,014079278708381486 0,005825890224051045 ), 2,0449920340394243
( 0,9580491123014531 0,9547619388203655 0,9180763178933975 ), 2,052944725818783
( 0,9946717507868956 -0,010837045336374685 -0,0023823705084234925 ), 2,0564872173964055
( 1,0099212088491218 0,02149502358922803 0,004530537911610767 ), 2,0630680212081423
( 1,0068634392108384 -0,0066788225779284005 0,019227667501710233 ), 2,066352276749271
( 0,9868555900311391 -0,0074727531624509125 0,01355629508246034 ), 2,0696046339829195
( 0,993195367429138 -0,002755501953820863 0,022316820216061614 ), 2,0702147519502745
( 1,0062217558676514 -0,005610517408543559 0,022181742156617886 ), 2,0782383924708654
( 1,0141645472716785 0,0015222672767768973 -0,010246904227958648 ), 2,078510969035271
( 1,0028276011352524 0,02068230276484284 -0,009079620654766973 ), 2,0794767137631176
( 1,0189865868145758 -0,00484864786435598 0,0044085450998256875 ), 2,0808335892091208
( 1,0069161497261592 0,004907139239648561 -0,015339634216166534 ), 2,0817767084377543
( 1,0019092248590267 -0,015138284429358384 -0,003708272483890905 ), 2,0865752505651542
( 1,0857346889844028 0,9532510282066946 0,9656231837477747 ), 2,087553970534074
( 0,9982387809137185 0,02681772596544635 0,009596801507707031 ), 2,08839857440492
( 0,9863436150568006 0,0020269016426738354 0,02332641261318813 ), 2,0948426173561536
( 1,0229862596425368 0,004878943926999876 0,008439056086827199 ), 2,0968547941433364
( 0,9838857099760481 -0,009890890435255562 -0,007702164037294434 ), 2,1178282987640706
( 1,083642878993389 0,9445923371864713 0,971147721191591 ), 2,124155571727144
( 1,0594038715470466 0,9377732242374653 0,9411367836281551 ), 2,130205328855162
( 0,9875105531361209 -0,01275994075776013 -0,011117716465789573 ), 2,1354822341514854
( 0,9994995377095768 0,0273482731810263 0,020870482344580464 ), 2,1379241741029595
( 1,02096986608265 0,02171883986646217 0,010833944551492752 ), 2,138724861682725
( 1,0759248523080422 1,0662981637780518 1,028779371932439 ), 2,1456526939689624
( 1,0069771438436041 -0,021842996878009356 0,0002440868883714295 ), 2,1473743400622105
( 1,0231192677078083 0,005695148900479841 -0,011197110385081643 ), 2,148156572120026
( 1,02466702470544 -0,005738128277005955 0,013723817533486435 ), 2,1483768002502472
( 1,0265683000482824 0,010598973581931848 0,013296026055114117 ), 2,149257805848954
( 0,9974432674544524 -0,02237729232032848 -0,0022125029635753357 ), 2,1506283427505437
( 0,9746274566181916 0,01804782391846195 0,0057424119624517435 ), 2,1509622144712495
( 0,9910840698786506 1,97865126139568 -0,017164167139791305 ), 2,156075454535223
( -0,05647734297559914 1,0389192827396148 1,024820910945416 ), 2,160182924738624
( 0,9817324217125464 -3,8528712910915544E-05 -0,017350379124371304 ), 2,16057440821681
( 0,9970084358550111 0,009253640032918176 0,034113014343944315 ), 2,162016032075865
( 1,0183469596851502 0,9992988328100403 1,1050441808178084 ), 2,177990801055124
( 0,9984721583673681 1,0950893521628808 1,0472275758960021 ), 2,1811375137233213
( 0,9879598877495721 0,0010140012411338217 0,03364843440558207 ), 2,1834169342239207
( 0,9745890334954828 -0,01254415712535406 0,011944987893790138 ), 2,188528983174777
( 0,9952735689711052 0,02804356301772004 -0,01655439699812078 ), 2,191395996440285
( 0,9697840326815627 0,007448695148358539 0,015152490440771979 ), 2,1919114620700135
( 0,8954140758755544 1,0211597435051676 0,9911379290074116 ), 2,1977426566530305
( 0,9778901671578203 -0,011948995107940959 -0,015003436821262702 ), 2,2236713679893967
( 0,973818443343555 -0,0012156030271750669 0,026465323122091156 ), 2,2241196392773475
( 0,9682119834137402 0,0032644809009078346 -0,00991028938320515 ), 2,2346930069561175
( 0,970117267624396 0,022528099440953173 -0,003848615043882786 ), 2,242741784076035
( 1,0003931002227302 -0,020359760422669668 0,03028506040703012 ), 2,243722586905605
( 0,9835063281518127 -0,01627525646980442 -0,019194915647112606 ), 2,2503768796780648
( 1,0108516423925549 0,011526104487365879 -0,02916093422322974 ), 2,253203737416495
( 1,0217947150816826 0,9538443292571533 0,9046973063364318 ), 2,2627785166159597
( 0,9758773627492846 -0,008610641075164065 -0,020166316944967913 ), 2,2680595317303585
( 1,1054598337640862 0,9774744291394399 0,9854512124160987 ), 2,269774193414861
( 1,0032742281289146 -0,03106841067297663 0,015985860454828877 ), 2,2738410816037593
( 0,9791564966174453 0,035677881102749553 0,014195035716906263 ), 2,2777579434987985
( 1,0003195022280336 -0,026239318025619074 0,02685164104855775 ), 2,2777868937873045
( 1,0322107434760641 -0,01552853138231991 0,0029151827530783936 ), 2,279854267058816
( 1,0126792699869849 -0,007659605142290266 -0,028762820330094988 ), 2,2800454572831548
( 1,102511782621697 0,9784255670783875 0,9694276700811405 ), 2,2911728153393796
( 0,9967924194753551 -0,03386188241541646 0,007544640693863744 ), 2,2925955128488127
( 0,9455221541365363 0,06607501834356186 1,0020089715440774 ), 2,305602489740103
( 1,0248458312187831 -0,023865233329524747 0,018817243454585252 ), 2,3152697828100486
( 0,9606221346077293 -0,0014117165590743497 0,012909426109372183 ), 2,3165163982451915
( 1,0216078803028554 -0,019444800983337722 -0,019392347413315185 ), 2,319597652876027
( 1,0182534197824524 1,100262310277872 1,0413432033535726 ), 2,332821553284358
( 0,987779484745769 -0,03164699509140425 0,02075718748870109 ), 2,3347976567713538
( 0,9735131759366544 1,068339299316332 0,9186420685068656 ), 2,336302886514815
( 1,0092462607281862 0,9879132776097941 1,9126939693138347 ), 2,346172518781799
( 0,9580441035656001 0,013931061728588934 0,008300774354561204 ), 2,3549028740808424
( 1,0179753230940285 0,040096233547563725 -0,01289739741331727 ), 2,359902191984986
( 1,0487334490169027 0,9753007763955532 1,0959897353148476 ), 2,3618298433642053
( 0,9955299077528807 1,1026759493316403 1,0424944767135682 ), 2,380442414885181
( 0,9718708420590074 0,03770769777808036 0,01900073183025075 ), 2,3954725143140863
( 1,0081807109608785 1,0805716708591022 1,076198567847369 ), 2,404242493984178
( 1,0124153894853016 -0,021494587132972993 -0,030637740840642996 ), 2,4120052541699195
( 0,9265151046000368 1,0033318876977224 1,0837311305092356 ), 2,4140041500612206
( 1,039504031944522 -0,015611656117065133 -0,007582430282326566 ), 2,414132722739062
( 2,0063086233680987 0,9540325499823454 1,0708589954989451 ), 2,4166868011529274
( 1,0308941824368587 -0,02347453596460988 -0,014827660762238952 ), 2,418083661080317
( 1,0073627036635067 0,021525276954301065 -0,03816757435688345 ), 2,4234554988415837
( 1,096032741097778 0,9500042809616912 0,9713242017793098 ), 2,4296142150273354
( 1,0010938097773618 1,0257396622940695 0,8901925257756071 ), 2,43061344496898
( 1,0211745739138482 0,04463761139207098 -0,009985566656278033 ), 2,4320206113293352
( 0,96708774389589 -0,016350861198357818 -0,022142259308958627 ), 2,441232420227159
( 1,008503785996619 0,03354244461665094 0,04294551537114836 ), 2,447450930055517
( 0,9851970779159926 0,005977140328129495 0,05120198591634644 ), 2,451835883818088
( 0,9794603473778556 -0,03010063845932084 -0,02165722588371824 ), 2,4592278551704823
( 1,0101702024313424 0,022939733242706373 0,0493440931398218 ), 2,459381443230072
( 1,017300020320451 0,0383205572215351 -0,0278733859757625 ), 2,482102952563693
( 0,9579763491060926 -0,006994936152224039 0,030355063814913305 ), 2,4935763792285925
( 1,9704130516236251 0,004212454368661492 0,9558292921806277 ), 2,4937018301988303
( 1,0306195900675161 0,014120313110432166 -0,034064993776147995 ), 2,4941996036737066
( 0,9912667568355995 -0,013045528916648008 0,051599402883077294 ), 2,495395688644706
( 1,0867631593476426 1,0640234315227126 1,0347649083708472 ), 2,4982137222500853
( 0,9942500344398516 -0,02745958441454041 -0,03376891446248376 ), 2,503631200328975
( 0,9657630839214568 0,01627489383429942 0,04124404372317303 ), 2,5047269355754125
( 0,9943040482236187 -0,027166388960314418 -0,034162997711476184 ), 2,5058194766502524
( 1,0256764748797995 -0,03929645240093227 0,012837402323518016 ), 2,520923340251656
( 1,0349844376073194 -0,02354296914332621 -0,02039509597117739 ), 2,521893727783315
( 1,0577078586973725 0,925844203480064 0,9352143820975849 ), 2,54630229250742
( 1,0391663074236388 -0,02414369947184579 0,026676365778627007 ), 2,554021795410627
( 1,1038059453721165 0,998654375238325 0,9494111637930219 ), 2,5673164810893425
( 0,8886552818350261 0,9754003052802606 0,9790594261322745 ), 2,568086280071519
( 1,042731155108576 0,011527601620049746 0,038064946173410774 ), 2,5733587950295274
( 1,0493905977286035 0,027036794325481863 -0,0019058830140992729 ), 2,57524621809614
( 0,9539533136767266 -0,01729270187201526 0,024271384867617263 ), 2,579697772223412
( 1,0192841986075185 0,05604392753398889 0,011113952383362567 ), 2,5806219945384186
( 1,0212113527029367 -0,0346731815178738 0,036431823831866605 ), 2,585367294351471
( 1,0162192882739847 -0,03956530770877009 -0,02465659123555286 ), 2,6099386873527735
( 0,9771204337483808 0,008490803295933269 0,05633195440975047 ), 2,611372769359299
( 1,0288359725855674 0,004943812734575043 -0,043425982430519185 ), 2,618157309078537
( 0,9792641495189827 0,0024740418551805754 0,05798433380328394 ), 2,625203278636924
( 1,005977316616707 -0,03595216723789388 -0,034283547650396304 ), 2,6351957729823425
( 0,948838036079803 -0,019700093353614112 -0,005468096620640572 ), 2,648031163105685
( 0,9824685053841716 -0,02990443206837163 -0,037674782358066566 ), 2,6532616615832723
( 1,0691177525244844 0,9070949442009415 0,9812711892892052 ), 2,667110996986878
( 0,943487572210145 0,0016120794566558128 -0,012403739511777367 ), 2,679606807598411
( 0,9727237207190459 0,044985862155869145 -0,029263380350009836 ), 2,68405428769519
( 1,0161463243316196 -0,05168282015803014 -0,004713863888168537 ), 2,6941896602334054
( 1,0366030773047616 -0,04106763547339817 -0,008154292050611814 ), 2,7090269736287027
( 0,9070421425433386 0,9274430340765557 1,0123017305261404 ), 2,7229687298430676
( 1,0588902772193085 1,0506859242060822 1,089209083889319 ), 2,723827368635199
( 1,0669908587053074 1,03260258086957 1,0925364964519084 ), 2,7392296881597638
( 0,9663816631107651 -0,0334173009109886 -0,02975907565670255 ), 2,7456725598901244
( 1,0212753702372543 0,06327346510377907 0,01162037061887422 ), 2,7505724448320024
( 0,9731020984152406 0,03585545903091869 0,05239015816613418 ), 2,7603472518785424
( 1,0356061675571262 -0,03847765876833986 -0,022423241342877126 ), 2,764173709965835
( 0,9777820463679738 0,9202830031813164 0,9140114356233906 ), 2,764268983907499
( 1,0129640266431 0,931594736318694 0,9024854715625474 ), 2,7760619653773873
( 1,0335308719212186 0,8981710522159027 0,9461141246117293 ), 2,7811285196613085
( 1,0010723054559665 -0,03541558308108199 -0,04425215629258907 ), 2,7933977389997118
( 1,0121485824743501 1,0679548790288245 1,0986871380234298 ), 2,8030087788532576
( 1,0395505014808613 0,05428942500038301 0,0201379880730453 ), 2,81935156943214
( 0,9888040735874122 -0,034196207694512426 -0,04546642260150549 ), 2,8226402094403937
( 1,9690871170813184 1,0741425942891323 0,9422530464700762 ), 2,852660812092367
( 1,0918828938865595 1,0493381543445146 1,0618741060376045 ), 2,8582999808303313
( 1,0561399346284288 0,03437213102675985 0,025494538094435304 ), 2,861272714532703
( 0,9507207111236522 0,02463347592232512 -0,03502438393354623 ), 2,861289678291385
( 1,035308258180736 -0,02884369339765594 -0,040315725849004475 ), 2,86999253337774
( 1,0366774609921856 -0,028291943928486843 -0,03987125646529682 ), 2,8741712438748053
( 0,9697581852371039 -0,05216509593789086 0,02255484148358322 ), 2,8759516448395033
( 1,0806236113561332 0,9226634359143246 0,9504076516076757 ), 2,9099115522431127
( 0,9419169017710692 -0,023408854718311507 -0,017683445661455882 ), 2,9146245184953727
( 1,0234807071070344 -0,03653248386645427 0,054435733710003355 ), 2,9192074272718855
( 0,9743410290986984 0,015917306231821263 -0,057829429522159234 ), 2,9206244355126714
( 0,9529978815753573 -0,027518438418624565 0,043248522130211464 ), 2,9223436097545736
( 0,9442299977586286 0,8936300645777844 0,9711929895900846 ), 2,9378015946030587
( 1,0514306637111506 -0,03165261857508846 0,034440421987409285 ), 2,9471909439488186
( 0,9817660662600689 2,0622521336195447 2,0001346700467604 ), 2,9497974622549847
( 1,0173021077767461 -0,062209709549955194 0,01321598723328421 ), 2,9500624681568297
( 0,9696220204999679 -0,05696783167102658 0,016413103452245628 ), 2,95407350198807
( 0,9859628404530397 -0,025077548698235325 -0,05720890848129697 ), 2,9705313423726025
( 1,003424332465573 0,040496630097803216 -0,056274674368673144 ), 2,9792882206918208
( 0,9864132898184819 1,094092957323318 0,9191076024779886 ), 3,0133760349662992
( 1,048492658527777 -0,040281448547271795 -0,024193707114930664 ), 3,02800449608106
( 1,044984921731723 -0,034760860272052996 0,046023735720688075 ), 3,032396214898178
( 0,9542344642254061 -0,030311768975062936 -0,03988417773674513 ), 3,0487676979646814
( 1,0011391849978022 0,07886618186574 0,012094136535953703 ), 3,0563970255274704
( 1,0891167624086076 2,0031068081672223 1,0516620387928262 ), 3,0680773699176775
( 1,1201075909394653 1,0083979126551026 1,0427642961132826 ), 3,10400704788335
( 0,9536073251480789 1,0677687153031226 1,0967895180235772 ), 3,1238003614571355
( 1,0632352538647851 -0,021664267163319685 -0,02835244301846101 ), 3,1350452349742355
( 0,9698731395204365 -0,0005669164644323196 -0,06540830323598534 ), 3,1484968253805476
( 1,0231722839311996 -0,025281352569708898 0,0719725988495925 ), 3,149869690189135
( 0,9834408552533054 0,9266057414448563 0,8960546378833739 ), 3,173137297330726
( 1,0349663032325047 1,0967079021745203 1,0786314587973305 ), 3,24294820534114
( 1,0337241850745522 -0,0008147708329176682 -0,06743078201908784 ), 3,2501447861815933
( 1,059980060298185 0,04381695915470485 -0,031967386452497415 ), 3,2622452367490666
( 0,9774344158467353 -0,027008822652176363 0,07580348066419275 ), 3,2663556161234197
( 1,0316448950621286 0,9511117012216702 1,9034603890828796 ), 3,2686866456012496
( 1,0425520389119904 0,994895658747793 1,1245263852777543 ), 3,2856965199812365
( 1,0797343666567736 1,0839230681285508 1,0594701514390705 ), 3,2942059321634076
( 0,9217976253624212 1,0753604632292904 0,010911547249762135 ), 3,2969034195630584
( 0,9178262195781229 0,005130677648551688 0,013318274716782265 ), 3,313793978274255
( 0,0229920575789897 0,04363649023842764 -0,002873406774589693 ), 3,354241591211295
( 1,0555683861183167 0,060842609530505826 -0,023796341517912198 ), 3,370036140868031
( 1,0720636065247509 -0,01928713663789248 -0,030600854886942905 ), 3,3715831291220226
( 0,9568970878514887 -0,01935181894938782 -0,06393705800003238 ), 3,4073544797463704
( 1,0959549869981504 1,0195716755246136 0,9099356793040891 ), 3,41517478366859
( 1,0433084709985587 -0,0009145648435816695 0,07922267053094861 ), 3,4331643979473974
( 0,9422324753693748 0,028345601729566253 0,06445413782834851 ), 3,4412769144627937
( 1,0521475554000306 -0,05988091556897366 -0,016733777728307652 ), 3,446517067521903
( 1,0746259437425985 1,090135315029863 1,0641575990162824 ), 3,459939960092516
( 0,9267299839092855 -0,029621037025181134 0,036582469096598194 ), 3,470473418729057
( 1,0286670018142736 -0,042662762567730106 -0,06276136166798975 ), 3,5038381725460397
( 1,1268832741494315 1,0498451570437204 1,0013713256945747 ), 3,518486813825348
( 1,0124891489073584 0,017543338301901766 0,09244532438386646 ), 3,5205361592605477
( 1,0452436234191333 1,1289620568818104 0,9981351214936037 ), 3,5278476603093623
( 1,0786203740604092 0,9000209897648914 0,9539160329282929 ), 3,53914519132006
( 0,9963399105280689 0,9858922576540712 1,137026728526584 ), 3,5438302942836017
( 1,011617210816169 0,03215780549440711 -0,07956963311234655 ), 3,5563249266559147
( 1,0334052857946463 0,022851083484555 0,08683386981621188 ), 3,5639732667901782
( 0,9730121179637765 -0,024714184006304384 0,08565343433315367 ), 3,564097562419068
( 1,9789243171900406 1,0352506656290892 0,8895768797058592 ), 3,615400297146955
( 1,109266433074359 1,0192726122542553 1,0808142806637384 ), 3,61933544616047
( 0,9591862111340824 -0,06909851579970808 0,03882894501409176 ), 3,6193881742223724
( 1,0693341872183728 0,06283925515480937 -0,009333584402133208 ), 3,622402313355554
( 0,9943571463715712 -0,0869208670584849 0,008278613738621526 ), 3,6393922572937534
( 0,963612657736475 0,019374909987719013 0,08877945638569029 ), 3,643375173186328
( 0,97515611045346 0,05294932509889464 -0,06989151635647228 ), 3,6609352669949082
( 1,0553310231344826 0,03205848329422256 0,07431683420249216 ), 3,667833171717369
( 0,8888701832668818 0,04032428663455424 0,9803072558035411 ), 3,6697337521045768
( 1,056094125840638 -0,004011587123141258 -0,06856347820967515 ), 3,6845594850008396
( 1,1070475724968951 0,028297175760308546 1,0449589426819634 ), 3,68962627893303
( 0,9353226169964435 -0,0198303721812165 -0,05722129526865563 ), 3,693283154814619
( 1,088263158101262 -0,013940802413752685 0,031831582369684586 ), 3,709646311575405
( 1,0054152375079672 0,08075769190993293 0,06089831144914043 ), 3,715864036406245
( 1,0634498350400734 0,06557204347065987 -0,028924073788392853 ), 3,721545925286783
( 0,946914896437678 0,9058839124242807 0,9125738462407558 ), 3,7397177399538784
( 0,9902510193458655 0,8949637878399842 0,9076331223409271 ), 3,7755958055861214
( 0,9887281561192298 0,0977691383362009 0,03715489591759641 ), 3,8657872039811636
( 1,0256924306745276 0,8655950771301033 0,9510813554723385 ), 3,9786737503476317
( 1,037857244132908 1,0818935647294112 1,1124616323642986 ), 3,9915968273943676
( 0,9254300724471394 -0,03455955698593772 0,06233511078902211 ), 4,0248668704501895
( 1,0045589762921707 -0,09083524041522872 -0,030798478743362417 ), 4,028199070832542
( 1,1395078906551186 1,04577179396513 1,0030358559635744 ), 4,036057335895549
( 0,9908513217980504 1,1131365990262598 0,9093492831775274 ), 4,038295086993841
( 1,061493372542533 0,8887901218135168 0,9302935061236477 ), 4,045632475379179
( 1,0291029284278863 -0,03440939072336613 -0,08534661494069473 ), 4,052039712624875
( 0,9326297695857015 0,112127329781878 0,9865339147389597 ), 4,092179724823691
( 1,9732435082989284 -0,033872621680490766 -0,05612191839010461 ), 4,113400831269459
( 0,8865663785252955 1,0914142097918371 0,9832200126088695 ), 4,115867105834013
( 0,8955865968401191 0,013366782744145655 -0,010632474156537924 ), 4,139193235695913
( 1,042721499902209 1,1017424323626692 1,0967974426523988 ), 4,1475185972710165
( 1,0397451414199532 0,908697449058941 1,108171951464584 ), 4,154834596047618
( 1,068550033892301 0,0839108628279098 0,02708591227983171 ), 4,206208941832621
( 0,9322797513330523 -0,06783890313079333 0,04447646232694172 ), 4,232250327723328
( 1,0980583754272755 0,022869801594000372 0,046416844950278924 ), 4,237790173944006
( 1,060076275287351 -0,0767009141959322 -0,03346540984990677 ), 4,294159311962343
( 1,0767267808774243 1,078088193648406 0,8986734278951286 ), 4,300767017341869
( 1,0749561821032374 -0,056052313580887754 0,055479442426555794 ), 4,316903161157221
( 0,9388060544689534 0,00542255343695811 -0,08565857063574045 ), 4,3212165960981075
( 1,0890628552894461 0,06545955708309129 -0,016866590578567098 ), 4,330693647796654
( 0,8999070508088475 -0,03853365034061323 -0,011295949423363004 ), 4,3413979411981956
( 0,984097219640966 -0,07775999321842023 0,07594417302103339 ), 4,352600806683434
( 1,0461635593012812 -0,06920280302950843 0,07174922968983966 ), 4,354278794457695
( 1,1050400837128485 1,0339846485222244 0,8965693576190303 ), 4,388393235666136
( 1,0940760699908847 -0,053427456389347615 -0,00859220939487695 ), 4,405273550877496
( 1,107670122564469 0,9114021558834768 0,9411769580072324 ), 4,4103955538301385
( 1,0597191522449168 0,8632766619708426 0,9658864062769568 ), 4,416501281852689
( 1,047498246261287 1,0286547685284384 1,8722530534067547 ), 4,419603414154324
( 1,077469878294536 0,02900840123474205 -0,07175619146873002 ), 4,423851358178979
( 0,9060639677608205 -0,05530676958836399 -0,004679635349740767 ), 4,425742302832457
( 0,9610498034486427 -0,07808554588138106 0,06973987278060556 ), 4,45154638117738
( 1,02459183343733 0,00652135688284345 -0,10552040464491771 ), 4,455843563402997
( 1,0187723296381326 1,1544496015157084 0,9897922238034774 ), 4,464949990182092
( 0,9969440994010068 0,914764227092566 0,8722968598460459 ), 4,475599627714029
( 1,0046326432354888 0,8862888336574628 1,1029319999525073 ), 4,49284590203046
( 0,8994697804994329 -0,025040886651342187 0,04936895864172872 ), 4,494747365092394
( 1,1401338085226886 1,016186283247574 1,0648384701922844 ), 4,526442965121149
( 2,097870151128786 0,9214593803278974 0,9610310660667118 ), 4,5362922969607204
( 1,030484562858951 -0,05071033288394043 0,10152896260361807 ), 4,565040748979982
( 1,011747949941697 -0,07119772637712912 -0,08091072206333363 ), 4,591872306017574
( 1,0083430062252507 0,0740260304051703 -0,08759350883291686 ), 4,593082424673479
( 0,9140340245747187 0,0661723514057766 -0,04237425932638861 ), 4,593903042749837
( 1,020937271052106 -0,0674474782901197 -0,08253468292381445 ), 4,597544221843961
( 0,9799119682594619 1,1497842323425749 0,9545365205781183 ), 4,620866919130329
( 0,8677266921113614 0,9446380947878608 1,062672351991352 ), 4,6481092574861975
( 0,983446001132875 -0,11091999034899974 0,020718095306170414 ), 4,663904968860365
( 0,9051206991890574 0,0483047119360647 0,05941712072450106 ), 4,6702307416285365
( 1,1181301815780862 -0,008174739451792479 0,007748213665462661 ), 4,670366016947753
( 1,1181571541237973 -0,008118465312917766 0,007776075722441698 ), 4,671253710271433
( 2,0759646369274156 0,051927185951271215 0,009946258440925747 ), 4,70143382187787
( 0,9355726578319704 -0,087392062355604 -0,031289173370844484 ), 4,721037530787491
( 1,9870897347213123 1,0826902412679456 -0,07962975507640047 ), 4,725029691659461
( 1,1549503947311777 0,95810680163087 0,990978141105721 ), 4,762932330629912
( 0,9691942582485045 1,0523636570605452 1,148093960288199 ), 4,774420921267144
( 1,1332127669720142 1,0145890303645853 1,0856810761366702 ), 4,784791469069262
( 1,0488193690288055 -0,07727802038795728 0,07741126063533477 ), 4,79641666053918
( 0,926891824943682 0,8583859049422282 0,9838395657979283 ), 4,817997531863114
( 1,963695020486063 1,002901206835364 0,8599489667027667 ), 4,837270032603506
( 1,9565137022430465 -0,09511752967995926 0,9436226228687408 ), 4,842549669087969
( 0,8797819913580192 -0,004650573862617052 0,029606829764492137 ), 4,861932795433127
( 1,0720928020803355 0,9059004164108019 0,894112415358816 ), 4,864042637881681
( 0,024726929517080845 0,8794370294399663 -0,010647177196914989 ), 4,864489718072555
( 1,0781192837347318 -0,07951362653006971 -0,03510302417229522 ), 4,88800699801163
( 0,8761857684445973 0,9610916291020115 1,9348756615159552 ), 4,890181123560765
( 1,9552051879546632 1,0792886584569141 0,8885533362280997 ), 4,893211870325288
( 0,9860943477488414 0,8706609259293885 0,06652612366517902 ), 4,911713607131496
( 1,0294976259495094 1,1315878908523698 1,088230822684245 ), 4,922510360037599
( 1,0233829706149113 0,11965292163295285 0,04761859405128649 ), 4,929987139496468
( 1,0323673682893828 0,932354642590629 0,856213141364113 ), 4,932992380155547
( 1,0868541806339413 1,0659319795905373 0,8822465245284301 ), 4,938507402364689
( 1,8831574689535393 0,9770128390079476 -0,045066516703650694 ), 4,95096230682995
( 1,1093423506148443 0,0026564111157124023 -0,05432059711813323 ), 4,965046984492371
( 0,9137571367012327 1,0774812858484495 0,888564394787345 ), 4,972923157021363
( 0,9946102486701066 1,1483902534085786 0,9301926356026884 ), 5,019860805507118
( 0,9678204173628362 1,0185870632779377 0,14805337111877614 ), 5,02265902311834
( 0,9180171650500653 0,10042563047203078 0,015079274025003836 ), 5,054083693532839
( 0,8612051097359826 0,9487774886694639 0,9293605061152258 ), 5,0768405081642065
( 1,0935230906238598 0,9237756557953192 1,1091124946914814 ), 5,088418794900939
( 1,1486835952343235 1,0671620930977732 0,9735278696779391 ), 5,098011453822686
( 0,9936315975661777 -0,05807613586481246 0,11635368514086675 ), 5,122225111726777
( 1,0165793674705674 -0,07547521055163202 -0,09302792771509924 ), 5,169554700763435
( 1,9986078404508372 0,1304573150511133 1,0355983370180757 ), 5,179577567452686
( 0,8970795741146018 -0,07226578086623539 0,0011137272192774106 ), 5,19066686662746
( 1,0635913978859386 1,1148916359270535 1,0995691406104642 ), 5,203157743689502
( 0,983551631167199 0,03663462138162485 -0,12029815179016501 ), 5,223669850493714
( 1,1006686187995038 0,9806065038189252 0,8689406566250766 ), 5,239630999429586
( 0,935304080268292 1,0184887984813014 -0,945438965804144 ), 5,253427962151516
( 0,9505345684112878 0,10033045531067059 -0,06884437526943162 ), 5,276493838022944
( 2,125928521268284 0,9301732430270623 0,9751045964393533 ), 5,312706789700854
( 1,0631482248905366 1,0016478850163661 1,157648237708057 ), 5,323805991099292
( 0,9498924707063628 1,1271596866977296 1,0964461967613346 ), 5,325649597043196
( 0,8825625078977012 0,9607500154121911 2,080651582436555 ), 5,34347248862294
( 0,9066942601357797 -0,05969938683944186 0,0713464179524923 ), 5,3472659434043806
( 0,8510322269808261 0,9280323714641648 1,0354054887694142 ), 5,3499059647386105
( 1,1415577449449439 1,0285936137229108 0,9123684849405805 ), 5,3688863943161
( 1,0735116922701506 0,9785996196005319 1,1520478805702878 ), 5,393845276491469
( 1,9442182144259388 0,858410128325862 0,9695158414150467 ), 5,406390067504809
( 1,0218075643019573 0,1056626435017321 0,09023516367991069 ), 5,41039784184748
( 2,009552546992313 0,13153996921001013 1,0451784445138512 ), 5,419046985349418
( 1,0521818910688985 1,0971792557404974 1,1277935065026599 ), 5,422247612998486
( 0,911192219403833 -0,03912974955824135 0,09424067956568126 ), 5,428083770545875
( 1,84596278343087 1,007576651328516 0,9556451310041109 ), 5,444076695619714
( 0,9105881174692082 1,094549103028449 -0,07303633015217187 ), 5,4532230792970395
( 0,9289002061393623 0,9719775943670028 0,8463222729623139 ), 5,47607436888444
( 1,1674215409807394 0,9739131963752912 0,9590413133050545 ), 5,534873080904887
( 0,884786613197599 0,8829671545752436 1,0500346065975754 ), 5,611310385234024
( 1,0709045204682863 2,1210926102137195 0,9436443808534538 ), 5,618991119254815
( 1,1145060561286277 0,883289176129247 0,946606974074377 ), 5,6358641741300595
( 1,034773440580729 0,11738655688204075 -0,06735091902936216 ), 5,638201001619045
( 2,0055822382134334 1,0945333336451288 1,8947721812645928 ), 5,646879813333754
( 0,9800703809054914 0,05255978541252598 0,13491213576037595 ), 5,647821964330198
( 0,9179902966152678 1,8898388531692782 1,0803078385488758 ), 5,651044235410708
( 1,050495491860081 -0,9902134067373047 2,0263867127043813 ), 5,672091483573951
( 1,0443556101405078 -0,9495705531772058 0,002192051162757558 ), 5,683015606207363
( 1,0084169441672233 0,10759935981105548 -0,08865431014698263 ), 5,7069175043766975
( 1,0258164260585314 1,1379652102509719 1,1035341949125852 ), 5,731802853941716
( 0,9875007513231839 0,03950933079627861 0,14240064351299075 ), 5,738248201388341
( 0,8310170687311392 1,0473074617824052 0,9731524718882819 ), 5,738537064830382
( 1,9692338831321454 0,07978106436235265 0,09470827253224945 ), 5,74125119182791
( 0,9131469217769792 1,1441821393059723 0,952582817304777 ), 5,753958438682691
( 0,9653716294216073 0,13995134139904547 0,03377725934344898 ), 5,758000468114176
( 1,0451523491946957 -0,01439940548608884 1,1528284344517166 ), 5,7618826712392135
( 2,961086958916571 -0,04432877146854575 0,9730375654345557 ), 5,7631596745511615
( -0,9901370394870278 0,0680564976685067 0,9905613827110629 ), 5,766440828709616
( 0,9937601976678162 1,0758107800331196 1,1595854719285055 ), 5,771875311425106
( 0,8621721741961047 0,03305210500123827 -0,01943342270948086 ), 5,803744851625119
( 1,0336635296625178 0,8264453019693146 0,9685682919268217 ), 5,82885203011935
( 1,0727503491855512 0,09128393840776083 -0,08150160123353878 ), 5,910355351160099
( 1,988321688033764 -0,9469305304623915 0,9461270523845611 ), 5,915367137116647
( 1,9573338281886452 1,079738673178492 0,8640694808805395 ), 5,958394649546079
( 0,8254055732886678 0,964970949127746 1,0359458144712477 ), 5,965605682741771
( 1,115565851734272 -0,07686159931947818 0,032635270236973546 ), 5,98437378387964
( 1,0328529703795248 -0,06969192931819107 -0,11402234477262375 ), 6,000572129822846
( 0,8879485653340002 0,08893881152431984 0,04658555205970845 ), 6,075768388586937
( 1,1649285349808494 1,024510054393324 0,9272546307423893 ), 6,0836805863292085
( 1,90498041484911 0,8666624784860987 0,9672229749978143 ), 6,087934721153957
( 2,0702776600711474 0,0898473251159676 -0,05110333538987763 ), 6,100531932905227
( 1,1056044401133387 0,04644428697902392 -0,08744156160048588 ), 6,119190080701536
( 1,0475630379735834 -0,9293738847625498 0,005858014335691192 ), 6,131621957817252
( 1,0361247843249446 -0,9388231366926726 -0,03964736732760415 ), 6,136091374510343
( 1,0587346428398534 -0,9721893955460952 0,05275119478557655 ), 6,160074160141175
( 1,0578001717796526 1,1273149068487742 1,1139555958341205 ), 6,172958537833793
( 1,018332211850121 0,8758963637739544 1,8865541697949824 ), 6,191870438584761
( 0,9603955713007878 -0,10781644057641138 -0,08188487531269834 ), 6,210061264307324
( 1,0491382578349133 1,9840795334174826 -0,13719768935402912 ), 6,277965398599303
( 0,8990014751833041 0,1162431891649969 -0,0035960300341908516 ), 6,298624368668076
( 0,8630262408153418 -0,010801738134283784 0,06757246288702515 ), 6,301179735151319
( 1,02238366116469 -0,10470977704912413 -0,09524684082592398 ), 6,344394795859124
( 1,0081496959386176 0,10770556427115063 0,11685705834675342 ), 6,369644368501973
( 1,9750201662448872 0,058885792738285314 0,12612235643829184 ), 6,378605089938262
( 0,9829845419923986 0,9088527652242888 0,8387029288553485 ), 6,397993232397383
( 1,116644737218498 1,0939218829668989 1,1052694197612833 ), 6,401284109243015
( 1,0004680431303357 0,8618070147576025 1,1234428550281204 ), 6,433158721570287
( 2,0072224330100013 0,8314032314272872 0,9608329164464993 ), 6,461426712875891
( 1,864516094157416 1,0878462772422985 0,9335823737835511 ), 6,512413912012974
( 1,0997797822148776 -1,007528804727607 0,9453709757044744 ), 6,539325911221297
( 1,1166580581035053 1,0442365605635153 0,8614615680685316 ), 6,542010951589294
( 1,059472017190319 -0,0016456395357733467 -0,13862692951801736 ), 6,5534348513457985
( 0,06460903323558576 1,8711270428096354 2,007946750841013 ), 6,578043254130407
( 1,1537686292090692 -0,007237956721916655 0,03945846439183264 ), 6,592259400887663
( 0,8643075614295643 -0,05981171662731875 0,047148779468943885 ), 6,60260878529634
( -0,013128918492898656 1,0752631478567338 0,8440328861293694 ), 6,617406315963862
( 1,9233693281250817 0,9080692006144686 -0,09730244619118728 ), 6,635767927434497
( 1,0773182245487578 -0,12875489424046652 0,02844415720600016 ), 6,6379810817381255
( 0,9534442296089259 0,0793431230737772 0,13535892592872742 ), 6,6431133519364955
( -0,15348801876364765 2,0089863807908466 1,0126570256023963 ), 6,697138014326157
( 1,1095398241722245 1,880086857022363 0,9309225152032794 ), 6,701574062863116
( 0,049586933064829974 0,016008851221261694 0,13891951431811733 ), 6,718573651437872
( 0,949744400594987 -0,00632648119614531 0,15740802550549327 ), 6,732431812501968
( 0,8708866362796862 -0,07891453134181281 0,0400882210021305 ), 6,736011791746037
( 1,0939174309707298 -1,0004290993142944 0,9262952366447199 ), 6,760442391725853
( 1,904938623377042 0,9012722401268155 -0,0785517811288814 ), 6,779860410761074
( 0,0295779785609748 0,15397033534070564 0,94175819152305 ), 6,820982614889253
( 1,0118744867318754 0,1577283764924614 0,059992861171487305 ), 6,8448367296074935
( 1,0186174209673653 0,12982882562583997 -0,09465413817548929 ), 6,8878437105698325
( 0,94523094234973 0,1382318496394881 -0,06734533726289392 ), 6,893683717731989
( 1,9521023609610928 1,9499193685266654 -0,9608645110683237 ), 6,895085848780276
( 0,9028900779766809 2,9933392155362006 0,030582421802787474 ), 6,9198430610748005
( 1,0327956423009457 0,8211183054995589 -0,0003965376550294983 ), 6,92418905351925
( 0,9876742645889615 0,027370075625922672 -0,1569843508344877 ), 6,944974939214937
( 0,8600096716921685 -0,057370362236697496 -0,047996467956185604 ), 6,9551900945923215
( 0,9769712159302985 0,8989292651706461 2,9210288070473984 ), 6,961128605429625
( 1,8727445130643594 1,01814397810413 0,11118094626813453 ), 6,989147707895434
( 0,9346433083067673 2,140770777350406 1,9588012501578607 ), 7,052631175166585
( 1,0187498027959556 0,17181891669947036 0,017279072915541288 ), 7,063091823100859
( 1,103955334375444 0,9328828558776718 0,13482772050642128 ), 7,077084663793897
( 1,1540570883601842 0,8798311443014877 1,0016673675963779 ), 7,0865710872265595
( 0,9195899810630055 0,08098188084566746 0,12640919740789736 ), 7,122232619959348
( 1,0143546180330438 -0,08531695333299712 0,14354045106216307 ), 7,153748328480852
( 1,1820244094073762 0,9650297598111458 0,02159489793107905 ), 7,181607669643199
( 2,013240366325498 0,9946696771566983 -0,8825918236738984 ), 7,210835963472228
( 1,0098432173828173 0,8622715080146468 1,140447388987406 ), 7,221798139576531
( 0,9461922348271539 0,9981915751920611 0,18436175663920484 ), 7,226640722220978
( 0,832592960637976 0,9645482677615282 0,900236968269214 ), 7,227725866200036
( -1,005776624765791 -0,05243902632677413 1,0898263585877643 ), 7,2342086156424585
( 0,9604302589271501 0,13144610141393454 -0,09613469757232451 ), 7,255467157457527
( -0,13749443314744414 0,9410155786329323 0,9024840538971836 ), 7,310148946718375
( 1,0291309680275045 0,1060071325062666 -0,12580364711549924 ), 7,336667989624431
( 0,9294003232551193 1,1860748793552274 0,9626392622568127 ), 7,3736956456560385
( 0,9915922826150623 0,9773820712290129 0,7947068811725464 ), 7,3852676253086855
( 0,902504994754462 -0,12629455353200564 2,0344698996510377 ), 7,386796799357214
( 0,9388188898858586 0,16004684813969186 -0,03517809596160784 ), 7,398165192468106
( 0,9343742116839242 0,151375565311183 0,06281084342202692 ), 7,401919330199938
( 1,012012388957979 1,9897877013992717 3,101441933428325 ), 7,408345336144791
( 1,0225581005020496 2,8952072769974064 1,0924071994088933 ), 7,430337903879703
( 1,1113200958270566 -0,11525818088999704 -0,036461970604572805 ), 7,449358002621949
( 0,9951320254226288 0,11935985433806862 -0,12052873842085786 ), 7,451747586500375
( -0,15853373075621469 1,0252800169307104 1,086174825522477 ), 7,470713250686416
( 1,0233361378221053 1,205209904282584 1,0236536211863103 ), 7,483510467170515
( 0,9139703235688607 0,15326432850234384 -0,016607093258557165 ), 7,527240292363018
( 1,0473483254797782 0,1692846247482264 -0,03178748544998051 ), 7,538102368229438
( 1,1606011871018493 -0,05388291932230714 2,0276613590402666 ), 7,584517151496858
( 0,08235618685671588 1,8601266035648665 -0,018007766408179193 ), 7,611014037446374
( 1,9354623571755494 -0,9630514164632064 0,9008656979948662 ), 7,695692687349634
( 0,9032851443753109 1,1785902457473458 0,9677832182124344 ), 7,698929098280921
( 0,9794159829911653 1,1678475208318793 1,1165610860429114 ), 7,7542083307025464
( -0,8798054607161728 0,9472087812570766 1,999811462934189 ), 7,799861256842362
( 2,0885734710040635 0,033495571815062526 -0,9916221025120809 ), 7,829215276562991
( 1,075826115529472 0,1297369749010755 -0,09221384346154793 ), 7,844217805043925
( 2,904559648172112 0,9293452786395563 2,0476555218668633 ), 7,888968439669892
( 2,148487867337135 -0,05442707384426865 -0,0033668977158102104 ), 8,064432070175862
( 0,8481538522764448 0,02752293912738181 -0,08963070368318406 ), 8,065913248639617
( 0,8455673841348029 0,09013536690353406 -0,03464376723621389 ), 8,069162932589222
( 0,8440770822457568 0,08467579630271249 -0,040867555185726934 ), 8,0828539422073
( 1,0933276435696382 0,09761572386976955 0,12788539821243633 ), 8,135149058636962
( 1,0115354224575748 0,10004344587835384 0,16228671738268913 ), 8,213100834061223
( 0,8841758990592128 0,8562808390374932 -0,0610782035330979 ), 8,22811570539072
( 0,8904062633208579 -0,021535123944016476 0,14946875106781665 ), 8,244148920427136
( 1,1862771073488592 0,9483859790718572 0,9084845741232761 ), 8,277413709152036
( 0,8882709701649482 0,041686517044759175 -0,13460165332627538 ), 8,29193075263235
( 1,0822046188894632 0,16072391035434308 0,060927206896397974 ), 8,301534435933291
( 1,0661039032050748 0,17676303193937654 -0,0295930025366737 ), 8,323811364796384
( 0,08775726147730623 0,07899977395450958 -0,9851446396240924 ), 8,353642087085753
( 0,8885278305185874 -1,0158142687869542 -0,062306170876554406 ), 8,364461501445358
( 0,123602264148297 -0,04784713227788362 1,130884729469102 ), 8,393956481774971
( 1,0547925989725104 0,9116547990434026 0,8103383160869455 ), 8,43402927978854
( 1,0144141737649683 -0,8572833918415653 0,03919449402069 ), 8,473747140726765
( 2,880105028804298 2,0298282872899844 0,9282014748391885 ), 8,481826905645562
( 0,07619050080029427 -0,054526113583868885 1,1626978233585925 ), 8,482827144835312
( 0,8302249381091266 0,9222311996606742 -0,07152432962556737 ), 8,516301691151021
( 1,1272207013703375 -0,022457253012314778 -0,9464329188420926 ), 8,538947333830723
( 2,8881528047569356 0,9496541611462413 0,08159264143961989 ), 8,562245509246903
( 1,1378279787158265 0,025422334480298164 0,13077763137619558 ), 8,563079523197459
( 0,0710156350175552 0,9712494464374108 1,1937358327644347 ), 8,581170687901235
( 1,0716443954030708 0,17886206008996153 -0,030354925542042333 ), 8,596188031529294
( 0,14351218927407938 0,10869262522087181 -0,00924040212696045 ), 8,60351620682512
( 1,0403820936746375 0,7893176388287669 0,9408064437002429 ), 8,60804089257768
( 3,0979321431272244 1,965158187369165 2,0287021021491563 ), 8,626065826177399
( 0,8272725331215093 0,9794800338937316 0,11283899018521773 ), 8,643439102410891
( 1,1143633852374026 0,003946713660804374 0,1564023277727925 ), 8,644688050282667
( 1,057022389134948 1,1190990643003849 -1,072694178244309 ), 8,645270328884273
( 1,1770136617143994 1,1048077494294786 1,0703104852119363 ), 8,671554440294543
( 1,9625036837445822 1,8069611470705225 1,042799867226996 ), 8,712036059910208
( 1,1167125548628585 1,0962625305180183 1,15415195147053 ), 8,726350602678895
( 1,0913203786320094 -0,08369108782109524 0,14517421889651594 ), 8,745506454125433
( 1,1248418381639769 0,1372708848186455 -0,04908768724179896 ), 8,748837991470896
( 0,9272312246508396 0,9072111455005799 0,8151033700141497 ), 8,749724100821062
( 1,0500995911951583 0,04779243959909943 0,18913539222523434 ), 8,773868845242461
( 1,0409055261305151 -0,9716053741154895 -0,12989354200505354 ), 8,802416005785492
( 1,1123098550534651 1,1829941213474346 1,0514806820988005 ), 8,868704555172194
( 1,10863472681523 1,032132991449613 1,191048609186245 ), 8,873020358871496
( 0,1764101976205701 1,1148763567356483 1,030344596847355 ), 8,906599282720478
( 2,0682528317752045 0,8421711463582167 0,08800943216508594 ), 8,920755174440316
( 0,9045294476907758 -0,13848785262122598 -0,07750220700590295 ), 8,927379221856981
( 1,9206000348815677 0,039176714869486706 0,16664064424304054 ), 8,984024160245717
( 1,0371799839438443 0,15955807767105146 0,11932477218551218 ), 9,05458575752142
( 0,9758457740236435 -0,1422192990188028 -0,11898414978953448 ), 9,072904963032283
( 0,882978141320762 -0,06213241819546983 0,14493343658689634 ), 9,076477951585144
( 2,126873016937865 -0,058456264028305435 -0,09719220063936533 ), 9,081003359302304
( 3,036472041160292 1,0109541049647435 3,0493066526593706 ), 9,108161168792034
( 1,1160672569148624 1,1244022703528573 0,8597363446858676 ), 9,132983940430485
( 0,999898810484978 0,7712553924473498 0,9541843246964095 ), 9,134363615663624
( 1,0129241584685986 1,2139882777665156 1,0833492232286077 ), 9,182677990132724
( 0,09949128330328733 1,0236633536329955 0,8083079477895878 ), 9,267442134630745
( 0,17651580892529628 -0,019108580998560498 0,8982292928496786 ), 9,319939144637686
( 0,9481731700989514 -0,19003499491887332 0,024528004118469615 ), 9,335265128397658
( 0,816640569215747 -0,04735345764483747 2,06045112933812 ), 9,341331751350701
( 0,8601130036993447 0,9176179484581197 1,1549069402110774 ), 9,354988802042627
( 0,042600211784445285 1,1341816164825873 0,8382786169260554 ), 9,398624117536695
( 1,972813613436406 0,0024233665972236695 0,19704678089937694 ), 9,466854256436438
( 0,878213204194593 -0,09957106580490192 1,1383477415186793 ), 9,47078550025434
( 2,8907851512284655 0,03774192965907658 1,116680308433712 ), 9,627125027840929
( -0,0185571425741226 0,07261223245581042 1,1952108004706004 ), 9,651426974737223
( 1,0391376657920794 0,8184625512931338 0,8631104296575439 ), 9,660276235775594
( 1,9512220309094201 -1,1334628116590657 1,046949952233231 ), 9,671386220478958
( 0,9221349035501012 0,8430024169455592 1,1474557010683202 ), 9,70254228432185
( 1,0153072754070451 0,8271398805255139 0,8470960953459805 ), 9,711150166302765
( 1,0267428128814289 -0,010278388666564607 -0,20296742735339265 ), 9,717873559727842
( 1,0971090482135202 1,1325326478940887 0,8409208662629764 ), 9,72106586234446
( 2,9614532902393926 0,9741465613250943 -1,0768072014617966 ), 9,726665125034057
( -0,03794660844044173 -1,0302263873694955 2,965088705525965 ), 9,763036675536608
( 1,057373537012696 -0,1141855346433042 -0,14941712696266415 ), 9,766318620556813
( 1,173872145075396 1,1479693598864662 0,9608738344940595 ), 9,770792809327993
( 1,8758574334358697 1,104341705209785 -0,9726987416329489 ), 9,780428022819226
( 1,0751295631054818 -0,1312550734629474 -0,12531364112299714 ), 9,800454038614536
( -0,04925296604145467 1,8075198633482907 0,02902245545019999 ), 9,800740492134452
( 0,9184752877742014 0,11117831281102292 -0,14880018035916145 ), 9,80347514597495
( 1,1200068105785637 0,8057391876985905 0,9435315223325929 ), 9,957739723988634
( 0,9922131168691503 0,7697228106741879 0,03667710962399216 ), 10,021355168106211
( 3,0716785684845274 1,121028891276072 1,9234153030937098 ), 10,046632713011853
( 0,7848782129784393 0,03323966957599113 0,024140115222728516 ), 10,091352512098165
( 1,0006407425658541 1,1899590252192165 1,1420539397137426 ), 10,098431127892443
( 1,087876905991421 1,1863199548470362 1,1138937325754668 ), 10,099280008586604
( 1,9171700583999642 0,8951168612900976 1,181263002653638 ), 10,117128696625127
( 1,8882760065037028 0,004725007424560779 -0,1608966540045066 ), 10,185444270319923
( 1,7999233396283736 -0,04804826731682904 -0,02040060731939758 ), 10,228206300144883
( 1,047934127657327 0,7555020372965436 0,9823570409847366 ), 10,228259944893125
( 1,102329200702697 1,081452541029802 1,199788206141723 ), 10,232177545329101
( 1,8824428636645854 1,9675564095205198 1,1796536347405127 ), 10,282831276758426
( 1,0162785566220967 0,22413207700207988 -0,03126151041603376 ), 10,292103326572
( 1,1557496585317608 0,1469496126524504 -0,023349646405948055 ), 10,292988935602729
( 1,0275716901017569 1,1423911513755294 1,190512966744957 ), 10,297991061369114
( 0,7995487399255296 -0,005763873501345176 0,08759349685501074 ), 10,304261910234498
( 1,2028850652727472 0,02916912918902545 0,07963728658198727 ), 10,306928532322573
( 1,8214940073637447 1,010180384855668 -0,9849188143107065 ), 10,337629909336886
( 0,08272952242433346 0,024027007120359878 2,859463976755949 ), 10,337837937495589
( 0,8787978320113741 0,1837153130279241 0,015018518430088475 ), 10,41248797060311
( 1,1113929887818697 2,0325496040793833 1,8126677607803805 ), 10,461781742144833
( 0,1234051641602242 -0,059546657786451365 3,063179302066694 ), 10,47560764695459
( 0,9440501370130256 0,900656823672924 0,7828461811838079 ), 10,508205459834127
( 0,8217823281388017 1,110646046819687 -0,08553002809009438 ), 10,59391222078267
( 1,2048659902856562 0,9546278173700816 0,8735714064054843 ), 10,658317595019806
( -0,8954970171013558 0,047052591373878516 0,8596530259431813 ), 10,676478167875196
( 0,014999790834017115 1,8207494279069452 -0,10427890828354147 ), 10,678075826964808
( 1,0860193204629267 1,1017058010270024 1,2055641889473487 ), 10,702797452479007
( 1,218268003563239 1,0079222016609455 1,1184503692842303 ), 10,737531733881525
( 1,1895463143939855 -0,10807259850037898 0,015199289267063147 ), 10,789658035160961
( 1,9025945329452594 -1,0225802103192125 -0,9993884584418692 ), 10,818699337837337
( 2,9832060099500035 -1,081053098761471 0,04011176127990623 ), 10,82581262746811
( 1,1381809283693265 0,11936732838343803 -0,11695777799777382 ), 10,844277214342345
( 1,8560980855323244 -1,0996161333979353 0,991112347177979 ), 10,869194861851426
( 1,9478068587592274 1,1021269729435956 -0,1864928853467457 ), 10,953335212805218
( 1,1131004884124442 0,8316562728778847 0,8649559468464592 ), 10,960355474687205
( 1,1275387426217314 1,8098160231593616 -0,004167662562557933 ), 11,05597433923127
( 1,1780818734174194 -0,11936809114540692 1,9459253218028822 ), 11,0677917946213
( 0,9868261717286045 1,098290039802819 0,22747175601369407 ), 11,077249523599413
( -0,9800571165317309 -1,0092380767518145 -0,09862651039037518 ), 11,119295721985381
( -0,09052717860309967 -0,027431661956012127 -0,8576644371644897 ), 11,157980925704386
( 2,824478572315805 0,9378713977881532 0,0638102671019436 ), 11,24366603112162
( 2,840374431920431 0,07371778865329806 -0,03680747644091385 ), 11,26171377836668
( 0,9384202840190432 0,22556272366637287 0,054362161843848594 ), 11,285286543683824
( 1,0667519596300574 -1,0996871815162177 -0,9638354628839247 ), 11,291866114524332
( 1,8041517917629277 0,9859786169190974 0,8516130321704426 ), 11,410926904712682
( 0,9275816927712508 -0,16302940381925385 0,1373184673448161 ), 11,41982395483312
( 0,932742886268056 3,04336211933999 2,8857643583031822 ), 11,451733831551259
( 1,106873543055167 -0,1677513847154089 -0,09320563018968905 ), 11,466799244121184
( 0,9469192862000734 0,1259158913817414 -0,18152207210952903 ), 11,512537526709291
( 1,0762997518068023 1,2290328662903525 1,0924353469776307 ), 11,52022930176307
( 0,99977135251262 0,9237152999370934 0,744561058310311 ), 11,539621841004898
( 0,970540647351449 0,1590210521446591 -0,16150707445782994 ), 11,539853289121552
( 0,18043941043413114 0,05580088693621166 0,12319745211786537 ), 11,556838238979523
( 2,9124759965694276 1,1141471077819851 -0,9955999698283281 ), 11,594779306072176
( -0,9467488376887893 -1,0061668476149865 0,11369288758626325 ), 11,606952744556214
( 0,2384618070412634 1,047032490680538 2,0362883919259427 ), 11,623999854256969
( 1,1003654373158602 0,8099696550426115 0,8661121325463775 ), 11,642613016473394
( 2,149017754717999 0,8369758235985443 0,052226413137193894 ), 11,654140245076352
( -0,8994790506416828 -1,0612942088571005 0,03411903034521867 ), 11,680377678853837
( 0,9831420768379876 0,07561802004511377 -0,8085700173476132 ), 11,69180796134528
( 2,028191641292347 1,922455254607363 1,2253983364547514 ), 11,739417338747263
( 1,1569458115799809 0,8959457767570724 2,9112136764148815 ), 11,74717222897949
( 1,899776188011192 -0,9515285261252955 3,052592184125854 ), 11,750519278767612
( 2,0136014438115337 1,0911906967357523 0,7654280005599432 ), 11,75641424201849
( 1,0451549310593466 1,07116258447148 0,7441010258820369 ), 11,826002190219107
( 1,2340719763729253 1,9356245689921716 1,9671558191043124 ), 11,885575345166025
( 2,8154704900670646 -0,004806172399435399 0,9090448677150196 ), 11,908837718219033
( 2,18103698419163 -1,0533992054435377 0,9938087732177451 ), 11,977750195251886
( 3,9201019693215446 0,03176741780138462 1,0763874514539653 ), 12,032544756595648
( -2,0564452064226146 0,97331290270071 1,1009263889169407 ), 12,059528282592652
( 1,1325996731255241 0,22058307143832542 1,002293754186066 ), 12,062811331419915
( 1,8839838927414518 0,08120637279521375 0,18402075159493073 ), 12,07852389014382
( 0,9506017194819922 0,8328045557439419 0,8064836092431809 ), 12,09952561574367
( 0,8384422643704061 0,17591474511508298 0,0345339095001822 ), 12,10783477128114
( 2,85156477965242 0,9084270351662376 1,891009937058139 ), 12,13813205053145
( -0,07709380987869219 1,7615551513449668 0,9852982014860743 ), 12,207984277268267
( 1,7988229980751644 1,9585899392288464 2,1057331668142223 ), 12,223255571409783
( -0,20710350851330747 0,04449823621871468 0,8941705239860223 ), 12,237346188785537
( 1,9038148576627218 2,162281230379568 -0,11088442040791685 ), 12,266828711612334
( -1,0556023659302576 0,06775735433093624 2,895360110945163 ), 12,268283094030686
( 1,8897692291175252 0,9098669255036342 -0,848433226573889 ), 12,283914010719997
( 0,762537528952556 0,0705925978336667 -0,027013724755937094 ), 12,29934736873438
( 1,105648753669604 -0,15379996192599 -0,13246026412623393 ), 12,3333739324259
( 1,8082155706818002 0,03638807944514956 2,9534077649756965 ), 12,506474677283691
( 2,908890546120361 -0,12886532599721262 0,8748838104448082 ), 12,564960400856403
( 2,8257878994090397 -0,09175475403437056 1,9828592174443118 ), 12,581732556548126
( -0,03615956283689936 -1,878689938056461 0,966163391068195 ), 12,61066695059495
( 1,027603702607085 -0,17671418279414913 0,1635648795706598 ), 12,623573243458555
( 0,8187390862962649 1,857397316184993 1,1106383417956998 ), 12,667357229057263
( 0,06693995694589372 0,9455580659031015 0,24662579309553445 ), 12,680061534800124
( -1,0585446526175013 -1,0849583522394646 2,0682135048100445 ), 12,690454982859507
( -0,1911226168678551 1,0563013568766149 -1,0286136483602875 ), 12,702026699957408
( 1,2242952190980738 -0,04252195697040892 0,10288682180822015 ), 12,706465782485594
( -0,9462033399437515 -0,9151902421717159 0,8672148870254062 ), 12,708779862254648
( 0,9521687999836583 0,7202055596551193 1,0441462093132596 ), 12,774090645227666
( -0,1822260203962327 0,03492504085290182 2,944418036146581 ), 12,822410050256007
( -0,8760700355766681 -1,05492808986234 0,06223355805404318 ), 12,847799937247608
( -0,0046577984744593515 -0,15571142046429248 0,8146251744810714 ), 12,849990891823769
( 2,0411727478590214 2,8565331083115426 -0,9561966031319883 ), 12,861676925207789
( 1,1553953747467673 0,04063681430444377 0,19459003695378718 ), 12,905533331252592
( 1,9947168371802166 -0,9436668892292306 1,2096390176958338 ), 12,927794417119674
( 2,8256159761058943 1,8738919781126777 0,9506192396718784 ), 12,980458771690131
( -2,0130983831511653 0,04530852631748719 -0,08614866294836476 ), 13,035795521471496
( 2,1204124294602695 0,7816565921269922 0,0038390495873603225 ), 13,050368026932176
( -1,0360668198514338 2,9234455671031734 0,8557845123465873 ), 13,088437551087768
( 0,8509822917247329 -0,9552826844703333 -0,9234403867130083 ), 13,144260314249124
( 1,238726535681171 -0,019078377283994974 0,8807599170744473 ), 13,1514623563472
( -0,08750310430368247 2,902691976217568 1,1674559070102193 ), 13,159221459311429
( 1,1980009748693368 0,8750843395982307 1,1348936604195823 ), 13,170683540354752
( 0,09218238400651174 1,8965246637600202 1,2157019225808106 ), 13,207131153821436
( 0,9524012677403828 0,13697176373366843 0,7741848234860524 ), 13,208553168041622
( 0,7894211266534217 1,1337066679263603 0,08708600401234566 ), 13,230159819646918
( -0,04989324418159824 -1,0963975496386764 0,16233516911694845 ), 13,231261138455935
( -0,05055828629925985 -0,9907819291350033 -0,8474507604463795 ), 13,249540022949713
( 1,020997746002919 -0,25364593937809465 0,052582776632879386 ), 13,326466979886995
( 0,7623271469632402 1,1412659003810002 0,9554933281975962 ), 13,380370298813475
( 1,2767846410980987 0,030843474848959995 1,0511788497406889 ), 13,393269385363148
( 0,7918912500524257 1,8749335557168834 1,1111557091601996 ), 13,49259745160596
( 1,7926430461584162 1,9421883809476699 3,0035357591254837 ), 13,537724875626662
( 1,208485738232765 0,9692064758116294 0,8178353581735738 ), 13,550912167630841
( 0,7722121089467365 0,12851027748735144 0,024435330130305855 ), 13,576231793243267
( 1,05101756975021 -1,2045486250156687 1,9746729608316582 ), 13,631228650447056
( 1,263611745982628 1,1039839234123663 0,9421154347970071 ), 13,65147336215945
( 1,8644157071049794 -0,9001343817981716 -0,9757270080048461 ), 13,696630329837014
( 0,981103915281984 0,9025364321728556 0,7213879467212041 ), 13,76314653840647
( 3,000652785930016 0,9427536898185889 -1,9554875801932894 ), 13,76937808947875
( 2,9959566889226332 -1,1304183128927807 0,08006800015121335 ), 13,784731687505158
( 0,019179327068303276 1,7630759894931918 -0,09667680824478703 ), 13,78772328572838
( 1,9842951796636805 1,9340640647021416 -2,0894436643850782 ), 13,818629814977264
( 0,8010532096864429 0,06926943715569023 0,15600542644257143 ), 13,82893546613587
( 0,019697817411556823 -2,0579495603726294 -0,0916073649345053 ), 13,84699278540758
( 0,7852847763415718 1,1809835918952105 0,9675961494511076 ), 13,885772439521524
( 1,9717273985649 0,25864119047948814 -0,0552890154391566 ), 13,904905213901515
( 0,9110916150284477 0,9866598494190312 -0,7620445440068182 ), 13,912100278140358
( 2,1360075009785624 0,15113462811097372 1,1537326094614677 ), 13,962671562984973
( 1,2688108536882967 -0,027288550630386522 0,05724423859681541 ), 13,98206307282905
( 1,0820492161795652 1,9299591267208327 1,2627592958861118 ), 13,993940013587572
( 0,994417450759143 0,8604980942558174 0,7445924809411316 ), 14,032252321885695
( 1,048300325622296 -1,005023972326444 -0,8094468769661912 ), 14,109600456357139
( 2,8828987410102176 0,979389380527863 -0,19357557841440887 ), 14,169490223960882
( 0,8957844460621809 0,7239038569216645 0,9559699592848961 ), 14,169935927190743
( -0,03829776572683813 -1,0294032755917555 -0,8301132289286096 ), 14,180379814507143
( 0,7746260439158267 -0,034340638031683704 -0,12886677820952522 ), 14,188538184822551
( 1,0876188584087794 -0,22495815613258888 -0,09082895190042627 ), 14,193412257102537
( 0,7270239347111702 0,9888563824696192 0,8808252474745634 ), 14,226881397394024
( 0,9483900390447184 0,7028684265517429 0,940274638487838 ), 14,229864380453957
( 0,8613631634758163 1,1569609610161198 1,1870261801939197 ), 14,266009330066433
( 0,1700702052736176 3,0337515874925662 1,8665817474670359 ), 14,29890378822919
( 1,922348048715428 -1,2051083427664793 1,0375767316879925 ), 14,375510045453609
( 1,0500967741366571 0,14518766931443006 -0,8159157741657039 ), 14,378110124233665
( 1,1442813925020614 1,1355012238220359 1,2028566555092557 ), 14,407203953855792
( 1,142002435002301 0,9714244527302076 0,7428625413999123 ), 14,419366184869478
( -0,015367452788998509 0,1227733203855641 -0,806976623833043 ), 14,438972949064413
( 2,085414178847144 -1,081769608698233 0,8118161213876485 ), 14,45709607000635
( 1,2517846118890996 -0,09391673146902438 -0,04058119940004659 ), 14,469429847074899
( 0,8255064238357068 -0,1905705474702497 0,040416219883705584 ), 14,473288283075174
( 1,8541852536140138 1,219233527131964 -0,05570699337998751 ), 14,48890756511623
( -1,9473244224125288 0,06667802285483504 0,12369055227889926 ), 14,604285599622251
( 1,1334760431392938 1,1433594873693873 1,2084303299466828 ), 14,60467816901066
( 2,81331309741188 1,940535304661445 -0,11309962117788232 ), 14,648086690508592
( 2,13771064416905 1,9670600731297665 0,21935710954591947 ), 14,65452168021468
( 1,1375504328539143 1,1387500447828203 1,2102424175402144 ), 14,68360351027168
( 1,0292951484332122 -0,13600739713922205 0,23758750515134458 ), 14,696952424336725
( 0,7685127887507526 0,16557513317569805 0,9682324015998359 ), 14,72955589231307
( 0,8382886483683851 -0,8176653974437109 1,0638683528500545 ), 14,736800171700308
( 2,832048750977662 2,1231436960167342 1,9148746852314877 ), 14,768443492179756
( 0,7370672571452987 0,076869541102919 0,07307568497625384 ), 14,771759578628377
( -1,114586408809903 1,8747034045435997 -1,0244783597287244 ), 14,876987956980464
( 0,8862918138307825 0,22623748949476363 -0,10588760971996458 ), 14,925338473556655
( -0,7549780722984427 0,01828011251474572 2,021889335737564 ), 14,935567878943425
( 2,011838450112752 0,21806493103505697 -0,1470677729078954 ), 14,959655795950138
( 0,9412145376389716 1,7041558454096921 0,027187524418122444 ), 15,106424776097954
( -0,990879517986654 1,7802704208804196 1,1136754501072317 ), 15,155372724620289
( 2,01478061352452 1,8457796666968471 -1,9639122860883758 ), 15,16767720266612
( 0,20421384836001444 3,0168846297220826 0,11475114983627255 ), 15,192234130800536
( 2,8661760736232296 0,21188769414560107 1,0266930062270747 ), 15,204549865314512
( 1,952808982012002 0,20355456138231204 1,186115955122812 ), 15,229149436832577
( -0,22333084317136387 0,0072039316464394855 -0,9397380363633374 ), 15,295473471454368
( 1,7687841334903296 0,14797730841691914 1,0770692833388065 ), 15,314927647220737
( 0,8125201151968979 0,8422303507921343 0,1444318418681619 ), 15,330736575257703
( 0,9475563801321997 -0,7882768213297056 -0,9906327481479051 ), 15,336731682426716
( 0,10247099451742776 1,897135766968522 -0,22145412575138856 ), 15,337346503375395
( 2,2927981908541892 0,9918368463509115 0,009282962240268994 ), 15,339867613483719
( 1,0831212279474782 1,050199690112191 0,2992694490102099 ), 15,37334441490566
( 1,0925658504270748 1,3088992801679202 0,9834699904982708 ), 15,41920072651947
( 0,9299769756876344 -0,7432420123209704 0,016638950147758055 ), 15,442228886061883
( -0,827981533303406 1,09164701470552 -0,9089064128330547 ), 15,494183226790081
( 1,2020783339770162 0,10056500514950589 0,8165234782057853 ), 15,789368612047841
( 0,0805750846191985 0,2280820047329648 3,0399972356811915 ), 15,79851200026884
( 1,841386050113825 0,1717599482114605 1,1579358604608507 ), 15,799601326946135
( -0,0024144117374342855 -0,9234228415138049 2,802900552385783 ), 15,82837672975926
( 0,7941506512395056 -0,044445822664504975 -0,8607213062922137 ), 15,835212573723002
( 1,8641382615970896 -0,9391897352230097 -0,8566688436396923 ), 15,891515459822164
( 1,1381827462442806 1,9846017245021679 1,7355567023950735 ), 16,020798486799016
( 1,2300249673592951 0,9759210131215799 1,2026719356496665 ), 16,026944502733365
( 1,017004332047863 0,881699268061237 0,6958040430267838 ), 16,14128661490306
( 2,0528856389510874 -1,8899141282971401 3,000189768440553 ), 16,306268785556355
( 0,7674248740360781 0,1221281984948461 0,8567333925797255 ), 16,34036074613176
( -1,0209230456273841 2,0626912555141077 2,797722061855814 ), 16,343609867019605
( 1,6857282005139784 1,0625843782147577 0,9219008796410654 ), 16,35294158094331
( 1,7394987366955836 -0,9747393599496194 -0,020510789372930605 ), 16,355849560644273
( 1,1752077908236096 2,076996090308781 0,7732319575673288 ), 16,406817768441755
( -1,1945270642325625 0,8572962829550838 1,9559766908760297 ), 16,472573079573962
( 2,974631317309904 1,0901788790937739 2,2409040138448404 ), 16,565452547334534
( 0,8242256643060483 -0,21697406313288956 0,06331494834068828 ), 16,613500115945715
( -1,0426934076471797 1,8930885238022264 -2,015934514557632 ), 16,646410844159796
( -0,02951131468655488 2,8749274042526825 3,9754199999601174 ), 16,65097180696212
( 1,3349013777875944 1,0161344193400959 1,091073102555086 ), 16,850174595388992
( 0,9180180881986385 0,25812477677292245 -0,9384865795900037 ), 16,86036600905475
( -1,2150712018894434 0,9786297330057279 2,1218122862049076 ), 16,867138566793784
( 1,706541583359418 2,114068503599422 0,9974476063671873 ), 16,898722130170093
( 2,1960183108999947 -1,1479051001424598 0,9701054256879478 ), 16,90979941844202
( 2,9741395213087385 -1,9694908706155112 -1,003682979023751 ), 17,047416328607465
( 1,7559962951812187 0,11826509215699024 0,12158454191715139 ), 17,158886089403033
( 3,004000742744241 0,878095845777342 1,2543205429574282 ), 17,162885957901693
( 2,1029745224862317 0,26785469050646427 -0,07814701825718506 ), 17,237012319790804
( 1,0042985368170556 0,23831445242374638 0,1974662876205016 ), 17,253147564141443
( 1,8433167606562835 0,04162590097097302 -0,7878019902469675 ), 17,28003123759866
( 1,9778765970234766 -1,239516445839668 1,0990802845905143 ), 17,295724378458722
( 0,9739264415561935 0,9599887179383377 2,683978472286163 ), 17,316604520593483
( 0,056530044657653544 1,9839072477021549 3,2459621878788036 ), 17,32414692481365
( 1,2391628907716963 -0,07942964028719862 -0,15279641668251487 ), 17,355837227707024
( 0,9439509768265011 0,014153746207763995 -0,3158810500563065 ), 17,3820407850563
( 1,1090180191906314 0,6895005319356264 0,05077383687967879 ), 17,479988950681523
( 0,7084408738020349 0,1462247577028946 1,0298081057428965 ), 17,503281675023295
( 0,9427854128304262 -0,9795197588161271 -0,7530217119699583 ), 17,526924624664417
( 0,12974278893355765 -2,0795749679950104 -0,09725080047169632 ), 17,62145448866137
( -0,06260654167218867 -0,9166088809396871 -0,2371316696189032 ), 17,630687092066196
( 1,236946859078016 0,8856782897413037 1,183050517431112 ), 17,6706669036376
( 2,708024991099146 -0,005910914747356583 0,922752235375097 ), 17,703907235521356
( -1,0484570599816532 0,9331065656827258 0,2767722997179604 ), 17,72821494449812
( 2,077339210427381 -0,872725451065671 0,7682462185621164 ), 17,765863427278003
( 1,0302323813840784 0,3559400060717606 1,9817275589908143 ), 17,80085525935351
( 1,0749314709506546 1,3224961801346469 1,1078723519026938 ), 17,818757080720374
( 1,2504560869991797 1,8160038489806882 2,018866032019077 ), 17,836224556495036
( 2,011865735302646 -0,003433183653769434 1,347698916814546 ), 17,94202407661149
( 1,662728243462897 0,9179543201160941 -0,013115563386290024 ), 18,018608758588893
( -0,06121909344283605 -1,0197992856708114 -0,7671756665088392 ), 18,05958497670627
( 1,04918943298587 0,35621788284496253 0,008404187237543688 ), 18,077250708066003
( 1,0924485128555135 1,090763659465019 0,670699533931038 ), 18,126876251404617
( 0,8719415859055332 1,0398477211842867 1,3289050130523474 ), 18,261203056140406
( 3,004452271899747 -1,2198246289341368 0,9202951855165857 ), 18,299093190511535
( 0,6755404815733899 1,0690333259239746 0,8788585877189903 ), 18,31996565131426
( 0,9280231017977687 -0,16787565095918144 0,2571622102070053 ), 18,442027622801433
( 0,3082935155755826 2,1034947022211337 0,03479508924273389 ), 18,487989568253077
( 1,8700928361730977 2,239287859491251 0,12731313949760648 ), 18,564646167219706
( 3,0670488091208 1,9909715881532175 0,2809771172097588 ), 18,59621679361237
( -0,9927916379542687 1,1772249944484257 -2,011618516866419 ), 18,694460011759695
( 0,9226589066454761 0,3545772706022121 -0,013915750911522862 ), 18,754515398742356
( -1,226346216919648 0,041369090229764455 3,0077602346891226 ), 18,773750345670393
( -0,16218959716517078 1,8764471052768799 0,22555626260570438 ), 18,812120100736294
( 1,963640759404671 2,9415484969782533 1,7036547254342973 ), 18,991001758716372
( 2,8077580285033847 1,912775572369622 2,178442864112589 ), 19,058416606340018
( -0,19192001546617332 -0,2196052170180689 -0,051167736783335416 ), 19,058440532873234
( 1,2048091821777183 1,198644765870563 0,15387272089813497 ), 19,145600690055453
( 1,0654494082088886 -1,8050551965095862 1,1444334711263893 ), 19,179383831277413
( 3,7662459460099442 0,9106990910547013 -0,010472810909742059 ), 19,21706351283276
( -1,8712773129095757 1,121485821495809 -0,9126267263577912 ), 19,257357533125177
( 0,8462807817987408 2,078293693088966 1,2909063705013908 ), 19,31157076506208
( -1,1280679745350777 -1,040613275756419 -1,1208450073000757 ), 19,327887698819886
( 1,8388657401902975 1,71409906517483 2,036795038383806 ), 19,493315296620423
( 1,1558287646097827 1,7443678271632033 3,02070209674104 ), 19,52219813652301
( 0,3565700691812985 1,0984048102868327 0,9264278841968103 ), 19,53670638512141
( -0,9504973308730278 -0,8441698363176577 -1,1255211160481424 ), 19,577573529081107
( 0,9481248684381154 0,6340333603408264 0,08645844808354053 ), 19,59582507523111
( 3,8074579616363105 2,9843804068564213 0,047611344952015244 ), 19,6866012149029
( 1,9149788799118188 -1,0489869671513963 0,7064500498780616 ), 19,687224066375236
( 1,1419880379426461 0,7780980378301519 0,2026862431920078 ), 19,742100003637077
( 2,0897642706837654 0,0309987667972779 -1,7795796822965657 ), 19,742621223729408
( 3,0869041336685465 1,759811201780272 -1,0005418851326506 ), 19,772738233772067
( -0,08450624613162772 -0,9363215864792145 -0,7562522018437157 ), 19,783801699091345
( 0,6860936007287847 -0,02655382762507783 0,14509815208241753 ), 19,806194479537716
( 2,037638328880958 -0,8984993615178103 1,2976368909240352 ), 19,962147224490533
( 2,349583620774554 -0,06285022778182614 0,9533711559895813 ), 20,00563441542138
( 1,9532949107124757 -2,011547682336667 -2,0413258659072597 ), 20,01688896898686
( 1,9213937471852334 1,2481721081205746 -0,1952459390380028 ), 20,046567212729457
( 1,1770300778848783 1,0703365073039 0,6944895188865814 ), 20,082027900146677
( 0,2608229461741305 1,1892628333030073 1,1165881910967808 ), 20,11628018374056
( 0,1516368550005307 0,8617116839511112 1,731769791218049 ), 20,166189923456763
( 3,7961973372282074 2,9764977418096015 0,04531714245230267 ), 20,28608133687747
( 1,7575256698566664 3,9131985999700047 0,9556812002498862 ), 20,425815649272238
( 2,0262926995705226 -1,094409970689585 1,7071232466684412 ), 20,445970819015727
( 0,11763909752377177 0,334535030051595 0,9081100276284444 ), 20,525612197637933
( 2,041899131052632 2,030736222498885 1,6115423026317628 ), 20,695389400901924
( 2,134678644409761 -2,026576630879022 3,110806353211818 ), 20,74127323559247
( -1,8888246424107105 -1,092026017377123 3,011754481054025 ), 20,764061467694326
( 1,7325233628328867 1,089121825570936 2,848521368588952 ), 20,782294304880963
( 1,341796666621692 0,8324528569749381 1,0273232087294732 ), 20,793871972754783
( 0,9706838323037987 1,9747008101774528 1,5620870963567515 ), 20,81077726065339
( 1,934845169007453 0,9783440571473849 0,5749951928396486 ), 20,88398775779586
( 0,9213335712443549 0,1253041006447086 0,3457058266295866 ), 20,996170981574917
( -2,108287818443221 1,8564474294860593 2,934292113839145 ), 21,002714578953526
( 1,388476057749726 2,073405414410773 1,0733331160383102 ), 21,040009413734154
( 1,2670028162763154 -0,17096004184254762 0,11571414816317982 ), 21,054735949917703
( 0,9300257984473028 -0,10241235449877217 0,6321044531084099 ), 21,054930440583178
( 0,7143451720579255 -0,026675062629641755 0,2012835742707464 ), 21,121934731875527
( 1,724921652285992 -0,1580426587681083 0,8694614349439469 ), 21,170358369698697
( -1,9464897458006956 -1,1706624685787506 0,08002591392014402 ), 21,256525699926918
( 2,0248985130678636 -0,6632172634933571 0,08287201775216574 ), 21,29174993642586
( 2,0078474386603964 0,5647921486595052 0,015675374119502483 ), 21,417399218560163
( 0,45119604645007927 0,989548396922758 1,9389210860548645 ), 21,46534517026611
( 2,7416292051246636 1,1442361474696539 3,020791770097333 ), 21,58167397453199
( 2,137221466614634 -1,9755789541024815 0,20636396988510602 ), 21,67940236115981
( 1,7979555576541417 1,8089251422530217 0,7990416855227873 ), 21,712509929636234
( 0,27739326701278344 -0,04985024288800721 2,19283569927613 ), 21,73140898572405
( -1,043039390184398 0,7130125344461552 -1,0559324026335766 ), 21,76098024613752
( 2,035903524547268 3,9720242392335603 2,7767378307673365 ), 21,798189257353496
( 0,9585832708039681 0,5741660717604279 0,09039822158540572 ), 21,850999182669337
( 1,7471121417334874 1,1606751188116873 0,8082804564144209 ), 21,899207014729303
( 3,196536106928672 1,143838525309099 1,8175588729624703 ), 21,912365416380545
( -3,050607275901421 1,055516719344249 2,1299840536855066 ), 21,94469843367352
( 1,9227112887996505 0,8421996807458659 1,667634438927008 ), 21,950972710537798
( 1,1112834051870943 -0,14736539874069887 -0,7288937933611095 ), 21,975718909060365
( 1,7717927481926954 1,1033865905917222 1,26077508802188 ), 22,022578623142017
( 0,06100815837896123 0,5356723160116128 1,0540479827181788 ), 22,146931280242164
( 1,0651295461955994 0,15835738886611317 0,3471573415582161 ), 22,251798976499167
( 2,04802696431649 -1,0708942704266455 -0,709124695546855 ), 22,275855081586258
( 1,9637090580009646 1,9158847906121266 0,5786876688758058 ), 22,370837250885877
( 1,7331824892282974 -0,20634143617345568 0,07917955694697434 ), 22,398777284814155
( 1,949658647087492 -0,6146467862711193 0,9311060516580395 ), 22,447893934109402
( 0,24226788381416986 -1,177021461307695 0,8961785042502362 ), 22,465636626961313
( 2,077857759565299 -1,0244772213880404 -2,9797964200583094 ), 22,470445123407647
( 0,17236531652524342 0,8313968812127145 3,8700448089317665 ), 22,522002543528057
( 1,9143171789824502 1,0233094634434026 0,47989564855360367 ), 22,548906818066975
( 2,1433837727616676 2,78509383907315 0,18393873748970158 ), 22,731075483513976
( 0,7161281547159537 0,23341733550677768 1,9768009896937122 ), 22,800585534366824
( 3,8891709422219 2,21389671085558 0,10514574337060309 ), 22,804828373322636
( 0,2718891821346812 0,1954166799313727 1,8740545110967368 ), 22,920806112479973
( 3,976026461039695 -0,9370081252451301 -2,033970163715084 ), 22,926939109399157
( 1,9192668148397332 -0,7787133916807463 -0,21832446267676275 ), 22,980942078351777
( 1,4088523812856937 0,12202130903133446 0,9335057182653149 ), 23,004835411852735
( 0,7609764346786667 -0,04615793402425261 0,27663393021555827 ), 23,06898852822388
( -1,980045800663837 2,9175299439697673 -1,159939369148542 ), 23,252693626341774
( 1,1294218291502047 1,3402448397740285 0,8406361694862541 ), 23,265282157761845
( 1,4777917801621625 1,8900412647144713 0,974406904039824 ), 23,346146436109887
( -0,09504067462335875 5,094314653437104 0,07632212316030527 ), 23,379360617931482
( 2,5269394780122396 0,9724951529602149 1,9786382257003663 ), 23,38601970969477
( 0,16505125432988244 -0,179284654561515 -0,7894174829064577 ), 23,45237457365876
( 1,4591751648420743 0,12618475808603957 1,0000617871836193 ), 23,6289737098243
( 1,9406606004942208 -0,7766250884161529 -1,8901869625643735 ), 23,70372875430431
( 2,405855622103373 2,0582975671874193 1,9367758919188371 ), 23,716978534171762
( 3,013614226161539 -2,878022876984878 1,929730908097051 ), 23,749521058281687
( 1,7150221867405662 0,08467581638047164 -1,9791228934664589 ), 23,872459888013392
( 0,7991434498770171 0,9301819137603233 2,318878610525019 ), 23,886521133829817
( 3,049691013714516 -0,028021784205358436 1,6099627275891129 ), 23,974791326314076
( -0,023572960179293074 1,3032751997718017 -1,9313998717620189 ), 24,042116666082602
( -0,1837634583849902 -0,31740419990292057 -0,0037933165708430305 ), 24,21428526174291
( 2,951851284467792 0,5390423457038296 1,0157613110700754 ), 24,22620412944451
( -0,67585643873733 0,015300071091958922 1,1833121133892606 ), 24,281213020137773
( 1,3832153446923816 1,819711556471555 0,9531557461954534 ), 24,436109756072394
( 3,045553978159661 -0,9906609541413784 -2,9654093664195726 ), 24,53079073935331
( 0,0982710405104199 0,6370081700465773 2,9065673147247013 ), 24,618524177918868
( 0,4791210926836116 0,866333484485651 0,9249553811448326 ), 24,624361496501432
( 3,092661770947985 1,6955277420733645 -1,0600428226507832 ), 24,813667655264602
( 1,156461452678321 -0,6997084479140225 -0,9461593020528398 ), 24,83072948460314
( 2,3306868652540773 0,12810554041607186 -1,0347078841841486 ), 24,831364230668825
( 2,8260014687010777 1,729384508836051 -0,9393342174110778 ), 25,04082610788501
( 1,8839123999759877 1,8987457365937206 0,42245548998539917 ), 25,25960826647459
( -0,17584487017739564 -0,2923533359449997 -0,9548878939982075 ), 25,410704101989033
( -1,1442656023865216 2,3154604012528552 1,9551325352517088 ), 25,46787760271144
( 0,5419488615594741 0,8216735731494345 0,9880915282750209 ), 25,571684747202532
( 0,20677687586844334 0,04978398206745471 1,6507940862646908 ), 25,59578222533804
( -0,10773274246764078 -0,1615081123713703 -1,2682925248400636 ), 25,79497368993777
( 0,555417403968844 1,8244353240805213 0,9744539350343335 ), 25,898169525469307
( 2,1473574451130464 2,3059590445706206 2,1502845246297975 ), 25,914383308259083
( 1,0022599196503854 -1,9693355698542032 -3,051352222034704 ), 25,93249019720581
( -0,9261823234131413 2,0018947701750833 1,5188980490432984 ), 25,96997730880757
( 3,8025682545632504 -0,13617227148032163 -0,8705867691255824 ), 25,971150352501965
( 3,0568552816653107 1,0359391507270497 -0,5935270182410831 ), 25,978937487455696
( 0,09821190849230099 4,944929523132756 2,1806038430919124 ), 25,98308155692623
( 0,2162351205601153 -1,0485791885856202 -1,8373226768361963 ), 26,00247736489958
( -1,0086571138468725 -0,19510062627696056 2,7345980534283494 ), 26,071382636765524
( -0,80377168324217 -0,8181327927803992 -0,17753808602753662 ), 26,082540267871995
( 1,6923596546436777 -1,1043172149981022 -0,8969980470257989 ), 26,14346852999515
( -1,0432824114143493 -1,0321908874762276 2,3421669282004247 ), 26,150305894081885
( 0,2713588143005299 0,31289959797812017 0,9759385055721127 ), 26,305675381302905
( -0,1987604042232789 -2,080690257356758 -0,8528095917777526 ), 26,434595550540376
( -0,007007793840606236 -0,6912153369822549 -0,8215160174661071 ), 26,468239207599776
( 0,05951667359950785 0,15675170773940095 1,4993960480562953 ), 27,006535535162712
( 1,969627562403097 -2,1143731209650203 1,6963844679147277 ), 27,084294074856075
( 0,12922556107617256 0,0317726553416211 2,494485668942228 ), 27,240943702763143
( 1,7350528854107257 3,0414455941901593 -0,2460917323553562 ), 27,289939342834725
( 0,15619260614412994 1,1753298413611644 0,6328296352188977 ), 27,51222738128257
( 2,095242705578258 -0,8977129107806631 1,444208668909421 ), 28,122945201191033
( 0,31256331807364246 1,7169444774672555 2,0334879506928756 ), 28,167773767357236
( 2,08534900155321 -2,0419146886674846 4,938966866569845 ), 28,42156429780961
( 0,17803197915252156 2,0211163950787947 2,5803127874012493 ), 28,687818715547706
( -0,11572324139175238 1,6248056813059297 1,2114657311640271 ), 28,891059128942157
( 0,23759212140274838 -1,8347801018939702 0,81152760726352 ), 29,025111799698973
( 1,5733579416870087 1,9249208814274608 -0,8409878508886879 ), 29,211506390740887
( -0,8544182747654183 0,1672160961700646 4,186502654028938 ), 29,3313191042169
( 0,12597300837994396 0,20645745530864623 -1,7419862109834194 ), 29,68586671119351
( 2,124517387671656 -0,8405793882180985 -1,7402702621755277 ), 30,290863191848732
( 1,4938118274318208 0,09590409855939636 0,7913122907057691 ), 30,291812894888917
( 1,2815855576038908 2,137282915808872 0,29991944359610034 ), 30,414902641833475
( 0,13445999588928412 0,24462598331583443 -2,9483035044734835 ), 30,455637158887086
( 1,2564031085466523 -2,973227124606888 -1,0195342455356395 ), 30,549387974446223
( 0,31148908263053326 -0,3081771228040985 -0,033076165792994994 ), 30,810387690502466
( -1,7048956641764281 0,7682405949924029 1,902059092399743 ), 31,670969946263984
( 1,4360202794348367 1,797653503667349 1,165494970519289 ), 32,0433294566003
( 2,8014374999240013 3,1739385720417883 0,7068420277560779 ), 32,960542730735014
( -0,7962516959722756 3,054403833364069 1,4169280060353067 ), 34,002599002158085
( 0,7239883201192499 1,6433099226334256 0,22869772320592396 ), 37,59019482428513
( -0,3455040837964495 1,9656775926462307 0,5347926708501192 ), 38,599968178414656
Liczba wywoa funkcji celu: 11005
