Iteracja nr: 101
( 0,9999999994666413 1,0000000012678139 1,0000000016014634 ), 0
( 0,9999999994665739 1,0000000012675532 1,0000000016012671 ), 0
( 0,9999999994665736 1,0000000012677768 1,0000000016014894 ), 0
( 0,999999999466652 1,0000000012678205 1,0000000016014814 ), 0
( 0,9999999994665225 1,00000000126779 1,0000000016015 ), 0
( 0,9999999994666147 1,0000000012678838 1,0000000016016264 ), 0
( 0,9999999994666045 1,0000000012676948 1,0000000016014028 ), 0
( 0,9999999994665654 1,0000000012678314 1,0000000016015596 ), 0
( 0,9999999994666012 1,0000000012676955 1,0000000016013721 ), 0
( 0,9999999994665737 1,0000000012678072 1,000000001601528 ), 0
( 0,9999999994665718 1,000000001267918 1,0000000016016883 ), 0
( 0,9999999994665956 1,0000000012676393 1,0000000016013957 ), 0
( 0,9999999994666052 1,0000000012677577 1,0000000016014436 ), 0
( 0,9999999994665949 1,0000000012677688 1,0000000016014954 ), 0
( 0,9999999994666532 1,0000000012677452 1,0000000016014328 ), 0
( 0,9999999994666612 1,0000000012679007 1,0000000016015 ), 0
( 0,999999999466633 1,000000001267772 1,0000000016015218 ), 0
( 0,9999999994666615 1,0000000012677661 1,0000000016013386 ), 0
( 0,9999999994665896 1,000000001267808 1,0000000016014863 ), 0
( 0,9999999994665921 1,0000000012679306 1,0000000016016508 ), 0
( 0,9999999994665676 1,000000001267673 1,0000000016014614 ), 0
( 0,9999999994666489 1,000000001267795 1,0000000016014703 ), 0
( 0,9999999994666193 1,0000000012678054 1,0000000016014545 ), 0
( 0,9999999994666122 1,0000000012678767 1,0000000016015673 ), 0
( 0,9999999994666264 1,0000000012677024 1,0000000016013466 ), 0
( 0,9999999994666299 1,0000000012678811 1,0000000016017014 ), 0
( 0,9999999994665956 1,0000000012678574 1,0000000016015491 ), 0
( 0,999999999466571 1,0000000012677868 1,0000000016015422 ), 0
( 0,999999999466694 1,0000000012676806 1,000000001601414 ), 0
( 0,9999999994666445 1,000000001267583 1,0000000016011874 ), 0
( 0,9999999994666601 1,0000000012677401 1,0000000016013042 ), 0
( 0,9999999994665382 1,0000000012676795 1,0000000016013961 ), 0
( 0,9999999994665799 1,0000000012678263 1,0000000016014543 ), 0
( 0,9999999994666409 1,0000000012676962 1,0000000016014705 ), 0
( 0,9999999994665858 1,0000000012679262 1,00000000160149 ), 0
( 0,9999999994665572 1,0000000012677421 1,0000000016014303 ), 0
( 0,9999999994665835 1,0000000012677979 1,0000000016014765 ), 0
( 0,9999999994664717 1,0000000012677788 1,0000000016019674 ), 0
( 0,9999999994666203 1,0000000012678394 1,0000000016015076 ), 0
( 0,9999999994666251 1,000000001267726 1,0000000016014359 ), 0
( 0,9999999994665091 1,0000000012677746 1,0000000016016055 ), 0
( 0,9999999994665908 1,0000000012678545 1,000000001601521 ), 0
( 0,999999999466577 1,0000000012677197 1,0000000016013988 ), 0
( 0,999999999466654 1,0000000012677308 1,0000000016013657 ), 0
( 0,9999999994667029 1,0000000012677022 1,0000000016012978 ), 0
( 0,9999999994666003 1,0000000012677885 1,0000000016014885 ), 0
( 0,9999999994665657 1,0000000012677939 1,0000000016015749 ), 0
( 0,9999999994666077 1,000000001267792 1,000000001601235 ), 0
( 0,9999999994665837 1,0000000012677948 1,0000000016015105 ), 0
( 0,9999999994665935 1,0000000012677603 1,0000000016013924 ), 0
( 0,9999999994667 1,000000001267755 1,000000001601394 ), 0
( 0,9999999994666616 1,000000001267679 1,000000001601456 ), 0
( 0,9999999994666444 1,0000000012677006 1,0000000016013892 ), 0
( 0,9999999994666454 1,0000000012677568 1,0000000016015254 ), 0
( 0,999999999466527 1,0000000012678567 1,0000000016014863 ), 0
( 0,9999999994665856 1,0000000012678507 1,000000001601457 ), 0
( 0,9999999994666695 1,0000000012677634 1,0000000016014439 ), 0
( 0,999999999466592 1,0000000012678607 1,0000000016016455 ), 0
( 0,999999999466649 1,0000000012677472 1,0000000016014394 ), 0
( 0,9999999994665949 1,0000000012676733 1,0000000016013089 ), 0
( 0,9999999994665832 1,000000001267801 1,0000000016014534 ), 0
( 0,999999999466575 1,0000000012678252 1,0000000016015473 ), 0
( 0,9999999994666462 1,0000000012675823 1,0000000016012403 ), 0
( 0,9999999994666525 1,0000000012678554 1,0000000016015231 ), 0
( 0,9999999994665687 1,000000001267784 1,0000000016015376 ), 0
( 0,9999999994667189 1,0000000012678933 1,0000000016014694 ), 0
( 0,9999999994665947 1,0000000012678134 1,000000001601486 ), 0
( 0,9999999994666904 1,000000001267885 1,0000000016014252 ), 0
( 0,9999999994666153 1,0000000012676724 1,0000000016013804 ), 0
( 0,9999999994666388 1,000000001267728 1,0000000016013884 ), 0
( 0,9999999994666023 1,0000000012678776 1,0000000016013693 ), 0
( 0,9999999994666058 1,000000001267867 1,0000000016015425 ), 0
( 0,9999999994665578 1,000000001267878 1,0000000016016475 ), 0
( 0,9999999994666142 1,0000000012677766 1,0000000016014983 ), 0
( 0,9999999994665982 1,0000000012678345 1,0000000016014048 ), 0
( 0,9999999994665948 1,0000000012678842 1,0000000016015531 ), 0
( 0,9999999994666763 1,0000000012678165 1,0000000016013042 ), 0
( 0,9999999994666229 1,0000000012677226 1,0000000016013475 ), 0
( 0,9999999994665547 1,000000001267793 1,000000001601488 ), 0
( 0,9999999994666018 1,000000001267927 1,0000000016014658 ), 0
( 0,99999999946658 1,0000000012679788 1,000000001601692 ), 0
( 0,9999999994665605 1,000000001267708 1,000000001601426 ), 0
( 0,9999999994665842 1,0000000012678272 1,0000000016015556 ), 0
( 0,9999999994666171 1,0000000012677497 1,000000001601369 ), 0
( 0,9999999994666436 1,0000000012677526 1,000000001601519 ), 0
( 0,9999999994666137 1,0000000012678074 1,0000000016014907 ), 0
( 0,9999999994665842 1,0000000012677892 1,0000000016015906 ), 0
( 0,9999999994665594 1,0000000012678147 1,0000000016016066 ), 0
( 0,9999999994666477 1,0000000012677495 1,0000000016013342 ), 0
( 0,9999999994666007 1,0000000012678056 1,0000000016015023 ), 0
( 0,9999999994665189 1,000000001267781 1,0000000016016268 ), 0
( 0,9999999994666334 1,0000000012678265 1,0000000016014823 ), 0
( 0,9999999994666116 1,0000000012679002 1,0000000016015937 ), 0
( 0,9999999994665504 1,0000000012677308 1,0000000016013757 ), 0
( 0,9999999994666171 1,0000000012678907 1,0000000016016855 ), 0
( 0,9999999994665931 1,0000000012677546 1,0000000016014072 ), 0
( 0,9999999994665546 1,0000000012678 1,0000000016015822 ), 0
( 0,9999999994666987 1,0000000012677115 1,0000000016012731 ), 0
( 0,9999999994665917 1,0000000012678174 1,0000000016014154 ), 0
( 0,9999999994666349 1,000000001267843 1,000000001601439 ), 0
( 0,9999999994666434 1,0000000012677335 1,0000000016013744 ), 0
( 0,9999999994666056 1,000000001267815 1,000000001601492 ), 0
( 0,9999999994666156 1,0000000012677779 1,0000000016014214 ), 0
( 0,9999999994665795 1,000000001267671 1,0000000016015373 ), 0
( 0,9999999994666214 1,0000000012677828 1,000000001601403 ), 0
( 0,9999999994666359 1,0000000012677868 1,0000000016013606 ), 0
( 0,9999999994666334 1,000000001267858 1,0000000016014743 ), 0
( 0,9999999994666988 1,0000000012678132 1,0000000016013584 ), 0
( 0,9999999994666037 1,0000000012676225 1,0000000016013304 ), 0
( 0,9999999994666663 1,0000000012678496 1,0000000016015038 ), 0
( 0,9999999994665613 1,0000000012679153 1,0000000016016501 ), 0
( 0,9999999994666159 1,0000000012678196 1,000000001601539 ), 0
( 0,9999999994666219 1,0000000012677945 1,0000000016015367 ), 0
( 0,9999999994666207 1,0000000012676962 1,0000000016014543 ), 0
( 0,9999999994665755 1,0000000012678278 1,0000000016014754 ), 0
( 0,999999999466637 1,0000000012678263 1,0000000016014803 ), 0
( 0,9999999994666511 1,0000000012678563 1,0000000016014778 ), 0
( 0,9999999994665607 1,0000000012677477 1,0000000016014845 ), 0
( 0,9999999994665771 1,0000000012678842 1,0000000016015622 ), 0
( 0,999999999466591 1,0000000012678694 1,0000000016015453 ), 0
( 0,9999999994665604 1,0000000012678687 1,0000000016016486 ), 0
( 0,9999999994666309 1,0000000012677455 1,0000000016014545 ), 0
( 0,9999999994666177 1,00000000126787 1,0000000016015138 ), 0
( 0,9999999994666137 1,0000000012677455 1,000000001601372 ), 0
( 0,9999999994665902 1,000000001267742 1,0000000016015285 ), 0
( 0,9999999994666022 1,000000001267744 1,0000000016014985 ), 0
( 0,9999999994666011 1,0000000012677719 1,0000000016015087 ), 0
( 0,9999999994666195 1,000000001267831 1,0000000016014117 ), 0
( 0,999999999466614 1,000000001267781 1,000000001601384 ), 0
( 0,999999999466631 1,00000000126765 1,000000001601263 ), 0
( 0,9999999994665468 1,0000000012677497 1,0000000016015107 ), 0
( 0,9999999994666324 1,0000000012677819 1,0000000016015436 ), 0
( 0,9999999994665522 1,000000001267901 1,0000000016014767 ), 0
( 0,9999999994665859 1,0000000012677936 1,0000000016014563 ), 0
( 0,9999999994666383 1,0000000012677788 1,0000000016014645 ), 0
( 0,999999999466565 1,0000000012677768 1,0000000016015476 ), 0
( 0,9999999994665845 1,0000000012677872 1,000000001601453 ), 0
( 0,9999999994666121 1,0000000012678163 1,0000000016014234 ), 0
( 0,99999999946661 1,0000000012678147 1,0000000016014863 ), 0
( 0,9999999994665978 1,0000000012677526 1,0000000016016526 ), 0
( 0,9999999994666058 1,0000000012678356 1,0000000016015411 ), 0
( 0,9999999994666239 1,0000000012678132 1,0000000016014958 ), 0
( 0,9999999994665831 1,0000000012678403 1,0000000016015844 ), 0
( 0,9999999994666111 1,0000000012678432 1,0000000016015393 ), 0
( 0,9999999994666442 1,0000000012678008 1,000000001601481 ), 0
( 0,999999999466658 1,0000000012679908 1,0000000016015647 ), 0
( 0,9999999994666212 1,0000000012678367 1,0000000016014894 ), 0
( 0,9999999994666271 1,0000000012678896 1,0000000016015769 ), 0
( 0,999999999466605 1,0000000012677686 1,000000001601436 ), 0
( 0,9999999994665091 1,0000000012678338 1,0000000016014763 ), 0
( 0,9999999994665562 1,000000001267737 1,0000000016013961 ), 0
( 0,9999999994666328 1,0000000012677603 1,0000000016014452 ), 0
( 0,9999999994666738 1,000000001267847 1,0000000016014714 ), 0
( 0,9999999994666015 1,0000000012677515 1,0000000016014625 ), 0
( 0,9999999994665805 1,000000001267852 1,0000000016014954 ), 0
( 0,999999999466631 1,0000000012676185 1,000000001601338 ), 0
( 0,9999999994666415 1,0000000012678258 1,000000001601539 ), 0
( 0,9999999994666072 1,0000000012678687 1,000000001601633 ), 0
( 0,9999999994665333 1,0000000012678172 1,000000001601699 ), 0
( 0,9999999994665933 1,0000000012677976 1,0000000016014037 ), 0
( 0,9999999994666655 1,0000000012678283 1,0000000016015498 ), 0
( 0,9999999994666232 1,0000000012678594 1,0000000016015753 ), 0
( 0,9999999994666404 1,0000000012677928 1,0000000016014507 ), 0
( 0,9999999994666645 1,000000001267782 1,0000000016014914 ), 0
( 0,9999999994666015 1,00000000126787 1,000000001601587 ), 0
( 0,9999999994665808 1,0000000012677364 1,0000000016013693 ), 0
( 0,9999999994666491 1,0000000012678263 1,0000000016015445 ), 0
( 0,9999999994666057 1,0000000012678245 1,000000001601482 ), 0
( 0,9999999994666646 1,0000000012678933 1,0000000016015709 ), 0
( 0,9999999994665352 1,0000000012677202 1,000000001601483 ), 0
( 0,9999999994665929 1,00000000126783 1,00000000160149 ), 0
( 0,9999999994666787 1,0000000012678323 1,0000000016014714 ), 0
( 0,9999999994665991 1,0000000012677683 1,0000000016014434 ), 0
( 0,9999999994665547 1,000000001267772 1,0000000016014483 ), 0
( 0,9999999994666137 1,0000000012677535 1,00000000160153 ), 0
( 0,9999999994665841 1,000000001267698 1,0000000016013901 ), 0
( 0,9999999994666201 1,0000000012678834 1,0000000016014428 ), 0
( 0,9999999994666445 1,00000000126785 1,0000000016014934 ), 0
( 0,9999999994666375 1,0000000012677979 1,0000000016014539 ), 0
( 0,9999999994666534 1,0000000012677952 1,0000000016015027 ), 0
( 0,9999999994665886 1,0000000012678054 1,0000000016014736 ), 0
( 0,9999999994666118 1,0000000012677426 1,0000000016014832 ), 0
( 0,9999999994665946 1,0000000012678245 1,0000000016016297 ), 0
( 0,9999999994666049 1,0000000012677084 1,000000001601409 ), 0
( 0,9999999994666195 1,0000000012677475 1,0000000016014274 ), 0
( 0,9999999994666037 1,0000000012678243 1,0000000016014805 ), 0
( 0,9999999994666122 1,0000000012677952 1,0000000016013986 ), 0
( 0,999999999466558 1,0000000012678274 1,0000000016014785 ), 0
( 0,9999999994666025 1,0000000012677428 1,0000000016013542 ), 0
( 0,9999999994667277 1,00000000126783 1,000000001601386 ), 0
( 0,9999999994665169 1,0000000012677908 1,0000000016014592 ), 0
( 0,9999999994665923 1,0000000012677477 1,0000000016015862 ), 0
( 0,9999999994666122 1,0000000012677925 1,0000000016013049 ), 0
( 0,9999999994665971 1,000000001267779 1,0000000016015216 ), 0
( 0,999999999466562 1,0000000012678272 1,0000000016015536 ), 0
( 0,9999999994666335 1,0000000012677572 1,0000000016013957 ), 0
( 0,9999999994666796 1,000000001267893 1,000000001601502 ), 0
( 0,9999999994665636 1,0000000012677417 1,0000000016013455 ), 0
( 0,9999999994665951 1,0000000012677621 1,0000000016014108 ), 0
( 0,9999999994666049 1,0000000012676482 1,000000001601422 ), 0
( 0,9999999994666314 1,0000000012678567 1,0000000016015331 ), 0
( 0,9999999994666423 1,0000000012676835 1,0000000016013306 ), 0
( 0,9999999994666091 1,0000000012678854 1,0000000016015287 ), 0
( 0,9999999994666486 1,0000000012678327 1,000000001601405 ), 0
( 0,999999999466627 1,0000000012678172 1,0000000016015045 ), 0
( 0,9999999994666644 1,00000000126779 1,0000000016015005 ), 0
( 0,9999999994665981 1,000000001267855 1,000000001601629 ), 0
( 0,9999999994666435 1,0000000012677455 1,0000000016014792 ), 0
( 0,9999999994666321 1,000000001267718 1,000000001601374 ), 0
( 0,9999999994665836 1,000000001267803 1,0000000016015906 ), 0
( 0,9999999994666169 1,0000000012678076 1,0000000016014696 ), 0
( 0,9999999994665091 1,0000000012678656 1,0000000016015314 ), 0
( 0,9999999994665392 1,000000001267745 1,0000000016015116 ), 0
( 0,9999999994666677 1,0000000012677366 1,000000001601402 ), 0
( 0,9999999994666494 1,0000000012677108 1,0000000016014507 ), 0
( 0,9999999994665912 1,0000000012677306 1,0000000016014423 ), 0
( 0,9999999994665941 1,0000000012676837 1,0000000016013875 ), 0
( 0,9999999994666295 1,0000000012678112 1,0000000016014399 ), 0
( 0,9999999994665779 1,0000000012677548 1,0000000016013966 ), 0
( 0,9999999994664781 1,0000000012678822 1,0000000016016475 ), 0
( 0,99999999946663 1,0000000012678738 1,0000000016015953 ), 0
( 0,9999999994666019 1,0000000012679273 1,0000000016016979 ), 0
( 0,9999999994666038 1,0000000012677883 1,0000000016014985 ), 0
( 0,9999999994667703 1,00000000126785 1,0000000016013866 ), 0
( 0,9999999994666326 1,0000000012677726 1,0000000016014223 ), 0
( 0,9999999994666593 1,000000001267866 1,0000000016014545 ), 0
( 0,9999999994666697 1,000000001267849 1,0000000016014285 ), 0
( 0,999999999466617 1,0000000012676729 1,0000000016013009 ), 0
( 0,9999999994666693 1,0000000012677637 1,0000000016013653 ), 0
( 0,9999999994665947 1,0000000012677948 1,0000000016015282 ), 0
( 0,9999999994666118 1,0000000012678456 1,0000000016015138 ), 0
( 0,9999999994666179 1,0000000012677799 1,0000000016015482 ), 0
( 0,9999999994666303 1,0000000012678762 1,000000001601581 ), 0
( 0,999999999466629 1,0000000012677572 1,0000000016014907 ), 0
( 0,9999999994665317 1,0000000012678305 1,000000001601474 ), 0
( 0,9999999994666414 1,0000000012678103 1,000000001601486 ), 0
( 0,9999999994665675 1,000000001267646 1,0000000016013644 ), 0
( 0,9999999994667451 1,0000000012678074 1,0000000016014525 ), 0
( 0,9999999994666414 1,0000000012677932 1,0000000016014423 ), 0
( 0,9999999994666559 1,0000000012678352 1,00000000160149 ), 0
( 0,9999999994665969 1,000000001267737 1,000000001601434 ), 0
( 0,9999999994666586 1,000000001267827 1,0000000016014308 ), 0
( 0,9999999994665739 1,0000000012678083 1,000000001601508 ), 0
( 0,9999999994665981 1,0000000012677939 1,0000000016013912 ), 0
( 0,9999999994666098 1,0000000012678567 1,000000001601552 ), 0
( 0,9999999994665356 1,0000000012678534 1,000000001601625 ), 0
( 0,9999999994665605 1,0000000012677204 1,0000000016014368 ), 0
( 0,9999999994666237 1,000000001267767 1,0000000016014754 ), 0
( 0,999999999466613 1,0000000012677763 1,0000000016014825 ), 0
( 0,9999999994666185 1,0000000012678563 1,0000000016015214 ), 0
( 0,9999999994666473 1,0000000012677086 1,0000000016013124 ), 0
( 0,9999999994666234 1,000000001267859 1,0000000016015278 ), 0
( 0,9999999994665586 1,0000000012677754 1,0000000016015296 ), 0
( 0,9999999994666207 1,0000000012678125 1,000000001601608 ), 0
( 0,9999999994666677 1,0000000012678185 1,0000000016015154 ), 0
( 0,9999999994666239 1,0000000012678616 1,0000000016014492 ), 0
( 0,9999999994665301 1,0000000012678534 1,0000000016015784 ), 0
( 0,9999999994666575 1,0000000012677206 1,000000001601393 ), 0
( 0,9999999994665573 1,000000001267718 1,000000001601426 ), 0
( 0,9999999994666761 1,0000000012678445 1,0000000016015422 ), 0
( 0,9999999994665831 1,0000000012677932 1,0000000016016575 ), 0
( 0,9999999994665703 1,0000000012679378 1,0000000016015393 ), 0
( 0,9999999994666473 1,0000000012678265 1,0000000016013941 ), 0
( 0,9999999994665291 1,0000000012678305 1,000000001601576 ), 0
( 0,9999999994665856 1,000000001267989 1,000000001601611 ), 0
( 0,9999999994665874 1,0000000012678167 1,00000000160147 ), 0
( 0,9999999994665968 1,0000000012677839 1,0000000016014912 ), 0
( 0,999999999466603 1,0000000012678028 1,0000000016015247 ), 0
( 0,9999999994666234 1,0000000012678112 1,0000000016015287 ), 0
( 0,9999999994665629 1,000000001267831 1,000000001601531 ), 0
( 0,999999999466675 1,000000001267679 1,0000000016013049 ), 0
( 0,9999999994665818 1,000000001267644 1,0000000016014114 ), 0
( 0,9999999994666973 1,0000000012678536 1,0000000016014807 ), 0
( 0,9999999994665568 1,0000000012677368 1,000000001601413 ), 0
( 0,9999999994666664 1,0000000012678412 1,0000000016014587 ), 0
( 0,9999999994666489 1,0000000012677572 1,0000000016013815 ), 0
( 0,9999999994665558 1,0000000012677484 1,0000000016015016 ), 0
( 0,9999999994665957 1,000000001267714 1,000000001601481 ), 0
( 0,9999999994664449 1,000000001267774 1,0000000016017028 ), 0
( 0,9999999994666168 1,000000001267786 1,0000000016014867 ), 0
( 0,9999999994665697 1,0000000012677788 1,000000001601459 ), 0
( 0,9999999994666173 1,0000000012678096 1,0000000016016182 ), 0
( 0,9999999994666119 1,0000000012678638 1,0000000016014428 ), 0
( 0,9999999994666259 1,000000001267801 1,0000000016014345 ), 0
( 0,9999999994666189 1,0000000012679275 1,0000000016016461 ), 0
( 0,9999999994665955 1,0000000012678423 1,0000000016014399 ), 0
( 0,9999999994666149 1,0000000012677628 1,000000001601423 ), 0
( 0,9999999994665841 1,0000000012677392 1,0000000016014712 ), 0
( 0,9999999994665391 1,0000000012677812 1,0000000016014667 ), 0
( 0,9999999994666141 1,0000000012678358 1,000000001601469 ), 0
( 0,9999999994665879 1,000000001267784 1,0000000016015107 ), 0
( 0,9999999994666595 1,0000000012678214 1,0000000016014243 ), 0
( 0,9999999994666079 1,0000000012679249 1,0000000016015835 ), 0
( 0,9999999994666069 1,0000000012676011 1,0000000016012558 ), 0
( 0,9999999994665953 1,0000000012678092 1,000000001601419 ), 0
( 0,9999999994666254 1,0000000012678136 1,0000000016015704 ), 0
( 0,9999999994665929 1,000000001267842 1,000000001601636 ), 0
( 0,9999999994666219 1,0000000012676924 1,0000000016014052 ), 0
( 0,9999999994666032 1,000000001267794 1,0000000016015496 ), 0
( 0,9999999994665741 1,0000000012678305 1,000000001601708 ), 0
( 0,9999999994665976 1,000000001267778 1,0000000016014117 ), 0
( 0,9999999994665897 1,0000000012677683 1,0000000016014463 ), 0
( 0,999999999466604 1,0000000012677308 1,0000000016013848 ), 0
( 0,9999999994666199 1,000000001267771 1,0000000016014894 ), 0
( 0,9999999994666231 1,0000000012678134 1,0000000016014743 ), 0
( 0,9999999994665602 1,000000001267704 1,0000000016013804 ), 0
( 0,9999999994666303 1,0000000012678365 1,000000001601617 ), 0
( 0,9999999994668533 1,000000001267662 1,0000000016011394 ), 0
( 0,9999999994665814 1,0000000012679016 1,0000000016015802 ), 0
( 0,9999999994666008 1,0000000012678536 1,0000000016015214 ), 0
( 0,9999999994666022 1,0000000012678318 1,0000000016014938 ), 0
( 0,9999999994666231 1,0000000012677834 1,0000000016014874 ), 0
( 0,99999999946658 1,0000000012678034 1,0000000016014545 ), 0
( 0,999999999466659 1,000000001267805 1,0000000016014838 ), 0
( 0,9999999994665822 1,0000000012677162 1,0000000016013872 ), 0
( 0,9999999994665985 1,0000000012677528 1,000000001601644 ), 0
( 0,9999999994666483 1,0000000012677217 1,000000001601363 ), 0
( 0,9999999994665436 1,0000000012678287 1,0000000016015742 ), 0
( 0,999999999466718 1,000000001267772 1,0000000016013653 ), 0
( 0,999999999466634 1,0000000012677497 1,0000000016014159 ), 0
( 0,9999999994666295 1,0000000012678714 1,0000000016014972 ), 0
( 0,9999999994665864 1,0000000012677674 1,0000000016013557 ), 0
( 0,9999999994665606 1,000000001267736 1,0000000016015127 ), 0
( 0,999999999466604 1,0000000012677235 1,000000001601403 ), 0
( 0,9999999994666664 1,0000000012679042 1,0000000016014892 ), 0
( 0,9999999994665888 1,0000000012675219 1,000000001601202 ), 0
( 0,9999999994666156 1,000000001267773 1,0000000016014754 ), 0
( 0,9999999994666097 1,0000000012677734 1,0000000016014887 ), 0
( 0,9999999994666057 1,0000000012677734 1,0000000016014097 ), 0
( 0,9999999994666194 1,0000000012677788 1,0000000016014172 ), 0
( 0,9999999994665648 1,0000000012678967 1,0000000016015975 ), 0
( 0,9999999994666593 1,0000000012678312 1,0000000016014028 ), 0
( 0,9999999994665628 1,000000001267476 1,0000000016012136 ), 0
( 0,9999999994666341 1,0000000012676982 1,0000000016013366 ), 0
( 0,999999999466626 1,0000000012678283 1,0000000016015036 ), 0
( 0,9999999994666084 1,0000000012678847 1,0000000016016413 ), 0
( 0,9999999994665376 1,0000000012678256 1,0000000016015451 ), 0
( 0,9999999994666019 1,000000001267819 1,0000000016014752 ), 0
( 0,9999999994664799 1,0000000012677075 1,000000001601578 ), 0
( 0,9999999994665825 1,000000001267788 1,000000001601492 ), 0
( 0,9999999994667073 1,0000000012678945 1,0000000016014583 ), 0
( 0,9999999994666106 1,0000000012678363 1,0000000016014832 ), 0
( 0,9999999994668495 1,0000000012678616 1,000000001601276 ), 0
( 0,9999999994666008 1,000000001267863 1,0000000016014583 ), 0
( 0,9999999994666673 1,0000000012676595 1,0000000016013748 ), 0
( 0,9999999994666079 1,0000000012677657 1,0000000016014716 ), 0
( 0,9999999994665808 1,00000000126775 1,000000001601434 ), 0
( 0,9999999994665548 1,000000001267781 1,0000000016016246 ), 0
( 0,9999999994666388 1,0000000012678982 1,000000001601532 ), 0
( 0,9999999994665886 1,00000000126785 1,0000000016014678 ), 0
( 0,9999999994666305 1,0000000012677972 1,0000000016014337 ), 0
( 0,9999999994666201 1,0000000012677737 1,0000000016015123 ), 0
( 0,9999999994665971 1,000000001267806 1,0000000016015442 ), 0
( 0,9999999994665422 1,0000000012677466 1,0000000016014368 ), 0
( 0,9999999994666726 1,0000000012677897 1,000000001601373 ), 0
( 0,9999999994666207 1,0000000012677825 1,0000000016014872 ), 0
( 0,9999999994665524 1,000000001267819 1,0000000016014832 ), 0
( 0,9999999994666304 1,0000000012677759 1,000000001601415 ), 0
( 0,9999999994665993 1,0000000012678643 1,0000000016015649 ), 0
( 0,999999999466589 1,000000001267932 1,0000000016016113 ), 0
( 0,9999999994665422 1,000000001267744 1,0000000016015522 ), 0
( 0,9999999994666325 1,000000001267703 1,000000001601478 ), 0
( 0,9999999994666101 1,0000000012677173 1,000000001601383 ), 0
( 0,999999999466653 1,0000000012678016 1,0000000016014614 ), 0
( 0,9999999994665723 1,0000000012678163 1,000000001601589 ), 0
( 0,9999999994666411 1,000000001267866 1,000000001601525 ), 0
( 0,9999999994665487 1,0000000012677177 1,000000001601369 ), 0
( 0,9999999994666389 1,000000001267695 1,0000000016013226 ), 0
( 0,9999999994666487 1,0000000012678518 1,0000000016015136 ), 0
( 0,9999999994666579 1,0000000012676658 1,0000000016013524 ), 0
( 0,9999999994665824 1,000000001267801 1,0000000016015265 ), 0
( 0,9999999994667167 1,0000000012678114 1,000000001601467 ), 0
( 0,9999999994666422 1,0000000012677615 1,0000000016014072 ), 0
( 0,9999999994665986 1,0000000012677344 1,0000000016014372 ), 0
( 0,9999999994665371 1,0000000012677916 1,0000000016015818 ), 0
( 0,9999999994665858 1,0000000012677819 1,000000001601535 ), 0
( 0,999999999466627 1,0000000012678127 1,0000000016015897 ), 0
( 0,9999999994666035 1,0000000012678485 1,0000000016016084 ), 0
( 0,9999999994666471 1,0000000012677959 1,0000000016014847 ), 0
( 0,99999999946652 1,0000000012676997 1,0000000016014148 ), 0
( 0,9999999994665667 1,000000001267912 1,0000000016015222 ), 0
( 0,999999999466639 1,0000000012678962 1,0000000016015707 ), 0
( 0,9999999994666484 1,0000000012678782 1,0000000016014754 ), 0
( 0,9999999994666375 1,0000000012678258 1,0000000016015955 ), 0
( 0,9999999994665489 1,0000000012677805 1,0000000016014494 ), 0
( 0,9999999994666253 1,0000000012678745 1,000000001601676 ), 0
( 0,9999999994666109 1,000000001267832 1,0000000016014554 ), 0
( 0,9999999994665816 1,0000000012677575 1,0000000016015707 ), 0
( 0,9999999994666073 1,0000000012677832 1,0000000016014594 ), 0
( 0,9999999994666571 1,0000000012678496 1,0000000016014765 ), 0
( 0,999999999466651 1,0000000012677241 1,000000001601515 ), 0
( 0,9999999994666091 1,0000000012677726 1,0000000016014698 ), 0
( 0,9999999994665445 1,0000000012678658 1,000000001601666 ), 0
( 0,999999999466621 1,0000000012677854 1,0000000016013537 ), 0
( 0,9999999994666294 1,0000000012678132 1,0000000016016117 ), 0
( 0,9999999994665396 1,0000000012677763 1,0000000016015833 ), 0
( 0,9999999994665564 1,0000000012677297 1,00000000160151 ), 0
( 0,9999999994666652 1,0000000012678099 1,0000000016014565 ), 0
( 0,9999999994666128 1,000000001267795 1,000000001601447 ), 0
( 0,999999999466685 1,0000000012677595 1,0000000016013717 ), 0
( 0,9999999994666208 1,000000001267748 1,0000000016013326 ), 0
( 0,9999999994666376 1,0000000012678243 1,0000000016014485 ), 0
( 0,999999999466538 1,0000000012677714 1,0000000016016048 ), 0
( 0,999999999466638 1,0000000012678292 1,0000000016015123 ), 0
( 0,9999999994666183 1,0000000012678387 1,0000000016015542 ), 0
( 0,9999999994666305 1,0000000012678092 1,0000000016014237 ), 0
( 0,9999999994666076 1,0000000012677837 1,000000001601457 ), 0
( 0,9999999994665904 1,000000001267825 1,0000000016014814 ), 0
( 0,9999999994666274 1,0000000012675465 1,0000000016012607 ), 0
( 0,9999999994665985 1,0000000012676138 1,0000000016013597 ), 0
( 0,9999999994666102 1,0000000012677452 1,0000000016014965 ), 0
( 0,999999999466679 1,000000001267855 1,0000000016015653 ), 0
( 0,9999999994666072 1,0000000012677261 1,0000000016014672 ), 0
( 0,9999999994666195 1,00000000126778 1,000000001601429 ), 0
( 0,9999999994666627 1,0000000012678107 1,0000000016015533 ), 0
( 0,9999999994666016 1,000000001267797 1,0000000016015318 ), 0
( 0,9999999994666107 1,0000000012678205 1,0000000016014512 ), 0
( 0,999999999466622 1,0000000012677492 1,0000000016014494 ), 0
( 0,9999999994666229 1,0000000012677372 1,0000000016014343 ), 0
( 0,9999999994665882 1,0000000012678922 1,000000001601562 ), 0
( 0,9999999994665384 1,0000000012678465 1,0000000016014883 ), 0
( 0,9999999994666002 1,0000000012678816 1,0000000016015413 ), 0
( 0,9999999994665278 1,0000000012677133 1,0000000016013102 ), 0
( 0,9999999994666194 1,000000001267802 1,0000000016015587 ), 0
( 0,9999999994666793 1,0000000012676766 1,0000000016015136 ), 0
( 0,9999999994666129 1,0000000012677688 1,000000001601515 ), 0
( 0,9999999994665735 1,0000000012677535 1,0000000016014745 ), 0
( 0,9999999994666275 1,000000001267786 1,0000000016015358 ), 0
( 0,9999999994666237 1,000000001267805 1,0000000016014616 ), 0
( 0,9999999994666172 1,0000000012677865 1,0000000016013655 ), 0
( 0,9999999994665683 1,0000000012678087 1,0000000016015507 ), 0
( 0,9999999994665949 1,000000001267707 1,000000001601374 ), 0
( 0,9999999994666111 1,00000000126778 1,000000001601443 ), 0
( 0,9999999994666184 1,0000000012677626 1,0000000016014452 ), 0
( 0,9999999994665616 1,0000000012679016 1,0000000016016253 ), 0
( 0,9999999994666205 1,0000000012679549 1,0000000016016681 ), 0
( 0,9999999994666692 1,0000000012677928 1,0000000016015105 ), 0
( 0,999999999466617 1,0000000012679195 1,00000000160151 ), 0
( 0,9999999994666906 1,0000000012677506 1,0000000016012986 ), 0
( 0,9999999994666986 1,0000000012678338 1,0000000016013828 ), 0
( 0,9999999994665661 1,0000000012678045 1,0000000016014445 ), 0
( 0,9999999994666374 1,0000000012678394 1,000000001601498 ), 0
( 0,999999999466604 1,000000001267874 1,0000000016016344 ), 0
( 0,9999999994665817 1,0000000012677681 1,0000000016014778 ), 0
( 0,9999999994666021 1,0000000012678085 1,0000000016015091 ), 0
( 0,9999999994666331 1,0000000012677657 1,0000000016014108 ), 0
( 0,999999999466593 1,0000000012677908 1,000000001601468 ), 0
( 0,9999999994665915 1,0000000012677248 1,000000001601426 ), 0
( 0,9999999994665723 1,0000000012678056 1,0000000016014705 ), 0
( 0,9999999994666658 1,0000000012677837 1,0000000016014607 ), 0
( 0,9999999994666126 1,0000000012678176 1,0000000016015023 ), 0
( 0,9999999994666057 1,0000000012677464 1,00000000160131 ), 0
( 0,9999999994666033 1,000000001267806 1,0000000016016097 ), 0
( 0,999999999466673 1,000000001267832 1,00000000160148 ), 0
( 0,9999999994665968 1,0000000012678114 1,0000000016014698 ), 0
( 0,9999999994665715 1,000000001267835 1,000000001601466 ), 0
( 0,9999999994665987 1,000000001267799 1,0000000016015733 ), 0
( 0,9999999994665812 1,0000000012677688 1,0000000016015254 ), 0
( 0,9999999994665638 1,0000000012677221 1,0000000016015047 ), 0
( 0,9999999994665615 1,000000001267745 1,0000000016015271 ), 0
( 0,9999999994666133 1,0000000012677615 1,0000000016014086 ), 0
( 0,9999999994666896 1,000000001267677 1,0000000016013462 ), 0
( 0,9999999994665868 1,0000000012677082 1,0000000016014265 ), 0
( 0,9999999994666479 1,000000001267797 1,0000000016014856 ), 0
( 0,9999999994666083 1,0000000012677503 1,0000000016014823 ), 0
( 0,9999999994666061 1,0000000012678338 1,000000001601585 ), 0
( 0,9999999994666142 1,000000001267788 1,0000000016014854 ), 0
( 0,9999999994666475 1,0000000012679744 1,0000000016015516 ), 0
( 0,999999999466655 1,0000000012678019 1,000000001601589 ), 0
( 0,9999999994666848 1,0000000012676107 1,0000000016012907 ), 0
( 0,9999999994666378 1,0000000012678694 1,0000000016014954 ), 0
( 0,9999999994666212 1,0000000012678616 1,0000000016015207 ), 0
( 0,9999999994665983 1,000000001267812 1,0000000016015664 ), 0
( 0,9999999994666744 1,0000000012678727 1,0000000016014776 ), 0
( 0,9999999994666182 1,0000000012676558 1,0000000016013435 ), 0
( 0,999999999466627 1,000000001267731 1,0000000016014097 ), 0
( 0,9999999994665459 1,0000000012677728 1,0000000016015917 ), 0
( 0,999999999466618 1,000000001267866 1,0000000016014983 ), 0
( 0,9999999994666339 1,000000001267865 1,0000000016015351 ), 0
( 0,9999999994665949 1,0000000012679162 1,0000000016015989 ), 0
( 0,99999999946669 1,0000000012678512 1,0000000016013881 ), 0
( 0,9999999994666074 1,0000000012678294 1,0000000016014805 ), 0
( 0,9999999994666404 1,0000000012677792 1,0000000016014323 ), 0
( 0,9999999994665949 1,0000000012677976 1,0000000016015183 ), 0
( 0,9999999994666032 1,0000000012678558 1,0000000016015507 ), 0
( 0,9999999994665902 1,0000000012676578 1,000000001601369 ), 0
( 0,9999999994665838 1,000000001267809 1,0000000016014983 ), 0
( 0,9999999994665811 1,0000000012674348 1,0000000016011037 ), 0
( 0,999999999466589 1,0000000012677992 1,0000000016015047 ), 0
( 0,9999999994666929 1,000000001267874 1,0000000016014936 ), 0
( 0,9999999994666369 1,0000000012678025 1,000000001601507 ), 0
( 0,999999999466655 1,0000000012678296 1,000000001601469 ), 0
( 0,9999999994666195 1,0000000012677535 1,0000000016014419 ), 0
( 0,9999999994666189 1,000000001267822 1,0000000016015043 ), 0
( 0,9999999994666776 1,000000001267744 1,0000000016013544 ), 0
( 0,9999999994666076 1,0000000012677368 1,0000000016014008 ), 0
( 0,999999999466596 1,0000000012678076 1,0000000016015198 ), 0
( 0,999999999466553 1,000000001267807 1,000000001601555 ), 0
( 0,999999999466684 1,0000000012677284 1,000000001601421 ), 0
( 0,9999999994666421 1,0000000012678227 1,000000001601497 ), 0
( 0,9999999994665897 1,0000000012677734 1,0000000016014088 ), 0
( 0,9999999994666102 1,0000000012677999 1,000000001601593 ), 0
( 0,9999999994665765 1,0000000012678352 1,0000000016016033 ), 0
( 0,9999999994665891 1,0000000012676746 1,0000000016014219 ), 0
( 0,9999999994666207 1,000000001267821 1,000000001601534 ), 0
( 0,9999999994666122 1,0000000012679762 1,0000000016016413 ), 0
( 0,9999999994665992 1,0000000012678172 1,0000000016013997 ), 0
( 0,999999999466587 1,0000000012678434 1,0000000016015287 ), 0
( 0,9999999994665791 1,0000000012677677 1,000000001601557 ), 0
( 0,9999999994666297 1,0000000012677293 1,0000000016014234 ), 0
( 0,9999999994665838 1,0000000012677728 1,0000000016014234 ), 0
( 0,9999999994666244 1,000000001267757 1,0000000016014363 ), 0
( 0,9999999994666174 1,0000000012677142 1,0000000016014687 ), 0
( 0,9999999994666785 1,0000000012678398 1,000000001601496 ), 0
( 0,9999999994664865 1,0000000012678203 1,0000000016015937 ), 0
( 0,9999999994665799 1,000000001267747 1,0000000016014128 ), 0
( 0,9999999994665857 1,0000000012677968 1,000000001601525 ), 0
( 0,9999999994666369 1,0000000012678134 1,0000000016015644 ), 0
( 0,9999999994666158 1,0000000012679366 1,0000000016014563 ), 0
( 0,9999999994665745 1,0000000012679262 1,0000000016016153 ), 0
( 0,9999999994666298 1,000000001267689 1,00000000160133 ), 0
( 0,9999999994666213 1,0000000012677874 1,000000001601464 ), 0
( 0,9999999994665727 1,000000001267754 1,00000000160158 ), 0
( 0,9999999994666412 1,0000000012677168 1,000000001601456 ), 0
( 0,9999999994666193 1,0000000012678685 1,0000000016014998 ), 0
( 0,999999999466614 1,000000001267816 1,0000000016015786 ), 0
( 0,9999999994666939 1,0000000012677925 1,0000000016013657 ), 0
( 0,9999999994666563 1,0000000012678034 1,0000000016015136 ), 0
( 0,9999999994664712 1,000000001267661 1,000000001601564 ), 0
( 0,9999999994665748 1,0000000012678627 1,000000001601548 ), 0
( 0,9999999994666273 1,000000001267869 1,0000000016014972 ), 0
( 0,9999999994666249 1,0000000012676655 1,0000000016013997 ), 0
( 0,9999999994666391 1,00000000126776 1,000000001601462 ), 0
( 0,9999999994666307 1,000000001267754 1,0000000016015276 ), 0
( 0,9999999994666415 1,0000000012677748 1,0000000016014032 ), 0
( 0,9999999994665953 1,000000001267751 1,0000000016014203 ), 0
( 0,9999999994666268 1,00000000126783 1,0000000016014878 ), 0
( 0,9999999994665719 1,0000000012676389 1,0000000016014963 ), 0
( 0,9999999994666482 1,000000001267716 1,0000000016015582 ), 0
( 0,9999999994665704 1,0000000012677983 1,0000000016015995 ), 0
( 0,9999999994666692 1,0000000012677885 1,0000000016013928 ), 0
( 0,9999999994666097 1,0000000012677916 1,0000000016014976 ), 0
( 0,9999999994665871 1,0000000012678179 1,0000000016015447 ), 0
( 0,999999999466677 1,0000000012675851 1,0000000016013126 ), 0
( 0,9999999994666616 1,0000000012677326 1,0000000016013755 ), 0
( 0,9999999994666015 1,0000000012678996 1,0000000016016242 ), 0
( 0,9999999994665991 1,0000000012677275 1,0000000016014865 ), 0
( 0,9999999994666038 1,0000000012677537 1,0000000016013613 ), 0
( 0,9999999994665748 1,0000000012677777 1,0000000016013952 ), 0
( 0,9999999994666041 1,00000000126786 1,0000000016015678 ), 0
( 0,9999999994665992 1,0000000012678454 1,0000000016015662 ), 0
( 0,9999999994666168 1,000000001267828 1,0000000016014527 ), 0
( 0,9999999994666225 1,0000000012677563 1,0000000016014767 ), 0
( 0,9999999994665508 1,0000000012677677 1,0000000016015698 ), 0
( 0,9999999994666654 1,0000000012677588 1,0000000016014583 ), 0
( 0,9999999994666452 1,0000000012678447 1,0000000016015527 ), 0
( 0,9999999994666309 1,0000000012676487 1,000000001601326 ), 0
( 0,9999999994666323 1,0000000012676302 1,0000000016013626 ), 0
( 0,999999999466658 1,0000000012677628 1,0000000016014383 ), 0
( 0,9999999994666489 1,0000000012678687 1,0000000016014683 ), 0
( 0,999999999466611 1,0000000012678545 1,000000001601522 ), 0
( 0,9999999994666048 1,0000000012677768 1,0000000016013284 ), 0
( 0,9999999994666612 1,0000000012677568 1,0000000016014428 ), 0
( 0,99999999946665 1,0000000012677073 1,0000000016013528 ), 0
( 0,9999999994665556 1,0000000012678485 1,0000000016015627 ), 0
( 0,9999999994666137 1,0000000012677825 1,0000000016014134 ), 0
( 0,9999999994666692 1,0000000012678014 1,00000000160146 ), 0
( 0,9999999994666826 1,0000000012678185 1,000000001601369 ), 0
( 0,9999999994666681 1,000000001267765 1,0000000016014903 ), 0
( 0,9999999994666194 1,0000000012678003 1,0000000016015302 ), 0
( 0,9999999994665514 1,000000001267609 1,0000000016014035 ), 0
( 0,9999999994665775 1,0000000012678247 1,0000000016015256 ), 0
( 0,9999999994666326 1,000000001267705 1,0000000016014914 ), 0
( 0,9999999994665753 1,0000000012677914 1,0000000016014967 ), 0
( 0,9999999994665686 1,000000001267782 1,00000000160147 ), 0
( 0,9999999994666389 1,0000000012678036 1,000000001601462 ), 0
( 0,9999999994665679 1,0000000012678645 1,0000000016016102 ), 0
( 0,9999999994667472 1,0000000012677956 1,0000000016014285 ), 0
( 0,9999999994666509 1,0000000012678285 1,0000000016014394 ), 0
( 0,9999999994666172 1,000000001267784 1,0000000016014663 ), 0
( 0,9999999994665862 1,0000000012677837 1,0000000016014436 ), 0
( 0,9999999994665809 1,0000000012678592 1,0000000016015962 ), 0
( 0,9999999994666152 1,0000000012678005 1,0000000016013841 ), 0
( 0,9999999994666814 1,000000001267647 1,000000001601251 ), 0
( 0,9999999994665921 1,0000000012678645 1,000000001601639 ), 0
( 0,9999999994666063 1,0000000012678394 1,000000001601582 ), 0
( 0,9999999994665604 1,0000000012677381 1,0000000016015291 ), 0
( 0,9999999994666697 1,0000000012677255 1,0000000016013646 ), 0
( 0,9999999994666344 1,0000000012677934 1,0000000016014636 ), 0
( 0,9999999994666717 1,000000001267859 1,0000000016013502 ), 0
( 0,9999999994666255 1,0000000012676684 1,0000000016012707 ), 0
( 0,9999999994666137 1,000000001267732 1,0000000016014543 ), 0
( 0,9999999994665868 1,0000000012678756 1,0000000016014357 ), 0
( 0,9999999994666455 1,0000000012678623 1,0000000016014705 ), 0
( 0,999999999466668 1,0000000012677415 1,0000000016013804 ), 0
( 0,9999999994666118 1,000000001267702 1,000000001601388 ), 0
( 0,9999999994666176 1,0000000012676762 1,0000000016014372 ), 0
( 0,9999999994666731 1,000000001267721 1,0000000016013852 ), 0
( 0,9999999994666166 1,0000000012677397 1,000000001601394 ), 0
( 0,9999999994665164 1,000000001267649 1,0000000016013946 ), 0
( 0,9999999994665784 1,0000000012676131 1,0000000016013075 ), 0
( 0,9999999994664917 1,0000000012678805 1,000000001601523 ), 0
( 0,9999999994665856 1,0000000012677956 1,0000000016015946 ), 0
( 0,9999999994666355 1,0000000012677244 1,0000000016013906 ), 0
( 0,9999999994666215 1,0000000012678671 1,0000000016015453 ), 0
( 0,9999999994664927 1,0000000012677899 1,0000000016015327 ), 0
( 0,9999999994666204 1,000000001267871 1,0000000016015824 ), 0
( 0,9999999994666956 1,000000001267764 1,0000000016014006 ), 0
( 0,9999999994665831 1,0000000012676973 1,0000000016013373 ), 0
( 0,9999999994666028 1,000000001267784 1,0000000016015291 ), 0
( 0,9999999994666556 1,0000000012677364 1,0000000016013935 ), 0
( 0,9999999994666544 1,0000000012678005 1,0000000016014288 ), 0
( 0,9999999994666342 1,000000001267839 1,0000000016014796 ), 0
( 0,9999999994666344 1,0000000012678023 1,0000000016015758 ), 0
( 0,9999999994664811 1,0000000012677173 1,0000000016014983 ), 0
( 0,9999999994665676 1,000000001267732 1,0000000016014399 ), 0
( 0,999999999466612 1,0000000012678212 1,0000000016015138 ), 0
( 0,9999999994666817 1,0000000012677956 1,0000000016014166 ), 0
( 0,9999999994665894 1,000000001267842 1,000000001601365 ), 0
( 0,9999999994665928 1,000000001267714 1,000000001601418 ), 0
( 0,9999999994666089 1,0000000012678345 1,0000000016014357 ), 0
( 0,9999999994665802 1,0000000012678474 1,000000001601483 ), 0
( 0,9999999994665887 1,0000000012677632 1,0000000016014696 ), 0
( 0,9999999994666378 1,0000000012679018 1,000000001601561 ), 0
( 0,9999999994666022 1,0000000012678498 1,0000000016015234 ), 0
( 0,9999999994666083 1,0000000012678365 1,000000001601515 ), 0
( 0,9999999994666423 1,0000000012678023 1,0000000016015858 ), 0
( 0,9999999994665548 1,0000000012677324 1,00000000160144 ), 0
( 0,999999999466605 1,0000000012677341 1,0000000016014419 ), 0
( 0,9999999994666043 1,0000000012677681 1,000000001601506 ), 0
( 0,9999999994666153 1,0000000012677972 1,0000000016014885 ), 0
( 0,999999999466664 1,000000001267742 1,0000000016015127 ), 0
( 0,9999999994665041 1,000000001267845 1,000000001601472 ), 0
( 0,9999999994665941 1,0000000012678483 1,0000000016014825 ), 0
( 0,9999999994665478 1,0000000012679497 1,0000000016015895 ), 0
( 0,9999999994666122 1,00000000126779 1,000000001601466 ), 0
( 0,9999999994665906 1,0000000012678258 1,0000000016014665 ), 0
( 0,9999999994666089 1,0000000012677965 1,0000000016014405 ), 0
( 0,9999999994665747 1,0000000012678782 1,000000001601588 ), 0
( 0,9999999994666509 1,0000000012678198 1,0000000016015134 ), 0
( 0,9999999994666603 1,000000001267846 1,0000000016014425 ), 0
( 0,9999999994666031 1,0000000012677823 1,0000000016015436 ), 0
( 0,999999999466685 1,0000000012677155 1,000000001601345 ), 0
( 0,9999999994666063 1,0000000012677945 1,0000000016014818 ), 0
( 0,9999999994666467 1,0000000012678507 1,000000001601518 ), 0
( 0,9999999994665427 1,0000000012677535 1,0000000016014423 ), 0
( 0,9999999994665917 1,0000000012678658 1,000000001601549 ), 0
( 0,9999999994666208 1,0000000012677324 1,0000000016014268 ), 0
( 0,9999999994666565 1,0000000012677055 1,0000000016013493 ), 0
( 0,9999999994665945 1,0000000012677446 1,000000001601433 ), 0
( 0,9999999994665917 1,0000000012676147 1,000000001601275 ), 0
( 0,9999999994665695 1,0000000012675505 1,0000000016012096 ), 0
( 0,9999999994666382 1,0000000012678147 1,0000000016015296 ), 0
( 0,9999999994665318 1,0000000012677268 1,0000000016014619 ), 0
( 0,9999999994666302 1,0000000012677552 1,0000000016014658 ), 0
( 0,9999999994666205 1,0000000012678367 1,0000000016014927 ), 0
( 0,9999999994665858 1,0000000012678916 1,0000000016014916 ), 0
( 0,9999999994665759 1,0000000012677666 1,0000000016014545 ), 0
( 0,9999999994665465 1,0000000012678676 1,0000000016016346 ), 0
( 0,9999999994666435 1,0000000012677581 1,0000000016014803 ), 0
( 0,9999999994665368 1,0000000012678067 1,0000000016014927 ), 0
( 0,9999999994666616 1,0000000012677956 1,0000000016015163 ), 0
( 0,9999999994666079 1,000000001267666 1,0000000016013606 ), 0
( 0,999999999466575 1,0000000012678831 1,0000000016015218 ), 0
( 0,9999999994665593 1,0000000012677868 1,0000000016014885 ), 0
( 0,9999999994666646 1,0000000012677508 1,0000000016015382 ), 0
( 0,9999999994665112 1,0000000012678538 1,000000001601434 ), 0
( 0,9999999994665411 1,0000000012678023 1,0000000016014818 ), 0
( 0,9999999994665919 1,0000000012679582 1,0000000016016735 ), 0
( 0,9999999994666326 1,000000001267674 1,0000000016013812 ), 0
( 0,999999999466607 1,0000000012678254 1,0000000016015163 ), 0
( 0,9999999994665072 1,0000000012677825 1,000000001601622 ), 0
( 0,9999999994666185 1,0000000012679284 1,000000001601457 ), 0
( 0,9999999994667053 1,0000000012677466 1,0000000016014239 ), 0
( 0,9999999994666467 1,0000000012677777 1,0000000016014843 ), 0
( 0,9999999994666183 1,000000001267773 1,0000000016014157 ), 0
( 0,9999999994665504 1,000000001267793 1,0000000016015673 ), 0
( 0,9999999994666464 1,000000001267786 1,0000000016015156 ), 0
( 0,9999999994666274 1,0000000012678432 1,0000000016014545 ), 0
( 0,9999999994666579 1,0000000012678152 1,0000000016013983 ), 0
( 0,9999999994666935 1,0000000012678743 1,0000000016014958 ), 0
( 0,9999999994666691 1,000000001267671 1,000000001601279 ), 0
( 0,9999999994665981 1,0000000012678674 1,0000000016015484 ), 0
( 0,9999999994665946 1,0000000012678216 1,0000000016015562 ), 0
( 0,9999999994666 1,0000000012678085 1,0000000016015012 ), 0
( 0,9999999994666238 1,0000000012677672 1,0000000016013297 ), 0
( 0,9999999994666509 1,000000001267777 1,0000000016014516 ), 0
( 0,9999999994665927 1,00000000126776 1,0000000016014587 ), 0
( 0,9999999994666094 1,0000000012677528 1,0000000016015813 ), 0
( 0,999999999466562 1,000000001267858 1,000000001601621 ), 0
( 0,9999999994665923 1,0000000012677706 1,0000000016015984 ), 0
( 0,9999999994666078 1,0000000012678167 1,000000001601639 ), 0
( 0,9999999994666084 1,0000000012678039 1,0000000016015085 ), 0
( 0,9999999994666499 1,0000000012678658 1,0000000016015174 ), 0
( 0,999999999466632 1,0000000012677697 1,0000000016013866 ), 0
( 0,999999999466547 1,0000000012676908 1,0000000016014001 ), 0
( 0,9999999994666269 1,0000000012677617 1,0000000016013724 ), 0
( 0,9999999994666503 1,0000000012676715 1,0000000016013786 ), 0
( 0,9999999994665703 1,0000000012677046 1,0000000016015402 ), 0
( 0,9999999994666002 1,0000000012678536 1,000000001601453 ), 0
( 0,9999999994666122 1,000000001267741 1,000000001601358 ), 0
( 0,9999999994666549 1,000000001267788 1,0000000016014123 ), 0
( 0,9999999994666979 1,0000000012676842 1,0000000016013464 ), 0
( 0,9999999994665462 1,0000000012678543 1,000000001601641 ), 0
( 0,9999999994666215 1,0000000012677177 1,000000001601404 ), 0
( 0,9999999994665772 1,0000000012677293 1,0000000016014419 ), 0
( 0,9999999994665767 1,0000000012677146 1,0000000016014827 ), 0
( 0,9999999994666531 1,000000001267826 1,000000001601489 ), 0
( 0,9999999994666227 1,0000000012677563 1,000000001601459 ), 0
( 0,999999999466677 1,0000000012678143 1,000000001601527 ), 0
( 0,9999999994666045 1,0000000012677612 1,000000001601483 ), 0
( 0,9999999994666625 1,0000000012678105 1,0000000016015185 ), 0
( 0,9999999994666056 1,0000000012677617 1,0000000016014967 ), 0
( 0,9999999994666107 1,000000001267756 1,0000000016013948 ), 0
( 0,999999999466624 1,000000001267903 1,0000000016015569 ), 0
( 0,999999999466591 1,0000000012678039 1,0000000016014947 ), 0
( 0,9999999994666235 1,0000000012677452 1,000000001601472 ), 0
( 0,9999999994666025 1,0000000012677663 1,0000000016016468 ), 0
( 0,9999999994665831 1,0000000012676955 1,0000000016013484 ), 0
( 0,9999999994665749 1,0000000012677919 1,0000000016015944 ), 0
( 0,9999999994665929 1,0000000012677999 1,00000000160146 ), 0
( 0,9999999994666352 1,0000000012677648 1,0000000016013795 ), 0
( 0,9999999994665445 1,0000000012678947 1,0000000016017467 ), 0
( 0,9999999994666069 1,0000000012678412 1,0000000016015285 ), 0
( 0,999999999466545 1,0000000012677508 1,0000000016014279 ), 0
( 0,9999999994666021 1,0000000012677952 1,000000001601606 ), 0
( 0,9999999994666707 1,0000000012677945 1,0000000016015076 ), 0
( 0,9999999994666309 1,0000000012677355 1,0000000016014057 ), 0
( 0,999999999466628 1,0000000012678794 1,0000000016015538 ), 0
( 0,9999999994666194 1,0000000012676342 1,0000000016012813 ), 0
( 0,9999999994665999 1,0000000012678099 1,0000000016015487 ), 0
( 0,9999999994666213 1,0000000012677694 1,0000000016015014 ), 0
( 0,9999999994665993 1,0000000012677543 1,000000001601405 ), 0
( 0,9999999994665628 1,0000000012677905 1,0000000016014043 ), 0
( 0,999999999466582 1,000000001267814 1,0000000016014579 ), 0
( 0,999999999466616 1,00000000126783 1,000000001601555 ), 0
( 0,9999999994666012 1,0000000012678 1,0000000016013806 ), 0
( 0,9999999994666002 1,0000000012678563 1,0000000016015138 ), 0
( 0,9999999994666613 1,0000000012678403 1,0000000016014388 ), 0
( 0,9999999994666088 1,0000000012678039 1,0000000016014101 ), 0
( 0,9999999994665991 1,000000001267814 1,000000001601473 ), 0
( 0,9999999994666199 1,0000000012675916 1,000000001601278 ), 0
( 0,9999999994665999 1,0000000012678019 1,0000000016015826 ), 0
( 0,9999999994665916 1,0000000012677808 1,0000000016014214 ), 0
( 0,9999999994666063 1,0000000012678316 1,0000000016015655 ), 0
( 0,9999999994665755 1,0000000012677528 1,000000001601467 ), 0
( 0,9999999994666241 1,0000000012677748 1,0000000016013428 ), 0
( 0,9999999994666189 1,0000000012677794 1,0000000016014254 ), 0
( 0,9999999994666438 1,0000000012679209 1,0000000016015391 ), 0
( 0,9999999994666318 1,000000001267756 1,0000000016015835 ), 0
( 0,9999999994666066 1,0000000012678578 1,0000000016015407 ), 0
( 0,9999999994666258 1,000000001267757 1,0000000016014206 ), 0
( 0,999999999466653 1,0000000012677273 1,0000000016014463 ), 0
( 0,9999999994666368 1,0000000012677908 1,000000001601419 ), 0
( 0,999999999466584 1,0000000012677555 1,000000001601293 ), 0
( 0,9999999994666214 1,0000000012677985 1,00000000160154 ), 0
( 0,9999999994666844 1,0000000012678099 1,000000001601368 ), 0
( 0,9999999994665816 1,0000000012677202 1,0000000016015316 ), 0
( 0,9999999994665746 1,0000000012678227 1,0000000016015689 ), 0
( 0,9999999994666393 1,0000000012678758 1,000000001601628 ), 0
( 0,9999999994666463 1,0000000012677834 1,0000000016014352 ), 0
( 0,9999999994665641 1,0000000012678454 1,0000000016014274 ), 0
( 0,9999999994666324 1,0000000012677572 1,0000000016014303 ), 0
( 0,9999999994666461 1,0000000012677048 1,0000000016014794 ), 0
( 0,9999999994665256 1,000000001267845 1,0000000016014992 ), 0
( 0,9999999994666195 1,000000001267786 1,0000000016014372 ), 0
( 0,9999999994667081 1,00000000126782 1,0000000016014041 ), 0
( 0,9999999994665594 1,0000000012678516 1,0000000016016097 ), 0
( 0,9999999994666612 1,0000000012676686 1,0000000016013761 ), 0
( 0,9999999994666008 1,0000000012677952 1,000000001601396 ), 0
( 0,9999999994665646 1,0000000012678716 1,0000000016015458 ), 0
( 0,9999999994666575 1,000000001267847 1,0000000016014639 ), 0
( 0,9999999994665819 1,0000000012677799 1,0000000016014716 ), 0
( 0,9999999994666237 1,0000000012678458 1,0000000016014714 ), 0
( 0,9999999994665897 1,0000000012677595 1,000000001601458 ), 0
( 0,9999999994665635 1,0000000012677064 1,0000000016014103 ), 0
( 0,9999999994666398 1,0000000012677044 1,000000001601278 ), 0
( 0,999999999466636 1,0000000012677612 1,0000000016015835 ), 0
( 0,9999999994666701 1,0000000012676047 1,0000000016011759 ), 0
( 0,999999999466629 1,0000000012678152 1,0000000016016382 ), 0
( 0,999999999466642 1,000000001267855 1,0000000016015993 ), 0
( 0,9999999994666768 1,0000000012678103 1,0000000016014634 ), 0
( 0,9999999994666343 1,0000000012677284 1,000000001601419 ), 0
( 0,9999999994666254 1,000000001267782 1,000000001601564 ), 0
( 0,9999999994664758 1,0000000012679138 1,0000000016019122 ), 0
( 0,999999999466642 1,000000001267801 1,00000000160152 ), 0
( 0,9999999994666283 1,0000000012677317 1,0000000016013584 ), 0
( 0,9999999994666635 1,0000000012678762 1,000000001601492 ), 0
( 0,9999999994666006 1,0000000012678316 1,000000001601521 ), 0
( 0,9999999994665679 1,0000000012678287 1,0000000016015589 ), 0
( 0,9999999994666293 1,000000001267768 1,0000000016014492 ), 0
( 0,9999999994666866 1,0000000012677648 1,0000000016013566 ), 0
( 0,9999999994666162 1,0000000012677666 1,0000000016014565 ), 0
( 0,9999999994666484 1,0000000012678278 1,0000000016014368 ), 0
( 0,9999999994666184 1,0000000012677623 1,0000000016015456 ), 0
( 0,9999999994666168 1,0000000012677703 1,0000000016014827 ), 0
( 0,9999999994666289 1,000000001267797 1,0000000016014394 ), 0
( 0,9999999994665831 1,00000000126774 1,000000001601445 ), 0
( 0,9999999994666311 1,0000000012677428 1,000000001601333 ), 0
( 0,9999999994666176 1,000000001267864 1,0000000016015298 ), 0
( 0,9999999994666099 1,0000000012678423 1,0000000016015884 ), 0
( 0,9999999994666133 1,0000000012677472 1,0000000016014565 ), 0
( 0,9999999994666011 1,000000001267793 1,0000000016015171 ), 0
( 0,9999999994666188 1,000000001267796 1,000000001601456 ), 0
( 0,9999999994666285 1,0000000012678132 1,0000000016013975 ), 0
( 0,9999999994666343 1,0000000012678076 1,0000000016014228 ), 0
( 0,999999999466695 1,0000000012676988 1,000000001601318 ), 0
( 0,999999999466604 1,0000000012677754 1,000000001601433 ), 0
( 0,9999999994665523 1,0000000012677939 1,0000000016015487 ), 0
( 0,99999999946658 1,0000000012677956 1,0000000016014898 ), 0
( 0,9999999994665304 1,000000001267883 1,0000000016016255 ), 0
( 0,9999999994666735 1,0000000012676944 1,000000001601371 ), 0
( 0,9999999994666059 1,0000000012677168 1,0000000016014026 ), 0
( 0,9999999994666263 1,0000000012677102 1,0000000016014898 ), 0
( 0,9999999994666283 1,0000000012678405 1,0000000016013046 ), 0
( 0,9999999994665797 1,0000000012677988 1,0000000016014017 ), 0
( 0,999999999466631 1,0000000012677703 1,0000000016015467 ), 0
( 0,9999999994665822 1,0000000012678005 1,0000000016015096 ), 0
( 0,9999999994666166 1,0000000012677557 1,0000000016014026 ), 0
( 0,999999999466648 1,0000000012678194 1,0000000016014552 ), 0
( 0,9999999994665953 1,0000000012678103 1,0000000016014057 ), 0
( 0,9999999994665951 1,0000000012677803 1,0000000016015218 ), 0
( 0,9999999994666132 1,0000000012678216 1,0000000016015578 ), 0
( 0,9999999994665989 1,0000000012677928 1,000000001601426 ), 0
( 0,9999999994666378 1,0000000012677588 1,0000000016015833 ), 0
( 0,9999999994665808 1,0000000012678307 1,0000000016015238 ), 0
( 0,9999999994666472 1,0000000012677854 1,0000000016014101 ), 0
( 0,9999999994665673 1,0000000012677028 1,000000001601401 ), 0
( 0,9999999994666231 1,0000000012678039 1,0000000016014707 ), 0
( 0,9999999994665889 1,0000000012677346 1,0000000016015262 ), 0
( 0,9999999994666103 1,0000000012677344 1,000000001601449 ), 0
( 0,9999999994666056 1,0000000012678631 1,0000000016015436 ), 0
( 0,9999999994665796 1,0000000012678076 1,0000000016015964 ), 0
( 0,9999999994666083 1,0000000012677759 1,000000001601508 ), 0
( 0,9999999994665808 1,0000000012677854 1,0000000016015043 ), 0
( 0,999999999466617 1,0000000012678179 1,0000000016014579 ), 0
( 0,9999999994665822 1,0000000012677541 1,000000001601534 ), 0
( 0,9999999994666069 1,0000000012677959 1,00000000160148 ), 0
( 0,999999999466638 1,0000000012678842 1,000000001601519 ), 0
( 0,9999999994666241 1,0000000012678363 1,0000000016015305 ), 0
( 0,9999999994666147 1,0000000012678338 1,0000000016015669 ), 0
( 0,999999999466598 1,000000001267832 1,0000000016015416 ), 0
( 0,999999999466646 1,0000000012677928 1,0000000016014454 ), 0
( 0,9999999994666239 1,000000001267715 1,0000000016013686 ), 0
( 0,9999999994665743 1,0000000012677042 1,000000001601361 ), 0
( 0,9999999994666491 1,0000000012676526 1,0000000016013428 ), 0
( 0,9999999994665636 1,00000000126783 1,0000000016015353 ), 0
( 0,9999999994665775 1,0000000012677495 1,0000000016015052 ), 0
( 0,999999999466615 1,000000001267735 1,0000000016014834 ), 0
( 0,9999999994666198 1,00000000126786 1,0000000016015114 ), 0
( 0,9999999994665706 1,0000000012676997 1,0000000016014987 ), 0
( 0,9999999994665686 1,0000000012678445 1,000000001601514 ), 0
( 0,9999999994666313 1,0000000012676888 1,0000000016014232 ), 0
( 0,9999999994666787 1,0000000012677945 1,000000001601366 ), 0
( 0,9999999994666359 1,000000001267827 1,0000000016014885 ), 0
( 0,9999999994666768 1,000000001267828 1,0000000016015655 ), 0
( 0,9999999994666071 1,000000001267778 1,0000000016013746 ), 0
( 0,9999999994666612 1,0000000012678003 1,000000001601546 ), 0
( 0,999999999466607 1,000000001267855 1,00000000160153 ), 0
( 0,9999999994666419 1,0000000012676835 1,0000000016012587 ), 0
( 0,9999999994666128 1,0000000012678074 1,000000001601474 ), 0
( 0,9999999994666249 1,0000000012678087 1,0000000016014137 ), 0
( 0,9999999994666353 1,0000000012677726 1,0000000016014792 ), 0
( 0,9999999994666088 1,0000000012677945 1,0000000016014776 ), 0
( 0,9999999994665548 1,0000000012677448 1,0000000016014754 ), 0
( 0,9999999994666434 1,0000000012677912 1,0000000016014425 ), 0
( 0,9999999994666711 1,0000000012677763 1,0000000016013924 ), 0
( 0,9999999994666067 1,0000000012678414 1,000000001601532 ), 0
( 0,9999999994665604 1,0000000012677577 1,000000001601597 ), 0
( 0,9999999994666147 1,000000001267678 1,0000000016013095 ), 0
( 0,9999999994666103 1,0000000012678063 1,00000000160139 ), 0
( 0,9999999994666379 1,0000000012678563 1,0000000016014863 ), 0
( 0,9999999994666325 1,0000000012677772 1,0000000016015065 ), 0
( 0,9999999994666033 1,0000000012677885 1,0000000016015105 ), 0
( 0,9999999994666211 1,0000000012677226 1,000000001601383 ), 0
( 0,9999999994666279 1,0000000012677963 1,0000000016015476 ), 0
( 0,9999999994666025 1,0000000012677297 1,0000000016014294 ), 0
( 0,9999999994665615 1,000000001267841 1,0000000016016053 ), 0
( 0,9999999994666534 1,0000000012678616 1,0000000016015629 ), 0
( 0,9999999994666037 1,0000000012678125 1,0000000016014357 ), 0
( 0,9999999994665777 1,000000001267729 1,0000000016014505 ), 0
( 0,9999999994666193 1,000000001267794 1,0000000016014468 ), 0
( 0,9999999994665902 1,0000000012678198 1,000000001601564 ), 0
( 0,9999999994666143 1,000000001267838 1,0000000016015445 ), 0
( 0,9999999994665829 1,0000000012677148 1,0000000016014952 ), 0
( 0,9999999994666016 1,0000000012678216 1,0000000016015607 ), 0
( 0,9999999994665221 1,0000000012677022 1,000000001601482 ), 0
( 0,9999999994666431 1,0000000012677286 1,0000000016013741 ), 0
( 0,9999999994665673 1,0000000012677752 1,000000001601427 ), 0
( 0,9999999994665904 1,0000000012677788 1,0000000016014083 ), 0
( 0,9999999994666405 1,0000000012677444 1,0000000016014565 ), 0
( 0,9999999994665977 1,0000000012677899 1,000000001601476 ), 0
( 0,9999999994666418 1,0000000012678276 1,0000000016014574 ), 0
( 0,9999999994666394 1,0000000012677956 1,000000001601537 ), 0
( 0,9999999994666035 1,000000001267788 1,00000000160146 ), 0
( 0,9999999994665992 1,0000000012677888 1,0000000016014698 ), 0
( 0,9999999994666473 1,0000000012677417 1,000000001601383 ), 0
( 0,9999999994666098 1,0000000012678614 1,0000000016015427 ), 0
( 0,9999999994666672 1,0000000012677013 1,000000001601429 ), 0
( 0,9999999994666631 1,000000001267834 1,000000001601482 ), 0
( 0,999999999466577 1,0000000012678343 1,0000000016014672 ), 0
( 0,999999999466586 1,000000001267742 1,0000000016014259 ), 0
( 0,9999999994666574 1,0000000012677814 1,0000000016014994 ), 0
( 0,9999999994665999 1,0000000012677117 1,0000000016014239 ), 0
( 0,999999999466638 1,0000000012678025 1,000000001601488 ), 0
( 0,9999999994665185 1,000000001267765 1,0000000016013952 ), 0
( 0,9999999994666128 1,0000000012678114 1,0000000016014887 ), 0
( 0,999999999466634 1,000000001267791 1,0000000016014579 ), 0
( 0,9999999994666072 1,0000000012678498 1,000000001601518 ), 0
( 0,999999999466642 1,000000001267809 1,0000000016014856 ), 0
( 0,9999999994666504 1,0000000012677548 1,0000000016013992 ), 0
( 0,999999999466594 1,000000001267854 1,0000000016014245 ), 0
( 0,9999999994666192 1,0000000012679282 1,0000000016016535 ), 0
( 0,999999999466569 1,0000000012678854 1,0000000016015593 ), 0
( 0,9999999994666536 1,0000000012678596 1,000000001601542 ), 0
( 0,9999999994666315 1,000000001267778 1,0000000016014061 ), 0
( 0,9999999994665608 1,0000000012679002 1,0000000016016508 ), 0
( 0,9999999994666299 1,0000000012678212 1,0000000016015151 ), 0
( 0,9999999994666589 1,0000000012679247 1,00000000160155 ), 0
( 0,9999999994666879 1,0000000012678543 1,0000000016015276 ), 0
( 0,999999999466574 1,0000000012678907 1,000000001601622 ), 0
( 0,9999999994666344 1,0000000012678285 1,0000000016014445 ), 0
( 0,9999999994666281 1,0000000012677412 1,000000001601374 ), 0
( 0,9999999994665811 1,0000000012677581 1,0000000016014583 ), 0
( 0,999999999466545 1,0000000012677621 1,0000000016015753 ), 0
( 0,9999999994666277 1,000000001267611 1,000000001601404 ), 0
( 0,999999999466575 1,0000000012677555 1,0000000016013484 ), 0
( 0,9999999994666192 1,0000000012678314 1,0000000016014459 ), 0
( 0,9999999994666636 1,000000001267805 1,0000000016015176 ), 0
( 0,9999999994666334 1,0000000012677788 1,0000000016014028 ), 0
( 0,9999999994665562 1,0000000012677983 1,0000000016014494 ), 0
( 0,9999999994666676 1,0000000012678938 1,0000000016015484 ), 0
( 0,9999999994666623 1,0000000012678365 1,0000000016014645 ), 0
( 0,9999999994665921 1,0000000012677122 1,0000000016014443 ), 0
( 0,9999999994666041 1,0000000012678456 1,0000000016015058 ), 0
( 0,99999999946657 1,0000000012678385 1,0000000016015986 ), 0
( 0,9999999994666131 1,0000000012677634 1,00000000160142 ), 0
( 0,9999999994665761 1,0000000012676622 1,0000000016013946 ), 0
( 0,9999999994666178 1,0000000012678425 1,000000001601548 ), 0
( 0,999999999466611 1,000000001267651 1,0000000016013884 ), 0
( 0,9999999994665849 1,0000000012678334 1,000000001601438 ), 0
( 0,9999999994665995 1,0000000012677488 1,0000000016013981 ), 0
( 0,9999999994665743 1,0000000012678003 1,0000000016014887 ), 0
( 0,9999999994666197 1,000000001267774 1,0000000016014026 ), 0
( 0,99999999946663 1,000000001267761 1,0000000016013564 ), 0
( 0,9999999994666203 1,000000001267777 1,0000000016013957 ), 0
( 0,999999999466607 1,000000001267902 1,0000000016013146 ), 0
( 0,9999999994666093 1,0000000012677601 1,0000000016014876 ), 0
( 0,9999999994666303 1,000000001267739 1,0000000016014126 ), 0
( 0,9999999994666356 1,000000001267817 1,0000000016014645 ), 0
( 0,9999999994665871 1,0000000012677952 1,0000000016015522 ), 0
( 0,9999999994665979 1,0000000012677874 1,0000000016014479 ), 0
( 0,9999999994666241 1,0000000012678099 1,0000000016014408 ), 0
( 0,9999999994665976 1,000000001267625 1,0000000016013775 ), 0
( 0,9999999994665504 1,000000001267727 1,0000000016012873 ), 0
( 0,9999999994666736 1,0000000012676857 1,0000000016013901 ), 0
( 0,9999999994666252 1,0000000012677877 1,0000000016013937 ), 0
( 0,9999999994665868 1,0000000012678159 1,0000000016016168 ), 0
( 0,9999999994665862 1,0000000012678447 1,000000001601419 ), 0
( 0,9999999994666262 1,0000000012677897 1,0000000016014967 ), 0
( 0,9999999994666374 1,0000000012677863 1,0000000016013928 ), 0
( 0,9999999994666322 1,000000001267801 1,0000000016014543 ), 0
( 0,9999999994665868 1,000000001267803 1,0000000016015873 ), 0
( 0,9999999994666335 1,0000000012677621 1,0000000016014408 ), 0
( 0,9999999994666157 1,0000000012677928 1,0000000016014639 ), 0
( 0,9999999994666212 1,000000001267775 1,0000000016013664 ), 0
( 0,9999999994666423 1,0000000012678325 1,0000000016013433 ), 0
( 0,9999999994666114 1,0000000012678276 1,0000000016015387 ), 0
( 0,9999999994665772 1,0000000012678025 1,0000000016014905 ), 0
( 0,9999999994665991 1,0000000012678434 1,0000000016012751 ), 0
( 0,9999999994665926 1,0000000012677561 1,000000001601387 ), 0
( 0,9999999994666203 1,0000000012677301 1,0000000016013644 ), 0
( 0,9999999994666727 1,0000000012678223 1,0000000016015809 ), 0
( 0,9999999994665849 1,0000000012677845 1,0000000016015211 ), 0
( 0,9999999994666214 1,0000000012677286 1,000000001601353 ), 0
( 0,9999999994666586 1,000000001267814 1,00000000160151 ), 0
( 0,9999999994665815 1,000000001267851 1,0000000016015207 ), 0
( 0,9999999994665765 1,0000000012677628 1,0000000016015322 ), 0
( 0,9999999994666047 1,0000000012677395 1,0000000016012986 ), 0
( 0,9999999994665906 1,0000000012677492 1,0000000016013844 ), 0
( 0,9999999994666 1,0000000012677621 1,0000000016016355 ), 0
( 0,9999999994666648 1,0000000012677053 1,0000000016013364 ), 0
( 0,9999999994666365 1,0000000012677273 1,0000000016014285 ), 0
( 0,9999999994665778 1,0000000012677357 1,0000000016014383 ), 0
( 0,9999999994666376 1,000000001267767 1,0000000016014012 ), 0
( 0,9999999994665915 1,000000001267796 1,000000001601542 ), 0
( 0,9999999994666354 1,000000001267661 1,000000001601475 ), 0
( 0,9999999994666602 1,0000000012677188 1,0000000016013977 ), 0
( 0,999999999466593 1,000000001267869 1,0000000016015471 ), 0
( 0,9999999994666701 1,0000000012678072 1,0000000016014465 ), 0
( 0,9999999994665835 1,0000000012677563 1,000000001601442 ), 0
( 0,9999999994666342 1,0000000012678094 1,000000001601492 ), 0
( 0,9999999994666361 1,00000000126783 1,000000001601517 ), 0
( 0,9999999994666143 1,0000000012677928 1,000000001601537 ), 0
( 0,9999999994666382 1,0000000012678516 1,0000000016014998 ), 0
( 0,9999999994665941 1,0000000012678825 1,00000000160157 ), 0
( 0,9999999994666005 1,0000000012678163 1,0000000016015451 ), 0
( 0,9999999994665746 1,0000000012677959 1,0000000016015367 ), 0
( 0,9999999994666016 1,0000000012678465 1,000000001601531 ), 0
( 0,9999999994666315 1,0000000012678167 1,0000000016014616 ), 0
Liczba wywoa funkcji celu: 205102
