Iteracja nr: 78
( 0,9999999994683241 1,0000000012602317 1,0000000015919674 ), 0
( 0,9999999994672586 1,0000000012621086 1,0000000015958828 ), 0
( 0,999999999466735 1,0000000012688939 1,0000000015995536 ), 0
( 0,99999999946769 1,0000000012727301 1,0000000016058592 ), 0
( 0,9999999994644171 1,0000000012597858 1,0000000016008896 ), 0
( 0,9999999994657753 1,0000000012695356 1,0000000016076116 ), 0
( 0,9999999994653261 1,0000000012674448 1,000000001604522 ), 0
( 0,9999999994663257 1,0000000012609218 1,0000000015977053 ), 0
( 0,999999999468639 1,0000000012651886 1,0000000016041712 ), 0
( 0,9999999994658135 1,0000000012656445 1,0000000015990023 ), 0
( 0,9999999994653486 1,0000000012714447 1,0000000016062307 ), 0
( 0,9999999994678586 1,0000000012694448 1,0000000016009516 ), 0
( 0,999999999467345 1,0000000012685002 1,000000001599456 ), 0
( 0,9999999994626819 1,0000000012697599 1,0000000016056725 ), 0
( 0,9999999994678428 1,0000000012682482 1,0000000016006148 ), 0
( 0,9999999994676848 1,0000000012664902 1,0000000016002513 ), 0
( 0,99999999946833 1,0000000012724406 1,0000000016015593 ), 0
( 0,999999999465376 1,0000000012675845 1,0000000015988832 ), 0
( 0,9999999994673567 1,000000001268788 1,0000000015983301 ), 0
( 0,9999999994641685 1,0000000012685426 1,0000000016028086 ), 0
( 0,9999999994695322 1,000000001268977 1,0000000016057986 ), 0
( 0,9999999994640463 1,0000000012630579 1,0000000016011457 ), 0
( 0,9999999994665489 1,000000001269148 1,0000000016019626 ), 0
( 0,9999999994649144 1,00000000126835 1,0000000015997588 ), 0
( 0,9999999994662351 1,000000001264687 1,0000000016008543 ), 0
( 0,9999999994703072 1,0000000012668684 1,0000000016100088 ), 0
( 0,9999999994678177 1,000000001258189 1,0000000015906743 ), 0
( 0,9999999994653456 1,0000000012691825 1,0000000016077149 ), 0
( 0,9999999994633432 1,000000001266388 1,00000000160146 ), 0
( 0,9999999994660873 1,000000001265949 1,0000000016006922 ), 0
( 0,9999999994670249 1,0000000012650938 1,0000000015993733 ), 0
( 0,9999999994665393 1,0000000012730446 1,0000000016072965 ), 0
( 0,9999999994655175 1,0000000012710006 1,0000000016028698 ), 0
( 0,9999999994682266 1,000000001272153 1,0000000016033448 ), 0
( 0,9999999994673081 1,000000001272439 1,0000000016058332 ), 0
( 0,9999999994670207 1,0000000012685666 1,0000000015987294 ), 0
( 0,999999999468237 1,0000000012667531 1,0000000016031634 ), 0
( 0,9999999994640928 1,0000000012715429 1,000000001609337 ), 0
( 0,9999999994669663 1,000000001270768 1,0000000016068578 ), 0
( 0,9999999994655584 1,0000000012708106 1,0000000016016375 ), 0
( 0,999999999465894 1,000000001267414 1,0000000016011776 ), 0
( 0,9999999994634955 1,000000001258178 1,0000000015911275 ), 0
( 0,9999999994671873 1,0000000012626775 1,0000000016024884 ), 0
( 0,9999999994651089 1,0000000012652284 1,0000000016019515 ), 0
( 0,9999999994655142 1,0000000012714987 1,000000001604712 ), 0
( 0,9999999994659137 1,0000000012685852 1,0000000016005945 ), 0
( 0,9999999994672485 1,0000000012721888 1,0000000016075257 ), 0
( 0,9999999994654104 1,0000000012688963 1,0000000016011361 ), 0
( 0,9999999994652682 1,0000000012694565 1,0000000016040298 ), 0
( 0,9999999994651311 1,0000000012691246 1,0000000016095445 ), 0
( 0,9999999994663668 1,000000001265431 1,0000000015986832 ), 0
( 0,9999999994665439 1,0000000012652783 1,0000000016018817 ), 0
( 0,9999999994683498 1,0000000012649608 1,0000000016015735 ), 0
( 0,9999999994672429 1,000000001260961 1,0000000015904025 ), 0
( 0,9999999994665789 1,0000000012715824 1,000000001606341 ), 0
( 0,9999999994637907 1,0000000012702173 1,0000000016036958 ), 0
( 0,9999999994680497 1,000000001264165 1,0000000016006132 ), 0
( 0,9999999994656487 1,0000000012698418 1,0000000016057655 ), 0
( 0,9999999994663805 1,0000000012697463 1,000000001607159 ), 0
( 0,9999999994710805 1,0000000012608181 1,000000001602148 ), 0
( 0,9999999994676745 1,000000001269396 1,0000000016041668 ), 0
( 0,9999999994667462 1,0000000012672228 1,0000000016030948 ), 0
( 0,9999999994681747 1,0000000012611938 1,000000001592873 ), 0
( 0,9999999994655596 1,000000001260504 1,0000000015901307 ), 0
( 0,9999999994685772 1,0000000012688979 1,0000000016020627 ), 0
( 0,9999999994651435 1,0000000012657944 1,0000000016016581 ), 0
( 0,9999999994648736 1,000000001270869 1,0000000016041433 ), 0
( 0,9999999994684631 1,0000000012653725 1,0000000016007962 ), 0
( 0,9999999994668362 1,0000000012693357 1,0000000016013872 ), 0
( 0,9999999994683976 1,0000000012685109 1,0000000016049724 ), 0
( 0,9999999994662371 1,0000000012675 1,0000000015965174 ), 0
( 0,9999999994680365 1,0000000012717738 1,0000000016035868 ), 0
( 0,9999999994649569 1,0000000012690977 1,000000001601745 ), 0
( 0,9999999994670966 1,0000000012724923 1,000000001601371 ), 0
( 0,9999999994674003 1,0000000012680372 1,0000000016033608 ), 0
( 0,9999999994661101 1,0000000012677575 1,0000000016041877 ), 0
( 0,9999999994670832 1,0000000012722319 1,000000001602189 ), 0
( 0,9999999994677188 1,0000000012688688 1,0000000015986332 ), 0
( 0,9999999994689467 1,0000000012682897 1,0000000016003152 ), 0
( 0,9999999994666481 1,000000001269667 1,0000000016043809 ), 0
( 0,9999999994658193 1,0000000012688124 1,0000000016068393 ), 0
( 0,999999999466513 1,00000000127127 1,0000000016082866 ), 0
( 0,9999999994666369 1,0000000012653731 1,00000000159819 ), 0
( 0,9999999994650416 1,000000001266663 1,0000000016025423 ), 0
( 0,9999999994684552 1,0000000012594454 1,000000001594484 ), 0
( 0,9999999994675686 1,0000000012687489 1,0000000016043695 ), 0
( 0,9999999994666888 1,0000000012657881 1,0000000015982982 ), 0
( 0,9999999994670611 1,000000001269977 1,000000001604234 ), 0
( 0,9999999994665202 1,0000000012692474 1,0000000016042578 ), 0
( 0,9999999994669072 1,000000001270822 1,0000000016006847 ), 0
( 0,9999999994676264 1,000000001268253 1,000000001601462 ), 0
( 0,9999999994682014 1,0000000012700645 1,000000001600604 ), 0
( 0,9999999994645051 1,0000000012623682 1,0000000016014836 ), 0
( 0,9999999994663998 1,0000000012681791 1,0000000016020614 ), 0
( 0,9999999994660048 1,0000000012705008 1,0000000016056712 ), 0
( 0,9999999994670119 1,0000000012736234 1,0000000016056882 ), 0
( 0,9999999994658365 1,000000001268015 1,0000000016015214 ), 0
( 0,9999999994673194 1,000000001269238 1,0000000015993553 ), 0
( 0,999999999465822 1,0000000012632606 1,0000000016035024 ), 0
( 0,9999999994684801 1,0000000012729031 1,0000000016017672 ), 0
( 0,9999999994669829 1,0000000012702286 1,0000000015996573 ), 0
( 0,9999999994676338 1,0000000012654877 1,0000000015959654 ), 0
( 0,9999999994655773 1,0000000012682446 1,0000000016033883 ), 0
( 0,9999999994686942 1,0000000012650911 1,000000001597972 ), 0
( 0,9999999994675887 1,0000000012659527 1,0000000016033364 ), 0
( 0,9999999994653551 1,0000000012634573 1,0000000015974615 ), 0
( 0,9999999994668616 1,0000000012718155 1,0000000016032957 ), 0
( 0,9999999994676068 1,0000000012728683 1,0000000016086354 ), 0
( 0,9999999994675585 1,000000001271731 1,0000000016063404 ), 0
( 0,9999999994697097 1,0000000012664907 1,0000000015973836 ), 0
( 0,9999999994657196 1,0000000012687238 1,000000001603524 ), 0
( 0,9999999994653018 1,000000001270078 1,0000000016042905 ), 0
( 0,9999999994668707 1,000000001259109 1,0000000015951738 ), 0
( 0,9999999994676309 1,0000000012675991 1,0000000016031172 ), 0
( 0,9999999994668717 1,0000000012684707 1,0000000016037882 ), 0
( 0,9999999994667782 1,0000000012677168 1,0000000015989503 ), 0
( 0,9999999994666114 1,0000000012724601 1,00000000161063 ), 0
( 0,9999999994645787 1,0000000012691372 1,0000000016019994 ), 0
( 0,9999999994647804 1,0000000012704948 1,000000001603816 ), 0
( 0,99999999946489 1,0000000012703592 1,0000000016035278 ), 0
( 0,9999999994662307 1,000000001270896 1,000000001600478 ), 0
( 0,9999999994658563 1,0000000012683115 1,0000000016015365 ), 0
( 0,9999999994664819 1,0000000012705745 1,0000000016013433 ), 0
( 0,9999999994657348 1,000000001268525 1,000000001604474 ), 0
( 0,9999999994679465 1,0000000012672845 1,0000000016017077 ), 0
( 0,9999999994649205 1,000000001265806 1,0000000015990362 ), 0
( 0,9999999994648432 1,0000000012591874 1,0000000016020434 ), 0
( 0,9999999994666524 1,0000000012671306 1,000000001603689 ), 0
( 0,9999999994663156 1,0000000012693036 1,0000000016008248 ), 0
( 0,999999999466498 1,0000000012706853 1,0000000016043993 ), 0
( 0,9999999994676733 1,0000000012618997 1,0000000015996873 ), 0
( 0,9999999994680508 1,0000000012736154 1,0000000016054835 ), 0
( 0,9999999994651468 1,0000000012679333 1,0000000016012944 ), 0
( 0,9999999994667929 1,0000000012676074 1,0000000016029165 ), 0
( 0,9999999994658064 1,0000000012697952 1,0000000015976682 ), 0
( 0,9999999994690791 1,0000000012661192 1,0000000016037698 ), 0
( 0,9999999994663927 1,000000001265312 1,0000000015968917 ), 0
( 0,9999999994649571 1,000000001267428 1,0000000016007102 ), 0
( 0,999999999464067 1,000000001266919 1,0000000015981234 ), 0
( 0,9999999994660654 1,000000001267532 1,0000000016018669 ), 0
( 0,9999999994669372 1,000000001270907 1,0000000016050332 ), 0
( 0,9999999994653508 1,0000000012708483 1,0000000016030206 ), 0
( 0,9999999994711549 1,0000000012697925 1,000000001603062 ), 0
( 0,9999999994676254 1,0000000012697925 1,0000000016041042 ), 0
( 0,9999999994684582 1,0000000012675203 1,0000000015979758 ), 0
( 0,9999999994675522 1,0000000012635644 1,0000000015952246 ), 0
( 0,9999999994663381 1,0000000012687191 1,0000000016013137 ), 0
( 0,9999999994658505 1,0000000012588013 1,000000001593773 ), 0
( 0,9999999994653314 1,000000001266694 1,000000001601003 ), 0
( 0,9999999994651021 1,0000000012680095 1,0000000016002097 ), 0
( 0,9999999994683358 1,0000000012675168 1,000000001601436 ), 0
( 0,9999999994657295 1,0000000012648231 1,0000000016006616 ), 0
( 0,999999999465673 1,0000000012664345 1,0000000015995512 ), 0
( 0,9999999994649105 1,000000001267951 1,0000000016026371 ), 0
( 0,9999999994675833 1,00000000126599 1,0000000016015882 ), 0
( 0,9999999994681206 1,0000000012646502 1,0000000015975175 ), 0
( 0,9999999994667205 1,0000000012702945 1,0000000016023578 ), 0
( 0,9999999994652502 1,000000001266743 1,000000001603312 ), 0
( 0,9999999994674091 1,0000000012729768 1,0000000016070503 ), 0
( 0,9999999994662796 1,0000000012674968 1,0000000015979402 ), 0
( 0,9999999994671774 1,0000000012684382 1,0000000016037098 ), 0
( 0,9999999994659504 1,0000000012668782 1,0000000015999857 ), 0
( 0,9999999994643226 1,0000000012704044 1,0000000016011854 ), 0
( 0,9999999994644888 1,000000001270738 1,000000001603672 ), 0
( 0,9999999994662003 1,0000000012683565 1,0000000016025032 ), 0
( 0,999999999464006 1,0000000012643473 1,0000000016004618 ), 0
( 0,9999999994647475 1,000000001265886 1,0000000016003374 ), 0
( 0,9999999994676306 1,0000000012669006 1,0000000016000117 ), 0
( 0,9999999994663701 1,0000000012704153 1,0000000016021233 ), 0
( 0,9999999994686927 1,0000000012635626 1,0000000015955617 ), 0
( 0,9999999994658872 1,0000000012693333 1,0000000016011743 ), 0
( 0,9999999994676182 1,0000000012684431 1,0000000016015704 ), 0
( 0,9999999994653387 1,000000001268527 1,000000001602354 ), 0
( 0,9999999994682429 1,000000001268884 1,0000000016008 ), 0
( 0,9999999994658836 1,0000000012680095 1,000000001599551 ), 0
( 0,9999999994683516 1,0000000012685777 1,0000000015997288 ), 0
( 0,9999999994662391 1,0000000012700963 1,0000000016059223 ), 0
( 0,9999999994669457 1,0000000012679675 1,0000000016030197 ), 0
( 0,9999999994665982 1,000000001267062 1,0000000016019917 ), 0
( 0,9999999994673585 1,0000000012653294 1,0000000015989567 ), 0
( 0,9999999994668533 1,0000000012722978 1,00000000160457 ), 0
( 0,9999999994695754 1,0000000012695305 1,00000000160427 ), 0
( 0,9999999994654104 1,0000000012659775 1,0000000015997208 ), 0
( 0,9999999994681664 1,0000000012655126 1,000000001602417 ), 0
( 0,9999999994659783 1,000000001264549 1,000000001605504 ), 0
( 0,9999999994673259 1,0000000012687975 1,0000000016018182 ), 0
( 0,9999999994663002 1,000000001267907 1,000000001601471 ), 0
( 0,999999999467405 1,000000001262832 1,0000000015950103 ), 0
( 0,9999999994676199 1,0000000012671455 1,0000000016000206 ), 0
( 0,9999999994688147 1,0000000012726384 1,0000000016056438 ), 0
( 0,9999999994659861 1,0000000012663852 1,000000001599817 ), 0
( 0,9999999994657202 1,0000000012695118 1,0000000016017503 ), 0
( 0,9999999994633486 1,0000000012664383 1,0000000015990256 ), 0
( 0,9999999994687971 1,000000001265625 1,0000000015986403 ), 0
( 0,9999999994660782 1,0000000012650945 1,0000000015999213 ), 0
( 0,9999999994650508 1,0000000012662142 1,0000000015998378 ), 0
( 0,9999999994661827 1,0000000012713555 1,0000000016078048 ), 0
( 0,9999999994679556 1,0000000012695425 1,0000000016053472 ), 0
( 0,9999999994655128 1,0000000012681733 1,0000000016025226 ), 0
( 0,9999999994676749 1,0000000012684866 1,0000000015988681 ), 0
( 0,9999999994658602 1,0000000012635692 1,0000000016009623 ), 0
( 0,9999999994663933 1,0000000012689318 1,0000000016041068 ), 0
( 0,9999999994663209 1,0000000012663002 1,0000000016018795 ), 0
( 0,9999999994652956 1,0000000012701484 1,0000000016015307 ), 0
( 0,9999999994657686 1,0000000012737758 1,000000001601448 ), 0
( 0,9999999994674574 1,000000001268098 1,000000001600274 ), 0
( 0,9999999994691119 1,000000001266848 1,0000000016026054 ), 0
( 0,9999999994668844 1,0000000012562917 1,0000000015876058 ), 0
( 0,9999999994672519 1,0000000012724488 1,0000000016096957 ), 0
( 0,9999999994671075 1,0000000012699792 1,0000000016052681 ), 0
( 0,9999999994654474 1,000000001273374 1,0000000016058397 ), 0
( 0,9999999994652229 1,000000001268055 1,000000001603323 ), 0
( 0,9999999994661378 1,0000000012667298 1,0000000015995676 ), 0
( 0,9999999994685251 1,0000000012665977 1,0000000016025556 ), 0
( 0,9999999994666237 1,0000000012652066 1,0000000016007864 ), 0
( 0,999999999465663 1,000000001263905 1,0000000015970847 ), 0
( 0,9999999994669441 1,0000000012672845 1,0000000015980424 ), 0
( 0,9999999994671737 1,0000000012705 1,0000000016048736 ), 0
( 0,9999999994664662 1,0000000012694943 1,000000001604129 ), 0
( 0,9999999994660662 1,0000000012659767 1,0000000016046031 ), 0
( 0,9999999994674675 1,0000000012684476 1,0000000015991364 ), 0
( 0,9999999994666029 1,0000000012659334 1,0000000015993038 ), 0
( 0,9999999994659384 1,0000000012666275 1,0000000016000137 ), 0
( 0,9999999994647167 1,0000000012700234 1,000000001602022 ), 0
( 0,9999999994659947 1,0000000012632195 1,0000000016001673 ), 0
( 0,9999999994660674 1,0000000012614567 1,0000000015981703 ), 0
( 0,9999999994696114 1,0000000012700252 1,0000000016027566 ), 0
( 0,9999999994650852 1,000000001266019 1,0000000016011912 ), 0
( 0,9999999994660657 1,0000000012665375 1,00000000159896 ), 0
( 0,9999999994634751 1,000000001261864 1,0000000016025214 ), 0
( 0,999999999467402 1,0000000012582415 1,0000000015894048 ), 0
( 0,9999999994634531 1,0000000012691914 1,0000000016014934 ), 0
( 0,9999999994657197 1,0000000012648742 1,0000000016004054 ), 0
( 0,9999999994682512 1,0000000012719426 1,0000000016032282 ), 0
( 0,9999999994675567 1,0000000012664954 1,0000000015969437 ), 0
( 0,9999999994644617 1,0000000012705061 1,0000000016027502 ), 0
( 0,9999999994651232 1,0000000012654586 1,0000000016010213 ), 0
( 0,9999999994680895 1,000000001269589 1,0000000016000274 ), 0
( 0,9999999994679681 1,0000000012703982 1,0000000016051631 ), 0
( 0,9999999994646381 1,0000000012695074 1,0000000016036787 ), 0
( 0,9999999994675227 1,000000001267357 1,0000000016025978 ), 0
( 0,9999999994638749 1,000000001268283 1,000000001603652 ), 0
( 0,9999999994659993 1,0000000012713597 1,0000000016069057 ), 0
( 0,9999999994667385 1,0000000012677248 1,000000001601487 ), 0
( 0,9999999994672616 1,0000000012706578 1,0000000016056803 ), 0
( 0,9999999994650377 1,0000000012725436 1,0000000016036767 ), 0
( 0,9999999994674645 1,000000001268578 1,000000001602691 ), 0
( 0,9999999994672927 1,0000000012665684 1,0000000016011932 ), 0
( 0,9999999994683267 1,0000000012714072 1,0000000016044392 ), 0
( 0,9999999994663878 1,0000000012700658 1,0000000016034372 ), 0
( 0,9999999994673925 1,0000000012626042 1,000000001594134 ), 0
( 0,9999999994672301 1,0000000012691683 1,0000000016036232 ), 0
( 0,9999999994674091 1,0000000012730108 1,0000000016053086 ), 0
( 0,9999999994663511 1,000000001275542 1,000000001606596 ), 0
( 0,9999999994685921 1,0000000012656078 1,0000000016001491 ), 0
( 0,9999999994637683 1,0000000012642776 1,0000000016003658 ), 0
( 0,9999999994663301 1,0000000012687398 1,000000001599023 ), 0
( 0,9999999994643375 1,0000000012669372 1,0000000016027375 ), 0
( 0,9999999994687947 1,0000000012622372 1,0000000015962591 ), 0
( 0,9999999994655209 1,0000000012671637 1,0000000016000654 ), 0
( 0,999999999467703 1,0000000012673602 1,0000000016015715 ), 0
( 0,9999999994658727 1,0000000012676458 1,0000000015998964 ), 0
( 0,9999999994683023 1,0000000012729824 1,0000000016049924 ), 0
( 0,9999999994659199 1,0000000012646904 1,0000000015997623 ), 0
( 0,9999999994649637 1,0000000012604569 1,0000000015969153 ), 0
( 0,9999999994670666 1,0000000012653174 1,0000000015966302 ), 0
( 0,9999999994649788 1,0000000012676558 1,000000001603431 ), 0
( 0,9999999994690629 1,000000001267072 1,000000001598583 ), 0
( 0,9999999994661325 1,0000000012678147 1,0000000015973625 ), 0
( 0,9999999994639427 1,0000000012692059 1,000000001614141 ), 0
( 0,9999999994650148 1,000000001269753 1,0000000016038275 ), 0
( 0,9999999994652001 1,0000000012664096 1,0000000016014992 ), 0
( 0,9999999994675364 1,0000000012682302 1,0000000015992891 ), 0
( 0,9999999994633426 1,000000001268888 1,0000000016011734 ), 0
( 0,9999999994663251 1,0000000012701822 1,0000000016005723 ), 0
( 0,999999999467421 1,0000000012733559 1,0000000016027772 ), 0
( 0,9999999994671394 1,0000000012706927 1,0000000016034063 ), 0
( 0,9999999994671318 1,0000000012697574 1,0000000015981076 ), 0
( 0,9999999994681708 1,0000000012714605 1,0000000016055073 ), 0
( 0,9999999994662505 1,0000000012698493 1,0000000016036106 ), 0
( 0,9999999994672975 1,0000000012702492 1,0000000016040274 ), 0
( 0,9999999994667141 1,000000001266707 1,0000000016015962 ), 0
( 0,9999999994680219 1,0000000012662273 1,000000001603134 ), 0
( 0,9999999994688783 1,0000000012699306 1,000000001600243 ), 0
( 0,9999999994668173 1,000000001270551 1,0000000016060815 ), 0
( 0,9999999994652216 1,0000000012693373 1,0000000015958426 ), 0
( 0,9999999994691309 1,0000000012728234 1,000000001605982 ), 0
( 0,9999999994678898 1,0000000012679184 1,0000000015996122 ), 0
( 0,9999999994678002 1,0000000012685153 1,000000001599215 ), 0
( 0,99999999946489 1,0000000012677637 1,0000000016024635 ), 0
( 0,9999999994670107 1,0000000012690924 1,0000000016049362 ), 0
( 0,999999999468113 1,0000000012674441 1,0000000015946477 ), 0
( 0,9999999994659545 1,000000001269448 1,0000000016041795 ), 0
( 0,9999999994658909 1,0000000012695802 1,0000000016024841 ), 0
( 0,9999999994650708 1,0000000012686237 1,000000001604951 ), 0
( 0,9999999994666384 1,0000000012660226 1,000000001598608 ), 0
( 0,9999999994663769 1,0000000012669328 1,0000000016021902 ), 0
( 0,999999999466155 1,0000000012699868 1,0000000016009418 ), 0
( 0,9999999994651996 1,000000001271317 1,0000000016095802 ), 0
( 0,9999999994676746 1,0000000012686396 1,000000001600684 ), 0
( 0,9999999994668292 1,0000000012638948 1,0000000015990131 ), 0
( 0,9999999994671604 1,0000000012668688 1,0000000015994686 ), 0
( 0,9999999994660798 1,0000000012717827 1,0000000016043702 ), 0
( 0,999999999465764 1,0000000012697747 1,0000000016022599 ), 0
( 0,9999999994658727 1,0000000012698282 1,00000000160348 ), 0
( 0,9999999994678337 1,0000000012673946 1,00000000159817 ), 0
( 0,9999999994662677 1,0000000012702117 1,0000000016075854 ), 0
( 0,9999999994661324 1,0000000012673154 1,0000000015989878 ), 0
( 0,9999999994640445 1,0000000012687806 1,0000000016023534 ), 0
( 0,999999999466382 1,0000000012681678 1,0000000015999813 ), 0
( 0,9999999994656649 1,0000000012726002 1,0000000016026152 ), 0
( 0,9999999994647172 1,0000000012701984 1,0000000016027621 ), 0
( 0,9999999994663653 1,0000000012699493 1,000000001603577 ), 0
( 0,9999999994658714 1,000000001269436 1,000000001604011 ), 0
( 0,9999999994648152 1,0000000012594932 1,0000000016023778 ), 0
( 0,9999999994638624 1,0000000012565378 1,0000000015902815 ), 0
( 0,9999999994637484 1,0000000012680528 1,0000000016004804 ), 0
( 0,9999999994671581 1,0000000012691908 1,0000000016016544 ), 0
( 0,9999999994682423 1,0000000012709394 1,0000000016006807 ), 0
( 0,9999999994677208 1,000000001266515 1,0000000016002444 ), 0
( 0,9999999994658804 1,0000000012665509 1,0000000015981687 ), 0
( 0,9999999994678018 1,0000000012602817 1,0000000015960684 ), 0
( 0,9999999994663087 1,0000000012701922 1,0000000016010961 ), 0
( 0,9999999994662517 1,0000000012667323 1,000000001598898 ), 0
( 0,9999999994669893 1,0000000012621517 1,0000000015974462 ), 0
( 0,999999999463938 1,000000001264 1,000000001596675 ), 0
( 0,9999999994673039 1,000000001269028 1,0000000016009667 ), 0
( 0,999999999466507 1,0000000012685886 1,000000001600659 ), 0
( 0,9999999994674743 1,0000000012664756 1,0000000016009438 ), 0
( 0,9999999994665184 1,0000000012689256 1,0000000016050326 ), 0
( 0,9999999994683809 1,0000000012700183 1,0000000016032131 ), 0
( 0,9999999994679484 1,0000000012752805 1,0000000016051016 ), 0
( 0,9999999994674587 1,000000001266507 1,0000000015980433 ), 0
( 0,9999999994653397 1,000000001267445 1,000000001603842 ), 0
( 0,9999999994679241 1,0000000012664931 1,000000001603065 ), 0
( 0,9999999994657635 1,0000000012692236 1,0000000015959887 ), 0
( 0,9999999994646067 1,0000000012694321 1,000000001602479 ), 0
( 0,9999999994652994 1,0000000012681238 1,00000000159904 ), 0
( 0,9999999994669069 1,0000000012629642 1,000000001599029 ), 0
( 0,9999999994658352 1,000000001266268 1,0000000015997401 ), 0
( 0,9999999994679343 1,0000000012658095 1,0000000016041333 ), 0
( 0,9999999994677915 1,0000000012673482 1,0000000016019333 ), 0
( 0,9999999994673822 1,000000001269103 1,0000000016014907 ), 0
( 0,9999999994659007 1,0000000012646675 1,0000000016012132 ), 0
( 0,9999999994669927 1,0000000012700923 1,0000000016052712 ), 0
( 0,9999999994645596 1,00000000126988 1,0000000016016697 ), 0
( 0,9999999994662627 1,00000000126825 1,0000000016041246 ), 0
( 0,9999999994651926 1,0000000012720893 1,000000001604275 ), 0
( 0,9999999994669073 1,0000000012687138 1,0000000016047843 ), 0
( 0,9999999994677534 1,0000000012710644 1,000000001603786 ), 0
( 0,9999999994614803 1,0000000012682766 1,000000001604491 ), 0
( 0,9999999994619084 1,0000000012660504 1,0000000016027148 ), 0
( 0,9999999994646569 1,0000000012679753 1,0000000016006327 ), 0
( 0,9999999994674975 1,0000000012677253 1,0000000015993242 ), 0
( 0,999999999467538 1,000000001268419 1,000000001601911 ), 0
( 0,9999999994657797 1,000000001266893 1,0000000015992516 ), 0
( 0,9999999994647587 1,0000000012740433 1,000000001610851 ), 0
( 0,9999999994645319 1,0000000012618675 1,000000001591493 ), 0
( 0,9999999994654675 1,0000000012691626 1,0000000016035928 ), 0
( 0,9999999994669115 1,000000001270135 1,0000000016011648 ), 0
( 0,9999999994675054 1,000000001268434 1,0000000016011243 ), 0
( 0,999999999467667 1,000000001266762 1,0000000015975765 ), 0
( 0,9999999994652155 1,0000000012737236 1,0000000016056534 ), 0
( 0,999999999467016 1,0000000012678656 1,0000000016051065 ), 0
( 0,999999999469165 1,0000000012686399 1,0000000016007804 ), 0
( 0,9999999994661598 1,0000000012705192 1,000000001601133 ), 0
( 0,9999999994664349 1,0000000012680679 1,0000000015996273 ), 0
( 0,9999999994655444 1,0000000012696495 1,000000001603418 ), 0
( 0,9999999994646315 1,0000000012679122 1,000000001596436 ), 0
( 0,9999999994658684 1,0000000012667218 1,0000000016004391 ), 0
( 0,9999999994651092 1,0000000012694805 1,0000000016013444 ), 0
( 0,9999999994676613 1,0000000012707004 1,000000001603138 ), 0
( 0,999999999466122 1,0000000012703338 1,0000000015996575 ), 0
( 0,9999999994642658 1,0000000012693389 1,0000000015967916 ), 0
( 0,99999999946729 1,000000001267321 1,000000001600087 ), 0
( 0,999999999466813 1,0000000012656227 1,0000000015974602 ), 0
( 0,9999999994681116 1,0000000012725956 1,000000001606289 ), 0
( 0,9999999994667768 1,000000001270785 1,0000000016026795 ), 0
( 0,9999999994646482 1,0000000012714472 1,0000000016038557 ), 0
( 0,9999999994656003 1,000000001271431 1,0000000016046522 ), 0
( 0,9999999994667303 1,000000001269256 1,0000000016003865 ), 0
( 0,9999999994704049 1,0000000012681427 1,0000000016016097 ), 0
( 0,999999999468208 1,0000000012690944 1,0000000016006485 ), 0
( 0,9999999994679188 1,0000000012709305 1,0000000016029202 ), 0
( 0,9999999994681137 1,00000000126575 1,0000000016007087 ), 0
( 0,9999999994646436 1,000000001271311 1,0000000015986612 ), 0
( 0,9999999994665096 1,0000000012712666 1,0000000016059731 ), 0
( 0,9999999994664935 1,0000000012688988 1,0000000016055024 ), 0
( 0,9999999994661863 1,000000001270743 1,0000000016007775 ), 0
( 0,9999999994675232 1,000000001266465 1,0000000016039727 ), 0
( 0,9999999994679023 1,0000000012671237 1,0000000015991848 ), 0
( 0,9999999994663743 1,0000000012682448 1,000000001599921 ), 0
( 0,9999999994647533 1,000000001271976 1,0000000016018697 ), 0
( 0,999999999467892 1,0000000012650787 1,0000000016007253 ), 0
( 0,9999999994654218 1,000000001274607 1,0000000016061812 ), 0
( 0,9999999994686207 1,0000000012648023 1,0000000016052466 ), 0
( 0,9999999994675363 1,0000000012540051 1,000000001586744 ), 0
( 0,9999999994657619 1,000000001265357 1,0000000016005954 ), 0
( 0,9999999994661302 1,0000000012720298 1,000000001604424 ), 0
( 0,9999999994650753 1,00000000127169 1,0000000016000503 ), 0
( 0,9999999994677369 1,000000001267509 1,0000000016059443 ), 0
( 0,9999999994608114 1,000000001270141 1,000000001605055 ), 0
( 0,9999999994642615 1,0000000012680719 1,0000000016031438 ), 0
( 0,9999999994659104 1,0000000012702293 1,0000000016004476 ), 0
( 0,9999999994673502 1,000000001270668 1,0000000016051476 ), 0
( 0,9999999994676408 1,0000000012652472 1,0000000015996402 ), 0
( 0,9999999994670942 1,0000000012671635 1,0000000015968094 ), 0
( 0,99999999946509 1,0000000012685288 1,0000000016101003 ), 0
( 0,9999999994637621 1,000000001266358 1,0000000016010222 ), 0
( 0,999999999465119 1,0000000012703212 1,0000000015987127 ), 0
( 0,9999999994672687 1,0000000012690125 1,000000001602099 ), 0
( 0,9999999994653054 1,000000001266256 1,0000000015992279 ), 0
( 0,9999999994650676 1,0000000012655805 1,0000000015981176 ), 0
( 0,9999999994650048 1,0000000012685812 1,0000000016016153 ), 0
( 0,9999999994664978 1,0000000012721935 1,0000000016049784 ), 0
( 0,9999999994659658 1,0000000012694366 1,00000000159915 ), 0
( 0,9999999994676116 1,000000001270828 1,0000000016020283 ), 0
( 0,9999999994671506 1,0000000012340495 1,000000001565737 ), 0
( 0,9999999994662344 1,0000000012682944 1,0000000016032924 ), 0
( 0,9999999994658767 1,00000000126553 1,0000000016010366 ), 0
( 0,9999999994659408 1,0000000012706785 1,0000000016050956 ), 0
( 0,999999999465509 1,0000000012705457 1,0000000016034007 ), 0
( 0,9999999994655289 1,0000000012681838 1,0000000016005763 ), 0
( 0,9999999994648235 1,000000001268124 1,0000000016015524 ), 0
( 0,99999999946543 1,0000000012692358 1,0000000016027917 ), 0
( 0,9999999994688787 1,0000000012678276 1,0000000015971577 ), 0
( 0,9999999994693721 1,000000001269821 1,0000000016047617 ), 0
( 0,999999999466313 1,0000000012639114 1,0000000015996853 ), 0
( 0,9999999994649863 1,000000001271814 1,0000000016053463 ), 0
( 0,9999999994672294 1,0000000012705323 1,000000001602183 ), 0
( 0,9999999994676786 1,0000000012705823 1,0000000016035744 ), 0
( 0,999999999464981 1,000000001265454 1,000000001603467 ), 0
( 0,9999999994678259 1,0000000012714632 1,0000000016019226 ), 0
( 0,999999999465518 1,000000001266212 1,0000000016025719 ), 0
( 0,9999999994663806 1,00000000126834 1,0000000015983517 ), 0
( 0,9999999994660678 1,0000000012736894 1,0000000016041255 ), 0
( 0,9999999994656803 1,0000000012684733 1,0000000016031156 ), 0
( 0,9999999994646349 1,0000000012696209 1,0000000016028028 ), 0
( 0,9999999994668964 1,000000001267295 1,0000000016002508 ), 0
( 0,9999999994663529 1,0000000012709034 1,0000000016036579 ), 0
( 0,999999999468339 1,000000001270764 1,0000000016028756 ), 0
( 0,9999999994668898 1,0000000012659989 1,000000001598902 ), 0
( 0,9999999994652462 1,0000000012693269 1,0000000016045176 ), 0
( 0,9999999994663559 1,0000000012706538 1,000000001602738 ), 0
( 0,9999999994670798 1,0000000012660981 1,000000001599975 ), 0
( 0,9999999994655384 1,000000001264723 1,0000000016003352 ), 0
( 0,9999999994655728 1,0000000012679475 1,0000000016027648 ), 0
( 0,9999999994668388 1,0000000012638952 1,0000000016000805 ), 0
( 0,9999999994653517 1,0000000012657502 1,0000000015989305 ), 0
( 0,99999999946652 1,0000000012689532 1,00000000160179 ), 0
( 0,9999999994662853 1,0000000012700307 1,0000000016049937 ), 0
( 0,9999999994643363 1,0000000012675616 1,0000000016051336 ), 0
( 0,9999999994674282 1,0000000012649435 1,0000000015961281 ), 0
( 0,9999999994657215 1,0000000012690817 1,000000001605838 ), 0
( 0,9999999994677847 1,000000001265508 1,0000000015976138 ), 0
( 0,9999999994641402 1,0000000012685843 1,000000001602991 ), 0
( 0,9999999994660954 1,00000000126763 1,000000001596687 ), 0
( 0,9999999994674045 1,0000000012692205 1,0000000016002604 ), 0
( 0,9999999994640507 1,0000000012671855 1,0000000016060462 ), 0
( 0,9999999994678027 1,000000001266144 1,000000001599447 ), 0
( 0,9999999994681489 1,0000000012704955 1,0000000016065795 ), 0
( 0,9999999994656124 1,0000000012677892 1,0000000016020412 ), 0
( 0,999999999466407 1,0000000012729464 1,0000000016042572 ), 0
( 0,9999999994628059 1,0000000012666956 1,0000000016058606 ), 0
( 0,9999999994654756 1,0000000012687615 1,00000000160519 ), 0
( 0,9999999994656998 1,0000000012702357 1,0000000015994126 ), 0
( 0,9999999994673895 1,000000001268743 1,000000001601305 ), 0
( 0,9999999994671442 1,0000000012680232 1,0000000016030872 ), 0
( 0,9999999994661072 1,000000001267296 1,000000001599621 ), 0
( 0,9999999994668843 1,0000000012695678 1,000000001605764 ), 0
( 0,9999999994645289 1,0000000012716765 1,0000000016031878 ), 0
( 0,9999999994659207 1,000000001270635 1,0000000015998487 ), 0
( 0,999999999465689 1,000000001271529 1,0000000016036552 ), 0
( 0,9999999994661026 1,000000001264931 1,000000001600302 ), 0
( 0,9999999994645323 1,0000000012670478 1,0000000016036157 ), 0
( 0,9999999994643908 1,0000000012710788 1,0000000016103847 ), 0
( 0,9999999994664555 1,0000000012667363 1,0000000016021582 ), 0
( 0,9999999994663054 1,0000000012708317 1,00000000160423 ), 0
( 0,9999999994669713 1,000000001267434 1,0000000016026056 ), 0
( 0,9999999994670853 1,0000000012673205 1,0000000015997386 ), 0
( 0,9999999994666384 1,0000000012671633 1,000000001599186 ), 0
( 0,999999999467531 1,00000000126507 1,0000000015964317 ), 0
( 0,9999999994656925 1,0000000012687038 1,0000000016011337 ), 0
( 0,9999999994683629 1,0000000012708115 1,0000000016012107 ), 0
( 0,999999999466978 1,000000001267608 1,0000000016007102 ), 0
( 0,9999999994647721 1,0000000012691925 1,000000001600256 ), 0
( 0,9999999994667355 1,0000000012691548 1,0000000015988235 ), 0
( 0,9999999994667229 1,0000000012675574 1,0000000016004562 ), 0
( 0,9999999994674347 1,0000000012712946 1,000000001603702 ), 0
( 0,9999999994658704 1,0000000012672958 1,000000001602795 ), 0
( 0,999999999468687 1,0000000012645247 1,0000000015993415 ), 0
( 0,999999999465812 1,0000000012674606 1,000000001595981 ), 0
( 0,999999999469207 1,0000000012690529 1,0000000016014197 ), 0
( 0,9999999994641577 1,0000000012696229 1,0000000016017434 ), 0
( 0,9999999994661528 1,000000001271895 1,0000000016040205 ), 0
( 0,9999999994639409 1,0000000012682861 1,0000000016011599 ), 0
( 0,9999999994690353 1,0000000012652055 1,0000000015990074 ), 0
( 0,9999999994667703 1,0000000012676733 1,0000000016019264 ), 0
( 0,9999999994667083 1,0000000012597106 1,0000000015932144 ), 0
( 0,9999999994679376 1,000000001265517 1,0000000015994894 ), 0
( 0,9999999994686357 1,0000000012645216 1,0000000015996255 ), 0
( 0,9999999994688733 1,0000000012654013 1,0000000016006632 ), 0
( 0,9999999994679338 1,0000000012616441 1,0000000016005293 ), 0
( 0,999999999466366 1,000000001259084 1,0000000015929362 ), 0
( 0,9999999994665879 1,0000000012686976 1,0000000016016815 ), 0
( 0,9999999994660055 1,0000000012688433 1,0000000016036932 ), 0
( 0,999999999466484 1,000000001269842 1,0000000016042605 ), 0
( 0,9999999994666157 1,0000000012702486 1,0000000016026336 ), 0
( 0,999999999466937 1,0000000012691093 1,0000000016031383 ), 0
( 0,9999999994674498 1,0000000012684453 1,0000000016060757 ), 0
( 0,9999999994647059 1,0000000012691768 1,0000000016029083 ), 0
( 0,9999999994665186 1,0000000012683745 1,0000000016001367 ), 0
( 0,9999999994650495 1,0000000012673855 1,0000000016040282 ), 0
( 0,9999999994660594 1,000000001268355 1,0000000016023194 ), 0
( 0,9999999994678792 1,000000001265304 1,0000000016018535 ), 0
( 0,9999999994668003 1,000000001267613 1,0000000015981994 ), 0
( 0,9999999994688097 1,000000001266812 1,0000000016004849 ), 0
( 0,9999999994655813 1,0000000012681758 1,000000001607551 ), 0
( 0,9999999994659728 1,0000000012711088 1,0000000016044115 ), 0
( 0,9999999994680955 1,00000000126942 1,000000001598373 ), 0
( 0,9999999994670661 1,000000001267292 1,0000000015985095 ), 0
( 0,9999999994655544 1,0000000012697485 1,0000000016061072 ), 0
( 0,9999999994661238 1,000000001267099 1,0000000015990331 ), 0
( 0,9999999994659959 1,0000000012721921 1,000000001601387 ), 0
( 0,999999999468699 1,0000000012694603 1,000000001601179 ), 0
( 0,9999999994649955 1,0000000012687331 1,0000000016125634 ), 0
( 0,9999999994658086 1,0000000012684112 1,0000000016039587 ), 0
( 0,9999999994662037 1,000000001268318 1,0000000015981239 ), 0
( 0,9999999994683009 1,0000000012654475 1,0000000016028974 ), 0
( 0,9999999994675847 1,0000000012611376 1,0000000015989097 ), 0
( 0,9999999994665508 1,0000000012683568 1,0000000016029198 ), 0
( 0,9999999994679174 1,0000000012704402 1,0000000016008874 ), 0
( 0,9999999994684177 1,0000000012591708 1,0000000015922945 ), 0
( 0,9999999994666494 1,0000000012572658 1,0000000015981714 ), 0
( 0,999999999467271 1,000000001265807 1,0000000015980997 ), 0
( 0,9999999994685937 1,0000000012670396 1,0000000015995174 ), 0
( 0,9999999994659294 1,0000000012709374 1,0000000016013517 ), 0
( 0,9999999994643202 1,0000000012684676 1,0000000016038606 ), 0
( 0,9999999994681769 1,0000000012632366 1,0000000015992487 ), 0
( 0,9999999994666529 1,000000001264421 1,0000000015957622 ), 0
( 0,9999999994665856 1,000000001267895 1,0000000016020627 ), 0
( 0,9999999994680427 1,0000000012652936 1,0000000015948514 ), 0
( 0,9999999994658325 1,0000000012675763 1,0000000016012858 ), 0
( 0,999999999465776 1,0000000012668608 1,0000000016020572 ), 0
( 0,9999999994654091 1,0000000012665358 1,000000001601887 ), 0
( 0,9999999994676513 1,000000001266826 1,0000000015975175 ), 0
( 0,9999999994645687 1,0000000012712635 1,000000001608435 ), 0
( 0,9999999994676302 1,0000000012681163 1,000000001601384 ), 0
( 0,9999999994677231 1,0000000012705357 1,0000000016013826 ), 0
( 0,9999999994653855 1,0000000012687884 1,0000000016008477 ), 0
( 0,9999999994658134 1,0000000012686079 1,000000001605138 ), 0
( 0,9999999994683977 1,0000000012692998 1,000000001601699 ), 0
( 0,9999999994672074 1,0000000012668135 1,0000000016018258 ), 0
( 0,9999999994678219 1,0000000012705739 1,0000000016006925 ), 0
( 0,9999999994655668 1,0000000012676376 1,0000000016029085 ), 0
( 0,9999999994662722 1,0000000012661157 1,0000000015979342 ), 0
( 0,9999999994663237 1,0000000012707224 1,0000000016033992 ), 0
( 0,999999999466284 1,0000000012699972 1,0000000016017214 ), 0
( 0,9999999994637601 1,0000000012711807 1,000000001603584 ), 0
( 0,9999999994674941 1,0000000012691048 1,0000000016012427 ), 0
( 0,9999999994689877 1,0000000012673937 1,0000000016009059 ), 0
( 0,9999999994632656 1,0000000012671113 1,0000000016003765 ), 0
( 0,9999999994676019 1,0000000012668089 1,0000000016032513 ), 0
( 0,9999999994679416 1,0000000012730872 1,0000000016053696 ), 0
( 0,999999999467043 1,0000000012694712 1,0000000016014463 ), 0
( 0,9999999994664807 1,000000001266864 1,0000000016029464 ), 0
( 0,999999999467847 1,000000001268025 1,00000000160108 ), 0
( 0,9999999994677534 1,000000001269165 1,000000001601403 ), 0
( 0,9999999994651468 1,0000000012613022 1,0000000015991055 ), 0
( 0,9999999994651053 1,000000001268725 1,0000000015972252 ), 0
( 0,999999999466586 1,0000000012699999 1,00000000160119 ), 0
( 0,9999999994691303 1,0000000012709438 1,0000000016027821 ), 0
( 0,9999999994692532 1,0000000012603085 1,000000001592477 ), 0
( 0,9999999994673431 1,0000000012271213 1,0000000015590087 ), 0
( 0,9999999994660446 1,0000000012694643 1,0000000016010369 ), 0
( 0,9999999994666938 1,0000000012686232 1,0000000016016108 ), 0
( 0,9999999994667095 1,0000000012679624 1,0000000016024304 ), 0
( 0,9999999994670911 1,0000000012651948 1,0000000016039494 ), 0
( 0,9999999994679352 1,0000000012672876 1,000000001600226 ), 0
( 0,999999999464986 1,0000000012684356 1,000000001603357 ), 0
( 0,9999999994669271 1,0000000012678203 1,0000000015989279 ), 0
( 0,9999999994654678 1,0000000012663082 1,0000000016036057 ), 0
( 0,9999999994632186 1,0000000012672987 1,0000000015992803 ), 0
( 0,9999999994686682 1,0000000012667782 1,0000000015977442 ), 0
( 0,9999999994671914 1,0000000012631813 1,0000000015991106 ), 0
( 0,999999999466388 1,000000001269459 1,0000000016030524 ), 0
( 0,9999999994670296 1,0000000012626367 1,0000000015987833 ), 0
( 0,9999999994667177 1,0000000012690309 1,0000000016006383 ), 0
( 0,9999999994648733 1,0000000012702637 1,0000000016011323 ), 0
( 0,9999999994649091 1,0000000012665788 1,0000000015996207 ), 0
( 0,9999999994673274 1,000000001271644 1,000000001608071 ), 0
( 0,9999999994675742 1,0000000012711383 1,0000000016017334 ), 0
( 0,9999999994676086 1,000000001265991 1,0000000016028014 ), 0
( 0,9999999994659389 1,000000001271476 1,0000000016029789 ), 0
( 0,9999999994647517 1,0000000012716566 1,000000001606213 ), 0
( 0,9999999994655727 1,0000000012733439 1,0000000016049575 ), 0
( 0,9999999994682804 1,0000000012662091 1,000000001601797 ), 0
( 0,9999999994675607 1,0000000012671046 1,0000000016023334 ), 0
( 0,9999999994661967 1,0000000012710564 1,0000000016019905 ), 0
( 0,9999999994662959 1,0000000012676713 1,000000001603558 ), 0
( 0,9999999994671772 1,0000000012718382 1,000000001602362 ), 0
( 0,9999999994653135 1,0000000012666708 1,0000000016029111 ), 0
( 0,9999999994657441 1,0000000012700767 1,000000001602828 ), 0
( 0,9999999994662241 1,0000000012641717 1,0000000015972155 ), 0
( 0,9999999994660967 1,0000000012673016 1,0000000016038444 ), 0
( 0,9999999994675106 1,0000000012723946 1,0000000016031505 ), 0
( 0,9999999994671126 1,0000000012695074 1,000000001602922 ), 0
( 0,9999999994660711 1,0000000012673735 1,000000001598295 ), 0
( 0,9999999994688321 1,000000001266652 1,0000000015985373 ), 0
( 0,9999999994663172 1,0000000012696475 1,0000000016036052 ), 0
( 0,9999999994652108 1,0000000012726535 1,0000000016100299 ), 0
( 0,9999999994666375 1,0000000012712313 1,0000000016031239 ), 0
( 0,999999999465263 1,0000000012686452 1,000000001600879 ), 0
( 0,9999999994669307 1,0000000012669477 1,0000000015986772 ), 0
( 0,999999999467395 1,0000000012722623 1,000000001604092 ), 0
( 0,9999999994644942 1,0000000012688197 1,000000001602337 ), 0
( 0,9999999994642189 1,0000000012727523 1,0000000016055082 ), 0
( 0,9999999994668005 1,0000000012592731 1,000000001593011 ), 0
( 0,9999999994670906 1,0000000012702737 1,00000000160484 ), 0
( 0,9999999994664021 1,0000000012713723 1,0000000016068975 ), 0
( 0,9999999994674569 1,0000000012648818 1,0000000015987092 ), 0
( 0,9999999994656458 1,0000000012666819 1,0000000016043613 ), 0
( 0,999999999463795 1,0000000012691386 1,0000000016037933 ), 0
( 0,9999999994644448 1,0000000012658865 1,0000000016010935 ), 0
( 0,9999999994665227 1,000000001267731 1,0000000016003456 ), 0
( 0,9999999994666148 1,0000000012707568 1,0000000016032193 ), 0
( 0,9999999994664293 1,0000000012680488 1,0000000016002353 ), 0
( 0,9999999994689269 1,000000001268735 1,0000000016013355 ), 0
( 0,9999999994647372 1,0000000012691055 1,000000001598005 ), 0
( 0,9999999994676263 1,000000001268183 1,0000000016022992 ), 0
( 0,9999999994650455 1,000000001269015 1,0000000016027655 ), 0
( 0,9999999994652938 1,0000000012711785 1,0000000016035235 ), 0
( 0,9999999994672956 1,0000000012735855 1,0000000016059951 ), 0
( 0,9999999994664457 1,0000000012691157 1,0000000016056942 ), 0
( 0,9999999994661903 1,000000001268656 1,0000000016033337 ), 0
( 0,999999999465295 1,000000001266192 1,000000001607015 ), 0
( 0,9999999994677956 1,0000000012705683 1,0000000016042687 ), 0
( 0,9999999994669995 1,0000000012683021 1,0000000016024952 ), 0
( 0,9999999994676736 1,0000000012707804 1,0000000016044606 ), 0
( 0,9999999994656418 1,0000000012678376 1,0000000016035482 ), 0
( 0,9999999994670725 1,000000001269057 1,0000000016014663 ), 0
( 0,9999999994672725 1,0000000012626764 1,0000000015999764 ), 0
( 0,9999999994679277 1,0000000012712582 1,0000000016007902 ), 0
( 0,9999999994675464 1,0000000012709513 1,0000000015990023 ), 0
( 0,9999999994674782 1,0000000012716705 1,0000000016071129 ), 0
( 0,9999999994650939 1,0000000012682235 1,0000000016011985 ), 0
( 0,9999999994680215 1,000000001271538 1,0000000016038133 ), 0
( 0,9999999994698434 1,0000000012707886 1,00000000160261 ), 0
( 0,9999999994673553 1,0000000012650625 1,0000000016024935 ), 0
( 0,9999999994684936 1,0000000012690684 1,0000000016032864 ), 0
( 0,9999999994673515 1,0000000012716699 1,0000000016048656 ), 0
( 0,9999999994668853 1,0000000012735697 1,0000000016027586 ), 0
( 0,9999999994642318 1,0000000012702583 1,0000000016061017 ), 0
( 0,9999999994674823 1,0000000012693893 1,0000000016013315 ), 0
( 0,9999999994672983 1,0000000012663446 1,0000000015957626 ), 0
( 0,9999999994658195 1,0000000012681909 1,00000000160057 ), 0
( 0,9999999994661155 1,0000000012694332 1,0000000015988948 ), 0
( 0,9999999994675765 1,0000000012717816 1,0000000016029595 ), 0
( 0,999999999466193 1,0000000012700985 1,0000000016017656 ), 0
( 0,9999999994655161 1,0000000012657848 1,0000000015996002 ), 0
( 0,999999999465647 1,000000001268697 1,0000000015974064 ), 0
( 0,9999999994667562 1,00000000127014 1,0000000016037043 ), 0
( 0,9999999994639575 1,00000000126797 1,000000001609403 ), 0
( 0,9999999994664917 1,0000000012687125 1,0000000016005668 ), 0
( 0,9999999994661174 1,0000000012666714 1,0000000015990584 ), 0
( 0,9999999994672263 1,0000000012725074 1,0000000016088637 ), 0
( 0,9999999994642016 1,0000000012683865 1,0000000016030535 ), 0
( 0,9999999994669925 1,0000000012698576 1,0000000016054844 ), 0
( 0,9999999994680412 1,0000000012644088 1,0000000015996835 ), 0
( 0,9999999994644971 1,0000000012666888 1,0000000016004873 ), 0
( 0,9999999994651146 1,0000000012726131 1,0000000016059505 ), 0
( 0,999999999468783 1,0000000012652432 1,0000000016009094 ), 0
( 0,9999999994669386 1,0000000012686838 1,0000000015997799 ), 0
( 0,9999999994665772 1,0000000012711165 1,000000001604525 ), 0
( 0,9999999994688238 1,0000000012665775 1,0000000016005095 ), 0
( 0,9999999994641278 1,0000000012652217 1,0000000016034436 ), 0
( 0,9999999994671291 1,0000000012690529 1,0000000016023922 ), 0
( 0,9999999994676187 1,0000000012705659 1,0000000016035462 ), 0
( 0,9999999994679657 1,0000000012668953 1,0000000015973918 ), 0
( 0,9999999994640898 1,0000000012690609 1,0000000016021382 ), 0
( 0,9999999994670263 1,0000000012324608 1,0000000015642636 ), 0
( 0,9999999994680292 1,0000000012669026 1,0000000015974293 ), 0
( 0,9999999994670931 1,0000000012679808 1,0000000015979862 ), 0
( 0,9999999994673827 1,000000001265837 1,0000000015993884 ), 0
( 0,999999999467862 1,0000000012675716 1,0000000016016617 ), 0
( 0,9999999994676289 1,0000000012664523 1,0000000015994444 ), 0
( 0,9999999994673553 1,0000000012708556 1,0000000016073811 ), 0
( 0,9999999994659291 1,0000000012699948 1,0000000016054922 ), 0
( 0,9999999994666169 1,0000000012682624 1,0000000016002066 ), 0
( 0,9999999994650649 1,000000001269215 1,0000000016017812 ), 0
( 0,9999999994649432 1,0000000012697152 1,0000000016024142 ), 0
( 0,9999999994647648 1,0000000012706223 1,0000000016035215 ), 0
( 0,9999999994678761 1,000000001270489 1,000000001604928 ), 0
( 0,9999999994678036 1,0000000012611208 1,0000000015929045 ), 0
( 0,9999999994687717 1,0000000012655055 1,0000000015964787 ), 0
( 0,9999999994657737 1,0000000012661154 1,0000000015970234 ), 0
( 0,9999999994653069 1,000000001265976 1,0000000015996635 ), 0
( 0,9999999994669367 1,000000001264638 1,0000000016015878 ), 0
( 0,9999999994669149 1,0000000012688657 1,0000000016017085 ), 0
( 0,9999999994670258 1,0000000012719368 1,000000001602045 ), 0
( 0,9999999994654681 1,000000001267193 1,0000000016002801 ), 0
( 0,9999999994675187 1,0000000012693542 1,0000000016048194 ), 0
( 0,9999999994682184 1,0000000012689734 1,0000000016025121 ), 0
( 0,9999999994675287 1,0000000012703167 1,0000000016034682 ), 0
( 0,9999999994660187 1,000000001268746 1,000000001601862 ), 0
( 0,9999999994653318 1,0000000012695163 1,0000000016022883 ), 0
( 0,9999999994670182 1,0000000012643095 1,000000001602392 ), 0
( 0,99999999946683 1,0000000012649155 1,0000000015991783 ), 0
( 0,9999999994677421 1,0000000012664647 1,0000000015999524 ), 0
( 0,9999999994668576 1,000000001268666 1,0000000015991282 ), 0
( 0,999999999467437 1,0000000012713985 1,0000000016037012 ), 0
( 0,9999999994677026 1,0000000012707404 1,0000000016037427 ), 0
( 0,9999999994665643 1,0000000012715347 1,0000000016065274 ), 0
( 0,9999999994662884 1,0000000012698955 1,0000000016036497 ), 0
( 0,9999999994673852 1,000000001271229 1,0000000016046002 ), 0
( 0,9999999994683059 1,0000000012705894 1,0000000016020945 ), 0
( 0,9999999994666435 1,0000000012619554 1,00000000159561 ), 0
( 0,9999999994661825 1,0000000012608403 1,0000000015973907 ), 0
( 0,9999999994622123 1,0000000012674117 1,0000000016007449 ), 0
( 0,9999999994659791 1,0000000012660322 1,0000000015969117 ), 0
( 0,9999999994668788 1,0000000012671708 1,000000001598009 ), 0
( 0,9999999994656981 1,0000000012667207 1,0000000016035662 ), 0
( 0,9999999994651165 1,0000000012659762 1,0000000016021955 ), 0
( 0,9999999994659019 1,000000001268503 1,000000001604463 ), 0
( 0,9999999994659048 1,0000000012687613 1,0000000016034896 ), 0
( 0,9999999994665131 1,0000000012648824 1,000000001596413 ), 0
( 0,9999999994641973 1,0000000012679886 1,000000001603298 ), 0
( 0,9999999994668737 1,0000000012688453 1,0000000016003208 ), 0
( 0,9999999994655715 1,0000000012682126 1,0000000016026118 ), 0
( 0,9999999994668798 1,0000000012701384 1,000000001604514 ), 0
( 0,9999999994660326 1,0000000012678762 1,000000001602019 ), 0
( 0,9999999994652821 1,0000000012709922 1,0000000016031463 ), 0
( 0,9999999994658401 1,0000000012640289 1,00000000159873 ), 0
( 0,9999999994657152 1,0000000012710282 1,0000000016043415 ), 0
( 0,9999999994672966 1,0000000012705677 1,0000000016031865 ), 0
( 0,9999999994692236 1,0000000012673909 1,0000000016033337 ), 0
( 0,9999999994654222 1,0000000012726176 1,000000001604148 ), 0
( 0,999999999465079 1,0000000012686205 1,000000001600551 ), 0
( 0,9999999994661405 1,0000000012663401 1,0000000016002408 ), 0
( 0,9999999994641278 1,000000001270159 1,0000000015989952 ), 0
( 0,9999999994679009 1,0000000012683985 1,000000001602927 ), 0
( 0,9999999994659844 1,0000000012670227 1,0000000016004125 ), 0
( 0,9999999994645918 1,0000000012660661 1,0000000016024317 ), 0
( 0,9999999994658034 1,0000000012684607 1,0000000016001702 ), 0
( 0,9999999994649774 1,0000000012683778 1,0000000016004875 ), 0
( 0,9999999994662329 1,000000001267676 1,0000000016024708 ), 0
( 0,99999999946591 1,000000001272141 1,0000000016054509 ), 0
( 0,9999999994654687 1,0000000012707198 1,0000000016022674 ), 0
( 0,9999999994656441 1,000000001262801 1,0000000016014556 ), 0
( 0,9999999994667291 1,000000001266636 1,0000000016019341 ), 0
( 0,9999999994648324 1,000000001271512 1,0000000016031119 ), 0
( 0,9999999994665765 1,0000000012701484 1,0000000016052109 ), 0
( 0,9999999994647927 1,000000001269915 1,0000000016021071 ), 0
( 0,9999999994661967 1,0000000012687635 1,0000000015981678 ), 0
( 0,9999999994679228 1,0000000012676038 1,0000000015988737 ), 0
( 0,9999999994679523 1,0000000012682797 1,0000000016003043 ), 0
( 0,9999999994663374 1,00000000126801 1,0000000016000221 ), 0
( 0,9999999994663096 1,0000000012631276 1,0000000015950083 ), 0
( 0,9999999994678744 1,0000000012602763 1,0000000015929094 ), 0
( 0,9999999994659929 1,0000000012626349 1,0000000015954729 ), 0
( 0,9999999994654136 1,0000000012719836 1,0000000016056352 ), 0
( 0,9999999994680843 1,0000000012692658 1,0000000016052462 ), 0
( 0,9999999994682581 1,0000000012572223 1,000000001589901 ), 0
( 0,9999999994640905 1,0000000012674113 1,0000000016015573 ), 0
( 0,9999999994692593 1,0000000012698915 1,0000000016017419 ), 0
( 0,9999999994652572 1,0000000012672106 1,0000000016015012 ), 0
( 0,9999999994681301 1,0000000012654082 1,0000000015980333 ), 0
( 0,9999999994655472 1,000000001265786 1,0000000015955735 ), 0
( 0,9999999994673306 1,0000000012662549 1,0000000016012167 ), 0
( 0,9999999994663943 1,0000000012550296 1,0000000015972001 ), 0
( 0,9999999994669682 1,0000000012671313 1,0000000016027384 ), 0
( 0,9999999994667584 1,0000000012704908 1,00000000160511 ), 0
( 0,9999999994662282 1,0000000012527788 1,0000000015861736 ), 0
( 0,9999999994682016 1,0000000012667536 1,000000001603955 ), 0
( 0,999999999465409 1,0000000012687003 1,0000000015991584 ), 0
( 0,9999999994674187 1,0000000012635974 1,0000000015999058 ), 0
( 0,9999999994665688 1,0000000012677142 1,0000000016007933 ), 0
( 0,9999999994666326 1,0000000012713757 1,000000001608282 ), 0
( 0,9999999994647308 1,000000001267835 1,000000001600954 ), 0
( 0,999999999468758 1,000000001266583 1,000000001598383 ), 0
( 0,9999999994665836 1,000000001269781 1,0000000016022368 ), 0
( 0,9999999994666474 1,000000001266828 1,0000000016018313 ), 0
( 0,9999999994667647 1,0000000012680454 1,0000000015990032 ), 0
( 0,9999999994670862 1,0000000012684351 1,000000001601515 ), 0
( 0,9999999994676766 1,00000000127166 1,0000000016028927 ), 0
( 0,9999999994681406 1,0000000012677586 1,000000001595189 ), 0
( 0,9999999994624964 1,0000000012671852 1,0000000016016657 ), 0
( 0,9999999994640301 1,0000000012632118 1,0000000016008852 ), 0
( 0,9999999994675609 1,0000000012666215 1,0000000016020034 ), 0
( 0,9999999994654943 1,0000000012691905 1,000000001605119 ), 0
( 0,9999999994636158 1,0000000012712997 1,0000000016046362 ), 0
( 0,9999999994666474 1,0000000012699504 1,0000000016058364 ), 0
( 0,9999999994664583 1,0000000012701924 1,0000000016027284 ), 0
( 0,9999999994677975 1,0000000012647765 1,000000001600189 ), 0
( 0,9999999994620824 1,000000001267173 1,000000001601017 ), 0
( 0,9999999994693436 1,000000001261791 1,0000000015970185 ), 0
( 0,999999999467911 1,0000000012699863 1,0000000016015127 ), 0
( 0,9999999994657817 1,0000000012665098 1,0000000015996853 ), 0
( 0,9999999994690123 1,0000000012744987 1,000000001606436 ), 0
( 0,9999999994668701 1,0000000012655252 1,0000000015974966 ), 0
( 0,9999999994674492 1,000000001263907 1,0000000015965238 ), 0
( 0,9999999994683634 1,0000000012703383 1,000000001602506 ), 0
( 0,999999999467311 1,0000000012673878 1,0000000015996429 ), 0
( 0,9999999994656543 1,0000000012677823 1,0000000016036048 ), 0
( 0,9999999994681696 1,0000000012723151 1,0000000016108215 ), 0
( 0,9999999994677815 1,0000000012674966 1,0000000016012442 ), 0
( 0,9999999994665717 1,000000001263823 1,0000000015989365 ), 0
( 0,9999999994654324 1,0000000012707364 1,000000001605636 ), 0
( 0,9999999994662033 1,0000000012648158 1,0000000015978685 ), 0
( 0,999999999466357 1,000000001266953 1,0000000016000494 ), 0
( 0,999999999467611 1,0000000012659662 1,0000000015972752 ), 0
( 0,9999999994662148 1,0000000012531836 1,0000000015877488 ), 0
( 0,9999999994667425 1,0000000012682198 1,0000000016019959 ), 0
( 0,9999999994671469 1,0000000012690273 1,0000000015991048 ), 0
( 0,9999999994675419 1,0000000012694679 1,0000000015991728 ), 0
( 0,9999999994657214 1,000000001267487 1,0000000016049324 ), 0
( 0,9999999994656749 1,000000001271168 1,0000000016042798 ), 0
( 0,999999999467117 1,0000000012698216 1,000000001601807 ), 0
( 0,9999999994680462 1,0000000012673287 1,0000000015984836 ), 0
( 0,9999999994662212 1,0000000012660555 1,0000000015989463 ), 0
( 0,9999999994655366 1,0000000012701116 1,0000000016024417 ), 0
( 0,9999999994665268 1,0000000012687063 1,0000000016031307 ), 0
( 0,9999999994652716 1,0000000012710666 1,000000001605309 ), 0
( 0,9999999994683691 1,0000000012620007 1,000000001593544 ), 0
( 0,999999999466528 1,0000000012696943 1,0000000016036101 ), 0
( 0,9999999994655147 1,0000000012662351 1,0000000016014257 ), 0
( 0,9999999994680364 1,0000000012649046 1,0000000015995552 ), 0
( 0,99999999946734 1,0000000012728691 1,0000000016045743 ), 0
( 0,9999999994640582 1,0000000012686596 1,0000000016022177 ), 0
( 0,9999999994663714 1,000000001269 1,0000000016042605 ), 0
( 0,9999999994669176 1,000000001271321 1,0000000016041308 ), 0
( 0,9999999994658658 1,000000001268511 1,0000000015991004 ), 0
( 0,9999999994671637 1,000000001269473 1,0000000016012702 ), 0
( 0,9999999994666594 1,0000000012644543 1,0000000016016177 ), 0
( 0,9999999994658678 1,0000000012677739 1,0000000016012998 ), 0
( 0,9999999994647849 1,0000000012715862 1,0000000015997346 ), 0
( 0,9999999994647787 1,0000000012683672 1,00000000160223 ), 0
( 0,9999999994670954 1,0000000012680073 1,0000000016032444 ), 0
( 0,9999999994658809 1,00000000126746 1,0000000016089536 ), 0
( 0,9999999994671759 1,0000000012676948 1,0000000016015083 ), 0
( 0,9999999994654014 1,0000000012709302 1,0000000016056148 ), 0
( 0,999999999467285 1,0000000012662429 1,0000000016017432 ), 0
( 0,9999999994668171 1,000000001268187 1,0000000015993102 ), 0
( 0,9999999994665713 1,0000000012711543 1,0000000016038078 ), 0
( 0,9999999994673783 1,0000000012674135 1,0000000016035897 ), 0
( 0,9999999994682806 1,0000000012692287 1,000000001603043 ), 0
( 0,9999999994663711 1,000000001271768 1,000000001606423 ), 0
( 0,9999999994659706 1,0000000012725652 1,0000000016042283 ), 0
( 0,9999999994664274 1,000000001267982 1,0000000016001482 ), 0
( 0,9999999994663326 1,0000000012690649 1,0000000016004025 ), 0
( 0,9999999994676074 1,0000000012655919 1,0000000015970478 ), 0
( 0,9999999994671631 1,000000001268591 1,0000000016031638 ), 0
( 0,9999999994654682 1,0000000012713732 1,0000000016061208 ), 0
( 0,9999999994666872 1,0000000012650336 1,000000001596513 ), 0
( 0,9999999994667991 1,0000000012656232 1,000000001601491 ), 0
( 0,9999999994680185 1,0000000012688346 1,0000000016013229 ), 0
( 0,999999999466823 1,0000000012684178 1,0000000016017108 ), 0
( 0,9999999994651124 1,0000000012678483 1,000000001597824 ), 0
( 0,9999999994653349 1,0000000012666739 1,0000000016002937 ), 0
( 0,9999999994665613 1,0000000012688466 1,0000000016045583 ), 0
( 0,999999999468652 1,0000000012649015 1,000000001598681 ), 0
( 0,9999999994677226 1,000000001269243 1,0000000016047546 ), 0
( 0,9999999994663102 1,0000000012698373 1,000000001601615 ), 0
( 0,9999999994664774 1,0000000012691705 1,0000000016027468 ), 0
( 0,9999999994682811 1,0000000012691705 1,0000000016020532 ), 0
( 0,9999999994674259 1,0000000012581485 1,000000001590291 ), 0
( 0,999999999466832 1,000000001265963 1,0000000016006625 ), 0
( 0,9999999994684808 1,0000000012671773 1,0000000015994608 ), 0
( 0,9999999994660844 1,000000001269625 1,0000000016016513 ), 0
( 0,999999999466462 1,0000000012684336 1,0000000016029855 ), 0
( 0,9999999994646389 1,0000000012667103 1,0000000016002704 ), 0
( 0,9999999994668672 1,0000000012646675 1,00000000159963 ), 0
( 0,9999999994662355 1,000000001267221 1,0000000016003414 ), 0
( 0,9999999994666573 1,0000000012685302 1,0000000016049175 ), 0
( 0,999999999466642 1,0000000012711776 1,000000001604163 ), 0
( 0,9999999994661183 1,0000000012695747 1,0000000016026231 ), 0
( 0,9999999994646669 1,0000000012677777 1,0000000016016382 ), 0
( 0,9999999994663813 1,0000000012733983 1,0000000016027568 ), 0
( 0,9999999994657175 1,000000001271645 1,0000000016023094 ), 0
( 0,9999999994674686 1,0000000012711234 1,000000001602897 ), 0
( 0,9999999994653632 1,0000000012694996 1,0000000016022315 ), 0
( 0,9999999994682722 1,0000000012621169 1,0000000015940747 ), 0
( 0,9999999994667998 1,0000000012661492 1,0000000016019348 ), 0
( 0,9999999994675834 1,0000000012700798 1,0000000016024901 ), 0
( 0,9999999994669423 1,0000000012716455 1,0000000016034987 ), 0
( 0,9999999994670864 1,0000000012703059 1,0000000016051565 ), 0
( 0,9999999994681117 1,0000000012704882 1,00000000160335 ), 0
( 0,9999999994668188 1,0000000012659576 1,0000000016016422 ), 0
( 0,9999999994654657 1,0000000012668102 1,0000000016030344 ), 0
( 0,9999999994679648 1,0000000012681522 1,0000000015996735 ), 0
( 0,999999999466362 1,00000000127352 1,000000001602291 ), 0
( 0,9999999994681964 1,0000000012666947 1,0000000016021149 ), 0
( 0,9999999994675269 1,0000000012664048 1,000000001601549 ), 0
( 0,9999999994669507 1,000000001268254 1,0000000016008348 ), 0
( 0,9999999994695579 1,000000001269557 1,0000000016022483 ), 0
( 0,9999999994675618 1,0000000012691326 1,0000000015999004 ), 0
( 0,9999999994663006 1,0000000012649235 1,0000000016019688 ), 0
( 0,9999999994684735 1,0000000012728771 1,0000000016094386 ), 0
( 0,9999999994657683 1,0000000012658325 1,0000000015988455 ), 0
( 0,9999999994638632 1,0000000012682053 1,0000000016021862 ), 0
( 0,999999999466235 1,0000000012683632 1,000000001602842 ), 0
( 0,9999999994681378 1,0000000012661783 1,0000000015988428 ), 0
( 0,9999999994690422 1,0000000012713977 1,000000001601876 ), 0
( 0,9999999994670477 1,000000001268713 1,0000000016046682 ), 0
( 0,9999999994670015 1,0000000012683832 1,0000000016021713 ), 0
( 0,999999999465104 1,0000000012700345 1,0000000016027113 ), 0
( 0,9999999994676616 1,0000000012691121 1,00000000160465 ), 0
( 0,999999999467433 1,0000000012655128 1,0000000015999921 ), 0
( 0,9999999994671144 1,000000001270483 1,0000000016034865 ), 0
( 0,9999999994664017 1,0000000012682164 1,0000000016013535 ), 0
( 0,9999999994659415 1,0000000012690506 1,0000000016046426 ), 0
( 0,9999999994653999 1,0000000012671677 1,0000000016030608 ), 0
( 0,9999999994667524 1,0000000012640533 1,0000000015965855 ), 0
( 0,9999999994661669 1,0000000012585941 1,0000000015917065 ), 0
( 0,9999999994668254 1,0000000012689456 1,0000000016019124 ), 0
( 0,9999999994670932 1,000000001272601 1,0000000016045707 ), 0
( 0,9999999994636057 1,000000001270631 1,0000000016010617 ), 0
( 0,9999999994658225 1,0000000012687429 1,000000001601694 ), 0
( 0,9999999994681145 1,0000000012639745 1,0000000016000223 ), 0
( 0,9999999994678318 1,0000000012665733 1,0000000015990658 ), 0
( 0,9999999994675781 1,000000001268498 1,000000001603272 ), 0
( 0,999999999468155 1,0000000012655914 1,0000000015983583 ), 0
( 0,9999999994680617 1,000000001270739 1,0000000015991837 ), 0
( 0,9999999994702076 1,0000000012667403 1,000000001599478 ), 0
( 0,9999999994677328 1,0000000012665988 1,0000000016022925 ), 0
( 0,9999999994680968 1,0000000012597257 1,0000000015949597 ), 0
( 0,9999999994680007 1,0000000012701467 1,0000000016058275 ), 0
( 0,9999999994683912 1,0000000012628047 1,0000000015956039 ), 0
( 0,9999999994668672 1,0000000012701806 1,000000001602342 ), 0
( 0,9999999994669256 1,0000000012653671 1,0000000015972519 ), 0
( 0,9999999994655637 1,0000000012654375 1,0000000016019521 ), 0
( 0,9999999994673809 1,0000000012705499 1,0000000016032278 ), 0
( 0,9999999994657771 1,000000001271291 1,0000000016030175 ), 0
( 0,9999999994670571 1,0000000012666996 1,0000000015979336 ), 0
( 0,9999999994678891 1,000000001266055 1,0000000016005668 ), 0
( 0,9999999994677706 1,0000000012683532 1,000000001598116 ), 0
( 0,9999999994670972 1,0000000012666435 1,000000001602832 ), 0
( 0,9999999994663659 1,0000000012608423 1,0000000015972361 ), 0
( 0,9999999994664442 1,0000000012695467 1,0000000016027228 ), 0
( 0,9999999994660235 1,000000001269532 1,0000000016029196 ), 0
( 0,9999999994669165 1,0000000012700194 1,000000001603241 ), 0
( 0,9999999994685398 1,0000000012653052 1,0000000015991473 ), 0
( 0,9999999994665858 1,0000000012686394 1,0000000016038504 ), 0
( 0,9999999994639674 1,000000001270602 1,00000000160334 ), 0
( 0,9999999994671358 1,0000000012695938 1,0000000016002315 ), 0
( 0,9999999994729869 1,0000000012699046 1,0000000015957493 ), 0
( 0,9999999994686318 1,0000000012705035 1,000000001604394 ), 0
( 0,9999999994665237 1,0000000012684906 1,0000000016027697 ), 0
( 0,9999999994679734 1,0000000012687766 1,0000000016030097 ), 0
( 0,9999999994666123 1,000000001264113 1,0000000016017543 ), 0
( 0,9999999994691702 1,0000000012700991 1,0000000016041677 ), 0
( 0,9999999994663922 1,0000000012701333 1,0000000016047264 ), 0
( 0,9999999994686132 1,0000000012643586 1,000000001600915 ), 0
( 0,9999999994660425 1,0000000012675379 1,0000000015992108 ), 0
( 0,9999999994674484 1,000000001267165 1,0000000016023105 ), 0
( 0,9999999994661442 1,0000000012679335 1,0000000016010446 ), 0
( 0,9999999994680083 1,0000000012657764 1,0000000016018014 ), 0
( 0,9999999994684251 1,0000000012655694 1,0000000016050765 ), 0
( 0,9999999994669764 1,0000000012698862 1,000000001602914 ), 0
( 0,9999999994667105 1,0000000012659758 1,0000000015991106 ), 0
( 0,9999999994649156 1,0000000012665387 1,0000000016035842 ), 0
( 0,9999999994668907 1,0000000012672983 1,000000001602578 ), 0
( 0,9999999994672436 1,000000001269943 1,0000000016036137 ), 0
( 0,9999999994654492 1,0000000012680503 1,0000000015994626 ), 0
( 0,9999999994677531 1,0000000012680619 1,0000000015999546 ), 0
( 0,9999999994692317 1,0000000012703185 1,0000000015999044 ), 0
( 0,9999999994672203 1,0000000012727766 1,0000000016061845 ), 0
( 0,9999999994672599 1,000000001271059 1,000000001603511 ), 0
( 0,9999999994642184 1,0000000012713275 1,00000000160554 ), 0
( 0,9999999994674534 1,0000000012694095 1,0000000016039536 ), 0
( 0,9999999994663359 1,000000001269927 1,0000000016017407 ), 0
( 0,9999999994680068 1,0000000012666568 1,0000000016024306 ), 0
( 0,999999999467242 1,0000000012684307 1,0000000016029564 ), 0
( 0,9999999994660029 1,0000000012696468 1,0000000016006458 ), 0
( 0,9999999994656897 1,0000000012711576 1,0000000016033173 ), 0
( 0,9999999994659371 1,0000000012703196 1,000000001601604 ), 0
( 0,9999999994651187 1,0000000012628025 1,000000001602133 ), 0
( 0,999999999466011 1,0000000012653865 1,0000000016004302 ), 0
( 0,9999999994668703 1,0000000012668464 1,0000000016009931 ), 0
( 0,999999999466578 1,0000000012673764 1,000000001601448 ), 0
( 0,9999999994660401 1,000000001267573 1,000000001600906 ), 0
( 0,9999999994683628 1,0000000012697985 1,0000000016029522 ), 0
( 0,9999999994647694 1,0000000012694958 1,0000000015989736 ), 0
( 0,9999999994671249 1,0000000012677663 1,000000001598089 ), 0
( 0,9999999994645271 1,0000000012673191 1,0000000015991632 ), 0
( 0,9999999994671066 1,000000001266858 1,0000000015996375 ), 0
( 0,9999999994683476 1,0000000012678676 1,0000000016015387 ), 0
( 0,9999999994684546 1,0000000012672308 1,0000000015999182 ), 0
( 0,9999999994657741 1,000000001268153 1,0000000016006674 ), 0
( 0,9999999994680216 1,000000001265682 1,000000001602521 ), 0
( 0,9999999994677699 1,0000000012653358 1,000000001600608 ), 0
( 0,9999999994674028 1,0000000012645283 1,0000000015996873 ), 0
( 0,9999999994651987 1,000000001265826 1,000000001596657 ), 0
( 0,999999999466704 1,0000000012684755 1,0000000016034012 ), 0
( 0,9999999994650017 1,0000000012670232 1,0000000016033654 ), 0
( 0,9999999994640879 1,000000001264489 1,0000000016048345 ), 0
( 0,9999999994661258 1,0000000012725319 1,0000000016037636 ), 0
( 0,9999999994663227 1,0000000012660233 1,0000000016009067 ), 0
( 0,9999999994667647 1,000000001268147 1,000000001603109 ), 0
( 0,9999999994691254 1,000000001270864 1,0000000016027109 ), 0
Liczba wywoa funkcji celu: 159079
