Iteracja nr: 107
( 0,9999999994666114 1,0000000012677617 1,0000000016014339 ), 0
( 0,9999999994666001 1,000000001267763 1,000000001601522 ), 0
( 0,999999999466675 1,0000000012677723 1,0000000016014021 ), 0
( 0,9999999994666272 1,000000001267792 1,0000000016015176 ), 0
( 0,9999999994666465 1,0000000012677583 1,000000001601448 ), 0
( 0,9999999994665804 1,0000000012677956 1,0000000016015262 ), 0
( 0,9999999994666016 1,0000000012677872 1,000000001601509 ), 0
( 0,9999999994666161 1,0000000012678063 1,0000000016015136 ), 0
( 0,9999999994666048 1,0000000012678356 1,0000000016015258 ), 0
( 0,9999999994666131 1,0000000012677956 1,0000000016014732 ), 0
( 0,9999999994666099 1,000000001267813 1,0000000016015105 ), 0
( 0,9999999994666103 1,0000000012677852 1,0000000016014459 ), 0
( 0,9999999994665751 1,0000000012678456 1,0000000016015684 ), 0
( 0,9999999994666325 1,0000000012677575 1,0000000016014556 ), 0
( 0,9999999994666365 1,0000000012677497 1,000000001601439 ), 0
( 0,9999999994666184 1,000000001267763 1,0000000016014094 ), 0
( 0,99999999946661 1,0000000012678005 1,0000000016014672 ), 0
( 0,9999999994666253 1,0000000012677823 1,0000000016015091 ), 0
( 0,9999999994666552 1,000000001267758 1,0000000016014394 ), 0
( 0,9999999994666049 1,0000000012677546 1,000000001601441 ), 0
( 0,9999999994666015 1,0000000012677934 1,0000000016014827 ), 0
( 0,9999999994665992 1,0000000012677674 1,0000000016014885 ), 0
( 0,9999999994665927 1,0000000012677748 1,0000000016014945 ), 0
( 0,9999999994666241 1,0000000012677897 1,0000000016014496 ), 0
( 0,9999999994666147 1,0000000012677912 1,000000001601513 ), 0
( 0,9999999994666816 1,0000000012677248 1,0000000016013544 ), 0
( 0,9999999994666079 1,0000000012677728 1,0000000016015274 ), 0
( 0,999999999466601 1,0000000012677885 1,0000000016014796 ), 0
( 0,9999999994665875 1,0000000012677874 1,000000001601471 ), 0
( 0,9999999994666162 1,0000000012678147 1,0000000016015058 ), 0
( 0,9999999994666331 1,0000000012677948 1,0000000016014363 ), 0
( 0,9999999994666107 1,0000000012677863 1,000000001601448 ), 0
( 0,9999999994666309 1,0000000012677839 1,0000000016014579 ), 0
( 0,9999999994665898 1,000000001267776 1,0000000016015496 ), 0
( 0,9999999994666096 1,0000000012677779 1,0000000016014854 ), 0
( 0,999999999466628 1,000000001267775 1,0000000016014376 ), 0
( 0,9999999994666051 1,0000000012678192 1,0000000016014754 ), 0
( 0,999999999466591 1,0000000012677792 1,000000001601488 ), 0
( 0,9999999994666118 1,0000000012678105 1,0000000016014667 ), 0
( 0,9999999994666267 1,0000000012677863 1,0000000016014654 ), 0
( 0,9999999994665674 1,0000000012677546 1,0000000016014439 ), 0
( 0,999999999466612 1,0000000012677868 1,0000000016014758 ), 0
( 0,9999999994665991 1,000000001267813 1,0000000016014985 ), 0
( 0,9999999994665864 1,0000000012678087 1,0000000016015171 ), 0
( 0,9999999994665885 1,0000000012677808 1,000000001601491 ), 0
( 0,9999999994665991 1,000000001267801 1,000000001601491 ), 0
( 0,9999999994666009 1,0000000012678139 1,0000000016014934 ), 0
( 0,9999999994666093 1,0000000012678048 1,0000000016015216 ), 0
( 0,9999999994665917 1,000000001267783 1,0000000016015138 ), 0
( 0,9999999994666067 1,000000001267758 1,000000001601443 ), 0
( 0,9999999994666184 1,0000000012677592 1,0000000016014758 ), 0
( 0,9999999994665868 1,0000000012677832 1,000000001601505 ), 0
( 0,9999999994666668 1,0000000012677348 1,0000000016013884 ), 0
( 0,9999999994666202 1,0000000012677677 1,0000000016014576 ), 0
( 0,999999999466635 1,000000001267764 1,0000000016014579 ), 0
( 0,9999999994665923 1,0000000012677883 1,0000000016015185 ), 0
( 0,9999999994666076 1,0000000012678079 1,0000000016014698 ), 0
( 0,9999999994666261 1,0000000012678156 1,0000000016014992 ), 0
( 0,9999999994665978 1,0000000012678063 1,0000000016014918 ), 0
( 0,9999999994666084 1,0000000012678343 1,000000001601512 ), 0
( 0,9999999994666304 1,0000000012677908 1,0000000016014523 ), 0
( 0,9999999994666106 1,0000000012677788 1,0000000016014023 ), 0
( 0,9999999994666312 1,0000000012677581 1,000000001601444 ), 0
( 0,9999999994666173 1,000000001267774 1,0000000016014832 ), 0
( 0,9999999994666235 1,0000000012677643 1,0000000016014963 ), 0
( 0,9999999994666224 1,000000001267733 1,0000000016013868 ), 0
( 0,9999999994666195 1,0000000012678112 1,0000000016014747 ), 0
( 0,9999999994666248 1,0000000012677706 1,0000000016014956 ), 0
( 0,9999999994666281 1,0000000012677448 1,0000000016013988 ), 0
( 0,9999999994666089 1,0000000012677812 1,0000000016014525 ), 0
( 0,9999999994666108 1,0000000012677617 1,000000001601433 ), 0
( 0,9999999994666051 1,0000000012678103 1,0000000016015176 ), 0
( 0,9999999994666108 1,0000000012678274 1,0000000016015007 ), 0
( 0,9999999994666202 1,000000001267758 1,0000000016014585 ), 0
( 0,999999999466603 1,000000001267799 1,000000001601503 ), 0
( 0,9999999994666224 1,0000000012678212 1,0000000016015287 ), 0
( 0,9999999994665664 1,0000000012677612 1,0000000016015136 ), 0
( 0,9999999994666015 1,0000000012677743 1,0000000016014419 ), 0
( 0,9999999994666119 1,000000001267771 1,0000000016014572 ), 0
( 0,999999999466617 1,0000000012677985 1,0000000016014692 ), 0
( 0,9999999994666272 1,0000000012678236 1,0000000016014923 ), 0
( 0,9999999994666247 1,000000001267799 1,000000001601441 ), 0
( 0,9999999994666008 1,0000000012678893 1,000000001601573 ), 0
( 0,9999999994665896 1,0000000012677837 1,0000000016014492 ), 0
( 0,9999999994666187 1,0000000012677766 1,0000000016014525 ), 0
( 0,9999999994665942 1,000000001267778 1,0000000016014947 ), 0
( 0,9999999994666157 1,0000000012677837 1,000000001601486 ), 0
( 0,9999999994666006 1,0000000012677595 1,000000001601496 ), 0
( 0,9999999994666137 1,0000000012678092 1,000000001601489 ), 0
( 0,9999999994666262 1,0000000012677952 1,000000001601454 ), 0
( 0,9999999994666154 1,000000001267822 1,0000000016014976 ), 0
( 0,9999999994665959 1,0000000012678176 1,0000000016014514 ), 0
( 0,999999999466621 1,0000000012678245 1,0000000016014998 ), 0
( 0,99999999946662 1,000000001267801 1,0000000016014352 ), 0
( 0,999999999466619 1,0000000012677843 1,0000000016014499 ), 0
( 0,9999999994666035 1,0000000012678014 1,0000000016014818 ), 0
( 0,9999999994666086 1,0000000012678203 1,0000000016015167 ), 0
( 0,9999999994666 1,0000000012678252 1,0000000016014834 ), 0
( 0,9999999994665801 1,000000001267766 1,0000000016014532 ), 0
( 0,9999999994666079 1,000000001267786 1,0000000016014607 ), 0
( 0,999999999466602 1,0000000012678052 1,000000001601538 ), 0
( 0,9999999994666081 1,0000000012678045 1,00000000160148 ), 0
( 0,9999999994666064 1,000000001267773 1,0000000016014328 ), 0
( 0,9999999994665849 1,0000000012677805 1,000000001601509 ), 0
( 0,9999999994666157 1,0000000012677885 1,0000000016014547 ), 0
( 0,9999999994665923 1,0000000012676673 1,0000000016014234 ), 0
( 0,9999999994666101 1,0000000012677863 1,0000000016014643 ), 0
( 0,999999999466614 1,0000000012677974 1,00000000160146 ), 0
( 0,9999999994665915 1,0000000012677808 1,0000000016015025 ), 0
( 0,9999999994666264 1,0000000012677683 1,000000001601424 ), 0
( 0,9999999994666164 1,000000001267822 1,0000000016014925 ), 0
( 0,9999999994666082 1,0000000012677712 1,0000000016014647 ), 0
( 0,999999999466625 1,0000000012677832 1,0000000016014057 ), 0
( 0,9999999994666146 1,000000001267822 1,000000001601521 ), 0
( 0,9999999994666032 1,000000001267778 1,0000000016014532 ), 0
( 0,9999999994666293 1,0000000012677883 1,0000000016014792 ), 0
( 0,9999999994666231 1,0000000012677968 1,0000000016014612 ), 0
( 0,9999999994666191 1,0000000012677919 1,0000000016014918 ), 0
( 0,9999999994666414 1,0000000012677477 1,0000000016014075 ), 0
( 0,9999999994666199 1,0000000012677202 1,000000001601459 ), 0
( 0,9999999994665948 1,0000000012677788 1,0000000016014987 ), 0
( 0,99999999946661 1,0000000012677488 1,0000000016014523 ), 0
( 0,9999999994665912 1,0000000012677268 1,0000000016014643 ), 0
( 0,9999999994666107 1,0000000012677948 1,0000000016015036 ), 0
( 0,9999999994665809 1,0000000012677477 1,0000000016014219 ), 0
( 0,999999999466597 1,000000001267799 1,0000000016015025 ), 0
( 0,9999999994666151 1,0000000012677754 1,0000000016014403 ), 0
( 0,9999999994666181 1,0000000012678045 1,000000001601548 ), 0
( 0,9999999994666033 1,0000000012677739 1,0000000016014639 ), 0
( 0,9999999994665898 1,0000000012677557 1,0000000016014323 ), 0
( 0,9999999994666231 1,000000001267766 1,000000001601486 ), 0
( 0,9999999994666096 1,000000001267816 1,000000001601537 ), 0
( 0,9999999994666041 1,00000000126779 1,0000000016014856 ), 0
( 0,999999999466615 1,0000000012678218 1,0000000016015362 ), 0
( 0,9999999994666178 1,0000000012678414 1,000000001601508 ), 0
( 0,9999999994666079 1,0000000012677606 1,000000001601463 ), 0
( 0,9999999994665755 1,0000000012677899 1,0000000016015262 ), 0
( 0,9999999994666213 1,0000000012677346 1,0000000016014212 ), 0
( 0,9999999994665988 1,000000001267817 1,0000000016014952 ), 0
( 0,9999999994665997 1,0000000012677595 1,0000000016014698 ), 0
( 0,9999999994666035 1,0000000012677626 1,0000000016014574 ), 0
( 0,9999999994666451 1,0000000012678096 1,0000000016014372 ), 0
( 0,9999999994666116 1,000000001267743 1,0000000016014314 ), 0
( 0,9999999994666116 1,0000000012678316 1,0000000016014927 ), 0
( 0,9999999994666239 1,0000000012678065 1,000000001601467 ), 0
( 0,9999999994665989 1,0000000012677863 1,0000000016015318 ), 0
( 0,999999999466632 1,0000000012677537 1,0000000016014567 ), 0
( 0,9999999994666258 1,0000000012678265 1,000000001601516 ), 0
( 0,9999999994666244 1,0000000012678043 1,0000000016014994 ), 0
( 0,999999999466612 1,0000000012678005 1,0000000016014894 ), 0
( 0,9999999994666215 1,0000000012677661 1,0000000016014408 ), 0
( 0,9999999994666346 1,0000000012677792 1,0000000016014883 ), 0
( 0,9999999994666156 1,0000000012677495 1,000000001601459 ), 0
( 0,9999999994666025 1,0000000012677615 1,000000001601441 ), 0
( 0,9999999994665928 1,0000000012678214 1,0000000016015338 ), 0
( 0,9999999994666195 1,0000000012677537 1,0000000016014674 ), 0
( 0,999999999466616 1,0000000012677823 1,0000000016015123 ), 0
( 0,9999999994666128 1,000000001267766 1,0000000016015003 ), 0
( 0,9999999994666045 1,0000000012677666 1,0000000016014674 ), 0
( 0,9999999994666037 1,0000000012677956 1,000000001601439 ), 0
( 0,9999999994665778 1,0000000012678079 1,0000000016015564 ), 0
( 0,9999999994666121 1,000000001267812 1,0000000016014854 ), 0
( 0,9999999994666128 1,0000000012677737 1,0000000016014978 ), 0
( 0,9999999994666134 1,0000000012677968 1,0000000016014658 ), 0
( 0,9999999994665763 1,0000000012677996 1,000000001601482 ), 0
( 0,9999999994666082 1,0000000012677321 1,0000000016013872 ), 0
( 0,9999999994666217 1,0000000012677952 1,000000001601474 ), 0
( 0,999999999466609 1,000000001267812 1,0000000016014787 ), 0
( 0,9999999994665986 1,0000000012677726 1,0000000016014798 ), 0
( 0,9999999994666224 1,000000001267742 1,0000000016013808 ), 0
( 0,9999999994666176 1,000000001267783 1,0000000016015202 ), 0
( 0,999999999466625 1,0000000012677843 1,000000001601477 ), 0
( 0,9999999994666183 1,0000000012678019 1,0000000016014667 ), 0
( 0,999999999466621 1,0000000012678039 1,0000000016015207 ), 0
( 0,9999999994666234 1,0000000012677608 1,000000001601447 ), 0
( 0,9999999994666063 1,0000000012677859 1,000000001601512 ), 0
( 0,9999999994665928 1,0000000012677983 1,0000000016014985 ), 0
( 0,9999999994666119 1,0000000012677719 1,0000000016014994 ), 0
( 0,9999999994666172 1,0000000012677939 1,000000001601465 ), 0
( 0,9999999994666054 1,0000000012677972 1,0000000016015085 ), 0
( 0,9999999994666213 1,00000000126776 1,000000001601477 ), 0
( 0,9999999994665616 1,000000001267773 1,0000000016015005 ), 0
( 0,9999999994666063 1,0000000012677936 1,000000001601473 ), 0
( 0,9999999994665792 1,0000000012677943 1,000000001601591 ), 0
( 0,9999999994665886 1,0000000012678079 1,0000000016015012 ), 0
( 0,9999999994666164 1,0000000012677714 1,0000000016015074 ), 0
( 0,999999999466597 1,0000000012678143 1,0000000016015014 ), 0
( 0,9999999994666222 1,0000000012678079 1,000000001601515 ), 0
( 0,9999999994665859 1,0000000012677785 1,000000001601488 ), 0
( 0,9999999994666361 1,0000000012677779 1,0000000016014685 ), 0
( 0,9999999994666132 1,0000000012677885 1,000000001601499 ), 0
( 0,999999999466598 1,0000000012677717 1,0000000016014643 ), 0
( 0,9999999994665991 1,0000000012677734 1,0000000016014794 ), 0
( 0,9999999994665977 1,000000001267818 1,0000000016014974 ), 0
( 0,9999999994666128 1,0000000012677985 1,0000000016014632 ), 0
( 0,9999999994666132 1,0000000012677577 1,0000000016014476 ), 0
( 0,999999999466606 1,000000001267794 1,0000000016015023 ), 0
( 0,9999999994666238 1,000000001267754 1,0000000016014694 ), 0
( 0,999999999466602 1,0000000012678225 1,000000001601549 ), 0
( 0,9999999994666169 1,00000000126785 1,000000001601507 ), 0
( 0,9999999994666223 1,000000001267791 1,0000000016015416 ), 0
( 0,9999999994666042 1,0000000012677572 1,0000000016014507 ), 0
( 0,9999999994665895 1,0000000012678114 1,0000000016014707 ), 0
( 0,9999999994666072 1,0000000012677939 1,0000000016014674 ), 0
( 0,999999999466616 1,0000000012677954 1,0000000016014585 ), 0
( 0,9999999994666026 1,0000000012677837 1,0000000016014527 ), 0
( 0,999999999466587 1,0000000012678065 1,00000000160147 ), 0
( 0,9999999994666083 1,0000000012678278 1,0000000016015562 ), 0
( 0,9999999994665509 1,00000000126778 1,0000000016014767 ), 0
( 0,999999999466607 1,0000000012677854 1,0000000016014923 ), 0
( 0,9999999994665886 1,0000000012677595 1,0000000016014787 ), 0
( 0,9999999994666267 1,0000000012678223 1,0000000016014832 ), 0
( 0,999999999466603 1,0000000012678287 1,0000000016015058 ), 0
( 0,9999999994666218 1,0000000012678016 1,000000001601503 ), 0
( 0,9999999994666008 1,0000000012677512 1,0000000016014594 ), 0
( 0,9999999994666184 1,0000000012678083 1,0000000016014823 ), 0
( 0,9999999994665967 1,000000001267789 1,0000000016014976 ), 0
( 0,9999999994665896 1,0000000012677657 1,0000000016014952 ), 0
( 0,9999999994665947 1,0000000012677916 1,0000000016015222 ), 0
( 0,999999999466629 1,0000000012678156 1,000000001601488 ), 0
( 0,9999999994665857 1,000000001267732 1,0000000016014532 ), 0
( 0,9999999994666201 1,0000000012677572 1,0000000016014614 ), 0
( 0,9999999994665876 1,0000000012678658 1,0000000016014776 ), 0
( 0,9999999994666285 1,0000000012678028 1,000000001601479 ), 0
( 0,9999999994666242 1,0000000012678052 1,0000000016014212 ), 0
( 0,9999999994666217 1,0000000012677965 1,0000000016014854 ), 0
( 0,9999999994666529 1,0000000012678265 1,000000001601459 ), 0
( 0,9999999994666158 1,0000000012678067 1,0000000016014932 ), 0
( 0,9999999994666258 1,000000001267774 1,000000001601434 ), 0
( 0,9999999994666079 1,0000000012677666 1,0000000016014887 ), 0
( 0,9999999994666233 1,000000001267789 1,0000000016014436 ), 0
( 0,9999999994666272 1,0000000012678036 1,0000000016014643 ), 0
( 0,9999999994666264 1,0000000012677668 1,000000001601472 ), 0
( 0,9999999994666082 1,0000000012678059 1,0000000016014727 ), 0
( 0,9999999994665933 1,000000001267798 1,0000000016014343 ), 0
( 0,9999999994666252 1,0000000012678054 1,000000001601447 ), 0
( 0,9999999994666073 1,0000000012677435 1,0000000016014368 ), 0
( 0,9999999994666161 1,000000001267766 1,0000000016014516 ), 0
( 0,9999999994666151 1,0000000012677899 1,000000001601525 ), 0
( 0,9999999994666261 1,000000001267796 1,0000000016014503 ), 0
( 0,9999999994666192 1,000000001267774 1,0000000016014443 ), 0
( 0,9999999994665736 1,0000000012678147 1,00000000160159 ), 0
( 0,9999999994666438 1,0000000012677976 1,0000000016014434 ), 0
( 0,9999999994666179 1,0000000012677444 1,0000000016014376 ), 0
( 0,9999999994666008 1,0000000012677552 1,0000000016014252 ), 0
( 0,9999999994666137 1,0000000012677457 1,0000000016014574 ), 0
( 0,9999999994665622 1,0000000012677812 1,0000000016015467 ), 0
( 0,9999999994666264 1,000000001267748 1,0000000016014647 ), 0
( 0,9999999994666162 1,0000000012678143 1,0000000016014627 ), 0
( 0,999999999466619 1,0000000012676917 1,000000001601358 ), 0
( 0,9999999994665986 1,0000000012678008 1,0000000016014943 ), 0
( 0,9999999994666301 1,0000000012677661 1,0000000016013957 ), 0
( 0,9999999994666348 1,0000000012678267 1,0000000016014914 ), 0
( 0,9999999994665693 1,000000001267765 1,0000000016015174 ), 0
( 0,9999999994666355 1,0000000012677772 1,000000001601486 ), 0
( 0,9999999994666116 1,0000000012678003 1,000000001601464 ), 0
( 0,9999999994666202 1,0000000012677868 1,0000000016014983 ), 0
( 0,9999999994666053 1,0000000012677686 1,0000000016014443 ), 0
( 0,9999999994666061 1,0000000012678376 1,000000001601546 ), 0
( 0,9999999994666232 1,0000000012677959 1,0000000016014872 ), 0
( 0,9999999994666051 1,0000000012677757 1,0000000016015067 ), 0
( 0,9999999994665931 1,0000000012677885 1,000000001601506 ), 0
( 0,9999999994666303 1,0000000012677488 1,0000000016014323 ), 0
( 0,9999999994666184 1,0000000012677999 1,0000000016014352 ), 0
( 0,9999999994666127 1,0000000012678136 1,000000001601496 ), 0
( 0,9999999994666158 1,000000001267799 1,0000000016014519 ), 0
( 0,9999999994665859 1,000000001267851 1,0000000016015975 ), 0
( 0,9999999994666346 1,0000000012677985 1,0000000016014534 ), 0
( 0,9999999994666275 1,000000001267795 1,0000000016014607 ), 0
( 0,9999999994666294 1,0000000012678272 1,0000000016014916 ), 0
( 0,9999999994666163 1,0000000012678116 1,0000000016014543 ), 0
( 0,9999999994665998 1,0000000012677925 1,0000000016014687 ), 0
( 0,9999999994666348 1,0000000012677859 1,0000000016014183 ), 0
( 0,9999999994666302 1,0000000012677306 1,000000001601477 ), 0
( 0,9999999994666092 1,0000000012677515 1,0000000016014448 ), 0
( 0,9999999994666159 1,000000001267768 1,0000000016014174 ), 0
( 0,999999999466604 1,0000000012677939 1,0000000016014874 ), 0
( 0,999999999466607 1,0000000012677919 1,0000000016014698 ), 0
( 0,9999999994665615 1,0000000012677734 1,000000001601587 ), 0
( 0,9999999994666324 1,000000001267756 1,0000000016014101 ), 0
( 0,999999999466604 1,0000000012677719 1,0000000016014359 ), 0
( 0,9999999994666249 1,0000000012678059 1,0000000016014527 ), 0
( 0,999999999466614 1,000000001267826 1,0000000016014698 ), 0
( 0,9999999994665926 1,000000001267807 1,0000000016014616 ), 0
( 0,9999999994666182 1,0000000012677464 1,0000000016014245 ), 0
( 0,9999999994666159 1,0000000012677452 1,0000000016014086 ), 0
( 0,999999999466612 1,0000000012677428 1,0000000016014154 ), 0
( 0,9999999994666093 1,000000001267801 1,0000000016015036 ), 0
( 0,9999999994666168 1,0000000012677808 1,0000000016014436 ), 0
( 0,9999999994666277 1,0000000012677956 1,0000000016014712 ), 0
( 0,9999999994666098 1,0000000012677832 1,0000000016014323 ), 0
( 0,9999999994666141 1,0000000012677621 1,0000000016014134 ), 0
( 0,9999999994666074 1,0000000012678472 1,0000000016015238 ), 0
( 0,9999999994666255 1,0000000012678238 1,0000000016014645 ), 0
( 0,9999999994666322 1,0000000012677985 1,0000000016014958 ), 0
( 0,9999999994666238 1,0000000012678176 1,0000000016014998 ), 0
( 0,9999999994666079 1,0000000012678256 1,000000001601523 ), 0
( 0,9999999994666245 1,0000000012677905 1,000000001601504 ), 0
( 0,9999999994665874 1,0000000012678079 1,0000000016015285 ), 0
( 0,9999999994666239 1,0000000012677839 1,0000000016014838 ), 0
( 0,9999999994666096 1,0000000012677646 1,0000000016014556 ), 0
( 0,9999999994666208 1,0000000012678187 1,0000000016014539 ), 0
( 0,9999999994666001 1,0000000012677923 1,0000000016014374 ), 0
( 0,9999999994666346 1,0000000012677877 1,0000000016015034 ), 0
( 0,9999999994665963 1,000000001267754 1,000000001601434 ), 0
( 0,999999999466606 1,0000000012677954 1,0000000016014599 ), 0
( 0,9999999994666184 1,0000000012677983 1,0000000016014887 ), 0
( 0,9999999994666213 1,0000000012677805 1,0000000016014652 ), 0
( 0,9999999994665955 1,000000001267786 1,0000000016015005 ), 0
( 0,999999999466601 1,0000000012677757 1,000000001601454 ), 0
( 0,999999999466615 1,0000000012678065 1,000000001601462 ), 0
( 0,9999999994666361 1,0000000012677126 1,0000000016013932 ), 0
( 0,9999999994666416 1,0000000012677661 1,000000001601437 ), 0
( 0,9999999994665765 1,0000000012677706 1,0000000016015054 ), 0
( 0,9999999994665926 1,0000000012677919 1,0000000016014643 ), 0
( 0,9999999994665888 1,0000000012677797 1,0000000016014838 ), 0
( 0,9999999994666161 1,0000000012678272 1,000000001601499 ), 0
( 0,9999999994666191 1,0000000012678196 1,0000000016014745 ), 0
( 0,9999999994666094 1,0000000012677672 1,0000000016014852 ), 0
( 0,9999999994665898 1,000000001267749 1,0000000016014374 ), 0
( 0,9999999994666005 1,00000000126778 1,0000000016014754 ), 0
( 0,9999999994666077 1,0000000012677799 1,0000000016014883 ), 0
( 0,999999999466625 1,000000001267763 1,0000000016014368 ), 0
( 0,9999999994665834 1,0000000012677936 1,0000000016014694 ), 0
( 0,9999999994666039 1,0000000012677586 1,0000000016014927 ), 0
( 0,9999999994666459 1,0000000012678012 1,0000000016014194 ), 0
( 0,999999999466588 1,0000000012677819 1,0000000016015138 ), 0
( 0,9999999994666114 1,0000000012677994 1,000000001601468 ), 0
( 0,9999999994666146 1,0000000012677794 1,0000000016015165 ), 0
( 0,9999999994666176 1,0000000012677877 1,0000000016014694 ), 0
( 0,9999999994666064 1,0000000012677848 1,0000000016014592 ), 0
( 0,9999999994666096 1,0000000012678159 1,0000000016014714 ), 0
( 0,9999999994666164 1,000000001267818 1,0000000016015138 ), 0
( 0,9999999994666023 1,000000001267808 1,000000001601446 ), 0
( 0,9999999994666062 1,0000000012677541 1,000000001601469 ), 0
( 0,9999999994666161 1,0000000012677643 1,0000000016014643 ), 0
( 0,9999999994666329 1,0000000012677777 1,0000000016014947 ), 0
( 0,9999999994666354 1,000000001267764 1,0000000016014376 ), 0
( 0,9999999994666307 1,0000000012677832 1,0000000016014698 ), 0
( 0,9999999994665401 1,0000000012678156 1,000000001601624 ), 0
( 0,9999999994665886 1,0000000012677557 1,0000000016014432 ), 0
( 0,9999999994666131 1,0000000012677919 1,0000000016014607 ), 0
( 0,9999999994666243 1,0000000012677892 1,0000000016014612 ), 0
( 0,9999999994666181 1,0000000012677421 1,000000001601473 ), 0
( 0,9999999994666041 1,0000000012677936 1,0000000016014803 ), 0
( 0,9999999994666269 1,0000000012677843 1,0000000016014738 ), 0
( 0,9999999994666151 1,0000000012677632 1,0000000016014339 ), 0
( 0,9999999994665846 1,0000000012677877 1,0000000016015116 ), 0
( 0,9999999994666053 1,0000000012678234 1,0000000016014976 ), 0
( 0,9999999994666089 1,0000000012677719 1,0000000016014607 ), 0
( 0,9999999994666025 1,0000000012678216 1,000000001601504 ), 0
( 0,9999999994666156 1,0000000012677845 1,0000000016014585 ), 0
( 0,9999999994666101 1,0000000012677728 1,0000000016014594 ), 0
( 0,9999999994666177 1,000000001267789 1,000000001601481 ), 0
( 0,999999999466619 1,000000001267803 1,0000000016014667 ), 0
( 0,9999999994666119 1,0000000012678154 1,0000000016015056 ), 0
( 0,9999999994665885 1,0000000012677719 1,0000000016014807 ), 0
( 0,9999999994666104 1,0000000012677788 1,000000001601423 ), 0
( 0,9999999994666174 1,0000000012678052 1,0000000016015014 ), 0
( 0,9999999994665996 1,0000000012677916 1,00000000160146 ), 0
( 0,9999999994665925 1,0000000012677948 1,0000000016015025 ), 0
( 0,9999999994666117 1,0000000012677372 1,0000000016013997 ), 0
( 0,9999999994666162 1,0000000012678034 1,0000000016014932 ), 0
( 0,9999999994666487 1,0000000012677799 1,0000000016014543 ), 0
( 0,9999999994666312 1,0000000012678605 1,0000000016015802 ), 0
( 0,9999999994666109 1,0000000012678014 1,0000000016014854 ), 0
( 0,9999999994666157 1,0000000012677976 1,000000001601499 ), 0
( 0,9999999994666081 1,0000000012677992 1,0000000016014947 ), 0
( 0,9999999994666078 1,000000001267839 1,0000000016014792 ), 0
( 0,9999999994666053 1,0000000012677668 1,0000000016014476 ), 0
( 0,9999999994666083 1,0000000012677956 1,0000000016014274 ), 0
( 0,9999999994666028 1,0000000012678147 1,000000001601476 ), 0
( 0,9999999994666 1,000000001267843 1,0000000016015336 ), 0
( 0,9999999994666211 1,0000000012677954 1,0000000016014607 ), 0
( 0,999999999466617 1,000000001267831 1,000000001601513 ), 0
( 0,9999999994666107 1,0000000012677626 1,0000000016014636 ), 0
( 0,9999999994666197 1,000000001267733 1,0000000016014405 ), 0
( 0,9999999994666029 1,0000000012677803 1,0000000016014263 ), 0
( 0,9999999994666114 1,0000000012677963 1,0000000016014916 ), 0
( 0,9999999994666363 1,0000000012678318 1,000000001601475 ), 0
( 0,9999999994666131 1,0000000012677541 1,0000000016015167 ), 0
( 0,9999999994666183 1,0000000012678218 1,000000001601507 ), 0
( 0,9999999994666063 1,00000000126779 1,0000000016014676 ), 0
( 0,9999999994666079 1,0000000012677777 1,000000001601497 ), 0
( 0,9999999994666219 1,0000000012677714 1,0000000016014583 ), 0
( 0,9999999994666188 1,0000000012677746 1,0000000016014836 ), 0
( 0,9999999994666091 1,000000001267751 1,0000000016014834 ), 0
( 0,9999999994666132 1,0000000012677976 1,0000000016014925 ), 0
( 0,999999999466608 1,0000000012677688 1,0000000016014516 ), 0
( 0,9999999994665759 1,0000000012677794 1,000000001601542 ), 0
( 0,9999999994666248 1,0000000012677743 1,0000000016014685 ), 0
( 0,9999999994666022 1,0000000012677395 1,0000000016014319 ), 0
( 0,9999999994665993 1,0000000012677899 1,0000000016015183 ), 0
( 0,999999999466618 1,0000000012677803 1,0000000016015027 ), 0
( 0,9999999994665996 1,0000000012677814 1,0000000016014725 ), 0
( 0,999999999466584 1,000000001267799 1,000000001601487 ), 0
( 0,9999999994666118 1,0000000012677916 1,0000000016014654 ), 0
( 0,9999999994666234 1,0000000012677857 1,0000000016014379 ), 0
( 0,9999999994666005 1,0000000012677985 1,000000001601473 ), 0
( 0,9999999994666394 1,0000000012677739 1,0000000016014667 ), 0
( 0,9999999994666193 1,0000000012678052 1,0000000016015005 ), 0
( 0,9999999994666052 1,0000000012677992 1,0000000016014672 ), 0
( 0,9999999994666151 1,0000000012677857 1,0000000016014325 ), 0
( 0,9999999994665857 1,000000001267789 1,0000000016015502 ), 0
( 0,9999999994665968 1,0000000012677914 1,0000000016014972 ), 0
( 0,9999999994666097 1,0000000012677757 1,0000000016014718 ), 0
( 0,9999999994666184 1,0000000012677737 1,0000000016014927 ), 0
( 0,9999999994665958 1,0000000012677586 1,00000000160146 ), 0
( 0,9999999994666047 1,00000000126779 1,000000001601468 ), 0
( 0,9999999994666325 1,00000000126777 1,0000000016015087 ), 0
( 0,9999999994666045 1,0000000012678028 1,0000000016014563 ), 0
( 0,9999999994666308 1,000000001267742 1,0000000016014243 ), 0
( 0,9999999994666012 1,0000000012677672 1,0000000016014392 ), 0
( 0,9999999994666152 1,000000001267777 1,0000000016014567 ), 0
( 0,9999999994666244 1,0000000012677766 1,0000000016014627 ), 0
( 0,9999999994666355 1,0000000012678112 1,0000000016014632 ), 0
( 0,9999999994666354 1,0000000012677408 1,0000000016014168 ), 0
( 0,9999999994666081 1,0000000012678107 1,0000000016014183 ), 0
( 0,9999999994665989 1,000000001267742 1,0000000016014674 ), 0
( 0,9999999994666062 1,0000000012677814 1,0000000016014767 ), 0
( 0,999999999466603 1,0000000012677677 1,0000000016014112 ), 0
( 0,9999999994666072 1,000000001267783 1,0000000016014405 ), 0
( 0,9999999994666078 1,0000000012677972 1,0000000016014996 ), 0
( 0,9999999994665821 1,0000000012678372 1,000000001601554 ), 0
( 0,9999999994665951 1,0000000012678092 1,0000000016014707 ), 0
( 0,9999999994666354 1,000000001267769 1,0000000016014516 ), 0
( 0,9999999994666197 1,0000000012677965 1,0000000016014943 ), 0
( 0,9999999994666049 1,0000000012677874 1,0000000016014474 ), 0
( 0,9999999994666399 1,000000001267737 1,0000000016014023 ), 0
( 0,9999999994666189 1,0000000012677839 1,0000000016014494 ), 0
( 0,9999999994665892 1,0000000012678105 1,0000000016015167 ), 0
( 0,9999999994666319 1,000000001267803 1,000000001601447 ), 0
( 0,9999999994666078 1,0000000012677694 1,0000000016014796 ), 0
( 0,9999999994666002 1,0000000012677859 1,0000000016015318 ), 0
( 0,9999999994665969 1,0000000012678014 1,0000000016015107 ), 0
( 0,9999999994666046 1,000000001267753 1,0000000016014434 ), 0
( 0,999999999466614 1,0000000012678052 1,000000001601457 ), 0
( 0,9999999994665526 1,0000000012678079 1,0000000016016004 ), 0
( 0,9999999994665906 1,000000001267855 1,0000000016015098 ), 0
( 0,9999999994666084 1,0000000012678183 1,0000000016014836 ), 0
( 0,9999999994666033 1,0000000012677615 1,0000000016014663 ), 0
( 0,9999999994666386 1,0000000012677712 1,0000000016014268 ), 0
( 0,9999999994666292 1,0000000012677837 1,0000000016014465 ), 0
( 0,9999999994666168 1,0000000012677863 1,000000001601456 ), 0
( 0,9999999994665908 1,0000000012678116 1,0000000016014996 ), 0
( 0,9999999994666302 1,0000000012677386 1,0000000016014312 ), 0
( 0,9999999994666069 1,0000000012677668 1,0000000016014017 ), 0
( 0,9999999994665902 1,0000000012678338 1,0000000016015556 ), 0
( 0,9999999994666252 1,0000000012677788 1,0000000016014743 ), 0
( 0,9999999994666251 1,0000000012678258 1,0000000016014645 ), 0
( 0,9999999994666067 1,0000000012677757 1,000000001601486 ), 0
( 0,9999999994665993 1,0000000012677903 1,0000000016014723 ), 0
( 0,9999999994666054 1,0000000012677617 1,000000001601436 ), 0
( 0,9999999994666032 1,0000000012678385 1,000000001601547 ), 0
( 0,9999999994666096 1,0000000012678023 1,0000000016014672 ), 0
( 0,9999999994666366 1,0000000012678039 1,0000000016014672 ), 0
( 0,9999999994666386 1,000000001267781 1,0000000016014519 ), 0
( 0,9999999994665838 1,000000001267777 1,0000000016015314 ), 0
( 0,9999999994666041 1,0000000012677743 1,0000000016014623 ), 0
( 0,999999999466621 1,0000000012678096 1,0000000016014767 ), 0
( 0,9999999994666037 1,0000000012678083 1,0000000016015123 ), 0
( 0,9999999994665998 1,0000000012678194 1,0000000016014698 ), 0
( 0,9999999994666051 1,0000000012677395 1,0000000016014392 ), 0
( 0,9999999994666033 1,0000000012677968 1,000000001601503 ), 0
( 0,9999999994666038 1,0000000012677777 1,0000000016014743 ), 0
( 0,9999999994666033 1,000000001267792 1,000000001601532 ), 0
( 0,9999999994666195 1,0000000012678003 1,0000000016014514 ), 0
( 0,999999999466575 1,0000000012677344 1,0000000016014226 ), 0
( 0,9999999994666338 1,0000000012677799 1,0000000016014656 ), 0
( 0,9999999994666045 1,0000000012678185 1,000000001601514 ), 0
( 0,9999999994665771 1,0000000012678079 1,00000000160152 ), 0
( 0,9999999994666205 1,0000000012677746 1,0000000016014796 ), 0
( 0,9999999994666083 1,0000000012678365 1,0000000016015311 ), 0
( 0,9999999994666207 1,0000000012677979 1,0000000016014858 ), 0
( 0,9999999994666273 1,0000000012677674 1,0000000016014219 ), 0
( 0,9999999994666299 1,0000000012677712 1,0000000016014599 ), 0
( 0,9999999994665814 1,0000000012678187 1,0000000016015884 ), 0
( 0,9999999994665931 1,0000000012677965 1,0000000016015624 ), 0
( 0,9999999994666168 1,0000000012677857 1,0000000016014523 ), 0
( 0,999999999466615 1,0000000012678194 1,0000000016015025 ), 0
( 0,9999999994666116 1,0000000012678019 1,0000000016014354 ), 0
( 0,9999999994665798 1,0000000012678085 1,0000000016015425 ), 0
( 0,9999999994666189 1,000000001267748 1,0000000016014292 ), 0
( 0,9999999994666194 1,0000000012677925 1,0000000016014134 ), 0
( 0,9999999994665565 1,0000000012678134 1,0000000016015798 ), 0
( 0,99999999946662 1,0000000012678005 1,0000000016014903 ), 0
( 0,9999999994666351 1,0000000012677832 1,0000000016014534 ), 0
( 0,9999999994665898 1,0000000012677972 1,0000000016015267 ), 0
( 0,9999999994666223 1,0000000012677834 1,0000000016015147 ), 0
( 0,9999999994666267 1,0000000012677879 1,0000000016014687 ), 0
( 0,9999999994665851 1,000000001267808 1,0000000016015167 ), 0
( 0,999999999466583 1,0000000012677814 1,0000000016015336 ), 0
( 0,9999999994666183 1,0000000012677814 1,0000000016014976 ), 0
( 0,9999999994666122 1,000000001267771 1,0000000016014436 ), 0
( 0,9999999994666018 1,0000000012677945 1,0000000016014785 ), 0
( 0,9999999994666533 1,000000001267827 1,0000000016013952 ), 0
( 0,9999999994666047 1,0000000012677905 1,0000000016014865 ), 0
( 0,9999999994666168 1,00000000126779 1,000000001601484 ), 0
( 0,9999999994666112 1,0000000012677919 1,0000000016014747 ), 0
( 0,9999999994666171 1,00000000126777 1,0000000016014439 ), 0
( 0,9999999994665751 1,0000000012677885 1,0000000016015802 ), 0
( 0,9999999994666041 1,0000000012677843 1,000000001601419 ), 0
( 0,999999999466639 1,0000000012678014 1,00000000160149 ), 0
( 0,9999999994666104 1,0000000012677797 1,0000000016014874 ), 0
( 0,9999999994666061 1,0000000012677643 1,0000000016014563 ), 0
( 0,9999999994666006 1,0000000012677925 1,0000000016014765 ), 0
( 0,9999999994665827 1,0000000012677948 1,0000000016014805 ), 0
( 0,9999999994666089 1,0000000012677714 1,0000000016014534 ), 0
( 0,9999999994666091 1,0000000012678067 1,0000000016014758 ), 0
( 0,9999999994666081 1,0000000012677444 1,0000000016014534 ), 0
( 0,9999999994666162 1,0000000012677552 1,0000000016014505 ), 0
( 0,9999999994666212 1,0000000012678216 1,0000000016014803 ), 0
( 0,9999999994665933 1,000000001267745 1,000000001601468 ), 0
( 0,9999999994665956 1,0000000012678014 1,000000001601437 ), 0
( 0,9999999994666195 1,0000000012677657 1,000000001601442 ), 0
( 0,9999999994665881 1,0000000012677905 1,0000000016015014 ), 0
( 0,9999999994666188 1,000000001267772 1,0000000016014496 ), 0
( 0,9999999994666136 1,0000000012677608 1,000000001601433 ), 0
( 0,9999999994665928 1,0000000012677468 1,0000000016014707 ), 0
( 0,9999999994666221 1,0000000012677963 1,000000001601493 ), 0
( 0,9999999994666275 1,0000000012677903 1,0000000016014672 ), 0
( 0,9999999994666074 1,0000000012677932 1,0000000016014616 ), 0
( 0,9999999994665913 1,000000001267823 1,0000000016015127 ), 0
( 0,9999999994666062 1,0000000012677928 1,0000000016014858 ), 0
( 0,9999999994666255 1,0000000012677983 1,0000000016014594 ), 0
( 0,9999999994666013 1,0000000012677817 1,0000000016014927 ), 0
( 0,9999999994666059 1,0000000012677241 1,0000000016013921 ), 0
( 0,9999999994666262 1,000000001267812 1,0000000016014958 ), 0
( 0,9999999994666171 1,000000001267783 1,0000000016014619 ), 0
( 0,9999999994666041 1,0000000012678003 1,0000000016014818 ), 0
( 0,9999999994665973 1,0000000012678114 1,0000000016015325 ), 0
( 0,999999999466619 1,0000000012677945 1,0000000016014807 ), 0
( 0,999999999466625 1,0000000012678156 1,0000000016014718 ), 0
( 0,9999999994666154 1,000000001267789 1,000000001601496 ), 0
( 0,9999999994665977 1,0000000012678487 1,0000000016015969 ), 0
( 0,9999999994666104 1,000000001267779 1,0000000016014574 ), 0
( 0,999999999466591 1,0000000012678256 1,0000000016015558 ), 0
( 0,9999999994665993 1,000000001267796 1,0000000016014994 ), 0
( 0,9999999994666147 1,0000000012678028 1,0000000016014845 ), 0
( 0,9999999994666063 1,0000000012678403 1,0000000016015005 ), 0
( 0,9999999994666112 1,0000000012677723 1,0000000016014594 ), 0
( 0,9999999994666212 1,000000001267838 1,000000001601484 ), 0
( 0,9999999994666122 1,0000000012677874 1,0000000016014836 ), 0
( 0,9999999994665929 1,0000000012677734 1,0000000016014403 ), 0
( 0,9999999994666079 1,00000000126782 1,000000001601513 ), 0
( 0,9999999994666051 1,0000000012677903 1,000000001601419 ), 0
( 0,9999999994666072 1,0000000012677563 1,0000000016014519 ), 0
( 0,9999999994666148 1,0000000012677848 1,0000000016014774 ), 0
( 0,9999999994665797 1,000000001267781 1,0000000016014616 ), 0
( 0,9999999994666547 1,000000001267797 1,0000000016014796 ), 0
( 0,9999999994665935 1,0000000012677615 1,000000001601481 ), 0
( 0,9999999994665898 1,0000000012677899 1,0000000016014516 ), 0
( 0,9999999994666052 1,0000000012677783 1,0000000016014976 ), 0
( 0,9999999994666118 1,0000000012678252 1,0000000016015076 ), 0
( 0,9999999994666131 1,0000000012677934 1,0000000016014812 ), 0
( 0,999999999466613 1,0000000012677972 1,0000000016014916 ), 0
( 0,9999999994666209 1,0000000012677779 1,0000000016015134 ), 0
( 0,9999999994666093 1,0000000012678143 1,0000000016014925 ), 0
( 0,9999999994666119 1,0000000012677939 1,0000000016014838 ), 0
( 0,9999999994666178 1,0000000012677894 1,0000000016014754 ), 0
( 0,999999999466607 1,000000001267826 1,0000000016014716 ), 0
( 0,9999999994666162 1,0000000012677874 1,0000000016014519 ), 0
( 0,9999999994666211 1,0000000012677788 1,0000000016014758 ), 0
( 0,9999999994666001 1,0000000012678028 1,0000000016015242 ), 0
( 0,9999999994666315 1,000000001267785 1,0000000016014026 ), 0
( 0,9999999994666249 1,0000000012677948 1,0000000016015054 ), 0
( 0,9999999994665824 1,0000000012677632 1,0000000016015012 ), 0
( 0,9999999994666022 1,0000000012677763 1,0000000016015165 ), 0
( 0,9999999994665874 1,0000000012677888 1,0000000016014823 ), 0
( 0,9999999994665927 1,0000000012678198 1,0000000016014936 ), 0
( 0,9999999994666041 1,0000000012678099 1,000000001601508 ), 0
( 0,9999999994665923 1,0000000012677883 1,0000000016014547 ), 0
( 0,9999999994666187 1,000000001267757 1,0000000016014734 ), 0
( 0,9999999994666007 1,0000000012677814 1,0000000016014612 ), 0
( 0,9999999994666078 1,000000001267812 1,000000001601482 ), 0
( 0,9999999994665901 1,000000001267789 1,000000001601519 ), 0
( 0,9999999994666138 1,0000000012677799 1,0000000016014694 ), 0
( 0,9999999994666082 1,0000000012677508 1,000000001601447 ), 0
( 0,999999999466611 1,000000001267788 1,00000000160146 ), 0
( 0,9999999994666368 1,000000001267751 1,0000000016014143 ), 0
( 0,9999999994666045 1,0000000012677785 1,0000000016014714 ), 0
( 0,9999999994665817 1,0000000012677823 1,0000000016014734 ), 0
( 0,9999999994665831 1,000000001267781 1,0000000016014732 ), 0
( 0,999999999466575 1,000000001267806 1,000000001601535 ), 0
( 0,9999999994665888 1,0000000012677959 1,0000000016015518 ), 0
( 0,9999999994665844 1,0000000012677848 1,0000000016015045 ), 0
( 0,9999999994665997 1,000000001267775 1,0000000016014967 ), 0
( 0,9999999994666037 1,0000000012677777 1,000000001601451 ), 0
( 0,9999999994665906 1,0000000012678483 1,000000001601494 ), 0
( 0,9999999994666294 1,000000001267804 1,0000000016015078 ), 0
( 0,9999999994666217 1,0000000012678092 1,000000001601482 ), 0
( 0,9999999994666168 1,0000000012677825 1,0000000016014925 ), 0
( 0,999999999466609 1,0000000012677555 1,0000000016014519 ), 0
( 0,9999999994666176 1,0000000012678019 1,000000001601432 ), 0
( 0,9999999994666214 1,0000000012677783 1,0000000016014863 ), 0
( 0,9999999994666083 1,0000000012678043 1,000000001601502 ), 0
( 0,9999999994666214 1,0000000012677508 1,0000000016014479 ), 0
( 0,9999999994666167 1,0000000012677992 1,0000000016014807 ), 0
( 0,9999999994666108 1,0000000012677845 1,0000000016014534 ), 0
( 0,9999999994666142 1,0000000012677759 1,0000000016015016 ), 0
( 0,9999999994666129 1,0000000012677814 1,0000000016014319 ), 0
( 0,9999999994666147 1,0000000012677766 1,0000000016014505 ), 0
( 0,9999999994666058 1,0000000012677717 1,0000000016014774 ), 0
( 0,9999999994666103 1,0000000012677903 1,0000000016015218 ), 0
( 0,9999999994666511 1,0000000012677837 1,00000000160144 ), 0
( 0,9999999994666122 1,0000000012677874 1,0000000016015 ), 0
( 0,9999999994666108 1,000000001267803 1,0000000016015105 ), 0
( 0,9999999994666108 1,000000001267812 1,0000000016015032 ), 0
( 0,99999999946662 1,0000000012677888 1,0000000016014603 ), 0
( 0,9999999994666406 1,000000001267811 1,0000000016014778 ), 0
( 0,9999999994666079 1,0000000012677979 1,0000000016014718 ), 0
( 0,9999999994666275 1,000000001267818 1,0000000016015016 ), 0
( 0,9999999994666079 1,0000000012677763 1,00000000160148 ), 0
( 0,9999999994666461 1,0000000012677819 1,00000000160148 ), 0
( 0,999999999466641 1,0000000012677646 1,0000000016014448 ), 0
( 0,9999999994666164 1,000000001267811 1,0000000016014938 ), 0
( 0,9999999994666027 1,0000000012678103 1,000000001601471 ), 0
( 0,999999999466612 1,0000000012677805 1,0000000016014463 ), 0
( 0,9999999994666299 1,0000000012677643 1,000000001601431 ), 0
( 0,999999999466653 1,0000000012677726 1,000000001601426 ), 0
( 0,9999999994666177 1,0000000012677723 1,0000000016015247 ), 0
( 0,9999999994666252 1,000000001267744 1,0000000016014456 ), 0
( 0,9999999994666101 1,0000000012677885 1,0000000016014996 ), 0
( 0,999999999466611 1,0000000012677586 1,0000000016014712 ), 0
( 0,9999999994666195 1,0000000012677934 1,000000001601493 ), 0
( 0,9999999994666116 1,000000001267774 1,0000000016014647 ), 0
( 0,9999999994666136 1,0000000012677936 1,0000000016014245 ), 0
( 0,999999999466609 1,0000000012677734 1,0000000016014599 ), 0
( 0,9999999994666259 1,0000000012678296 1,0000000016014936 ), 0
( 0,9999999994666284 1,000000001267796 1,0000000016014805 ), 0
( 0,9999999994666318 1,0000000012677528 1,0000000016014636 ), 0
( 0,9999999994666137 1,0000000012677943 1,0000000016014643 ), 0
( 0,9999999994666233 1,000000001267793 1,000000001601453 ), 0
( 0,999999999466605 1,0000000012677621 1,0000000016014572 ), 0
( 0,9999999994665942 1,0000000012678094 1,000000001601528 ), 0
( 0,9999999994665971 1,0000000012677874 1,0000000016015047 ), 0
( 0,9999999994666112 1,0000000012678076 1,0000000016014798 ), 0
( 0,9999999994666136 1,0000000012677743 1,0000000016014496 ), 0
( 0,9999999994665882 1,0000000012677814 1,00000000160146 ), 0
( 0,9999999994666148 1,0000000012678003 1,000000001601464 ), 0
( 0,9999999994665959 1,0000000012677717 1,0000000016014574 ), 0
( 0,999999999466605 1,0000000012677899 1,0000000016014716 ), 0
( 0,9999999994666148 1,0000000012677934 1,0000000016014718 ), 0
( 0,9999999994666123 1,0000000012678099 1,0000000016014738 ), 0
( 0,9999999994666073 1,0000000012677974 1,0000000016014898 ), 0
( 0,9999999994666131 1,0000000012678132 1,000000001601501 ), 0
( 0,9999999994666263 1,0000000012678025 1,000000001601487 ), 0
( 0,9999999994666292 1,00000000126778 1,00000000160143 ), 0
( 0,9999999994666069 1,00000000126778 1,0000000016014967 ), 0
( 0,9999999994666092 1,0000000012677965 1,0000000016015125 ), 0
( 0,9999999994666099 1,0000000012677994 1,000000001601441 ), 0
( 0,9999999994666038 1,0000000012677845 1,000000001601454 ), 0
( 0,9999999994666093 1,0000000012678398 1,0000000016015296 ), 0
( 0,9999999994666082 1,000000001267802 1,0000000016014765 ), 0
( 0,999999999466609 1,0000000012677694 1,0000000016014288 ), 0
( 0,9999999994666166 1,0000000012677794 1,0000000016014572 ), 0
( 0,9999999994665929 1,0000000012677661 1,0000000016014159 ), 0
( 0,9999999994665877 1,000000001267775 1,0000000016014787 ), 0
( 0,9999999994666007 1,0000000012677823 1,0000000016014607 ), 0
( 0,9999999994666039 1,0000000012677774 1,000000001601487 ), 0
( 0,9999999994666096 1,0000000012678094 1,000000001601538 ), 0
( 0,999999999466605 1,0000000012677406 1,0000000016013968 ), 0
( 0,9999999994665997 1,0000000012677943 1,000000001601473 ), 0
( 0,999999999466604 1,000000001267793 1,0000000016014785 ), 0
( 0,9999999994665978 1,0000000012677903 1,0000000016014823 ), 0
( 0,9999999994666127 1,0000000012678167 1,0000000016014898 ), 0
( 0,9999999994666009 1,0000000012677979 1,0000000016014563 ), 0
( 0,9999999994666068 1,0000000012677948 1,0000000016014863 ), 0
( 0,9999999994666062 1,0000000012677879 1,000000001601458 ), 0
( 0,9999999994666122 1,000000001267798 1,0000000016014927 ), 0
( 0,9999999994666259 1,0000000012677903 1,0000000016014816 ), 0
( 0,9999999994666078 1,0000000012677865 1,0000000016014978 ), 0
( 0,9999999994666061 1,000000001267756 1,0000000016014285 ), 0
( 0,9999999994666082 1,0000000012678105 1,0000000016015158 ), 0
( 0,999999999466613 1,0000000012677668 1,0000000016014778 ), 0
( 0,9999999994666171 1,0000000012677748 1,0000000016014636 ), 0
( 0,9999999994666139 1,0000000012677823 1,000000001601461 ), 0
( 0,9999999994666522 1,0000000012676915 1,0000000016013555 ), 0
( 0,9999999994665894 1,0000000012677621 1,0000000016014683 ), 0
( 0,9999999994666154 1,0000000012677537 1,000000001601462 ), 0
( 0,9999999994666278 1,0000000012677839 1,0000000016014534 ), 0
( 0,9999999994666016 1,000000001267827 1,0000000016015076 ), 0
( 0,9999999994666108 1,000000001267762 1,0000000016014787 ), 0
( 0,9999999994666083 1,0000000012677774 1,0000000016014816 ), 0
( 0,9999999994665963 1,0000000012677865 1,0000000016014856 ), 0
( 0,9999999994666121 1,0000000012678352 1,0000000016015054 ), 0
( 0,9999999994665919 1,0000000012677988 1,0000000016015052 ), 0
( 0,9999999994666121 1,000000001267787 1,0000000016014747 ), 0
( 0,9999999994665909 1,000000001267782 1,000000001601483 ), 0
( 0,9999999994666068 1,000000001267817 1,0000000016015118 ), 0
( 0,9999999994666049 1,0000000012677661 1,0000000016014776 ), 0
( 0,9999999994666119 1,0000000012677503 1,0000000016014448 ), 0
( 0,9999999994666008 1,000000001267815 1,0000000016015194 ), 0
( 0,9999999994666157 1,0000000012677746 1,0000000016014623 ), 0
( 0,9999999994665553 1,00000000126779 1,000000001601501 ), 0
( 0,9999999994666252 1,0000000012677694 1,0000000016014572 ), 0
( 0,9999999994666068 1,0000000012677932 1,0000000016014814 ), 0
( 0,9999999994666088 1,0000000012678 1,0000000016014983 ), 0
( 0,9999999994666159 1,0000000012678083 1,000000001601433 ), 0
( 0,999999999466601 1,0000000012677714 1,000000001601494 ), 0
( 0,9999999994666269 1,0000000012678198 1,0000000016014852 ), 0
( 0,999999999466624 1,0000000012678243 1,0000000016014894 ), 0
( 0,9999999994666167 1,0000000012678345 1,0000000016015316 ), 0
( 0,9999999994666322 1,0000000012678008 1,0000000016014594 ), 0
( 0,9999999994666421 1,000000001267832 1,0000000016014927 ), 0
( 0,999999999466631 1,0000000012677854 1,00000000160149 ), 0
( 0,9999999994665869 1,0000000012676635 1,0000000016014179 ), 0
( 0,9999999994666026 1,0000000012677932 1,0000000016014876 ), 0
( 0,999999999466607 1,0000000012677936 1,000000001601483 ), 0
( 0,9999999994666278 1,0000000012677472 1,0000000016014465 ), 0
( 0,999999999466602 1,0000000012677672 1,0000000016014476 ), 0
( 0,9999999994666082 1,0000000012677717 1,0000000016014614 ), 0
( 0,9999999994665785 1,0000000012677421 1,0000000016014445 ), 0
( 0,9999999994665877 1,0000000012677883 1,0000000016014874 ), 0
( 0,9999999994666414 1,0000000012677628 1,0000000016014239 ), 0
( 0,9999999994665938 1,0000000012677828 1,0000000016015202 ), 0
( 0,9999999994666157 1,0000000012677626 1,0000000016014465 ), 0
( 0,9999999994665996 1,0000000012678014 1,0000000016015258 ), 0
( 0,9999999994666073 1,0000000012677825 1,0000000016014634 ), 0
( 0,9999999994666192 1,000000001267812 1,0000000016014763 ), 0
( 0,9999999994666058 1,0000000012677925 1,0000000016015052 ), 0
( 0,9999999994666161 1,0000000012677894 1,0000000016014687 ), 0
( 0,9999999994666107 1,000000001267786 1,0000000016014838 ), 0
( 0,9999999994666287 1,000000001267799 1,0000000016014794 ), 0
( 0,9999999994666021 1,0000000012677759 1,0000000016014616 ), 0
( 0,9999999994665996 1,000000001267771 1,000000001601485 ), 0
( 0,9999999994666287 1,0000000012677843 1,0000000016014536 ), 0
( 0,9999999994666232 1,0000000012678223 1,000000001601517 ), 0
( 0,9999999994666031 1,0000000012678414 1,0000000016015205 ), 0
( 0,9999999994666069 1,0000000012678245 1,0000000016015196 ), 0
( 0,9999999994665987 1,0000000012677812 1,0000000016014792 ), 0
( 0,9999999994666233 1,0000000012678254 1,0000000016014983 ), 0
( 0,9999999994666148 1,0000000012677634 1,0000000016014337 ), 0
( 0,9999999994666208 1,0000000012677943 1,000000001601479 ), 0
( 0,999999999466619 1,00000000126775 1,00000000160144 ), 0
( 0,9999999994666285 1,0000000012677805 1,0000000016015071 ), 0
( 0,9999999994666064 1,0000000012677834 1,0000000016015222 ), 0
( 0,9999999994666029 1,0000000012678187 1,0000000016015171 ), 0
( 0,9999999994666173 1,0000000012678072 1,0000000016015025 ), 0
( 0,9999999994666473 1,0000000012677914 1,0000000016014465 ), 0
( 0,9999999994666173 1,0000000012677857 1,0000000016014579 ), 0
( 0,9999999994665933 1,0000000012677754 1,000000001601461 ), 0
( 0,9999999994666036 1,0000000012678094 1,000000001601501 ), 0
( 0,9999999994665923 1,0000000012677814 1,0000000016014738 ), 0
( 0,9999999994666026 1,0000000012677017 1,0000000016014008 ), 0
( 0,9999999994666017 1,0000000012677743 1,0000000016014796 ), 0
( 0,9999999994666056 1,0000000012677854 1,0000000016015012 ), 0
( 0,9999999994665962 1,0000000012677959 1,0000000016014219 ), 0
( 0,9999999994666148 1,00000000126778 1,0000000016014512 ), 0
( 0,999999999466613 1,0000000012677976 1,0000000016014703 ), 0
( 0,9999999994666247 1,0000000012678345 1,0000000016015287 ), 0
( 0,999999999466615 1,000000001267814 1,0000000016015214 ), 0
( 0,9999999994666201 1,0000000012677923 1,000000001601455 ), 0
( 0,9999999994666084 1,0000000012677865 1,0000000016014605 ), 0
( 0,9999999994666163 1,000000001267818 1,0000000016015316 ), 0
( 0,9999999994665942 1,0000000012677508 1,000000001601447 ), 0
( 0,9999999994666045 1,0000000012677897 1,0000000016015527 ), 0
( 0,9999999994666029 1,0000000012677746 1,0000000016014943 ), 0
( 0,9999999994666152 1,0000000012678314 1,000000001601513 ), 0
( 0,9999999994666053 1,0000000012677936 1,0000000016014856 ), 0
( 0,9999999994666079 1,000000001267768 1,000000001601481 ), 0
( 0,9999999994666375 1,000000001267774 1,000000001601443 ), 0
( 0,9999999994666088 1,0000000012677923 1,0000000016014896 ), 0
( 0,999999999466608 1,0000000012677657 1,0000000016014454 ), 0
( 0,999999999466609 1,000000001267805 1,0000000016014516 ), 0
( 0,9999999994666208 1,000000001267822 1,0000000016015391 ), 0
( 0,9999999994665874 1,0000000012677759 1,000000001601482 ), 0
( 0,9999999994666057 1,000000001267804 1,0000000016014945 ), 0
( 0,9999999994666254 1,0000000012677606 1,0000000016014194 ), 0
( 0,9999999994666026 1,0000000012677626 1,0000000016014676 ), 0
( 0,9999999994665983 1,0000000012678056 1,0000000016014776 ), 0
( 0,9999999994666107 1,000000001267801 1,00000000160145 ), 0
( 0,9999999994665939 1,0000000012677976 1,0000000016015271 ), 0
( 0,9999999994666083 1,0000000012677952 1,0000000016014832 ), 0
( 0,9999999994665959 1,000000001267786 1,0000000016014843 ), 0
( 0,9999999994666215 1,0000000012677899 1,000000001601459 ), 0
( 0,9999999994666423 1,0000000012677552 1,0000000016014203 ), 0
( 0,9999999994665817 1,0000000012677805 1,0000000016015218 ), 0
( 0,9999999994666069 1,0000000012677401 1,0000000016014303 ), 0
( 0,9999999994666149 1,0000000012678014 1,0000000016014685 ), 0
( 0,9999999994666273 1,000000001267755 1,0000000016014574 ), 0
( 0,9999999994666112 1,000000001267743 1,0000000016014254 ), 0
( 0,999999999466581 1,0000000012678112 1,0000000016015609 ), 0
( 0,9999999994666001 1,0000000012677939 1,0000000016014923 ), 0
( 0,9999999994666168 1,0000000012677885 1,000000001601493 ), 0
( 0,9999999994666154 1,0000000012678336 1,0000000016015098 ), 0
( 0,9999999994666238 1,0000000012677988 1,0000000016014796 ), 0
( 0,9999999994666071 1,0000000012678099 1,0000000016015322 ), 0
( 0,9999999994666137 1,0000000012677963 1,0000000016014954 ), 0
( 0,9999999994665879 1,0000000012677908 1,0000000016015012 ), 0
( 0,9999999994665965 1,0000000012677663 1,0000000016014376 ), 0
( 0,9999999994665727 1,0000000012677894 1,0000000016015893 ), 0
( 0,999999999466656 1,0000000012678318 1,0000000016013806 ), 0
( 0,9999999994666071 1,0000000012677697 1,000000001601479 ), 0
( 0,9999999994666022 1,000000001267803 1,0000000016014803 ), 0
( 0,9999999994666023 1,0000000012677572 1,0000000016014412 ), 0
( 0,9999999994666274 1,0000000012677472 1,0000000016014274 ), 0
( 0,9999999994666108 1,0000000012677959 1,000000001601477 ), 0
( 0,9999999994666339 1,0000000012677468 1,0000000016014523 ), 0
( 0,9999999994666047 1,000000001267813 1,0000000016015234 ), 0
( 0,9999999994665987 1,0000000012677326 1,0000000016014488 ), 0
( 0,9999999994666418 1,000000001267809 1,0000000016014539 ), 0
( 0,999999999466608 1,000000001267791 1,000000001601455 ), 0
( 0,9999999994666133 1,0000000012676977 1,0000000016013584 ), 0
( 0,9999999994665995 1,0000000012677848 1,0000000016014672 ), 0
( 0,9999999994666141 1,000000001267751 1,0000000016014392 ), 0
( 0,9999999994666002 1,0000000012678 1,0000000016014612 ), 0
( 0,9999999994666045 1,0000000012678243 1,000000001601505 ), 0
( 0,9999999994665996 1,000000001267791 1,000000001601521 ), 0
( 0,9999999994665847 1,0000000012677923 1,0000000016015418 ), 0
( 0,9999999994666324 1,0000000012677577 1,0000000016014723 ), 0
( 0,9999999994665919 1,0000000012677637 1,000000001601449 ), 0
( 0,9999999994666157 1,0000000012678043 1,0000000016014785 ), 0
( 0,9999999994665567 1,0000000012677734 1,000000001601587 ), 0
( 0,9999999994666026 1,000000001267776 1,0000000016014605 ), 0
( 0,9999999994666214 1,0000000012678372 1,000000001601493 ), 0
( 0,9999999994666151 1,0000000012677839 1,0000000016014428 ), 0
( 0,99999999946661 1,0000000012677932 1,0000000016014714 ), 0
( 0,9999999994666098 1,0000000012677515 1,0000000016014265 ), 0
( 0,9999999994666187 1,000000001267799 1,0000000016014636 ), 0
( 0,999999999466595 1,000000001267791 1,00000000160147 ), 0
( 0,9999999994666195 1,000000001267769 1,0000000016014403 ), 0
( 0,999999999466609 1,0000000012678059 1,000000001601418 ), 0
( 0,9999999994666131 1,000000001267782 1,0000000016014707 ), 0
( 0,999999999466627 1,000000001267777 1,000000001601438 ), 0
( 0,9999999994666284 1,0000000012677965 1,000000001601462 ), 0
( 0,9999999994666002 1,0000000012677903 1,0000000016014525 ), 0
( 0,9999999994666062 1,0000000012677686 1,0000000016014476 ), 0
( 0,9999999994666247 1,0000000012677932 1,000000001601455 ), 0
( 0,9999999994666043 1,0000000012677772 1,0000000016014587 ), 0
( 0,9999999994666265 1,0000000012678028 1,0000000016014745 ), 0
( 0,9999999994666207 1,0000000012677832 1,0000000016014914 ), 0
( 0,9999999994666573 1,0000000012677825 1,0000000016014312 ), 0
( 0,9999999994665966 1,0000000012677797 1,000000001601473 ), 0
( 0,9999999994665908 1,00000000126783 1,0000000016015542 ), 0
( 0,9999999994666392 1,000000001267816 1,0000000016014785 ), 0
( 0,9999999994666228 1,000000001267817 1,0000000016015405 ), 0
( 0,999999999466624 1,0000000012677466 1,0000000016014636 ), 0
( 0,9999999994666221 1,0000000012678125 1,0000000016014774 ), 0
( 0,9999999994666187 1,0000000012678176 1,0000000016014776 ), 0
( 0,9999999994666091 1,0000000012677899 1,0000000016014905 ), 0
( 0,9999999994666015 1,0000000012677626 1,0000000016014474 ), 0
( 0,9999999994666092 1,0000000012677799 1,0000000016014667 ), 0
( 0,9999999994666163 1,0000000012677757 1,0000000016014925 ), 0
( 0,9999999994665892 1,0000000012677934 1,0000000016015076 ), 0
( 0,9999999994666088 1,0000000012678008 1,0000000016014419 ), 0
( 0,9999999994666364 1,0000000012677988 1,0000000016014834 ), 0
( 0,999999999466574 1,0000000012677863 1,0000000016015305 ), 0
( 0,9999999994666111 1,000000001267788 1,0000000016014687 ), 0
( 0,9999999994666182 1,0000000012677521 1,0000000016015136 ), 0
( 0,9999999994665785 1,000000001267819 1,0000000016015564 ), 0
( 0,9999999994666038 1,0000000012677805 1,0000000016014736 ), 0
( 0,9999999994666097 1,0000000012677783 1,000000001601457 ), 0
( 0,9999999994666299 1,0000000012677526 1,0000000016014623 ), 0
( 0,9999999994666083 1,0000000012677857 1,0000000016014388 ), 0
( 0,999999999466593 1,0000000012677581 1,0000000016014323 ), 0
( 0,9999999994666027 1,0000000012677914 1,0000000016015078 ), 0
( 0,9999999994666294 1,0000000012678087 1,0000000016014794 ), 0
( 0,9999999994665865 1,000000001267766 1,000000001601477 ), 0
( 0,9999999994666151 1,0000000012677568 1,0000000016014614 ), 0
( 0,9999999994666092 1,0000000012677392 1,000000001601499 ), 0
( 0,9999999994666214 1,000000001267778 1,0000000016014896 ), 0
( 0,9999999994665955 1,0000000012678076 1,0000000016015067 ), 0
( 0,9999999994666119 1,0000000012677799 1,000000001601484 ), 0
( 0,9999999994666049 1,0000000012677859 1,000000001601492 ), 0
( 0,9999999994666269 1,000000001267809 1,0000000016015054 ), 0
( 0,9999999994665892 1,0000000012677717 1,0000000016014663 ), 0
( 0,9999999994666088 1,0000000012678039 1,0000000016015007 ), 0
( 0,9999999994666046 1,0000000012677706 1,0000000016015198 ), 0
( 0,9999999994666264 1,0000000012678032 1,0000000016014838 ), 0
( 0,999999999466601 1,0000000012678014 1,0000000016015098 ), 0
( 0,9999999994666307 1,0000000012677992 1,0000000016014698 ), 0
( 0,9999999994666224 1,0000000012677803 1,000000001601471 ), 0
( 0,9999999994666077 1,0000000012678039 1,0000000016014479 ), 0
( 0,9999999994666164 1,0000000012677484 1,0000000016014077 ), 0
( 0,9999999994666081 1,0000000012677641 1,0000000016014812 ), 0
( 0,9999999994666106 1,0000000012678012 1,000000001601501 ), 0
( 0,9999999994666182 1,0000000012678107 1,0000000016014947 ), 0
( 0,9999999994665898 1,0000000012677175 1,0000000016014436 ), 0
( 0,9999999994665852 1,0000000012677959 1,0000000016015418 ), 0
( 0,9999999994666178 1,0000000012677668 1,0000000016014559 ), 0
( 0,999999999466617 1,0000000012677788 1,0000000016014916 ), 0
( 0,9999999994666029 1,0000000012677668 1,0000000016014778 ), 0
( 0,9999999994666046 1,000000001267822 1,0000000016015047 ), 0
( 0,9999999994666438 1,0000000012678079 1,0000000016014792 ), 0
( 0,9999999994665919 1,0000000012677899 1,0000000016014912 ), 0
( 0,9999999994665784 1,0000000012677766 1,000000001601497 ), 0
( 0,9999999994666212 1,0000000012677797 1,0000000016014292 ), 0
( 0,9999999994666101 1,000000001267826 1,0000000016015362 ), 0
( 0,9999999994666133 1,000000001267801 1,000000001601452 ), 0
( 0,9999999994666106 1,0000000012677435 1,0000000016013937 ), 0
( 0,9999999994666048 1,0000000012677939 1,000000001601505 ), 0
( 0,9999999994666019 1,0000000012677663 1,000000001601443 ), 0
( 0,9999999994666005 1,0000000012677792 1,000000001601485 ), 0
( 0,9999999994666166 1,0000000012678096 1,0000000016015105 ), 0
( 0,9999999994666025 1,0000000012678134 1,0000000016014465 ), 0
( 0,9999999994666116 1,0000000012677843 1,0000000016014916 ), 0
( 0,9999999994666133 1,0000000012677794 1,0000000016014448 ), 0
( 0,9999999994666223 1,0000000012678 1,0000000016015371 ), 0
( 0,9999999994665966 1,0000000012677905 1,0000000016014607 ), 0
( 0,9999999994665721 1,0000000012677734 1,000000001601468 ), 0
( 0,9999999994666019 1,0000000012677879 1,000000001601462 ), 0
( 0,9999999994666179 1,000000001267792 1,0000000016015185 ), 0
( 0,9999999994666129 1,0000000012677739 1,0000000016014516 ), 0
( 0,9999999994665983 1,000000001267797 1,0000000016014743 ), 0
( 0,9999999994666181 1,0000000012678207 1,000000001601486 ), 0
( 0,999999999466632 1,000000001267801 1,0000000016014325 ), 0
( 0,999999999466622 1,0000000012677759 1,0000000016015014 ), 0
( 0,9999999994666142 1,0000000012678003 1,0000000016014872 ), 0
( 0,9999999994666169 1,0000000012677968 1,0000000016014714 ), 0
( 0,9999999994665979 1,0000000012677814 1,000000001601478 ), 0
( 0,9999999994666106 1,0000000012677681 1,000000001601464 ), 0
( 0,9999999994666217 1,000000001267788 1,0000000016014534 ), 0
( 0,9999999994665955 1,000000001267778 1,000000001601468 ), 0
( 0,9999999994666158 1,0000000012678198 1,000000001601469 ), 0
( 0,999999999466587 1,000000001267781 1,0000000016015091 ), 0
( 0,9999999994666252 1,0000000012677692 1,000000001601458 ), 0
( 0,9999999994666207 1,0000000012677617 1,0000000016014547 ), 0
( 0,9999999994666158 1,000000001267781 1,000000001601456 ), 0
( 0,9999999994666243 1,0000000012678205 1,0000000016014727 ), 0
( 0,9999999994666009 1,0000000012677657 1,0000000016014827 ), 0
( 0,9999999994666131 1,0000000012678036 1,0000000016014732 ), 0
( 0,9999999994666058 1,0000000012677706 1,0000000016014743 ), 0
( 0,9999999994666232 1,0000000012677266 1,0000000016014823 ), 0
( 0,9999999994666012 1,0000000012677914 1,0000000016014887 ), 0
( 0,9999999994666238 1,0000000012677932 1,00000000160148 ), 0
( 0,9999999994666314 1,000000001267859 1,0000000016015724 ), 0
( 0,9999999994665979 1,0000000012677623 1,000000001601432 ), 0
( 0,9999999994666089 1,0000000012678145 1,000000001601481 ), 0
( 0,9999999994666051 1,0000000012677355 1,0000000016014432 ), 0
( 0,9999999994666187 1,0000000012677912 1,0000000016014825 ), 0
( 0,9999999994665941 1,0000000012677874 1,000000001601478 ), 0
( 0,9999999994666046 1,000000001267814 1,000000001601506 ), 0
( 0,9999999994665961 1,0000000012678023 1,00000000160148 ), 0
( 0,9999999994666127 1,000000001267788 1,000000001601475 ), 0
( 0,999999999466628 1,0000000012677928 1,0000000016014645 ), 0
( 0,9999999994665928 1,000000001267767 1,0000000016014767 ), 0
( 0,9999999994666235 1,0000000012678183 1,00000000160147 ), 0
( 0,9999999994666071 1,0000000012677916 1,0000000016014932 ), 0
( 0,9999999994666077 1,0000000012677563 1,0000000016014436 ), 0
( 0,9999999994666045 1,0000000012677728 1,000000001601491 ), 0
( 0,9999999994666119 1,000000001267807 1,000000001601505 ), 0
( 0,9999999994666078 1,0000000012677852 1,000000001601511 ), 0
( 0,9999999994665989 1,0000000012677572 1,0000000016014228 ), 0
( 0,9999999994666078 1,0000000012678416 1,000000001601518 ), 0
( 0,999999999466619 1,0000000012677692 1,0000000016014416 ), 0
( 0,9999999994665891 1,0000000012677819 1,0000000016014416 ), 0
( 0,9999999994666077 1,0000000012677712 1,0000000016014827 ), 0
( 0,9999999994666258 1,0000000012677883 1,000000001601474 ), 0
( 0,9999999994666203 1,0000000012678105 1,000000001601469 ), 0
( 0,9999999994666169 1,0000000012677714 1,0000000016014154 ), 0
( 0,9999999994665877 1,0000000012677799 1,0000000016014556 ), 0
( 0,9999999994666104 1,0000000012677448 1,000000001601406 ), 0
( 0,9999999994666383 1,0000000012677788 1,000000001601434 ), 0
( 0,9999999994665971 1,0000000012678 1,0000000016014738 ), 0
( 0,9999999994666121 1,0000000012677803 1,0000000016014847 ), 0
( 0,9999999994666138 1,0000000012677996 1,0000000016014599 ), 0
( 0,9999999994666078 1,0000000012677848 1,000000001601519 ), 0
( 0,9999999994666052 1,0000000012678458 1,0000000016015338 ), 0
( 0,9999999994666201 1,0000000012678216 1,0000000016014992 ), 0
( 0,9999999994665982 1,0000000012678272 1,000000001601503 ), 0
( 0,999999999466639 1,0000000012677674 1,0000000016015012 ), 0
( 0,9999999994666007 1,0000000012677939 1,0000000016014827 ), 0
( 0,9999999994666112 1,0000000012677857 1,0000000016014643 ), 0
( 0,9999999994666079 1,0000000012677999 1,000000001601492 ), 0
( 0,9999999994666037 1,0000000012677657 1,0000000016014672 ), 0
( 0,9999999994666388 1,0000000012678218 1,000000001601481 ), 0
( 0,9999999994665999 1,0000000012677606 1,0000000016015047 ), 0
( 0,9999999994666184 1,0000000012677914 1,0000000016014798 ), 0
( 0,9999999994666063 1,0000000012677923 1,0000000016014647 ), 0
( 0,9999999994665959 1,000000001267793 1,0000000016015 ), 0
( 0,9999999994666185 1,0000000012677772 1,0000000016014412 ), 0
( 0,9999999994666172 1,0000000012677848 1,0000000016014856 ), 0
( 0,9999999994666144 1,0000000012677965 1,0000000016014694 ), 0
( 0,9999999994666281 1,0000000012677996 1,0000000016014547 ), 0
( 0,9999999994666092 1,0000000012677555 1,0000000016014363 ), 0
( 0,9999999994666152 1,0000000012678159 1,0000000016015107 ), 0
( 0,9999999994666224 1,0000000012677834 1,0000000016014559 ), 0
( 0,9999999994666335 1,0000000012678099 1,0000000016014279 ), 0
( 0,999999999466624 1,00000000126781 1,000000001601538 ), 0
( 0,9999999994666168 1,000000001267765 1,0000000016014636 ), 0
( 0,9999999994666369 1,000000001267787 1,0000000016014363 ), 0
( 0,9999999994666114 1,000000001267789 1,0000000016014665 ), 0
( 0,9999999994666177 1,0000000012677546 1,0000000016014068 ), 0
( 0,9999999994666178 1,0000000012677728 1,0000000016014339 ), 0
( 0,9999999994665871 1,0000000012677854 1,0000000016014954 ), 0
( 0,9999999994666385 1,0000000012678067 1,000000001601462 ), 0
( 0,9999999994666227 1,0000000012677603 1,0000000016014503 ), 0
( 0,9999999994665993 1,0000000012677726 1,0000000016014843 ), 0
( 0,9999999994666107 1,0000000012678036 1,0000000016014652 ), 0
( 0,9999999994666092 1,0000000012677688 1,0000000016014932 ), 0
( 0,9999999994666152 1,000000001267804 1,0000000016014705 ), 0
( 0,9999999994666122 1,0000000012678394 1,0000000016015258 ), 0
( 0,9999999994666436 1,0000000012677952 1,0000000016014396 ), 0
( 0,9999999994665923 1,0000000012677717 1,0000000016014872 ), 0
( 0,9999999994666233 1,0000000012677885 1,0000000016014707 ), 0
( 0,9999999994666233 1,000000001267777 1,0000000016014154 ), 0
( 0,9999999994666239 1,000000001267776 1,0000000016014399 ), 0
( 0,9999999994666109 1,0000000012677814 1,0000000016014756 ), 0
( 0,9999999994666187 1,000000001267807 1,0000000016014743 ), 0
Liczba wywoa funkcji celu: 217108
