Iteracja nr: 57
( 0,9999999994234015 1,000000001144792 1,0000000014388981 ), 0
( 0,999999999445556 1,0000000011366785 1,0000000016185417 ), 0
( 0,9999999995030876 1,0000000013642059 1,0000000017261843 ), 0
( 0,9999999994280679 1,000000001338472 1,0000000017131117 ), 0
( 0,9999999994641258 1,0000000013595802 1,0000000017792667 ), 0
( 0,99999999947612 1,0000000012925967 1,000000001595537 ), 0
( 0,9999999995550884 1,0000000013344372 1,000000001546945 ), 0
( 0,9999999994962139 1,0000000012260173 1,0000000015558919 ), 0
( 0,9999999995377459 1,000000001240713 1,0000000015362296 ), 0
( 0,9999999994909864 1,0000000012914136 1,0000000017455832 ), 0
( 0,9999999994206692 1,0000000013489327 1,0000000016378916 ), 0
( 0,9999999994549134 1,0000000012017078 1,0000000015426969 ), 0
( 0,9999999994555823 1,0000000012287409 1,0000000013379722 ), 0
( 0,9999999995706541 1,000000001303025 1,0000000015424124 ), 0
( 0,9999999994982177 1,0000000012432906 1,0000000016030608 ), 0
( 0,9999999994255147 1,0000000013307422 1,0000000015212982 ), 0
( 0,9999999994027117 1,0000000013250998 1,0000000017217945 ), 0
( 0,9999999994785892 1,0000000012698818 1,0000000015201362 ), 0
( 0,9999999994016969 1,0000000011607348 1,0000000015994053 ), 0
( 0,9999999994045269 1,0000000011271186 1,0000000015918606 ), 0
( 0,9999999994703785 1,000000001350042 1,0000000017221056 ), 0
( 0,9999999995341567 1,0000000012766292 1,0000000015942414 ), 0
( 0,9999999994439286 1,0000000013646622 1,000000001561868 ), 0
( 0,9999999994897414 1,000000001192164 1,0000000015896824 ), 0
( 0,9999999994263739 1,0000000011985137 1,0000000014134804 ), 0
( 0,9999999995222499 1,0000000013015258 1,0000000016503061 ), 0
( 0,9999999994969759 1,0000000012016241 1,0000000015886368 ), 0
( 0,9999999995110318 1,0000000013595358 1,0000000016284898 ), 0
( 0,9999999994410533 1,0000000013327512 1,0000000016381005 ), 0
( 0,9999999994597286 1,0000000013043908 1,0000000015930006 ), 0
( 0,9999999995050749 1,0000000011612766 1,0000000015480115 ), 0
( 0,999999999430907 1,0000000013194321 1,0000000015802653 ), 0
( 0,9999999994278725 1,0000000013256922 1,0000000016255917 ), 0
( 0,9999999995015106 1,000000001241845 1,0000000015362216 ), 0
( 0,9999999994551929 1,0000000013374688 1,0000000016903214 ), 0
( 0,9999999995280573 1,0000000013955175 1,0000000016779318 ), 0
( 0,9999999994422502 1,0000000012731634 1,000000001562456 ), 0
( 0,9999999993450299 1,0000000011616557 1,0000000015537036 ), 0
( 0,9999999994605008 1,000000001195097 1,0000000013168553 ), 0
( 0,9999999995309328 1,0000000011471628 1,0000000014846968 ), 0
( 0,9999999994610971 1,0000000013016868 1,0000000015653994 ), 0
( 0,9999999994424847 1,0000000013186867 1,0000000016936363 ), 0
( 0,99999999946676 1,0000000011445045 1,0000000016130046 ), 0
( 0,9999999994677372 1,0000000012461998 1,0000000016054331 ), 0
( 0,9999999995718295 1,0000000012243144 1,0000000014867387 ), 0
( 0,999999999440044 1,00000000129736 1,0000000016966963 ), 0
( 0,9999999995116194 1,0000000012874282 1,0000000016040964 ), 0
( 0,9999999994909222 1,0000000013114705 1,000000001627121 ), 0
( 0,9999999995326972 1,0000000011698935 1,0000000017023496 ), 0
( 0,9999999996080287 1,0000000012796784 1,0000000015329704 ), 0
( 0,9999999994264654 1,0000000013522679 1,0000000017218127 ), 0
( 0,9999999994787093 1,0000000011579657 1,0000000015151718 ), 0
( 0,9999999994893827 1,000000001345122 1,0000000014734867 ), 0
( 0,9999999994802427 1,0000000013470847 1,00000000161392 ), 0
( 0,9999999995695898 1,0000000012081738 1,0000000016229895 ), 0
( 0,9999999994687269 1,0000000013884442 1,000000001693464 ), 0
( 0,9999999994346249 1,0000000011884143 1,000000001459223 ), 0
( 0,999999999429712 1,0000000012186123 1,0000000015943105 ), 0
( 0,9999999995010092 1,0000000012817718 1,0000000014751094 ), 0
( 0,999999999469154 1,0000000011478376 1,0000000015281254 ), 0
( 0,9999999994530927 1,0000000012446515 1,0000000015861203 ), 0
( 0,9999999994696797 1,0000000012182417 1,0000000014954122 ), 0
( 0,9999999995374057 1,0000000012969246 1,0000000015774198 ), 0
( 0,9999999994030738 1,0000000011449222 1,0000000015694426 ), 0
( 0,9999999994310848 1,0000000012864363 1,0000000016722963 ), 0
( 0,9999999994856431 1,000000001331329 1,0000000016381685 ), 0
( 0,9999999995277751 1,000000001149841 1,0000000014613366 ), 0
( 0,9999999994826303 1,000000001294559 1,0000000016432307 ), 0
( 0,9999999994482275 1,0000000012947052 1,000000001691357 ), 0
( 0,9999999994974224 1,0000000012622623 1,0000000015034198 ), 0
( 0,9999999994374207 1,0000000013247978 1,0000000016424326 ), 0
( 0,9999999994792023 1,0000000011485024 1,0000000014862025 ), 0
( 0,9999999994817331 1,0000000012495665 1,0000000016283337 ), 0
( 0,9999999994390357 1,0000000013178667 1,0000000016729407 ), 0
( 0,9999999996260375 1,0000000012240047 1,0000000015957822 ), 0
( 0,9999999994741657 1,0000000013142316 1,00000000164888 ), 0
( 0,9999999995059106 1,0000000013252375 1,0000000015190078 ), 0
( 0,9999999995438508 1,0000000012841572 1,0000000016201025 ), 0
( 0,9999999994075494 1,0000000012840164 1,0000000016115984 ), 0
( 0,9999999994650035 1,000000001453125 1,0000000016892845 ), 0
( 0,999999999499059 1,0000000012464594 1,0000000014518242 ), 0
( 0,9999999994857068 1,0000000013519552 1,0000000017116557 ), 0
( 0,9999999995592853 1,000000001365329 1,0000000018075634 ), 0
( 0,9999999994619194 1,0000000011747612 1,0000000015799377 ), 0
( 0,9999999994074494 1,000000001228505 1,000000001584291 ), 0
( 0,9999999994717342 1,0000000012978338 1,0000000016137596 ), 0
( 0,9999999993904819 1,0000000013006929 1,000000001618099 ), 0
( 0,9999999994192533 1,0000000011556043 1,0000000014972177 ), 0
( 0,9999999995757151 1,0000000013158514 1,0000000017077033 ), 0
( 0,999999999577545 1,0000000012138661 1,000000001573624 ), 0
( 0,9999999996343691 1,0000000011066918 1,0000000012938126 ), 0
( 0,9999999995182608 1,0000000013314643 1,000000001625184 ), 0
( 0,999999999525855 1,0000000012729167 1,0000000016670696 ), 0
( 0,9999999994184573 1,0000000012931547 1,0000000015322845 ), 0
( 0,999999999535807 1,0000000011623196 1,0000000016250552 ), 0
( 0,9999999994941319 1,0000000012154144 1,0000000016352064 ), 0
( 0,9999999994368107 1,0000000013164232 1,0000000016585675 ), 0
( 0,9999999994365285 1,000000001364442 1,0000000015805568 ), 0
( 0,9999999994165937 1,0000000013032615 1,0000000015941266 ), 0
( 0,9999999994555815 1,0000000014442858 1,000000001747616 ), 0
( 0,9999999995642819 1,0000000011580696 1,0000000015395636 ), 0
( 0,9999999994205594 1,0000000013049992 1,0000000016517048 ), 0
( 0,9999999994528943 1,0000000012801213 1,0000000016233115 ), 0
( 0,9999999994842266 1,0000000012869503 1,000000001586188 ), 0
( 0,9999999994159823 1,0000000012634458 1,000000001524763 ), 0
( 0,9999999994974318 1,0000000014060573 1,0000000017666857 ), 0
( 0,9999999994421279 1,0000000012691523 1,000000001510626 ), 0
( 0,9999999994535381 1,0000000012238286 1,0000000015729793 ), 0
( 0,9999999995466289 1,0000000011870944 1,0000000015054844 ), 0
( 0,9999999994808376 1,0000000012975108 1,0000000016750774 ), 0
( 0,9999999993434504 1,0000000011335222 1,0000000014670438 ), 0
( 0,999999999466756 1,0000000012068049 1,0000000015966544 ), 0
( 0,9999999994484088 1,000000001337224 1,0000000016963908 ), 0
( 0,999999999603757 1,0000000013036678 1,000000001626375 ), 0
( 0,9999999993441707 1,000000001090968 1,000000001502746 ), 0
( 0,9999999994355945 1,0000000012404837 1,0000000016410673 ), 0
( 0,9999999993843187 1,0000000012759522 1,0000000017000936 ), 0
( 0,9999999995182978 1,0000000012952692 1,0000000015743324 ), 0
( 0,9999999994508545 1,0000000013164434 1,0000000016204802 ), 0
( 0,9999999994359888 1,0000000012942314 1,0000000016255068 ), 0
( 0,9999999995729507 1,0000000012668822 1,0000000016603006 ), 0
( 0,9999999994923833 1,0000000013175294 1,0000000016037325 ), 0
( 0,9999999994162706 1,0000000012209858 1,000000001611875 ), 0
( 0,9999999995029836 1,000000001296492 1,0000000016299178 ), 0
( 0,9999999994567011 1,0000000013104922 1,0000000016762651 ), 0
( 0,9999999995250052 1,0000000012800991 1,0000000015416501 ), 0
( 0,9999999994918942 1,000000001341348 1,0000000016150328 ), 0
( 0,9999999994991721 1,0000000013133372 1,000000001579149 ), 0
( 0,9999999994089918 1,0000000012792725 1,000000001692901 ), 0
( 0,9999999995410225 1,000000001526053 1,0000000015738761 ), 0
( 0,9999999994132175 1,0000000012882087 1,000000001640036 ), 0
( 0,99999999946166 1,0000000013261767 1,0000000015072366 ), 0
( 0,9999999994858085 1,0000000012771801 1,00000000159348 ), 0
( 0,999999999433222 1,0000000012842178 1,0000000016113386 ), 0
( 0,9999999995158313 1,0000000013514412 1,0000000016707415 ), 0
( 0,9999999994307709 1,0000000013147634 1,0000000016545902 ), 0
( 0,9999999994822495 1,0000000013501702 1,0000000015580979 ), 0
( 0,9999999995192476 1,0000000011759727 1,0000000014678867 ), 0
( 0,9999999994538334 1,000000001313469 1,0000000016645645 ), 0
( 0,9999999994750806 1,000000001318134 1,0000000016035653 ), 0
( 0,9999999994013927 1,0000000013672432 1,0000000015421635 ), 0
( 0,9999999993735176 1,0000000011828545 1,0000000014330719 ), 0
( 0,9999999993891758 1,0000000011793704 1,0000000015658959 ), 0
( 0,9999999994630006 1,0000000013800252 1,0000000017630823 ), 0
( 0,9999999994905652 1,000000001272784 1,000000001647236 ), 0
( 0,999999999486228 1,0000000012422336 1,0000000015514903 ), 0
( 0,9999999994936504 1,0000000011625727 1,0000000014321293 ), 0
( 0,9999999994951277 1,0000000014457258 1,0000000017373254 ), 0
( 0,999999999424549 1,0000000013127506 1,0000000015768145 ), 0
( 0,9999999994344587 1,0000000013705554 1,000000001762232 ), 0
( 0,9999999994386177 1,0000000013463912 1,0000000016743236 ), 0
( 0,9999999994951659 1,0000000013615484 1,0000000016434714 ), 0
( 0,9999999993654958 1,0000000012439705 1,0000000016244264 ), 0
( 0,9999999994434107 1,000000001301595 1,0000000016539696 ), 0
( 0,9999999994383475 1,0000000012649812 1,0000000016244603 ), 0
( 0,9999999994963932 1,0000000013190873 1,0000000016180046 ), 0
( 0,9999999994445434 1,000000001336514 1,000000001707394 ), 0
( 0,9999999994678019 1,0000000013244303 1,000000001582961 ), 0
( 0,9999999994625416 1,0000000010581884 1,000000001423581 ), 0
( 0,9999999995252449 1,0000000012877999 1,0000000016054866 ), 0
( 0,9999999993862242 1,0000000012297279 1,0000000015709172 ), 0
( 0,9999999995047373 1,000000001094486 1,0000000015454036 ), 0
( 0,9999999995292749 1,0000000013050563 1,0000000015564514 ), 0
( 0,9999999994385202 1,0000000013128592 1,0000000016630899 ), 0
( 0,9999999994806108 1,0000000012244343 1,000000001621085 ), 0
( 0,9999999995167076 1,0000000012210721 1,000000001631614 ), 0
( 0,9999999994719894 1,0000000013553434 1,0000000016758979 ), 0
( 0,9999999994358821 1,0000000012974546 1,00000000166787 ), 0
( 0,9999999994201779 1,0000000013343828 1,0000000016391188 ), 0
( 0,99999999952452 1,0000000014066173 1,0000000017088833 ), 0
( 0,999999999491122 1,0000000012960164 1,0000000015891204 ), 0
( 0,9999999994169247 1,0000000012976136 1,0000000016099313 ), 0
( 0,9999999995060606 1,0000000012435817 1,000000001593419 ), 0
( 0,9999999994898667 1,0000000012962587 1,000000001633398 ), 0
( 0,9999999994407781 1,0000000014055042 1,0000000016106512 ), 0
( 0,9999999995839349 1,0000000014555877 1,000000001638115 ), 0
( 0,9999999994315436 1,0000000013025334 1,0000000016983672 ), 0
( 0,9999999994828939 1,000000001269993 1,000000001500146 ), 0
( 0,9999999995299235 1,0000000012297803 1,0000000015783213 ), 0
( 0,999999999434402 1,000000001271827 1,0000000015809216 ), 0
( 0,9999999994269323 1,000000001238692 1,0000000016401573 ), 0
( 0,9999999994157186 1,00000000124942 1,0000000015555024 ), 0
( 0,9999999994720278 1,0000000011564998 1,0000000015087458 ), 0
( 0,9999999994710048 1,0000000012586234 1,0000000016159405 ), 0
( 0,9999999995231306 1,0000000013645067 1,000000001638707 ), 0
( 0,9999999994290579 1,000000001341744 1,0000000015636787 ), 0
( 0,9999999994877302 1,0000000012318684 1,000000001429794 ), 0
( 0,9999999994593437 1,0000000012331591 1,0000000016644413 ), 0
( 0,9999999994652207 1,0000000012363104 1,0000000016121435 ), 0
( 0,9999999995330032 1,0000000012024215 1,0000000013896508 ), 0
( 0,9999999994589608 1,0000000010892824 1,000000001433019 ), 0
( 0,9999999994937094 1,000000001270179 1,0000000015739132 ), 0
( 0,9999999994680494 1,0000000012714023 1,0000000016333723 ), 0
( 0,9999999994888393 1,0000000012902042 1,0000000015944774 ), 0
( 0,9999999995218417 1,0000000012701653 1,0000000016202732 ), 0
( 0,9999999994243144 1,0000000013228547 1,0000000016412902 ), 0
( 0,9999999994558926 1,0000000012509895 1,0000000016262034 ), 0
( 0,9999999994688802 1,0000000012964116 1,0000000015333765 ), 0
( 0,9999999994385639 1,0000000013293078 1,0000000016316568 ), 0
( 0,9999999994680245 1,000000001284825 1,0000000016329202 ), 0
( 0,9999999994752976 1,000000001313357 1,0000000016862987 ), 0
( 0,9999999995471399 1,000000001176543 1,0000000015294743 ), 0
( 0,9999999995355529 1,000000001304285 1,000000001571356 ), 0
( 0,9999999994925942 1,0000000011929226 1,000000001716849 ), 0
( 0,9999999993731395 1,000000001268648 1,000000001673642 ), 0
( 0,9999999995393286 1,0000000013595995 1,0000000016318942 ), 0
( 0,9999999994437982 1,000000001206501 1,0000000014377939 ), 0
( 0,9999999995251763 1,000000001371357 1,000000001605341 ), 0
( 0,9999999994582126 1,0000000013353711 1,0000000016018005 ), 0
( 0,999999999493507 1,0000000012673542 1,000000001685253 ), 0
( 0,9999999994043586 1,000000001226891 1,0000000015418122 ), 0
( 0,9999999995078035 1,0000000013050396 1,0000000016847117 ), 0
( 0,9999999994970876 1,0000000012040415 1,000000001596279 ), 0
( 0,9999999994571588 1,0000000012878867 1,0000000016188062 ), 0
( 0,9999999995263094 1,000000001246133 1,0000000015696657 ), 0
( 0,9999999994642735 1,0000000012698953 1,0000000015921229 ), 0
( 0,9999999994574987 1,000000001334055 1,0000000016833617 ), 0
( 0,9999999994680455 1,0000000013113968 1,000000001631658 ), 0
( 0,9999999995103818 1,0000000012920667 1,000000001658365 ), 0
( 0,9999999993909243 1,000000001283681 1,000000001665035 ), 0
( 0,9999999995167435 1,0000000012885149 1,0000000015692025 ), 0
( 0,9999999995613853 1,0000000010556986 1,0000000014552897 ), 0
( 0,9999999994564929 1,0000000012308223 1,0000000015980968 ), 0
( 0,9999999995137832 1,000000001344741 1,0000000015951607 ), 0
( 0,9999999996030018 1,0000000012964685 1,0000000015929638 ), 0
( 0,999999999463031 1,0000000011348578 1,0000000014683288 ), 0
( 0,9999999995200237 1,0000000012855554 1,0000000015090555 ), 0
( 0,9999999994796968 1,000000001257179 1,0000000015612704 ), 0
( 0,999999999476815 1,0000000012271748 1,0000000015143418 ), 0
( 0,9999999994448092 1,0000000012356027 1,0000000016293606 ), 0
( 0,999999999388308 1,0000000012685626 1,0000000016186037 ), 0
( 0,9999999995052259 1,0000000012687982 1,0000000015896373 ), 0
( 0,99999999948298 1,0000000011917995 1,0000000015540342 ), 0
( 0,9999999994289206 1,0000000012288166 1,000000001655744 ), 0
( 0,9999999994694663 1,000000001202773 1,000000001666017 ), 0
( 0,999999999616611 1,0000000011245986 1,0000000014586798 ), 0
( 0,999999999495397 1,000000001208092 1,0000000014418882 ), 0
( 0,9999999993199854 1,0000000011515255 1,0000000016219293 ), 0
( 0,9999999994479347 1,000000001209044 1,0000000016544717 ), 0
( 0,9999999994634555 1,0000000012696895 1,0000000015772845 ), 0
( 0,9999999994875155 1,000000001213191 1,0000000015190809 ), 0
( 0,9999999994496266 1,0000000012412122 1,0000000015747954 ), 0
( 0,999999999403352 1,000000001271462 1,000000001580307 ), 0
( 0,9999999994816334 1,0000000012984702 1,0000000016268316 ), 0
( 0,9999999994250472 1,000000001239729 1,0000000014952288 ), 0
( 0,9999999995785807 1,0000000012568895 1,000000001593866 ), 0
( 0,9999999995570757 1,0000000012680974 1,0000000015589248 ), 0
( 0,9999999995113867 1,0000000013555799 1,0000000016478774 ), 0
( 0,9999999994501984 1,0000000012183832 1,0000000015996395 ), 0
( 0,9999999994862627 1,0000000011071257 1,0000000013243424 ), 0
( 0,9999999994432535 1,0000000012241588 1,0000000014533297 ), 0
( 0,999999999419516 1,0000000013947485 1,0000000016216104 ), 0
( 0,9999999994685539 1,0000000013558918 1,0000000016259731 ), 0
( 0,9999999993522779 1,0000000014251005 1,0000000018667883 ), 0
( 0,9999999994683265 1,0000000013170418 1,000000001583551 ), 0
( 0,9999999994669448 1,000000001310395 1,0000000017573356 ), 0
( 0,9999999994455916 1,0000000013365502 1,0000000017669957 ), 0
( 0,9999999994437935 1,0000000012532921 1,0000000017132227 ), 0
( 0,9999999992625844 1,0000000010886825 1,0000000015246155 ), 0
( 0,9999999995337965 1,0000000012028554 1,0000000015679722 ), 0
( 0,99999999944805 1,0000000011960872 1,0000000016338193 ), 0
( 0,9999999995081131 1,000000001182713 1,0000000015479 ), 0
( 0,9999999994230117 1,0000000012788637 1,0000000016944808 ), 0
( 0,9999999994458019 1,000000001394648 1,0000000017124553 ), 0
( 0,9999999995199398 1,0000000012693644 1,0000000016120394 ), 0
( 0,9999999995113724 1,0000000013028227 1,0000000016278083 ), 0
( 0,9999999994913351 1,000000001327412 1,0000000015813846 ), 0
( 0,9999999994822146 1,0000000012363421 1,0000000015908848 ), 0
( 0,9999999994830496 1,0000000012061665 1,0000000014387531 ), 0
( 0,9999999995730763 1,0000000013269654 1,000000001407877 ), 0
( 0,9999999993060726 1,0000000010654224 1,0000000015558201 ), 0
( 0,999999999569469 1,0000000012840837 1,0000000016071418 ), 0
( 0,9999999994993696 1,0000000012838508 1,0000000016415749 ), 0
( 0,9999999993971839 1,0000000012377308 1,0000000015880437 ), 0
( 0,9999999994416935 1,000000001245254 1,0000000015797004 ), 0
( 0,999999999540363 1,0000000013923607 1,000000001525116 ), 0
( 0,9999999994201199 1,0000000013405204 1,0000000016561177 ), 0
( 0,9999999994803691 1,0000000012110237 1,0000000015824921 ), 0
( 0,9999999994703581 1,0000000012030013 1,0000000016590467 ), 0
( 0,9999999995574824 1,0000000012661794 1,0000000015120272 ), 0
( 0,9999999994863712 1,0000000012632182 1,000000001542634 ), 0
( 0,9999999994602271 1,0000000012642203 1,0000000016456072 ), 0
( 0,9999999994342759 1,0000000011690604 1,0000000016604926 ), 0
( 0,9999999994185009 1,0000000012626977 1,000000001665448 ), 0
( 0,9999999995430903 1,000000001290642 1,000000001644573 ), 0
( 0,9999999995653199 1,0000000013001304 1,0000000016344248 ), 0
( 0,9999999993714626 1,0000000012376216 1,0000000017331256 ), 0
( 0,999999999531746 1,0000000013390078 1,0000000016511148 ), 0
( 0,999999999495401 1,000000001331915 1,0000000016341288 ), 0
( 0,9999999993650919 1,000000001130032 1,0000000015257953 ), 0
( 0,9999999993927349 1,000000001224462 1,000000001639468 ), 0
( 0,9999999994219482 1,000000001304588 1,000000001783715 ), 0
( 0,9999999994353329 1,000000001197307 1,0000000015599204 ), 0
( 0,9999999994845452 1,0000000012074586 1,0000000016196033 ), 0
( 0,999999999449873 1,0000000012041854 1,0000000016118502 ), 0
( 0,9999999995041258 1,0000000012783414 1,0000000016369621 ), 0
( 0,9999999994685437 1,0000000012815844 1,0000000016440405 ), 0
( 0,9999999993790781 1,0000000012323718 1,0000000015554988 ), 0
( 0,9999999994080389 1,0000000012424706 1,000000001584501 ), 0
( 0,9999999994458709 1,0000000012052483 1,0000000015021855 ), 0
( 0,9999999993964352 1,000000001239834 1,0000000015760127 ), 0
( 0,9999999994956427 1,0000000013361405 1,0000000016444857 ), 0
( 0,9999999994650014 1,000000001234554 1,0000000015632335 ), 0
( 0,9999999994560096 1,0000000012791421 1,0000000016290675 ), 0
( 0,9999999994941288 1,0000000013944075 1,000000001668038 ), 0
( 0,9999999995000166 1,000000001303988 1,000000001677393 ), 0
( 0,9999999995011527 1,000000001289444 1,0000000015864288 ), 0
( 0,9999999994661745 1,000000001208439 1,0000000014178982 ), 0
( 0,9999999995804694 1,0000000012340888 1,0000000014517714 ), 0
( 0,9999999995249322 1,0000000012947927 1,0000000016584578 ), 0
( 0,9999999994886293 1,000000001300684 1,000000001637455 ), 0
( 0,9999999995390031 1,000000001312443 1,0000000015570103 ), 0
( 0,9999999995183049 1,0000000013204353 1,0000000016715929 ), 0
( 0,999999999492728 1,0000000013506374 1,0000000016163775 ), 0
( 0,9999999993209268 1,0000000013276098 1,0000000016147224 ), 0
( 0,9999999995095059 1,0000000012517776 1,0000000015363506 ), 0
( 0,9999999994392794 1,0000000013129924 1,0000000017104218 ), 0
( 0,9999999994967342 1,0000000012630699 1,0000000016307644 ), 0
( 0,9999999995116603 1,0000000012284755 1,000000001665676 ), 0
( 0,9999999994360138 1,0000000012691423 1,0000000016812851 ), 0
( 0,9999999995606256 1,0000000013256258 1,0000000015807942 ), 0
( 0,9999999994444915 1,0000000011994699 1,0000000017030157 ), 0
( 0,9999999994438501 1,000000001300964 1,0000000016866741 ), 0
( 0,9999999994770606 1,0000000010804793 1,000000001414177 ), 0
( 0,9999999994757467 1,0000000012646368 1,0000000015462787 ), 0
( 0,9999999994544229 1,0000000014244934 1,000000001700455 ), 0
( 0,9999999994002439 1,0000000013376682 1,0000000015963446 ), 0
( 0,9999999994801521 1,00000000122253 1,0000000016738362 ), 0
( 0,9999999994222191 1,0000000011993564 1,0000000016179678 ), 0
( 0,9999999994307087 1,0000000013540133 1,0000000015304502 ), 0
( 0,9999999994170887 1,000000001276522 1,0000000016485575 ), 0
( 0,9999999994507042 1,0000000012316563 1,00000000174604 ), 0
( 0,9999999994567546 1,0000000013271872 1,0000000016279256 ), 0
( 0,9999999995623834 1,000000001285545 1,0000000015796977 ), 0
( 0,9999999994353552 1,0000000012128922 1,000000001522029 ), 0
( 0,9999999994235808 1,0000000013090384 1,0000000016066248 ), 0
( 0,9999999994600126 1,0000000012320553 1,0000000015578208 ), 0
( 0,9999999994402281 1,0000000012008292 1,0000000015484076 ), 0
( 0,9999999994228708 1,0000000012081085 1,0000000015179416 ), 0
( 0,9999999994966632 1,0000000011709427 1,000000001617091 ), 0
( 0,9999999995298595 1,0000000012211294 1,0000000016580792 ), 0
( 0,9999999994367773 1,0000000011987966 1,0000000015253574 ), 0
( 0,9999999995001105 1,0000000013253325 1,0000000016228563 ), 0
( 0,9999999994934285 1,0000000012582717 1,0000000015389132 ), 0
( 0,9999999994820207 1,0000000013293966 1,0000000015672446 ), 0
( 0,9999999994123034 1,0000000013643937 1,000000001677484 ), 0
( 0,9999999992325415 1,0000000010627925 1,0000000015892307 ), 0
( 0,9999999993885443 1,0000000012688919 1,000000001639869 ), 0
( 0,9999999994328489 1,00000000131028 1,0000000016262676 ), 0
( 0,9999999995223577 1,000000001306752 1,0000000015918988 ), 0
( 0,9999999994247312 1,000000001109744 1,0000000014875519 ), 0
( 0,9999999995006763 1,0000000012958528 1,000000001589075 ), 0
( 0,999999999449047 1,0000000014112806 1,0000000018101598 ), 0
( 0,999999999466507 1,0000000011486014 1,0000000015443065 ), 0
( 0,9999999995494725 1,0000000013158632 1,00000000155614 ), 0
( 0,9999999994775052 1,0000000013003718 1,0000000016268231 ), 0
( 0,9999999993844679 1,0000000011259493 1,000000001529256 ), 0
( 0,9999999994486729 1,0000000013337083 1,000000001757975 ), 0
( 0,9999999993967117 1,0000000013188013 1,000000001633114 ), 0
( 0,9999999994796129 1,000000001413326 1,0000000017546171 ), 0
( 0,9999999994622432 1,000000001342782 1,0000000016638735 ), 0
( 0,9999999994297374 1,0000000013601924 1,0000000016669686 ), 0
( 0,9999999994652887 1,000000001322359 1,0000000016656152 ), 0
( 0,9999999994518505 1,000000001067858 1,0000000013937649 ), 0
( 0,9999999994685408 1,0000000013013297 1,0000000016051438 ), 0
( 0,9999999995131482 1,000000001280546 1,0000000016310588 ), 0
( 0,9999999994524471 1,0000000011620038 1,0000000014556059 ), 0
( 0,9999999995023566 1,000000001416899 1,0000000017275088 ), 0
( 0,9999999994676735 1,0000000013379025 1,0000000015977382 ), 0
( 0,9999999994654644 1,0000000013071306 1,0000000014559436 ), 0
( 0,9999999995859781 1,0000000013124941 1,0000000015743766 ), 0
( 0,9999999992962917 1,0000000010537484 1,0000000015466708 ), 0
( 0,9999999994751952 1,0000000012225216 1,0000000015862005 ), 0
( 0,9999999993500197 1,0000000012920638 1,0000000016210933 ), 0
( 0,999999999442638 1,0000000012483832 1,0000000015677797 ), 0
( 0,9999999994869053 1,0000000012465722 1,0000000015321282 ), 0
( 0,9999999994782971 1,0000000013390848 1,0000000015694417 ), 0
( 0,9999999995181513 1,0000000012903019 1,000000001627012 ), 0
( 0,9999999994139006 1,0000000010777104 1,0000000015163182 ), 0
( 0,9999999994939851 1,0000000012729677 1,0000000015701975 ), 0
( 0,9999999994612909 1,0000000014093264 1,0000000016840604 ), 0
( 0,9999999994617029 1,000000001203884 1,0000000015587767 ), 0
( 0,9999999995753048 1,000000001969814 1,000000002135198 ), 0
( 0,9999999994366281 1,000000001018522 1,0000000014714474 ), 0
( 0,9999999993749864 1,0000000012277297 1,0000000015945134 ), 0
( 0,9999999994563664 1,000000001145082 1,000000001532908 ), 0
( 0,9999999995735338 1,0000000011467363 1,0000000015552948 ), 0
( 0,9999999993848672 1,000000001342751 1,0000000015874035 ), 0
( 0,9999999994919667 1,0000000013083004 1,000000001644986 ), 0
( 0,9999999994911549 1,000000001132423 1,0000000015758659 ), 0
( 0,9999999994047755 1,000000001177276 1,0000000015682855 ), 0
( 0,9999999994451941 1,000000001351621 1,0000000016400843 ), 0
( 0,9999999994133851 1,0000000013509538 1,0000000016909905 ), 0
( 0,99999999944355 1,0000000012481418 1,0000000015458927 ), 0
( 0,9999999994684371 1,0000000013064883 1,000000001574524 ), 0
( 0,9999999994515907 1,0000000012819852 1,000000001581352 ), 0
( 0,9999999994598077 1,0000000013140493 1,0000000016487935 ), 0
( 0,9999999993487748 1,000000001292336 1,0000000016012356 ), 0
( 0,9999999993957877 1,0000000013315928 1,0000000017303343 ), 0
( 0,9999999995222999 1,0000000012926173 1,0000000016174353 ), 0
( 0,9999999994320458 1,000000001225718 1,0000000014963968 ), 0
( 0,9999999994925435 1,0000000013301715 1,0000000016735862 ), 0
( 0,9999999994581799 1,0000000012905015 1,0000000016252606 ), 0
( 0,9999999994970485 1,0000000011572798 1,0000000014452686 ), 0
( 0,9999999995258451 1,0000000013601458 1,0000000016706894 ), 0
( 0,9999999994218698 1,0000000012452115 1,000000001704499 ), 0
( 0,9999999994475538 1,000000001457131 1,000000001809458 ), 0
( 0,9999999994811178 1,000000001285374 1,000000001653883 ), 0
( 0,9999999994674443 1,0000000012057362 1,0000000015718253 ), 0
( 0,9999999994559988 1,0000000012931856 1,0000000016273871 ), 0
( 0,9999999994380128 1,0000000012595318 1,0000000016061337 ), 0
( 0,9999999994487332 1,0000000012312806 1,0000000014932973 ), 0
( 0,9999999994481057 1,0000000012792516 1,0000000015120956 ), 0
( 0,9999999995741959 1,0000000012946073 1,000000001542022 ), 0
( 0,9999999994738008 1,000000001399213 1,000000001643399 ), 0
( 0,9999999994529138 1,0000000012916872 1,0000000016486361 ), 0
( 0,9999999994050961 1,0000000013376211 1,0000000016440374 ), 0
( 0,999999999430798 1,0000000012719954 1,0000000016483062 ), 0
( 0,9999999994565762 1,000000001378117 1,000000001606117 ), 0
( 0,9999999994649607 1,000000001205109 1,00000000156969 ), 0
( 0,9999999994822015 1,000000001102227 1,0000000013304042 ), 0
( 0,999999999442839 1,0000000012554562 1,0000000016578072 ), 0
( 0,9999999995036235 1,0000000012582022 1,0000000017182014 ), 0
( 0,9999999994759787 1,0000000011548236 1,0000000015887731 ), 0
( 0,9999999994812806 1,0000000012162829 1,0000000015018011 ), 0
( 0,9999999994783617 1,0000000012172052 1,0000000015512858 ), 0
( 0,9999999995194115 1,0000000015996746 1,0000000015769095 ), 0
( 0,9999999994401758 1,0000000012534616 1,0000000015617498 ), 0
( 0,9999999994925332 1,0000000013175876 1,000000001631099 ), 0
( 0,9999999993940192 1,0000000012671197 1,0000000014235038 ), 0
( 0,9999999994519174 1,0000000009977499 1,0000000014152042 ), 0
( 0,999999999501589 1,0000000013177377 1,0000000017507338 ), 0
( 0,9999999995006063 1,0000000013399042 1,0000000016737294 ), 0
( 0,9999999995402881 1,0000000012796741 1,000000001608857 ), 0
( 0,9999999994927927 1,0000000012974883 1,0000000016680741 ), 0
( 0,9999999994689635 1,0000000012457864 1,0000000016114354 ), 0
( 0,9999999994479886 1,0000000013996637 1,000000001716018 ), 0
( 0,999999999538061 1,0000000012879282 1,0000000015655799 ), 0
( 0,9999999994875258 1,0000000011648074 1,0000000013879975 ), 0
( 0,9999999993869959 1,0000000012684993 1,000000001642341 ), 0
( 0,9999999994705058 1,0000000013586456 1,000000001512057 ), 0
( 0,9999999995078291 1,0000000014283765 1,0000000017294066 ), 0
( 0,9999999994242869 1,0000000012819217 1,0000000015857886 ), 0
( 0,9999999994642346 1,000000001242183 1,000000001555744 ), 0
( 0,9999999994841181 1,0000000012823882 1,000000001617601 ), 0
( 0,9999999994728415 1,0000000012655725 1,0000000016633317 ), 0
( 0,9999999994726414 1,0000000012246963 1,000000001581659 ), 0
( 0,9999999994585603 1,0000000012586439 1,0000000016302675 ), 0
( 0,9999999995396 1,000000001312125 1,0000000016585695 ), 0
( 0,9999999994624125 1,0000000012483174 1,000000001561916 ), 0
( 0,9999999995389428 1,0000000013285015 1,0000000014897736 ), 0
( 0,9999999995184435 1,00000000123659 1,0000000015595278 ), 0
( 0,9999999995023487 1,0000000012278172 1,0000000015683645 ), 0
( 0,9999999995262769 1,0000000013791819 1,0000000016896076 ), 0
( 0,9999999994942359 1,0000000013449615 1,0000000016697668 ), 0
( 0,9999999994704674 1,0000000012619612 1,000000001589986 ), 0
( 0,9999999994435597 1,000000001264611 1,0000000016295 ), 0
( 0,999999999557262 1,0000000012119528 1,0000000016599144 ), 0
( 0,9999999995295372 1,0000000012422674 1,000000001452234 ), 0
( 0,9999999994521472 1,0000000013581598 1,0000000016749913 ), 0
( 0,9999999994884987 1,0000000013284795 1,0000000017216966 ), 0
( 0,9999999995043434 1,000000001362137 1,000000001682123 ), 0
( 0,9999999995371368 1,0000000011968688 1,0000000015230561 ), 0
( 0,9999999994879829 1,000000001483197 1,0000000018060518 ), 0
( 0,9999999994278002 1,0000000011685177 1,0000000016816466 ), 0
( 0,9999999994840896 1,0000000012986958 1,0000000016783117 ), 0
( 0,9999999994256664 1,000000001310079 1,0000000017296033 ), 0
( 0,9999999994646727 1,0000000012531225 1,000000001605589 ), 0
( 0,9999999994234569 1,0000000012506358 1,0000000014790253 ), 0
( 0,999999999500932 1,0000000013256547 1,0000000016217947 ), 0
( 0,9999999995152472 1,000000001353873 1,0000000017126385 ), 0
( 0,999999999473052 1,0000000013019896 1,0000000015582735 ), 0
( 0,9999999995079247 1,0000000012806327 1,0000000015893655 ), 0
( 0,999999999478298 1,000000001274492 1,000000001657462 ), 0
( 0,9999999994419064 1,0000000011558443 1,0000000014914903 ), 0
( 0,9999999995729979 1,0000000012332506 1,0000000016768804 ), 0
( 0,9999999993918258 1,0000000013129162 1,0000000016908634 ), 0
( 0,9999999994939639 1,0000000012505814 1,0000000016621318 ), 0
( 0,9999999994773604 1,000000001221181 1,0000000015808246 ), 0
( 0,9999999994233797 1,0000000013114545 1,0000000017273953 ), 0
( 0,9999999994773345 1,0000000014054897 1,0000000016648538 ), 0
( 0,9999999994336997 1,0000000012970856 1,000000001594414 ), 0
( 0,9999999994699572 1,0000000012968533 1,0000000016831188 ), 0
( 0,9999999994253254 1,0000000012460013 1,0000000016741704 ), 0
( 0,9999999995050252 1,0000000012652202 1,000000001624683 ), 0
( 0,9999999994895586 1,0000000013416988 1,000000001661173 ), 0
( 0,9999999994466441 1,0000000013482093 1,0000000016933719 ), 0
( 0,9999999995382106 1,0000000012178798 1,0000000015354225 ), 0
( 0,9999999994614154 1,0000000012550523 1,0000000016546529 ), 0
( 0,9999999994444747 1,0000000012670929 1,0000000017518564 ), 0
( 0,999999999375169 1,0000000012926837 1,000000001588979 ), 0
( 0,9999999994260272 1,0000000012649761 1,0000000015020818 ), 0
( 0,9999999994717141 1,0000000012244923 1,0000000016413135 ), 0
( 0,9999999994753196 1,00000000139212 1,000000001673718 ), 0
( 0,99999999951797 1,00000000129406 1,0000000015853954 ), 0
( 0,9999999995028435 1,0000000012785348 1,0000000016295894 ), 0
( 0,9999999995111234 1,0000000012889905 1,0000000015782449 ), 0
( 0,9999999995233464 1,0000000013324815 1,0000000016398651 ), 0
( 0,99999999948623 1,00000000127903 1,0000000015186556 ), 0
( 0,9999999994786029 1,0000000012499797 1,0000000016003312 ), 0
( 0,9999999994940496 1,000000001216154 1,000000001524433 ), 0
( 0,9999999994683156 1,0000000013246513 1,0000000016653185 ), 0
( 0,9999999994248028 1,0000000012546157 1,0000000015382722 ), 0
( 0,9999999993922586 1,0000000013274633 1,000000001624599 ), 0
( 0,9999999994274387 1,0000000013118144 1,0000000016385775 ), 0
( 0,9999999994845279 1,0000000014381953 1,0000000017009891 ), 0
( 0,9999999994951471 1,0000000012334238 1,00000000157213 ), 0
( 0,9999999994035605 1,0000000012768777 1,000000001615351 ), 0
( 0,9999999994396293 1,0000000011655488 1,0000000015010098 ), 0
( 0,9999999995156658 1,0000000012527859 1,0000000016554778 ), 0
( 0,9999999994883091 1,000000001213397 1,0000000015637684 ), 0
( 0,9999999995018911 1,000000001362197 1,0000000016777615 ), 0
( 0,9999999994951521 1,000000001315499 1,0000000015626658 ), 0
( 0,9999999994760135 1,000000001205392 1,0000000015767398 ), 0
( 0,9999999994235664 1,00000000133357 1,000000001688432 ), 0
( 0,9999999994845881 1,0000000012061416 1,0000000014783508 ), 0
( 0,999999999466134 1,0000000011936172 1,0000000014972772 ), 0
( 0,9999999994071611 1,0000000012727308 1,000000001579302 ), 0
( 0,9999999993796505 1,0000000012845638 1,0000000016727517 ), 0
( 0,9999999994736127 1,000000001193638 1,00000000161357 ), 0
( 0,9999999994678964 1,0000000012420907 1,0000000014643977 ), 0
( 0,9999999994487692 1,0000000012194719 1,0000000015163006 ), 0
( 0,9999999994451456 1,000000001267292 1,0000000015797312 ), 0
( 0,9999999994868735 1,0000000011858476 1,000000001494455 ), 0
( 0,9999999993961288 1,0000000011794723 1,000000001587061 ), 0
( 0,9999999994205081 1,0000000012114438 1,000000001638566 ), 0
( 0,9999999995427886 1,0000000013474528 1,0000000016367985 ), 0
( 0,9999999994739691 1,0000000012277892 1,0000000016038175 ), 0
( 0,9999999994526373 1,0000000012702657 1,0000000015958677 ), 0
( 0,9999999994151904 1,0000000012014654 1,0000000016346813 ), 0
( 0,9999999995003281 1,000000001314924 1,000000001656546 ), 0
( 0,999999999459829 1,0000000013586148 1,0000000017144364 ), 0
( 0,9999999994679084 1,000000001446681 1,0000000017821287 ), 0
( 0,9999999994654658 1,0000000013018047 1,0000000016582762 ), 0
( 0,9999999995657833 1,0000000011787402 1,0000000015636905 ), 0
( 0,9999999994851793 1,0000000012735393 1,0000000016499915 ), 0
( 0,9999999994568219 1,0000000012964951 1,0000000017291217 ), 0
( 0,9999999995426203 1,0000000012090324 1,000000001391743 ), 0
( 0,9999999994973323 1,0000000012644346 1,0000000016025572 ), 0
( 0,9999999994935556 1,0000000012205514 1,000000001554935 ), 0
( 0,9999999995124657 1,0000000012923103 1,0000000016160553 ), 0
( 0,9999999994022867 1,0000000012600805 1,0000000014973949 ), 0
( 0,9999999995046697 1,0000000012648067 1,000000001632757 ), 0
( 0,9999999994462362 1,0000000012380261 1,0000000015761052 ), 0
( 0,9999999995207648 1,0000000012970565 1,000000001729292 ), 0
( 0,9999999995382274 1,0000000012873975 1,0000000014009531 ), 0
( 0,9999999994579938 1,0000000013558694 1,0000000017116484 ), 0
( 0,9999999994372838 1,0000000013145955 1,000000001668808 ), 0
( 0,9999999995198917 1,0000000011962724 1,0000000015506925 ), 0
( 0,999999999536675 1,0000000012537424 1,0000000015602841 ), 0
( 0,9999999994748656 1,000000001294051 1,0000000015782382 ), 0
( 0,9999999994436842 1,0000000013151424 1,000000001600551 ), 0
( 0,9999999993641014 1,000000001107088 1,000000001435894 ), 0
( 0,999999999459821 1,0000000013895713 1,0000000016770254 ), 0
( 0,9999999994474038 1,0000000014597503 1,000000001682172 ), 0
( 0,9999999994294195 1,0000000013843346 1,0000000016185195 ), 0
( 0,9999999994760317 1,0000000011241799 1,0000000015984705 ), 0
( 0,9999999995046291 1,0000000012661316 1,000000001601762 ), 0
( 0,9999999994860549 1,0000000012106043 1,0000000015587778 ), 0
( 0,9999999994543428 1,0000000012532726 1,0000000015951156 ), 0
( 0,9999999994915771 1,0000000011374983 1,0000000014404282 ), 0
( 0,9999999994963403 1,0000000012251435 1,0000000015324337 ), 0
( 0,9999999994497217 1,0000000012246562 1,0000000014790444 ), 0
( 0,9999999994279614 1,0000000013129113 1,000000001578707 ), 0
( 0,9999999995421043 1,0000000012708854 1,000000001613374 ), 0
( 0,9999999994386138 1,0000000012285397 1,0000000014628936 ), 0
( 0,9999999995619018 1,0000000012234405 1,0000000015199384 ), 0
( 0,9999999995331581 1,000000001278701 1,000000001621746 ), 0
( 0,9999999994399453 1,0000000012850891 1,0000000015989887 ), 0
( 0,9999999994876274 1,000000001381542 1,0000000017116928 ), 0
( 0,9999999994672049 1,0000000012298962 1,0000000015194646 ), 0
( 0,9999999994907756 1,00000000127736 1,0000000014992299 ), 0
( 0,9999999995395736 1,0000000013229216 1,0000000015510242 ), 0
( 0,9999999994942735 1,0000000012091443 1,000000001494184 ), 0
( 0,9999999995502791 1,0000000012538859 1,0000000016146655 ), 0
( 0,9999999994741343 1,0000000013137136 1,0000000016350514 ), 0
( 0,9999999994468955 1,0000000012936152 1,000000001638379 ), 0
( 0,9999999995459389 1,0000000012181398 1,0000000015776094 ), 0
( 0,999999999417026 1,0000000012459636 1,0000000015658446 ), 0
( 0,999999999478855 1,0000000013194956 1,0000000015948263 ), 0
( 0,9999999995041619 1,0000000012921122 1,000000001656002 ), 0
( 0,9999999994863544 1,000000001412576 1,0000000017320685 ), 0
( 0,999999999478744 1,000000001264071 1,0000000015372357 ), 0
( 0,9999999995233999 1,0000000014028119 1,0000000016357031 ), 0
( 0,99999999942655 1,0000000011573082 1,0000000015007546 ), 0
( 0,9999999994093905 1,0000000013800112 1,0000000016740571 ), 0
( 0,999999999489758 1,0000000013225667 1,0000000016356747 ), 0
( 0,9999999994312776 1,000000001325741 1,000000001706759 ), 0
( 0,9999999994641549 1,0000000012524655 1,0000000015877444 ), 0
( 0,9999999994862425 1,000000001350257 1,00000000161669 ), 0
( 0,9999999995217862 1,0000000013189947 1,0000000016046662 ), 0
( 0,9999999992958284 1,0000000012120902 1,0000000016268091 ), 0
( 0,9999999995200786 1,000000001230063 1,000000001550564 ), 0
( 0,9999999995422535 1,0000000012787924 1,0000000016199826 ), 0
( 0,9999999995575787 1,000000001299063 1,0000000015328172 ), 0
( 0,999999999318779 1,0000000011341432 1,000000001584941 ), 0
( 0,9999999994578256 1,0000000012428099 1,0000000015822539 ), 0
( 0,999999999402067 1,0000000013050234 1,0000000016904316 ), 0
( 0,9999999994963779 1,000000001132835 1,000000001583299 ), 0
( 0,9999999994503017 1,000000001248837 1,000000001602308 ), 0
( 0,9999999994389352 1,000000001258341 1,0000000015095947 ), 0
( 0,9999999994621863 1,0000000012634263 1,000000001587841 ), 0
( 0,9999999994436317 1,0000000010833576 1,0000000017474067 ), 0
( 0,9999999994729433 1,0000000012893266 1,000000001542861 ), 0
( 0,9999999994311582 1,0000000012964212 1,0000000016286836 ), 0
( 0,9999999995358814 1,0000000012881063 1,0000000016090365 ), 0
( 0,9999999994158995 1,0000000013398354 1,0000000017234305 ), 0
( 0,999999999523572 1,0000000013122152 1,0000000016614732 ), 0
( 0,999999999529366 1,0000000012258574 1,0000000016423118 ), 0
( 0,9999999994796183 1,0000000013062553 1,00000000162216 ), 0
( 0,9999999994981366 1,0000000012862726 1,0000000015698498 ), 0
( 0,9999999994257497 1,0000000012904517 1,0000000016041335 ), 0
( 0,9999999994880313 1,0000000013185615 1,00000000159509 ), 0
( 0,9999999994490825 1,00000000135553 1,0000000016465356 ), 0
( 0,9999999995784734 1,0000000012607162 1,0000000016401678 ), 0
( 0,9999999994372638 1,0000000013395374 1,0000000017029518 ), 0
( 0,999999999459922 1,0000000013142252 1,0000000016741488 ), 0
( 0,9999999994896364 1,0000000011952206 1,0000000016494586 ), 0
( 0,9999999994182797 1,000000001130184 1,0000000016178445 ), 0
( 0,9999999994089567 1,0000000011965433 1,0000000015942945 ), 0
( 0,9999999995261595 1,0000000012345243 1,0000000013911416 ), 0
( 0,999999999515977 1,000000001289393 1,0000000015710622 ), 0
( 0,9999999994728399 1,0000000013109014 1,0000000015712094 ), 0
( 0,9999999994067721 1,0000000013730546 1,000000001763602 ), 0
( 0,9999999994749221 1,000000001250882 1,000000001586807 ), 0
( 0,9999999995022866 1,0000000012943742 1,000000001607459 ), 0
( 0,9999999995184707 1,0000000012766062 1,0000000015692632 ), 0
( 0,9999999992940061 1,000000001141408 1,0000000015755013 ), 0
( 0,9999999995152566 1,000000001258345 1,0000000016335613 ), 0
( 0,999999999447205 1,0000000012857284 1,0000000014942039 ), 0
( 0,9999999994284962 1,000000001370869 1,0000000015779877 ), 0
( 0,9999999994691608 1,0000000013782526 1,0000000016206607 ), 0
( 0,9999999994776816 1,0000000011952694 1,0000000016014363 ), 0
( 0,9999999994440902 1,0000000014598556 1,0000000016812332 ), 0
( 0,999999999520493 1,0000000012335206 1,0000000014616794 ), 0
( 0,9999999994887493 1,0000000011815886 1,0000000014934334 ), 0
( 0,9999999993895708 1,0000000011812693 1,000000001627479 ), 0
( 0,99999999944568 1,000000001288896 1,0000000015879922 ), 0
( 0,9999999995303253 1,0000000013237202 1,000000001746547 ), 0
( 0,9999999994631656 1,000000001318186 1,0000000017264872 ), 0
( 0,9999999995168267 1,000000001293223 1,0000000016696022 ), 0
( 0,9999999994604332 1,0000000012746193 1,0000000016463357 ), 0
( 0,9999999994350588 1,0000000012689283 1,000000001625981 ), 0
( 0,999999999447124 1,000000001332493 1,000000001593944 ), 0
( 0,9999999995440664 1,0000000012051493 1,000000001575286 ), 0
( 0,9999999994819683 1,0000000012607417 1,000000001655048 ), 0
( 0,9999999993742298 1,0000000012006507 1,0000000016085813 ), 0
( 0,9999999995555198 1,000000001141413 1,0000000014346782 ), 0
( 0,999999999405634 1,000000001292544 1,0000000015402641 ), 0
( 0,9999999995417692 1,0000000013050767 1,000000001572157 ), 0
( 0,9999999995313881 1,0000000012422199 1,000000001615083 ), 0
( 0,9999999994355063 1,0000000013771533 1,0000000017061348 ), 0
( 0,9999999994068294 1,0000000012729986 1,000000001600741 ), 0
( 0,9999999994756927 1,0000000012589152 1,0000000016550656 ), 0
( 0,9999999994345857 1,0000000012426942 1,00000000154746 ), 0
( 0,9999999995468587 1,0000000012319272 1,0000000015660846 ), 0
( 0,9999999994274985 1,0000000012905346 1,0000000016188373 ), 0
( 0,9999999994788692 1,0000000012774959 1,000000001719457 ), 0
( 0,9999999994389519 1,0000000013038712 1,0000000016304227 ), 0
( 0,9999999994785413 1,0000000012706292 1,0000000015908006 ), 0
( 0,9999999994788101 1,000000001267856 1,0000000016203052 ), 0
( 0,9999999994225376 1,0000000013019192 1,0000000016606434 ), 0
( 0,9999999994468837 1,000000001399376 1,0000000016930972 ), 0
( 0,9999999993742624 1,0000000011517207 1,0000000013180204 ), 0
( 0,999999999452177 1,0000000012609045 1,0000000016136612 ), 0
( 0,9999999995587064 1,000000001087496 1,0000000014995951 ), 0
( 0,9999999994424218 1,0000000013776014 1,0000000017266724 ), 0
( 0,9999999994518016 1,000000001191632 1,0000000015142367 ), 0
( 0,9999999994515861 1,0000000013338346 1,0000000016492263 ), 0
( 0,9999999995113127 1,0000000011942753 1,0000000015999486 ), 0
( 0,9999999994376576 1,0000000012610808 1,0000000015357862 ), 0
( 0,9999999994742028 1,0000000012340866 1,00000000151771 ), 0
( 0,9999999995167548 1,0000000012374357 1,000000001578714 ), 0
( 0,9999999993294806 1,0000000011101027 1,0000000015106805 ), 0
( 0,9999999995252309 1,0000000012800692 1,0000000016008193 ), 0
( 0,9999999995234101 1,0000000012032395 1,00000000156594 ), 0
( 0,9999999994516144 1,0000000012796426 1,0000000016439143 ), 0
( 0,9999999994752223 1,0000000012294568 1,0000000015571828 ), 0
( 0,9999999994655777 1,000000001356513 1,0000000017081507 ), 0
( 0,9999999995541722 1,0000000013802357 1,0000000015109336 ), 0
( 0,9999999993817112 1,0000000011704522 1,0000000015364081 ), 0
( 0,9999999994130521 1,0000000012965944 1,0000000015062123 ), 0
( 0,9999999994482919 1,0000000012533574 1,0000000015693693 ), 0
( 0,9999999994231482 1,0000000013043242 1,0000000015386612 ), 0
( 0,9999999994081039 1,0000000011075765 1,0000000014801838 ), 0
( 0,9999999995062415 1,0000000013544315 1,0000000015795802 ), 0
( 0,9999999995864693 1,0000000012305035 1,0000000014728019 ), 0
( 0,999999999508562 1,0000000012754526 1,0000000016131483 ), 0
( 0,9999999995382605 1,0000000013294672 1,0000000015994475 ), 0
( 0,9999999994434319 1,0000000012116979 1,0000000015899577 ), 0
( 0,9999999994475313 1,0000000012674934 1,000000001642736 ), 0
( 0,9999999995163075 1,0000000012378574 1,0000000015547739 ), 0
( 0,9999999994361491 1,0000000011678711 1,0000000015932031 ), 0
( 0,9999999994335461 1,000000001227034 1,000000001524647 ), 0
( 0,9999999994647597 1,0000000013607238 1,0000000016841157 ), 0
( 0,9999999994700526 1,000000001259662 1,0000000015547343 ), 0
( 0,9999999995193903 1,0000000011630377 1,000000001579135 ), 0
( 0,9999999994144319 1,0000000012671373 1,0000000015465729 ), 0
( 0,9999999994405576 1,0000000012283972 1,000000001566253 ), 0
( 0,9999999994653058 1,0000000013251737 1,0000000016674069 ), 0
( 0,999999999479443 1,0000000011560315 1,0000000015829777 ), 0
( 0,9999999994898368 1,0000000013104866 1,0000000016164983 ), 0
( 0,9999999994082817 1,000000001253543 1,0000000015636952 ), 0
( 0,9999999994772336 1,000000001246398 1,0000000016040487 ), 0
( 0,9999999994596542 1,0000000012292993 1,0000000015021655 ), 0
( 0,9999999995385044 1,0000000012804413 1,0000000016441777 ), 0
( 0,9999999995181712 1,0000000013345438 1,0000000016998705 ), 0
( 0,9999999994457814 1,0000000013531027 1,0000000017215271 ), 0
( 0,9999999995173664 1,0000000013007058 1,0000000015642478 ), 0
( 0,9999999994950434 1,0000000012512165 1,000000001584012 ), 0
( 0,9999999996092007 1,0000000017322688 1,0000000019233246 ), 0
( 0,9999999994471822 1,0000000012941777 1,000000001602067 ), 0
( 0,9999999994374477 1,0000000012721153 1,0000000017016761 ), 0
( 0,9999999993863024 1,0000000012903882 1,0000000017026494 ), 0
( 0,9999999994275619 1,0000000013941883 1,0000000017272008 ), 0
( 0,9999999994126716 1,0000000014103338 1,000000001715856 ), 0
( 0,9999999995151536 1,0000000013081152 1,000000001696275 ), 0
( 0,9999999994308246 1,0000000013287789 1,0000000017214346 ), 0
( 0,9999999994699814 1,0000000012308143 1,0000000015538224 ), 0
( 0,9999999995052035 1,000000001324145 1,0000000016931971 ), 0
( 0,9999999994294981 1,00000000131857 1,000000001554353 ), 0
( 0,9999999994238157 1,000000001286702 1,0000000015994712 ), 0
( 0,9999999994826209 1,0000000014229613 1,000000001742646 ), 0
( 0,9999999994426284 1,0000000012734567 1,0000000016255899 ), 0
( 0,9999999994234796 1,0000000011959482 1,0000000015916701 ), 0
( 0,9999999994091806 1,0000000013215244 1,0000000016223909 ), 0
( 0,9999999994121931 1,00000000135698 1,00000000163842 ), 0
( 0,9999999994719814 1,0000000012099661 1,0000000015762804 ), 0
( 0,999999999438744 1,0000000012597496 1,000000001631877 ), 0
( 0,9999999995380842 1,0000000012920782 1,000000001678826 ), 0
( 0,9999999994671884 1,0000000012261128 1,000000001516587 ), 0
( 0,9999999994495616 1,0000000014447357 1,0000000017163653 ), 0
( 0,9999999994374328 1,0000000012929835 1,0000000016305417 ), 0
( 0,9999999994914542 1,0000000012285832 1,0000000015086763 ), 0
( 0,999999999414118 1,0000000013458488 1,0000000016188781 ), 0
( 0,9999999994452388 1,0000000012580712 1,0000000016409825 ), 0
( 0,9999999994613872 1,0000000013483776 1,0000000016271828 ), 0
( 0,9999999994400863 1,0000000012656225 1,0000000016162875 ), 0
( 0,999999999443049 1,0000000012911399 1,0000000016040003 ), 0
( 0,9999999995308468 1,0000000012966084 1,0000000015254609 ), 0
( 0,9999999995226547 1,0000000013905885 1,0000000016489055 ), 0
( 0,9999999995018438 1,000000001315082 1,000000001510502 ), 0
( 0,9999999994487893 1,0000000014404746 1,0000000017563462 ), 0
( 0,9999999994445682 1,0000000013406298 1,0000000017090078 ), 0
( 0,9999999993832929 1,0000000013511505 1,0000000017636244 ), 0
( 0,999999999428717 1,0000000013230161 1,000000001590316 ), 0
( 0,9999999994638707 1,000000001264798 1,0000000015239479 ), 0
( 0,9999999994024612 1,0000000012967558 1,0000000016495338 ), 0
( 0,9999999994311474 1,0000000012796284 1,000000001546834 ), 0
( 0,999999999548945 1,0000000013082129 1,0000000016996897 ), 0
( 0,9999999995570972 1,0000000012432377 1,0000000015365034 ), 0
( 0,9999999995822294 1,0000000013948145 1,0000000017156365 ), 0
( 0,9999999994462939 1,0000000013590504 1,0000000016136354 ), 0
( 0,9999999995432817 1,0000000012769477 1,0000000015482562 ), 0
( 0,9999999994769135 1,0000000012890002 1,0000000016414214 ), 0
( 0,9999999994670676 1,0000000012537114 1,000000001627223 ), 0
( 0,9999999994220363 1,000000001361973 1,0000000017273576 ), 0
( 0,999999999509073 1,0000000011959107 1,000000001558709 ), 0
( 0,999999999509713 1,0000000012914367 1,000000001604944 ), 0
( 0,9999999994195533 1,0000000013102106 1,0000000016149035 ), 0
( 0,9999999994731195 1,0000000012793873 1,000000001483461 ), 0
( 0,9999999995790833 1,0000000014311181 1,000000001564989 ), 0
( 0,9999999994710513 1,000000001125643 1,0000000015186596 ), 0
( 0,9999999994718103 1,0000000010318393 1,0000000014088701 ), 0
( 0,999999999458065 1,000000001146303 1,000000001455383 ), 0
( 0,9999999994904647 1,0000000013364874 1,00000000169214 ), 0
( 0,9999999994366091 1,0000000012561074 1,0000000016132218 ), 0
( 0,9999999994571421 1,0000000014104364 1,0000000016930863 ), 0
( 0,999999999461964 1,0000000012713175 1,0000000015832542 ), 0
( 0,9999999994469138 1,000000001215104 1,0000000014897494 ), 0
( 0,9999999994341946 1,0000000013109203 1,000000001608609 ), 0
( 0,9999999994635184 1,0000000012731842 1,0000000016773403 ), 0
( 0,9999999995422455 1,0000000014424275 1,0000000015775583 ), 0
( 0,9999999994501546 1,0000000012253498 1,0000000016543704 ), 0
( 0,9999999995042222 1,0000000010898369 1,0000000015121173 ), 0
( 0,9999999993751761 1,000000001327892 1,0000000017066466 ), 0
( 0,9999999994461303 1,0000000012974333 1,000000001689921 ), 0
( 0,9999999994723511 1,000000001331107 1,000000001620257 ), 0
( 0,9999999995555694 1,000000001315907 1,0000000015814505 ), 0
( 0,9999999994999275 1,0000000014039343 1,000000001684466 ), 0
( 0,9999999995047727 1,000000001275938 1,0000000015224364 ), 0
( 0,9999999994863846 1,0000000014364234 1,0000000017489346 ), 0
( 0,9999999995052502 1,0000000012804877 1,0000000015542119 ), 0
( 0,9999999994488544 1,0000000013477046 1,000000001677277 ), 0
( 0,9999999994262054 1,0000000012654844 1,0000000016639143 ), 0
( 0,9999999994582615 1,000000001219876 1,0000000015510186 ), 0
( 0,9999999994185155 1,0000000012928194 1,0000000015379555 ), 0
( 0,9999999994596418 1,0000000012338275 1,0000000015063497 ), 0
( 0,9999999994161416 1,0000000012992154 1,000000001634004 ), 0
( 0,9999999994217827 1,000000001185872 1,0000000015134687 ), 0
( 0,999999999437872 1,0000000012509276 1,000000001627168 ), 0
( 0,9999999994727921 1,0000000011836334 1,0000000015633734 ), 0
( 0,9999999995014559 1,0000000012551622 1,0000000015795136 ), 0
( 0,999999999516749 1,0000000012344707 1,0000000016157649 ), 0
( 0,9999999995562916 1,0000000012499641 1,00000000164729 ), 0
( 0,9999999994425454 1,000000001289064 1,0000000016281931 ), 0
( 0,9999999994353829 1,000000001225971 1,0000000014885175 ), 0
( 0,9999999994083424 1,0000000013633261 1,0000000016409765 ), 0
( 0,9999999994659685 1,0000000012499262 1,0000000016461628 ), 0
( 0,9999999994414317 1,0000000012115267 1,000000001464346 ), 0
( 0,9999999994455886 1,0000000012338688 1,0000000015691324 ), 0
( 0,9999999995044122 1,0000000013392776 1,000000001598214 ), 0
( 0,9999999994208485 1,0000000010947772 1,0000000015438 ), 0
( 0,9999999994051075 1,0000000012073917 1,0000000015259733 ), 0
( 0,9999999995031739 1,0000000012807984 1,0000000015668538 ), 0
( 0,999999999474314 1,0000000013132115 1,0000000016252653 ), 0
( 0,9999999994870511 1,0000000012774852 1,0000000015247157 ), 0
( 0,9999999995368335 1,0000000013318702 1,000000001633341 ), 0
( 0,9999999995248439 1,0000000012796935 1,0000000015913382 ), 0
( 0,9999999994796234 1,0000000012679464 1,0000000016115265 ), 0
( 0,9999999993815128 1,0000000012274746 1,0000000016379187 ), 0
( 0,9999999994234529 1,0000000012795507 1,0000000015601385 ), 0
( 0,9999999994844279 1,000000001315762 1,0000000015777206 ), 0
( 0,9999999995451201 1,0000000013409338 1,0000000014900918 ), 0
( 0,9999999994995081 1,0000000013947927 1,0000000016264237 ), 0
( 0,9999999994996922 1,0000000012546124 1,000000001578237 ), 0
( 0,9999999994778147 1,0000000012406687 1,0000000015762651 ), 0
( 0,9999999994445492 1,0000000012995098 1,0000000016586237 ), 0
( 0,99999999947819 1,0000000012966253 1,0000000016121495 ), 0
( 0,9999999995018067 1,0000000012297003 1,000000001594002 ), 0
( 0,9999999994721734 1,0000000011744086 1,0000000014474768 ), 0
( 0,9999999994621623 1,0000000012530632 1,0000000015902477 ), 0
( 0,9999999995297694 1,0000000013754609 1,0000000016525783 ), 0
( 0,9999999995372857 1,0000000013210282 1,000000001617515 ), 0
( 0,9999999994693253 1,0000000012639205 1,000000001640106 ), 0
( 0,9999999994375419 1,000000001279489 1,0000000015976456 ), 0
( 0,9999999994515011 1,0000000012488475 1,0000000015803825 ), 0
( 0,9999999995577524 1,0000000013237513 1,0000000017071957 ), 0
( 0,9999999994831438 1,000000001447337 1,000000001665942 ), 0
( 0,9999999994514581 1,0000000013207737 1,0000000016792836 ), 0
( 0,9999999994623093 1,0000000012823196 1,0000000016591628 ), 0
( 0,9999999994709399 1,0000000013243742 1,0000000016271775 ), 0
( 0,999999999471809 1,0000000013722092 1,0000000016672852 ), 0
( 0,9999999994409694 1,0000000013129142 1,0000000016425223 ), 0
( 0,9999999994662372 1,0000000012644685 1,0000000016182338 ), 0
( 0,9999999994192064 1,000000001324173 1,000000001599144 ), 0
( 0,9999999994536463 1,0000000013004047 1,0000000016136261 ), 0
( 0,999999999521395 1,0000000012298185 1,0000000015461894 ), 0
( 0,9999999994620169 1,000000001334613 1,000000001596491 ), 0
( 0,9999999994795061 1,0000000012837902 1,0000000015550317 ), 0
( 0,9999999993567126 1,0000000014091555 1,000000001855756 ), 0
( 0,9999999994682659 1,0000000013352308 1,0000000015834172 ), 0
( 0,9999999994175667 1,0000000012770145 1,0000000017595398 ), 0
( 0,9999999994845928 1,00000000132439 1,0000000016038577 ), 0
( 0,9999999995743994 1,000000001154728 1,0000000015559358 ), 0
( 0,9999999994595826 1,0000000013027317 1,0000000015140775 ), 0
( 0,9999999995908015 1,0000000011886603 1,0000000014760206 ), 0
( 0,9999999994384525 1,0000000012519996 1,0000000014465025 ), 0
( 0,9999999993821973 1,000000001217591 1,0000000015132633 ), 0
( 0,9999999994084917 1,000000001240668 1,0000000016749448 ), 0
( 0,9999999994867964 1,000000001248395 1,0000000016224488 ), 0
( 0,9999999994597497 1,0000000012308086 1,00000000151815 ), 0
( 0,999999999368564 1,0000000012783146 1,0000000016686907 ), 0
( 0,9999999994240465 1,0000000012499357 1,0000000016525021 ), 0
( 0,9999999994669481 1,0000000012152899 1,0000000015456842 ), 0
( 0,9999999994809687 1,0000000012204213 1,000000001550937 ), 0
( 0,9999999994634126 1,0000000012730026 1,0000000016132542 ), 0
( 0,9999999995070511 1,000000001387019 1,000000001656628 ), 0
( 0,9999999994099374 1,000000001301544 1,0000000016262152 ), 0
( 0,9999999994673952 1,0000000011973522 1,0000000015678023 ), 0
( 0,9999999995367059 1,000000001232476 1,0000000016608726 ), 0
( 0,9999999993974958 1,000000001230632 1,0000000015778514 ), 0
( 0,9999999995492405 1,0000000012486328 1,0000000015456065 ), 0
( 0,9999999994461882 1,0000000012831818 1,0000000016091521 ), 0
( 0,9999999994437465 1,0000000012982595 1,000000001642029 ), 0
( 0,9999999994723106 1,000000001219986 1,0000000015844661 ), 0
( 0,9999999994372686 1,000000001272539 1,000000001597762 ), 0
( 0,9999999995156142 1,00000000114806 1,000000001552564 ), 0
( 0,9999999994219029 1,0000000012475576 1,0000000016631683 ), 0
( 0,9999999994526184 1,0000000012919852 1,0000000016338735 ), 0
( 0,9999999994334674 1,000000001350852 1,000000001521652 ), 0
( 0,9999999993995713 1,0000000013558115 1,0000000016259274 ), 0
( 0,9999999995562963 1,0000000010686576 1,0000000014655293 ), 0
( 0,9999999995593125 1,0000000012703691 1,0000000016157913 ), 0
( 0,9999999994671823 1,0000000012254608 1,0000000015276524 ), 0
( 0,999999999500956 1,0000000013471309 1,000000001640448 ), 0
( 0,9999999994409486 1,000000001327968 1,0000000016741737 ), 0
( 0,9999999995386644 1,0000000012002408 1,0000000015008466 ), 0
( 0,9999999994332542 1,0000000012603256 1,000000001608282 ), 0
( 0,9999999994891422 1,0000000013316035 1,000000001625163 ), 0
( 0,999999999447432 1,000000001390789 1,0000000015912005 ), 0
( 0,9999999995169848 1,0000000012057104 1,0000000016209014 ), 0
( 0,9999999994798452 1,0000000012348012 1,000000001643178 ), 0
( 0,9999999994215705 1,0000000012912604 1,0000000015994528 ), 0
( 0,9999999994369614 1,0000000012789902 1,000000001592824 ), 0
( 0,9999999994610653 1,00000000129093 1,000000001607787 ), 0
( 0,9999999995168948 1,0000000012015953 1,0000000015106607 ), 0
( 0,9999999995794198 1,0000000011578396 1,000000001466606 ), 0
( 0,9999999994333214 1,0000000013440413 1,0000000017059385 ), 0
( 0,9999999994415382 1,000000001289761 1,0000000016139856 ), 0
( 0,9999999994942664 1,000000001218633 1,0000000014624393 ), 0
( 0,9999999993886307 1,000000001317643 1,0000000016264665 ), 0
( 0,9999999995436917 1,0000000013159316 1,0000000016070152 ), 0
( 0,9999999994827868 1,0000000010855787 1,000000001503078 ), 0
( 0,9999999994962846 1,0000000012552452 1,0000000016627386 ), 0
( 0,999999999457999 1,000000001280803 1,0000000015915378 ), 0
( 0,9999999995325277 1,0000000013441601 1,0000000015526438 ), 0
( 0,9999999994814254 1,000000001262571 1,0000000015793198 ), 0
( 0,9999999995428789 1,0000000012353016 1,0000000014799864 ), 0
( 0,999999999518501 1,0000000014057486 1,0000000016741413 ), 0
( 0,9999999994801985 1,0000000011379115 1,0000000015284907 ), 0
( 0,9999999994241929 1,000000001239129 1,0000000016103878 ), 0
( 0,9999999994543836 1,0000000013628747 1,0000000017477106 ), 0
( 0,9999999994029568 1,0000000013413581 1,0000000018061175 ), 0
( 0,9999999994497545 1,0000000012441281 1,0000000016946546 ), 0
( 0,9999999994904468 1,0000000012056338 1,000000001464202 ), 0
( 0,9999999994134772 1,0000000012948929 1,0000000016632447 ), 0
( 0,9999999994655994 1,0000000012671164 1,0000000016249266 ), 0
( 0,9999999994861029 1,0000000012021184 1,00000000149898 ), 0
( 0,9999999993878772 1,0000000012636083 1,0000000016173456 ), 0
( 0,9999999993920747 1,0000000012837418 1,0000000016931767 ), 0
( 0,9999999994816983 1,0000000013171162 1,0000000016342854 ), 0
( 0,9999999995612343 1,0000000012473602 1,0000000015370434 ), 0
( 0,9999999994675713 1,0000000012926236 1,0000000016293713 ), 0
( 0,9999999994945653 1,0000000011883585 1,00000000148545 ), 0
( 0,9999999995371418 1,0000000012265609 1,0000000015843897 ), 0
( 0,9999999994892985 1,0000000012428993 1,0000000015136812 ), 0
( 0,9999999994579112 1,000000001282988 1,0000000016060775 ), 0
( 0,9999999994753848 1,0000000011969163 1,0000000015701431 ), 0
( 0,9999999994977948 1,0000000011691692 1,0000000016008381 ), 0
( 0,9999999994778828 1,0000000012508916 1,0000000015183128 ), 0
( 0,9999999994877722 1,0000000012159034 1,0000000016292045 ), 0
( 0,9999999994463775 1,000000001180217 1,0000000014913681 ), 0
( 0,9999999994779583 1,0000000013208814 1,000000001672111 ), 0
( 0,9999999994818181 1,0000000012686405 1,0000000015620605 ), 0
( 0,9999999993210934 1,0000000013293688 1,0000000016083952 ), 0
( 0,9999999994700391 1,0000000012873669 1,0000000016072927 ), 0
( 0,9999999993847216 1,0000000013181287 1,0000000017056359 ), 0
( 0,9999999994468369 1,000000001349575 1,0000000016474784 ), 0
( 0,9999999994274894 1,0000000012551422 1,0000000016165114 ), 0
( 0,9999999994356715 1,0000000012884698 1,0000000015655626 ), 0
( 0,9999999994758003 1,000000001319292 1,0000000015831247 ), 0
( 0,9999999995215809 1,0000000012654777 1,0000000016522284 ), 0
( 0,9999999994903023 1,0000000013141839 1,0000000016285282 ), 0
( 0,9999999995040673 1,000000001194464 1,0000000015317398 ), 0
( 0,9999999994684906 1,0000000011135133 1,0000000015845807 ), 0
( 0,9999999994438012 1,0000000013149273 1,0000000016605008 ), 0
( 0,9999999994821072 1,0000000010732675 1,0000000015189896 ), 0
( 0,9999999993632531 1,0000000012710073 1,0000000015384374 ), 0
( 0,9999999994080584 1,0000000012916102 1,0000000015421433 ), 0
( 0,9999999993928611 1,000000001289544 1,0000000015704735 ), 0
( 0,999999999432916 1,0000000013184491 1,0000000016696406 ), 0
( 0,9999999994408286 1,0000000012856352 1,0000000016598825 ), 0
( 0,9999999994183059 1,0000000013557575 1,0000000016116752 ), 0
( 0,999999999530452 1,0000000013587336 1,0000000017051096 ), 0
( 0,9999999994434946 1,0000000012838484 1,000000001618766 ), 0
( 0,9999999995270585 1,000000001402779 1,0000000017500261 ), 0
( 0,999999999423738 1,0000000012716515 1,0000000015896935 ), 0
( 0,9999999994931986 1,0000000012536132 1,0000000015471529 ), 0
( 0,9999999994703901 1,0000000012332058 1,0000000015842554 ), 0
( 0,9999999994552721 1,0000000012709054 1,0000000015921708 ), 0
( 0,9999999994803006 1,00000000126409 1,0000000016355346 ), 0
( 0,99999999942799 1,0000000012870887 1,00000000161984 ), 0
( 0,9999999995417774 1,0000000013470476 1,0000000016776174 ), 0
( 0,9999999994581361 1,000000001224791 1,0000000014642656 ), 0
( 0,9999999994406824 1,0000000013253167 1,0000000016471713 ), 0
( 0,9999999995765213 1,0000000012313213 1,0000000014973356 ), 0
( 0,9999999994440658 1,000000001284752 1,0000000016390371 ), 0
( 0,9999999994564845 1,0000000013045565 1,0000000015963513 ), 0
( 0,9999999994579175 1,0000000013293364 1,0000000016305899 ), 0
( 0,9999999994184018 1,0000000013786516 1,0000000016511794 ), 0
( 0,9999999994260546 1,0000000012113464 1,0000000015180308 ), 0
( 0,9999999995311872 1,000000001277089 1,0000000015505688 ), 0
( 0,9999999994647842 1,000000001268542 1,0000000015805466 ), 0
( 0,9999999994452388 1,0000000012666619 1,000000001608296 ), 0
( 0,9999999994788187 1,000000001253761 1,0000000016320625 ), 0
( 0,999999999437446 1,0000000013036214 1,0000000015500032 ), 0
( 0,9999999994206602 1,000000001338842 1,0000000016553023 ), 0
( 0,9999999994775365 1,000000001274473 1,0000000015812176 ), 0
( 0,999999999513509 1,0000000012784858 1,00000000161214 ), 0
( 0,9999999995146576 1,000000001292622 1,0000000016832202 ), 0
( 0,9999999994566419 1,000000001209069 1,0000000014892325 ), 0
( 0,9999999995076102 1,0000000013221344 1,0000000016197301 ), 0
( 0,9999999995163574 1,0000000012759795 1,0000000015555386 ), 0
( 0,9999999994282374 1,000000001183109 1,0000000017226824 ), 0
( 0,9999999994249272 1,0000000012706691 1,0000000016019905 ), 0
( 0,9999999994548943 1,0000000013307344 1,0000000016808854 ), 0
( 0,9999999994766848 1,0000000013114951 1,00000000167533 ), 0
( 0,9999999994771773 1,0000000012415777 1,0000000015570385 ), 0
( 0,9999999994257176 1,0000000013314385 1,000000001631824 ), 0
( 0,99999999952567 1,0000000012864672 1,0000000015919888 ), 0
( 0,9999999995372036 1,0000000013424206 1,0000000016428419 ), 0
( 0,9999999994437578 1,0000000013349342 1,000000001636186 ), 0
( 0,9999999994766102 1,0000000012718389 1,0000000015895363 ), 0
( 0,9999999994614013 1,000000001248934 1,0000000016253852 ), 0
( 0,9999999993942168 1,0000000013089336 1,0000000016357202 ), 0
( 0,9999999994605928 1,000000001283578 1,000000001488048 ), 0
( 0,9999999994385821 1,0000000012881947 1,0000000016447654 ), 0
( 0,9999999995105281 1,0000000012646633 1,000000001574559 ), 0
( 0,9999999995491251 1,0000000012956947 1,0000000016593644 ), 0
( 0,9999999995433698 1,0000000011210035 1,0000000016062858 ), 0
( 0,9999999994627138 1,00000000122873 1,0000000015411092 ), 0
( 0,9999999995174681 1,0000000012629136 1,0000000015212904 ), 0
( 0,9999999994048754 1,00000000120053 1,0000000016035637 ), 0
( 0,9999999995387329 1,0000000012227734 1,0000000015569395 ), 0
( 0,999999999510003 1,0000000012011336 1,0000000015387085 ), 0
( 0,999999999476791 1,0000000013218664 1,000000001622066 ), 0
( 0,9999999995000266 1,0000000012754786 1,000000001532946 ), 0
( 0,999999999500281 1,0000000013311336 1,00000000160383 ), 0
( 1,0000000107663207 1,0000008607723443 1,0000008475048696 ), 2,895177431128104E-10
Liczba wywoa funkcji celu: 117058
