Iteracja nr: 86
( 0,9999999994666575 1,000000001267905 1,0000000016013917 ), 0
( 0,9999999994668809 1,0000000012678267 1,0000000016006159 ), 0
( 0,9999999994669599 1,000000001267099 1,000000001601254 ), 0
( 0,9999999994670963 1,0000000012664159 1,0000000015991137 ), 0
( 0,9999999994665337 1,0000000012695247 1,0000000016013348 ), 0
( 0,9999999994662995 1,0000000012686396 1,000000001602948 ), 0
( 0,9999999994671255 1,000000001266558 1,0000000016018376 ), 0
( 0,9999999994668114 1,0000000012676573 1,0000000016014372 ), 0
( 0,9999999994655824 1,0000000012679628 1,000000001601753 ), 0
( 0,9999999994671726 1,0000000012663965 1,0000000016000203 ), 0
( 0,9999999994666793 1,000000001267035 1,0000000016002293 ), 0
( 0,9999999994665638 1,0000000012676045 1,0000000016015846 ), 0
( 0,9999999994667266 1,0000000012687933 1,0000000016020294 ), 0
( 0,9999999994666094 1,0000000012659729 1,0000000015989712 ), 0
( 0,9999999994662264 1,0000000012683206 1,000000001601815 ), 0
( 0,9999999994667109 1,0000000012687347 1,0000000016034871 ), 0
( 0,9999999994662414 1,0000000012696755 1,000000001604672 ), 0
( 0,9999999994661981 1,0000000012664403 1,000000001599735 ), 0
( 0,9999999994667124 1,000000001267897 1,0000000016010466 ), 0
( 0,9999999994665767 1,0000000012680228 1,0000000016020973 ), 0
( 0,9999999994663726 1,0000000012679926 1,0000000016013209 ), 0
( 0,999999999467081 1,0000000012679273 1,0000000016012116 ), 0
( 0,9999999994673635 1,0000000012674721 1,0000000015993875 ), 0
( 0,999999999466666 1,0000000012664154 1,0000000016007293 ), 0
( 0,99999999946601 1,0000000012681616 1,0000000016019508 ), 0
( 0,9999999994661304 1,000000001268435 1,000000001601818 ), 0
( 0,9999999994654971 1,0000000012681174 1,0000000016025803 ), 0
( 0,9999999994666289 1,0000000012685077 1,0000000016023807 ), 0
( 0,9999999994665172 1,0000000012681105 1,000000001602292 ), 0
( 0,9999999994666809 1,000000001268259 1,0000000016014106 ), 0
( 0,9999999994669103 1,000000001266816 1,0000000016002821 ), 0
( 0,9999999994662264 1,0000000012662364 1,0000000016002957 ), 0
( 0,9999999994672549 1,0000000012677042 1,000000001601484 ), 0
( 0,9999999994684273 1,0000000012688406 1,0000000016001012 ), 0
( 0,9999999994660019 1,0000000012678512 1,0000000016019823 ), 0
( 0,9999999994668121 1,0000000012679662 1,0000000016014239 ), 0
( 0,9999999994655505 1,000000001267108 1,0000000016016721 ), 0
( 0,9999999994668063 1,00000000126815 1,0000000016012633 ), 0
( 0,9999999994656308 1,0000000012683763 1,000000001602585 ), 0
( 0,9999999994664419 1,000000001267352 1,0000000016014972 ), 0
( 0,9999999994665532 1,000000001267828 1,0000000016017978 ), 0
( 0,9999999994667804 1,0000000012677763 1,000000001601342 ), 0
( 0,9999999994665786 1,0000000012667185 1,000000001600317 ), 0
( 0,9999999994670348 1,0000000012680024 1,0000000016014048 ), 0
( 0,9999999994666993 1,000000001267247 1,0000000016008315 ), 0
( 0,999999999466217 1,0000000012665482 1,0000000016008435 ), 0
( 0,9999999994665739 1,0000000012684078 1,0000000016016743 ), 0
( 0,9999999994664404 1,0000000012681298 1,0000000016023332 ), 0
( 0,9999999994670223 1,000000001268259 1,000000001601874 ), 0
( 0,9999999994662653 1,000000001266957 1,000000001601174 ), 0
( 0,9999999994663946 1,0000000012673227 1,0000000015993769 ), 0
( 0,999999999466565 1,0000000012669876 1,0000000016005741 ), 0
( 0,9999999994670039 1,0000000012674624 1,0000000016016988 ), 0
( 0,9999999994667846 1,000000001267843 1,0000000016026167 ), 0
( 0,9999999994671163 1,0000000012680479 1,000000001601616 ), 0
( 0,999999999466287 1,0000000012684462 1,0000000016026136 ), 0
( 0,9999999994670612 1,0000000012678854 1,0000000016025554 ), 0
( 0,9999999994665594 1,0000000012676422 1,0000000016022437 ), 0
( 0,9999999994667335 1,0000000012680528 1,000000001602079 ), 0
( 0,9999999994662202 1,0000000012675563 1,0000000016014252 ), 0
( 0,9999999994659775 1,0000000012676484 1,0000000016026913 ), 0
( 0,9999999994670434 1,0000000012685522 1,0000000016017012 ), 0
( 0,9999999994664008 1,0000000012676837 1,0000000016014625 ), 0
( 0,9999999994663206 1,0000000012678378 1,0000000016014627 ), 0
( 0,9999999994669231 1,0000000012667662 1,0000000016009247 ), 0
( 0,9999999994664572 1,0000000012675314 1,000000001599836 ), 0
( 0,9999999994658247 1,000000001268348 1,0000000016009567 ), 0
( 0,9999999994663101 1,0000000012662502 1,000000001599816 ), 0
( 0,9999999994668031 1,0000000012680257 1,0000000016008193 ), 0
( 0,9999999994670171 1,0000000012679033 1,0000000016008863 ), 0
( 0,9999999994660436 1,0000000012680752 1,0000000016014836 ), 0
( 0,9999999994669742 1,000000001267457 1,0000000016033042 ), 0
( 0,999999999466407 1,0000000012684898 1,0000000016022834 ), 0
( 0,9999999994665572 1,0000000012676957 1,0000000016017374 ), 0
( 0,999999999466415 1,0000000012675743 1,0000000016017463 ), 0
( 0,9999999994667914 1,0000000012681074 1,000000001601589 ), 0
( 0,9999999994669745 1,00000000126814 1,00000000160241 ), 0
( 0,9999999994662303 1,0000000012686738 1,0000000016026587 ), 0
( 0,9999999994665933 1,000000001265832 1,0000000015999442 ), 0
( 0,999999999466753 1,0000000012693706 1,0000000016016513 ), 0
( 0,999999999466228 1,0000000012675003 1,0000000016003805 ), 0
( 0,9999999994670012 1,000000001268082 1,0000000016010564 ), 0
( 0,9999999994672477 1,0000000012678418 1,0000000016007842 ), 0
( 0,9999999994665627 1,0000000012678765 1,00000000160244 ), 0
( 0,999999999466762 1,0000000012679713 1,0000000016009636 ), 0
( 0,9999999994666585 1,0000000012686205 1,0000000016013924 ), 0
( 0,9999999994661855 1,000000001267355 1,0000000016001378 ), 0
( 0,9999999994666754 1,0000000012678805 1,0000000016025135 ), 0
( 0,9999999994667591 1,000000001267215 1,0000000016005743 ), 0
( 0,9999999994673316 1,0000000012678703 1,0000000016004553 ), 0
( 0,9999999994664205 1,0000000012688641 1,0000000016020372 ), 0
( 0,9999999994686151 1,0000000012687718 1,0000000015997144 ), 0
( 0,9999999994669384 1,0000000012685035 1,0000000016026218 ), 0
( 0,9999999994663027 1,000000001267629 1,0000000016026136 ), 0
( 0,9999999994666274 1,0000000012684327 1,0000000016019606 ), 0
( 0,9999999994666849 1,0000000012671943 1,0000000016018487 ), 0
( 0,9999999994661425 1,000000001267853 1,0000000016018264 ), 0
( 0,9999999994662458 1,0000000012669872 1,0000000015992145 ), 0
( 0,9999999994670236 1,0000000012686905 1,00000000160225 ), 0
( 0,9999999994675844 1,0000000012672856 1,0000000016006274 ), 0
( 0,9999999994665707 1,000000001268622 1,0000000016020412 ), 0
( 0,999999999466927 1,000000001268034 1,0000000016011583 ), 0
( 0,9999999994659737 1,0000000012693058 1,0000000016020383 ), 0
( 0,9999999994663188 1,0000000012674854 1,000000001602068 ), 0
( 0,9999999994667446 1,0000000012678032 1,000000001601141 ), 0
( 0,999999999466868 1,0000000012678463 1,000000001602686 ), 0
( 0,9999999994668557 1,000000001268272 1,000000001601354 ), 0
( 0,9999999994664254 1,000000001267313 1,00000000160147 ), 0
( 0,9999999994665477 1,0000000012678882 1,000000001600379 ), 0
( 0,9999999994669634 1,0000000012674597 1,0000000016019475 ), 0
( 0,9999999994674846 1,000000001268846 1,000000001602079 ), 0
( 0,9999999994666064 1,000000001268036 1,0000000016019521 ), 0
( 0,9999999994664097 1,0000000012690118 1,0000000016035748 ), 0
( 0,9999999994665868 1,000000001267947 1,000000001601932 ), 0
( 0,9999999994670011 1,0000000012668546 1,0000000015995234 ), 0
( 0,9999999994670503 1,0000000012683803 1,0000000016020634 ), 0
( 0,9999999994668283 1,000000001268711 1,0000000016017725 ), 0
( 0,9999999994668082 1,0000000012681751 1,0000000016004724 ), 0
( 0,999999999466641 1,0000000012684178 1,0000000016024382 ), 0
( 0,999999999466207 1,0000000012688988 1,0000000016014943 ), 0
( 0,9999999994661144 1,0000000012679102 1,0000000016007913 ), 0
( 0,9999999994664635 1,0000000012667316 1,0000000016001134 ), 0
( 0,9999999994664345 1,0000000012679082 1,0000000016012573 ), 0
( 0,9999999994669497 1,0000000012680204 1,0000000015998067 ), 0
( 0,9999999994666445 1,0000000012688466 1,0000000016026753 ), 0
( 0,9999999994653448 1,0000000012681562 1,000000001602975 ), 0
( 0,9999999994666654 1,0000000012654684 1,0000000015985568 ), 0
( 0,9999999994665307 1,0000000012673476 1,000000001600839 ), 0
( 0,9999999994669945 1,0000000012690726 1,0000000016027428 ), 0
( 0,999999999466817 1,000000001266998 1,0000000016014414 ), 0
( 0,999999999466118 1,0000000012683454 1,0000000016042285 ), 0
( 0,9999999994668348 1,0000000012682067 1,0000000016018562 ), 0
( 0,9999999994667976 1,00000000126686 1,0000000015998816 ), 0
( 0,9999999994681162 1,0000000012671144 1,0000000015995414 ), 0
( 0,9999999994666704 1,0000000012687382 1,0000000016033168 ), 0
( 0,9999999994665283 1,0000000012687948 1,000000001602563 ), 0
( 0,9999999994662819 1,0000000012674122 1,000000001599459 ), 0
( 0,9999999994662335 1,0000000012678205 1,0000000016015964 ), 0
( 0,999999999466434 1,0000000012670873 1,000000001600647 ), 0
( 0,9999999994665663 1,0000000012675694 1,000000001600613 ), 0
( 0,9999999994662965 1,0000000012675994 1,0000000016011523 ), 0
( 0,99999999946706 1,0000000012678032 1,0000000016008581 ), 0
( 0,9999999994672278 1,0000000012677164 1,0000000016013628 ), 0
( 0,9999999994667218 1,0000000012685377 1,0000000016020318 ), 0
( 0,9999999994665689 1,0000000012687746 1,0000000016026203 ), 0
( 0,9999999994668713 1,0000000012671733 1,0000000016017883 ), 0
( 0,9999999994672426 1,0000000012680639 1,0000000016010158 ), 0
( 0,9999999994666455 1,0000000012671297 1,0000000015999642 ), 0
( 0,9999999994666112 1,0000000012677284 1,0000000016022672 ), 0
( 0,9999999994662936 1,000000001265895 1,0000000015995627 ), 0
( 0,9999999994671185 1,0000000012675552 1,0000000016002892 ), 0
( 0,9999999994663096 1,0000000012680306 1,0000000016013322 ), 0
( 0,9999999994663672 1,0000000012675472 1,0000000016011898 ), 0
( 0,9999999994671609 1,0000000012667387 1,0000000016006785 ), 0
( 0,9999999994666169 1,0000000012667265 1,0000000016012054 ), 0
( 0,9999999994661434 1,0000000012677328 1,0000000016009731 ), 0
( 0,9999999994667018 1,0000000012671664 1,0000000016017068 ), 0
( 0,9999999994670192 1,0000000012680696 1,0000000016020147 ), 0
( 0,9999999994662091 1,000000001267919 1,0000000016022146 ), 0
( 0,9999999994669174 1,0000000012679628 1,0000000016021868 ), 0
( 0,9999999994661087 1,0000000012685653 1,0000000016013544 ), 0
( 0,9999999994659181 1,0000000012669137 1,0000000016005375 ), 0
( 0,9999999994664028 1,000000001267244 1,0000000016012105 ), 0
( 0,9999999994656139 1,0000000012685182 1,0000000016012613 ), 0
( 0,9999999994664216 1,0000000012670405 1,0000000016009944 ), 0
( 0,9999999994663823 1,00000000126719 1,0000000016008495 ), 0
( 0,9999999994668916 1,000000001267514 1,000000001600138 ), 0
( 0,9999999994664507 1,000000001267935 1,0000000016000166 ), 0
( 0,9999999994661803 1,0000000012680033 1,000000001603113 ), 0
( 0,9999999994668776 1,0000000012678174 1,0000000016016661 ), 0
( 0,9999999994658586 1,000000001268299 1,000000001602096 ), 0
( 0,999999999466813 1,0000000012662258 1,000000001600498 ), 0
( 0,9999999994666426 1,0000000012660644 1,0000000015991588 ), 0
( 0,9999999994666052 1,0000000012681916 1,0000000016017805 ), 0
( 0,9999999994669984 1,00000000126739 1,0000000016018857 ), 0
( 0,9999999994662258 1,0000000012688477 1,0000000016020603 ), 0
( 0,9999999994664777 1,0000000012678623 1,0000000016016477 ), 0
( 0,9999999994668165 1,00000000126932 1,000000001601108 ), 0
( 0,9999999994661496 1,000000001267581 1,0000000016015862 ), 0
( 0,9999999994659391 1,0000000012679426 1,0000000016021655 ), 0
( 0,99999999946672 1,0000000012675483 1,0000000016012938 ), 0
( 0,9999999994666521 1,0000000012685069 1,0000000016013137 ), 0
( 0,9999999994668123 1,0000000012686094 1,0000000016019852 ), 0
( 0,9999999994672898 1,0000000012688322 1,000000001600488 ), 0
( 0,9999999994666127 1,000000001267533 1,000000001601686 ), 0
( 0,9999999994665737 1,0000000012678405 1,0000000016018775 ), 0
( 0,9999999994661164 1,0000000012683528 1,0000000016023036 ), 0
( 0,9999999994666997 1,0000000012672956 1,000000001599895 ), 0
( 0,9999999994662246 1,0000000012679016 1,0000000016000137 ), 0
( 0,99999999946651 1,000000001268312 1,0000000016015147 ), 0
( 0,9999999994665616 1,0000000012673012 1,0000000016034702 ), 0
( 0,9999999994669915 1,000000001268298 1,000000001602538 ), 0
( 0,9999999994657122 1,0000000012682069 1,000000001601659 ), 0
( 0,9999999994657943 1,000000001270118 1,0000000016016053 ), 0
( 0,9999999994669233 1,000000001268873 1,0000000016018347 ), 0
( 0,9999999994661767 1,0000000012680108 1,000000001601785 ), 0
( 0,9999999994661556 1,0000000012674484 1,0000000016012043 ), 0
( 0,9999999994657051 1,0000000012676433 1,0000000016012596 ), 0
( 0,9999999994669888 1,0000000012695862 1,0000000016032102 ), 0
( 0,9999999994663877 1,000000001267792 1,0000000016010975 ), 0
( 0,9999999994674866 1,0000000012673802 1,000000001600269 ), 0
( 0,999999999466812 1,000000001267697 1,0000000016016504 ), 0
( 0,9999999994666777 1,0000000012673944 1,000000001600637 ), 0
( 0,9999999994667461 1,000000001264858 1,0000000015985435 ), 0
( 0,9999999994661848 1,0000000012694465 1,0000000016023858 ), 0
( 0,9999999994665343 1,0000000012655061 1,0000000015996537 ), 0
( 0,9999999994662341 1,0000000012687473 1,000000001602596 ), 0
( 0,9999999994666222 1,0000000012685322 1,0000000016020894 ), 0
( 0,9999999994664078 1,0000000012684376 1,0000000016022152 ), 0
( 0,999999999466342 1,0000000012679964 1,0000000016008814 ), 0
( 0,9999999994666398 1,0000000012662558 1,0000000016006347 ), 0
( 0,9999999994669129 1,0000000012684656 1,0000000016016681 ), 0
( 0,9999999994664129 1,000000001267549 1,0000000016010455 ), 0
( 0,9999999994668776 1,0000000012688868 1,0000000016017903 ), 0
( 0,9999999994665717 1,0000000012666859 1,0000000016001005 ), 0
( 0,9999999994660603 1,0000000012675458 1,0000000016013022 ), 0
( 0,9999999994663396 1,0000000012682975 1,000000001602738 ), 0
( 0,9999999994662612 1,0000000012682901 1,0000000016016826 ), 0
( 0,99999999946682 1,0000000012675545 1,0000000016023347 ), 0
( 0,9999999994666425 1,0000000012665295 1,0000000016013422 ), 0
( 0,999999999466952 1,0000000012683248 1,0000000016024886 ), 0
( 0,9999999994663723 1,00000000126749 1,000000001601034 ), 0
( 0,9999999994667963 1,0000000012676213 1,0000000016006512 ), 0
( 0,999999999466809 1,0000000012678023 1,0000000016017658 ), 0
( 0,9999999994667377 1,0000000012693677 1,0000000016024702 ), 0
( 0,9999999994667441 1,0000000012673866 1,00000000160115 ), 0
( 0,999999999466594 1,0000000012673582 1,0000000016010295 ), 0
( 0,9999999994661191 1,000000001267534 1,000000001600591 ), 0
( 0,9999999994666742 1,0000000012690877 1,0000000016022146 ), 0
( 0,9999999994669373 1,0000000012670056 1,0000000016009114 ), 0
( 0,9999999994667488 1,0000000012684787 1,0000000016009583 ), 0
( 0,9999999994669263 1,0000000012665027 1,000000001600756 ), 0
( 0,999999999466462 1,00000000126818 1,0000000016029547 ), 0
( 0,9999999994670833 1,0000000012687436 1,0000000016025798 ), 0
( 0,9999999994665846 1,0000000012684989 1,0000000016021127 ), 0
( 0,9999999994662608 1,0000000012667232 1,0000000016002752 ), 0
( 0,999999999467443 1,0000000012691859 1,0000000016025243 ), 0
( 0,9999999994676785 1,0000000012674075 1,0000000016002277 ), 0
( 0,9999999994666748 1,0000000012680756 1,0000000016010522 ), 0
( 0,9999999994667773 1,000000001266069 1,000000001599402 ), 0
( 0,9999999994658213 1,0000000012683077 1,0000000016012032 ), 0
( 0,9999999994668646 1,0000000012677717 1,0000000015996233 ), 0
( 0,9999999994662041 1,0000000012683194 1,000000001602948 ), 0
( 0,9999999994667415 1,00000000126793 1,0000000016005888 ), 0
( 0,9999999994662166 1,0000000012675225 1,0000000016010202 ), 0
( 0,9999999994667299 1,0000000012666674 1,000000001599901 ), 0
( 0,9999999994667758 1,0000000012675523 1,0000000016009072 ), 0
( 0,9999999994665348 1,0000000012684975 1,0000000016024575 ), 0
( 0,9999999994665898 1,0000000012691388 1,0000000016030774 ), 0
( 0,9999999994663578 1,0000000012671564 1,0000000016008115 ), 0
( 0,9999999994667238 1,0000000012656995 1,0000000015989359 ), 0
( 0,999999999465615 1,0000000012681256 1,000000001601916 ), 0
( 0,9999999994664461 1,0000000012675283 1,0000000016000679 ), 0
( 0,9999999994672598 1,0000000012683554 1,0000000016008896 ), 0
( 0,9999999994665865 1,0000000012677615 1,0000000016023147 ), 0
( 0,9999999994663925 1,0000000012676424 1,0000000016012778 ), 0
( 0,9999999994665586 1,0000000012673398 1,0000000016006372 ), 0
( 0,9999999994663683 1,0000000012671555 1,0000000016003094 ), 0
( 0,9999999994663711 1,000000001267793 1,000000001601349 ), 0
( 0,9999999994665084 1,000000001268477 1,0000000016019706 ), 0
( 0,9999999994668949 1,0000000012683667 1,0000000016019492 ), 0
( 0,9999999994667821 1,0000000012683676 1,0000000016014217 ), 0
( 0,9999999994668355 1,0000000012684078 1,0000000016020356 ), 0
( 0,9999999994656015 1,00000000126851 1,0000000016031756 ), 0
( 0,9999999994667402 1,000000001267436 1,000000001601839 ), 0
( 0,9999999994658019 1,0000000012677968 1,0000000016005033 ), 0
( 0,9999999994666233 1,0000000012680006 1,0000000016022164 ), 0
( 0,9999999994662678 1,0000000012662253 1,0000000015994028 ), 0
( 0,999999999466779 1,0000000012679826 1,0000000016007775 ), 0
( 0,9999999994666896 1,000000001268965 1,0000000016020039 ), 0
( 0,9999999994665878 1,0000000012668668 1,0000000016002404 ), 0
( 0,9999999994668504 1,0000000012670984 1,0000000016012385 ), 0
( 0,9999999994665912 1,0000000012684365 1,0000000016016801 ), 0
( 0,9999999994661368 1,0000000012682932 1,0000000016014055 ), 0
( 0,9999999994659664 1,0000000012668044 1,000000001600065 ), 0
( 0,9999999994664219 1,0000000012671177 1,0000000016007315 ), 0
( 0,9999999994667569 1,0000000012688883 1,000000001601614 ), 0
( 0,9999999994661403 1,0000000012672474 1,0000000016006674 ), 0
( 0,9999999994664089 1,0000000012675394 1,0000000016001356 ), 0
( 0,9999999994664117 1,0000000012678085 1,0000000016010415 ), 0
( 0,9999999994668191 1,000000001268269 1,0000000016006803 ), 0
( 0,999999999466541 1,0000000012679446 1,0000000016029162 ), 0
( 0,9999999994670827 1,0000000012675618 1,000000001601138 ), 0
( 0,9999999994660718 1,0000000012686328 1,0000000016027366 ), 0
( 0,9999999994668568 1,0000000012667765 1,0000000016007735 ), 0
( 0,9999999994668154 1,0000000012681838 1,000000001602366 ), 0
( 0,9999999994663843 1,0000000012684649 1,0000000016013975 ), 0
( 0,9999999994669383 1,000000001267245 1,0000000016012052 ), 0
( 0,9999999994666294 1,00000000126819 1,0000000016019612 ), 0
( 0,9999999994670149 1,0000000012680712 1,0000000016011694 ), 0
( 0,9999999994661691 1,0000000012684793 1,0000000016026325 ), 0
( 0,9999999994666553 1,0000000012668095 1,0000000016003485 ), 0
( 0,9999999994663344 1,0000000012672718 1,0000000016019899 ), 0
( 0,9999999994660608 1,0000000012674937 1,0000000016024087 ), 0
( 0,9999999994666692 1,0000000012681403 1,000000001600858 ), 0
( 0,9999999994657868 1,0000000012677832 1,0000000016021646 ), 0
( 0,999999999466088 1,0000000012684986 1,0000000016022519 ), 0
( 0,9999999994667406 1,0000000012667072 1,0000000016008697 ), 0
( 0,999999999465835 1,000000001267673 1,0000000016023438 ), 0
( 0,9999999994665958 1,0000000012675907 1,000000001600548 ), 0
( 0,9999999994665539 1,000000001267853 1,0000000016019082 ), 0
( 0,9999999994668536 1,0000000012690509 1,0000000016025328 ), 0
( 0,999999999466812 1,000000001269579 1,0000000016014954 ), 0
( 0,9999999994668984 1,0000000012667174 1,0000000016004251 ), 0
( 0,9999999994670834 1,0000000012691574 1,000000001602974 ), 0
( 0,9999999994662674 1,0000000012679595 1,0000000016021875 ), 0
( 0,9999999994662516 1,0000000012687869 1,000000001602141 ), 0
( 0,9999999994670309 1,000000001265752 1,0000000015983455 ), 0
( 0,9999999994668002 1,0000000012680992 1,0000000016018995 ), 0
( 0,9999999994669223 1,000000001267822 1,0000000016014994 ), 0
( 0,9999999994664163 1,0000000012678216 1,000000001601277 ), 0
( 0,9999999994660937 1,000000001268667 1,0000000016052921 ), 0
( 0,9999999994664603 1,000000001265715 1,0000000015995558 ), 0
( 0,99999999946697 1,000000001267537 1,0000000016013613 ), 0
( 0,9999999994666962 1,0000000012680714 1,0000000016006179 ), 0
( 0,9999999994663651 1,000000001267896 1,0000000016020214 ), 0
( 0,999999999466149 1,0000000012671901 1,0000000015999009 ), 0
( 0,9999999994665283 1,0000000012680423 1,000000001601073 ), 0
( 0,9999999994661176 1,0000000012668524 1,0000000016019583 ), 0
( 0,9999999994673312 1,000000001267246 1,0000000016005517 ), 0
( 0,9999999994659349 1,0000000012695642 1,0000000016029753 ), 0
( 0,9999999994661091 1,0000000012661363 1,0000000016015445 ), 0
( 0,9999999994663461 1,0000000012682537 1,0000000016019785 ), 0
( 0,9999999994661976 1,0000000012693984 1,0000000016034318 ), 0
( 0,9999999994661596 1,000000001267836 1,000000001601579 ), 0
( 0,999999999466312 1,0000000012684436 1,0000000016016768 ), 0
( 0,9999999994667009 1,0000000012670565 1,0000000016009114 ), 0
( 0,9999999994667115 1,000000001267825 1,0000000016014468 ), 0
( 0,9999999994667592 1,0000000012677501 1,0000000016021298 ), 0
( 0,9999999994661598 1,0000000012686185 1,0000000016035955 ), 0
( 0,9999999994662199 1,0000000012682717 1,0000000016015775 ), 0
( 0,9999999994661951 1,0000000012679344 1,0000000016009563 ), 0
( 0,9999999994676623 1,0000000012680668 1,0000000016015897 ), 0
( 0,9999999994665026 1,000000001267224 1,0000000016008002 ), 0
( 0,9999999994666717 1,000000001268287 1,0000000016023873 ), 0
( 0,9999999994662039 1,0000000012678554 1,000000001602476 ), 0
( 0,9999999994660902 1,0000000012672332 1,0000000016005797 ), 0
( 0,9999999994665504 1,000000001268273 1,0000000016040995 ), 0
( 0,9999999994662959 1,000000001267841 1,0000000016021307 ), 0
( 0,9999999994669092 1,0000000012679597 1,000000001601582 ), 0
( 0,9999999994656471 1,0000000012683083 1,0000000016031247 ), 0
( 0,9999999994666117 1,0000000012671746 1,000000001601389 ), 0
( 0,9999999994671535 1,0000000012676817 1,0000000016019785 ), 0
( 0,999999999467248 1,0000000012672203 1,0000000016019746 ), 0
( 0,9999999994665596 1,0000000012668222 1,000000001602569 ), 0
( 0,9999999994659111 1,0000000012666248 1,0000000016010628 ), 0
( 0,9999999994664702 1,000000001268024 1,0000000016010833 ), 0
( 0,9999999994663152 1,0000000012677128 1,0000000016013522 ), 0
( 0,9999999994667912 1,0000000012666854 1,0000000016011508 ), 0
( 0,9999999994666687 1,0000000012666908 1,0000000015999042 ), 0
( 0,9999999994666425 1,0000000012684815 1,0000000016017578 ), 0
( 0,9999999994662737 1,0000000012679384 1,0000000016010595 ), 0
( 0,9999999994658616 1,0000000012672043 1,0000000016015709 ), 0
( 0,9999999994667806 1,0000000012682315 1,0000000016015185 ), 0
( 0,9999999994665614 1,000000001267852 1,0000000016021404 ), 0
( 0,9999999994671344 1,0000000012670414 1,000000001600483 ), 0
( 0,9999999994663679 1,0000000012682484 1,0000000016024615 ), 0
( 0,9999999994664307 1,0000000012684467 1,000000001602634 ), 0
( 0,9999999994668733 1,0000000012680679 1,0000000016012192 ), 0
( 0,9999999994669326 1,0000000012674375 1,0000000016006092 ), 0
( 0,9999999994666192 1,0000000012678176 1,0000000015999049 ), 0
( 0,9999999994658849 1,000000001268893 1,0000000016026376 ), 0
( 0,9999999994663511 1,0000000012680388 1,0000000016010597 ), 0
( 0,9999999994664255 1,0000000012692007 1,0000000016032302 ), 0
( 0,9999999994667296 1,0000000012691779 1,0000000016012769 ), 0
( 0,9999999994670571 1,0000000012676298 1,0000000016018935 ), 0
( 0,9999999994664854 1,0000000012675185 1,0000000016023058 ), 0
( 0,9999999994670191 1,0000000012669201 1,000000001600914 ), 0
( 0,9999999994667994 1,0000000012685697 1,0000000016020154 ), 0
( 0,9999999994662556 1,0000000012690813 1,0000000016012385 ), 0
( 0,999999999466344 1,0000000012666683 1,0000000016022514 ), 0
( 0,9999999994671098 1,0000000012674093 1,0000000016010153 ), 0
( 0,9999999994666314 1,0000000012680148 1,0000000016014177 ), 0
( 0,9999999994666912 1,0000000012672798 1,000000001599651 ), 0
( 0,9999999994669477 1,000000001267674 1,000000001601562 ), 0
( 0,9999999994665709 1,0000000012671602 1,0000000016015722 ), 0
( 0,999999999466406 1,000000001267093 1,0000000016014168 ), 0
( 0,9999999994664625 1,0000000012688801 1,0000000016023274 ), 0
( 0,9999999994662453 1,0000000012688037 1,000000001602677 ), 0
( 0,9999999994667939 1,0000000012683838 1,0000000016024335 ), 0
( 0,9999999994665296 1,000000001268104 1,0000000016017083 ), 0
( 0,9999999994673618 1,0000000012688826 1,0000000016018304 ), 0
( 0,9999999994675258 1,0000000012669126 1,00000000159918 ), 0
( 0,9999999994668138 1,0000000012672259 1,0000000016022792 ), 0
( 0,9999999994667302 1,0000000012688595 1,000000001601453 ), 0
( 0,9999999994668239 1,0000000012684822 1,0000000016020303 ), 0
( 0,9999999994670551 1,0000000012677603 1,0000000016014814 ), 0
( 0,9999999994670583 1,000000001267934 1,0000000016013495 ), 0
( 0,9999999994659633 1,0000000012677106 1,0000000016018076 ), 0
( 0,9999999994668997 1,000000001267763 1,0000000016015467 ), 0
( 0,9999999994662981 1,0000000012685268 1,0000000016027097 ), 0
( 0,9999999994667932 1,0000000012683283 1,0000000016021715 ), 0
( 0,9999999994669292 1,0000000012662198 1,0000000016002994 ), 0
( 0,9999999994662526 1,0000000012672352 1,0000000016017914 ), 0
( 0,9999999994667457 1,000000001266399 1,0000000015999462 ), 0
( 0,9999999994667551 1,0000000012679404 1,0000000016015023 ), 0
( 0,9999999994661936 1,0000000012683712 1,0000000016024608 ), 0
( 0,9999999994664667 1,0000000012687413 1,0000000016025632 ), 0
( 0,9999999994663686 1,0000000012689614 1,000000001601963 ), 0
( 0,9999999994662401 1,000000001268307 1,000000001600725 ), 0
( 0,9999999994662442 1,0000000012661288 1,0000000016000177 ), 0
( 0,9999999994656561 1,000000001268428 1,0000000016021484 ), 0
( 0,9999999994669652 1,000000001267809 1,0000000016015778 ), 0
( 0,9999999994666756 1,0000000012689962 1,0000000016024677 ), 0
( 0,9999999994664461 1,0000000012681305 1,0000000016018542 ), 0
( 0,9999999994669831 1,000000001267852 1,0000000016008423 ), 0
( 0,9999999994665884 1,0000000012685026 1,0000000016021011 ), 0
( 0,9999999994665475 1,0000000012682722 1,0000000016020696 ), 0
( 0,9999999994663487 1,0000000012678847 1,0000000016017199 ), 0
( 0,9999999994666325 1,000000001268095 1,0000000016011454 ), 0
( 0,9999999994666214 1,0000000012683254 1,0000000016027963 ), 0
( 0,99999999946625 1,0000000012689427 1,0000000016024153 ), 0
( 0,9999999994667806 1,0000000012677739 1,0000000016020283 ), 0
( 0,999999999466661 1,0000000012684047 1,000000001600609 ), 0
( 0,9999999994663401 1,0000000012685208 1,0000000016028827 ), 0
( 0,9999999994663613 1,0000000012683707 1,0000000016013189 ), 0
( 0,9999999994665196 1,0000000012686803 1,0000000016021724 ), 0
( 0,9999999994665013 1,0000000012668568 1,0000000016005368 ), 0
( 0,999999999466588 1,0000000012688013 1,0000000016017212 ), 0
( 0,9999999994661496 1,0000000012672505 1,0000000016019988 ), 0
( 0,9999999994668795 1,0000000012680605 1,0000000016014028 ), 0
( 0,9999999994669974 1,000000001267974 1,0000000016014245 ), 0
( 0,9999999994666954 1,000000001268211 1,0000000016019834 ), 0
( 0,9999999994670472 1,0000000012681487 1,0000000016012451 ), 0
( 0,999999999465827 1,0000000012669321 1,0000000016015267 ), 0
( 0,9999999994664417 1,000000001268651 1,0000000016020107 ), 0
( 0,9999999994665696 1,0000000012689148 1,00000000160246 ), 0
( 0,9999999994664134 1,0000000012672428 1,0000000016019603 ), 0
( 0,9999999994668359 1,0000000012672188 1,0000000016011639 ), 0
( 0,9999999994681048 1,0000000012683716 1,000000001600941 ), 0
( 0,9999999994668638 1,0000000012669128 1,0000000016003472 ), 0
( 0,9999999994662556 1,0000000012675654 1,0000000016005794 ), 0
( 0,9999999994670329 1,0000000012685581 1,0000000016007542 ), 0
( 0,9999999994670453 1,0000000012674495 1,0000000016003445 ), 0
( 0,9999999994666307 1,000000001268007 1,0000000016018809 ), 0
( 0,999999999466422 1,0000000012680952 1,0000000016017554 ), 0
( 0,999999999466833 1,0000000012686316 1,0000000016021244 ), 0
( 0,9999999994662484 1,000000001267973 1,0000000016024047 ), 0
( 0,9999999994669884 1,000000001267246 1,0000000016015214 ), 0
( 0,9999999994668066 1,0000000012676327 1,000000001601619 ), 0
( 0,9999999994668174 1,0000000012678198 1,000000001601845 ), 0
( 0,9999999994668863 1,0000000012684567 1,0000000016025192 ), 0
( 0,9999999994666441 1,0000000012687031 1,0000000016021122 ), 0
( 0,9999999994669979 1,000000001267779 1,000000001601405 ), 0
( 0,9999999994664733 1,000000001268265 1,0000000016024344 ), 0
( 0,9999999994664786 1,0000000012681034 1,0000000016021509 ), 0
( 0,9999999994661767 1,0000000012691994 1,0000000016026722 ), 0
( 0,9999999994665152 1,0000000012683985 1,0000000016017323 ), 0
( 0,9999999994665663 1,000000001267982 1,0000000016009627 ), 0
( 0,9999999994666632 1,0000000012678922 1,000000001603179 ), 0
( 0,9999999994663527 1,0000000012677885 1,0000000016012198 ), 0
( 0,9999999994667019 1,0000000012682777 1,0000000016013129 ), 0
( 0,9999999994663707 1,000000001268655 1,0000000016022772 ), 0
( 0,9999999994662758 1,000000001268572 1,00000000160261 ), 0
( 0,9999999994663192 1,0000000012675914 1,0000000016014516 ), 0
( 0,9999999994652136 1,0000000012632049 1,0000000015982886 ), 0
( 0,9999999994664001 1,000000001268148 1,0000000016021147 ), 0
( 0,9999999994665586 1,0000000012672061 1,0000000016001254 ), 0
( 0,9999999994663068 1,0000000012678127 1,0000000016018646 ), 0
( 0,9999999994660369 1,0000000012659638 1,0000000016002792 ), 0
( 0,9999999994664572 1,0000000012681487 1,0000000016016497 ), 0
( 0,999999999466924 1,0000000012695756 1,0000000016028914 ), 0
( 0,999999999466842 1,0000000012676455 1,000000001600802 ), 0
( 0,999999999466313 1,0000000012687125 1,0000000016029047 ), 0
( 0,9999999994663125 1,0000000012684238 1,000000001601555 ), 0
( 0,9999999994670362 1,0000000012683008 1,0000000016015513 ), 0
( 0,9999999994661085 1,0000000012686159 1,000000001600543 ), 0
( 0,9999999994665779 1,0000000012692178 1,0000000016029142 ), 0
( 0,9999999994664357 1,000000001268034 1,0000000016013417 ), 0
( 0,9999999994663968 1,000000001269059 1,000000001601518 ), 0
( 0,9999999994659488 1,0000000012691068 1,0000000016033195 ), 0
( 0,9999999994668012 1,0000000012679837 1,000000001601352 ), 0
( 0,9999999994669652 1,0000000012682553 1,000000001601939 ), 0
( 0,9999999994663926 1,00000000126746 1,000000001601066 ), 0
( 0,9999999994670334 1,0000000012674335 1,0000000016020771 ), 0
( 0,999999999466946 1,0000000012677637 1,0000000016012942 ), 0
( 0,9999999994666234 1,000000001267898 1,000000001600693 ), 0
( 0,999999999466672 1,0000000012687527 1,0000000016007893 ), 0
( 0,999999999466243 1,0000000012670383 1,000000001599213 ), 0
( 0,9999999994668364 1,00000000126802 1,0000000016018065 ), 0
( 0,9999999994667971 1,0000000012672299 1,000000001599836 ), 0
( 0,9999999994661782 1,0000000012681138 1,00000000160164 ), 0
( 0,9999999994660949 1,0000000012689254 1,0000000016013126 ), 0
( 0,9999999994665612 1,000000001268507 1,0000000016018955 ), 0
( 0,9999999994671428 1,0000000012680093 1,0000000016009984 ), 0
( 0,9999999994667907 1,0000000012674821 1,000000001601449 ), 0
( 0,9999999994670061 1,0000000012682382 1,0000000016020325 ), 0
( 0,9999999994664068 1,0000000012688446 1,0000000016027126 ), 0
( 0,9999999994662853 1,0000000012695194 1,0000000016025035 ), 0
( 0,9999999994665935 1,000000001267686 1,0000000016018336 ), 0
( 0,999999999466147 1,0000000012686097 1,0000000016014243 ), 0
( 0,9999999994662344 1,0000000012689827 1,0000000016032171 ), 0
( 0,9999999994670696 1,0000000012670176 1,000000001600984 ), 0
( 0,9999999994662245 1,0000000012675148 1,0000000016016632 ), 0
( 0,9999999994660203 1,0000000012689965 1,0000000016027684 ), 0
( 0,9999999994654734 1,0000000012682915 1,0000000016012216 ), 0
( 0,9999999994668408 1,000000001268351 1,0000000016014652 ), 0
( 0,9999999994673171 1,000000001267671 1,0000000016013102 ), 0
( 0,9999999994666336 1,0000000012672727 1,0000000016013282 ), 0
( 0,9999999994669321 1,000000001268579 1,0000000016017678 ), 0
( 0,9999999994672986 1,000000001266259 1,0000000015999289 ), 0
( 0,9999999994673163 1,0000000012683707 1,000000001601269 ), 0
( 0,9999999994662591 1,000000001268076 1,0000000016003059 ), 0
( 0,9999999994665899 1,0000000012680628 1,0000000016026862 ), 0
( 0,999999999466621 1,0000000012677221 1,0000000016010742 ), 0
( 0,9999999994662485 1,0000000012683319 1,0000000016016812 ), 0
( 0,9999999994666355 1,00000000126754 1,0000000016002561 ), 0
( 0,9999999994666947 1,0000000012677897 1,0000000016015338 ), 0
( 0,9999999994666243 1,000000001267972 1,000000001600936 ), 0
( 0,9999999994666049 1,0000000012674468 1,0000000016000492 ), 0
( 0,9999999994657386 1,000000001267282 1,000000001601877 ), 0
( 0,9999999994657028 1,0000000012667862 1,0000000016027024 ), 0
( 0,9999999994661826 1,0000000012664774 1,0000000016005235 ), 0
( 0,9999999994664518 1,0000000012672028 1,0000000016015305 ), 0
( 0,9999999994664149 1,0000000012681982 1,0000000016012618 ), 0
( 0,9999999994660838 1,000000001267828 1,0000000016014245 ), 0
( 0,9999999994674119 1,0000000012676074 1,0000000016014188 ), 0
( 0,9999999994662612 1,0000000012680417 1,0000000016017243 ), 0
( 0,9999999994669384 1,000000001268238 1,0000000016016906 ), 0
( 0,9999999994663866 1,0000000012679264 1,000000001600568 ), 0
( 0,9999999994668839 1,0000000012678703 1,000000001601627 ), 0
( 0,9999999994662792 1,0000000012679748 1,0000000016016795 ), 0
( 0,9999999994661873 1,0000000012676544 1,00000000160057 ), 0
( 0,9999999994667013 1,0000000012683326 1,0000000016012935 ), 0
( 0,9999999994667617 1,0000000012667987 1,000000001600751 ), 0
( 0,999999999466651 1,0000000012663977 1,0000000016007615 ), 0
( 0,9999999994675127 1,0000000012686039 1,0000000016028345 ), 0
( 0,9999999994665091 1,000000001268362 1,0000000016022201 ), 0
( 0,9999999994669211 1,0000000012676553 1,0000000016006325 ), 0
( 0,9999999994666838 1,000000001267555 1,0000000016006128 ), 0
( 0,9999999994669659 1,0000000012682335 1,0000000016018908 ), 0
( 0,9999999994663102 1,0000000012688606 1,0000000016024306 ), 0
( 0,9999999994666889 1,0000000012673183 1,0000000016021753 ), 0
( 0,999999999466351 1,000000001266779 1,0000000016011792 ), 0
( 0,9999999994665761 1,0000000012677652 1,0000000016003674 ), 0
( 0,9999999994664621 1,0000000012682175 1,0000000016015307 ), 0
( 0,999999999466586 1,0000000012667454 1,000000001600934 ), 0
( 0,9999999994696439 1,0000000012686912 1,000000001598675 ), 0
( 0,999999999467538 1,0000000012675399 1,0000000016006665 ), 0
( 0,9999999994668188 1,0000000012678674 1,000000001600613 ), 0
( 0,9999999994658201 1,0000000012663495 1,0000000015999768 ), 0
( 0,9999999994672062 1,0000000012679564 1,0000000016007116 ), 0
( 0,9999999994667946 1,0000000012661403 1,000000001599834 ), 0
( 0,9999999994664792 1,000000001268244 1,000000001602374 ), 0
( 0,9999999994664854 1,0000000012684918 1,0000000016013548 ), 0
( 0,9999999994663674 1,000000001267421 1,0000000016016843 ), 0
( 0,9999999994653604 1,0000000012678403 1,0000000016024961 ), 0
( 0,9999999994668446 1,0000000012684576 1,0000000016017903 ), 0
( 0,9999999994666635 1,000000001268916 1,0000000016022843 ), 0
( 0,9999999994666737 1,0000000012663213 1,0000000015990573 ), 0
( 0,9999999994666543 1,0000000012684636 1,0000000016022075 ), 0
( 0,9999999994661408 1,0000000012681536 1,0000000016017652 ), 0
( 0,9999999994666272 1,000000001268486 1,0000000016019202 ), 0
( 0,9999999994664618 1,0000000012688637 1,0000000016018715 ), 0
( 0,9999999994671496 1,000000001268967 1,0000000016037742 ), 0
( 0,9999999994665397 1,0000000012683574 1,0000000016015227 ), 0
( 0,9999999994666818 1,000000001268094 1,000000001601659 ), 0
( 0,9999999994668911 1,0000000012689334 1,0000000016016866 ), 0
( 0,9999999994673416 1,0000000012674266 1,0000000016006787 ), 0
( 0,9999999994672816 1,0000000012675303 1,000000001601001 ), 0
( 0,999999999467507 1,0000000012680346 1,0000000016011965 ), 0
( 0,9999999994662087 1,000000001269309 1,0000000016033277 ), 0
( 0,9999999994661954 1,0000000012681791 1,0000000016033255 ), 0
( 0,9999999994662829 1,0000000012685695 1,0000000016026611 ), 0
( 0,9999999994660559 1,0000000012663304 1,0000000016001365 ), 0
( 0,9999999994668438 1,0000000012670907 1,000000001601517 ), 0
( 0,999999999466857 1,000000001267223 1,0000000016007857 ), 0
( 0,9999999994668745 1,0000000012686403 1,0000000016023007 ), 0
( 0,9999999994667897 1,000000001267686 1,000000001601221 ), 0
( 0,9999999994680389 1,0000000012677195 1,000000001601174 ), 0
( 0,9999999994671176 1,0000000012666288 1,000000001600474 ), 0
( 0,9999999994664399 1,0000000012689942 1,000000001603221 ), 0
( 0,99999999946621 1,0000000012662014 1,0000000015997583 ), 0
( 0,9999999994670126 1,0000000012683008 1,0000000016022754 ), 0
( 0,9999999994667006 1,0000000012676362 1,000000001600745 ), 0
( 0,9999999994667315 1,0000000012675023 1,0000000016009287 ), 0
( 0,9999999994664568 1,000000001267914 1,0000000016022341 ), 0
( 0,999999999466506 1,0000000012680728 1,0000000016017343 ), 0
( 0,9999999994661828 1,0000000012671424 1,000000001600135 ), 0
( 0,9999999994664566 1,0000000012680867 1,000000001601069 ), 0
( 0,9999999994669263 1,0000000012671306 1,0000000016007022 ), 0
( 0,9999999994661594 1,000000001267314 1,0000000016014772 ), 0
( 0,9999999994672893 1,000000001266222 1,0000000016002746 ), 0
( 0,9999999994655759 1,0000000012667722 1,0000000016029629 ), 0
( 0,9999999994669694 1,0000000012680235 1,0000000016016595 ), 0
( 0,999999999466341 1,0000000012673902 1,0000000016013397 ), 0
( 0,9999999994665552 1,0000000012673884 1,0000000016004225 ), 0
( 0,9999999994662161 1,0000000012673815 1,000000001600286 ), 0
( 0,9999999994660983 1,000000001268729 1,0000000016035282 ), 0
( 0,9999999994664358 1,000000001267178 1,000000001600855 ), 0
( 0,9999999994668766 1,0000000012679064 1,0000000016006632 ), 0
( 0,9999999994666278 1,0000000012692685 1,0000000016024508 ), 0
( 0,9999999994670341 1,0000000012682881 1,0000000016016282 ), 0
( 0,9999999994666954 1,000000001268103 1,0000000016021735 ), 0
( 0,9999999994666746 1,0000000012688328 1,0000000016025907 ), 0
( 0,9999999994666777 1,0000000012661772 1,000000001601291 ), 0
( 0,9999999994663054 1,0000000012690102 1,0000000016033967 ), 0
( 0,9999999994672745 1,0000000012665173 1,0000000015994723 ), 0
( 0,9999999994666257 1,0000000012671324 1,0000000016011639 ), 0
( 0,9999999994665636 1,0000000012674783 1,0000000016008173 ), 0
( 0,9999999994666016 1,0000000012673538 1,0000000015998587 ), 0
( 0,9999999994659295 1,0000000012677264 1,0000000016024542 ), 0
( 0,9999999994666063 1,0000000012691168 1,0000000016039692 ), 0
( 0,9999999994664912 1,0000000012678216 1,0000000016010375 ), 0
( 0,9999999994668757 1,0000000012689731 1,0000000016030937 ), 0
( 0,9999999994658825 1,0000000012671333 1,0000000016017898 ), 0
( 0,9999999994668176 1,0000000012688637 1,0000000016023456 ), 0
( 0,9999999994665126 1,000000001267429 1,0000000016006865 ), 0
( 0,9999999994663681 1,00000000126895 1,0000000016027413 ), 0
( 0,999999999466779 1,0000000012635843 1,0000000015971238 ), 0
( 0,9999999994669696 1,000000001267844 1,0000000016001536 ), 0
( 0,9999999994658914 1,000000001268766 1,0000000016036883 ), 0
( 0,9999999994667358 1,0000000012681094 1,0000000016018578 ), 0
( 0,9999999994665261 1,0000000012683299 1,0000000016021244 ), 0
( 0,999999999466567 1,0000000012640344 1,0000000015975083 ), 0
( 0,999999999466146 1,0000000012668229 1,0000000016006945 ), 0
( 0,9999999994669864 1,000000001267863 1,000000001601537 ), 0
( 0,9999999994662687 1,0000000012681662 1,000000001602024 ), 0
( 0,9999999994661236 1,0000000012690085 1,0000000016023587 ), 0
( 0,9999999994668953 1,0000000012653547 1,0000000015991615 ), 0
( 0,999999999466604 1,000000001268735 1,0000000016050061 ), 0
( 0,9999999994667731 1,0000000012675776 1,0000000016012467 ), 0
( 0,9999999994663323 1,000000001267894 1,0000000016019448 ), 0
( 0,9999999994665313 1,0000000012678918 1,0000000016020365 ), 0
( 0,9999999994658159 1,0000000012681471 1,000000001601591 ), 0
( 0,9999999994661044 1,0000000012677437 1,0000000016014376 ), 0
( 0,9999999994667406 1,0000000012678774 1,000000001601224 ), 0
( 0,999999999467074 1,0000000012672854 1,000000001600356 ), 0
( 0,9999999994670964 1,0000000012680426 1,0000000016021755 ), 0
( 0,9999999994669878 1,000000001268068 1,000000001601189 ), 0
( 0,9999999994668106 1,0000000012674097 1,0000000016007091 ), 0
( 0,9999999994667431 1,000000001267862 1,0000000016012849 ), 0
( 0,9999999994664309 1,000000001267686 1,0000000016011457 ), 0
( 0,999999999466642 1,0000000012669281 1,0000000016006627 ), 0
( 0,9999999994663927 1,000000001267155 1,0000000016014308 ), 0
( 0,9999999994671678 1,0000000012670944 1,0000000016004953 ), 0
( 0,9999999994666595 1,0000000012669072 1,0000000016004185 ), 0
( 0,9999999994667107 1,0000000012684758 1,0000000016025141 ), 0
( 0,9999999994664421 1,0000000012673513 1,000000001602146 ), 0
( 0,9999999994667084 1,000000001268419 1,0000000016019324 ), 0
( 0,9999999994670118 1,0000000012684518 1,0000000016019601 ), 0
( 0,9999999994664498 1,0000000012667427 1,0000000016025272 ), 0
( 0,9999999994665373 1,0000000012688635 1,000000001602573 ), 0
( 0,9999999994665917 1,0000000012672268 1,0000000016003756 ), 0
( 0,9999999994665778 1,0000000012664678 1,0000000015997692 ), 0
( 0,9999999994657963 1,0000000012685477 1,0000000016020487 ), 0
( 0,999999999467081 1,000000001267609 1,0000000016006056 ), 0
( 0,9999999994666163 1,000000001266826 1,0000000016002213 ), 0
( 0,9999999994664988 1,0000000012680117 1,0000000016002668 ), 0
( 0,9999999994664771 1,0000000012678354 1,0000000016020592 ), 0
( 0,9999999994669317 1,0000000012674883 1,0000000016016215 ), 0
( 0,9999999994663824 1,000000001268055 1,0000000016021096 ), 0
( 0,9999999994665648 1,0000000012670316 1,000000001599793 ), 0
( 0,9999999994666973 1,0000000012678305 1,000000001601478 ), 0
( 0,9999999994671701 1,0000000012670216 1,0000000016004744 ), 0
( 0,9999999994655776 1,0000000012682646 1,0000000016034032 ), 0
( 0,9999999994670015 1,0000000012682473 1,0000000016016621 ), 0
( 0,999999999466988 1,0000000012688408 1,000000001601281 ), 0
( 0,9999999994671952 1,0000000012669934 1,0000000016017383 ), 0
( 0,9999999994666036 1,0000000012679353 1,0000000016024768 ), 0
( 0,9999999994669379 1,0000000012678198 1,0000000016005341 ), 0
( 0,9999999994662946 1,0000000012678798 1,0000000016017776 ), 0
( 0,9999999994665847 1,00000000126839 1,0000000016021209 ), 0
( 0,9999999994660836 1,0000000012682382 1,0000000016013384 ), 0
( 0,9999999994664386 1,0000000012683856 1,0000000016015813 ), 0
( 0,999999999466542 1,0000000012671535 1,0000000016010775 ), 0
( 0,9999999994669933 1,0000000012678907 1,0000000016005823 ), 0
( 0,9999999994656898 1,0000000012684116 1,0000000016026471 ), 0
( 0,9999999994665966 1,000000001267402 1,000000001601752 ), 0
( 0,9999999994666153 1,0000000012685124 1,0000000016017614 ), 0
( 0,9999999994656064 1,0000000012669639 1,0000000016011656 ), 0
( 0,999999999466301 1,0000000012676449 1,000000001601225 ), 0
( 0,9999999994664124 1,0000000012671766 1,0000000016014774 ), 0
( 0,9999999994664945 1,0000000012682189 1,0000000016018464 ), 0
( 0,9999999994662857 1,0000000012672619 1,000000001601675 ), 0
( 0,9999999994660722 1,000000001268741 1,0000000016025592 ), 0
( 0,9999999994664038 1,0000000012684935 1,0000000016011086 ), 0
( 0,9999999994660557 1,0000000012683734 1,0000000016030346 ), 0
( 0,9999999994664805 1,000000001267345 1,000000001600608 ), 0
( 0,9999999994660673 1,0000000012685248 1,0000000016022057 ), 0
( 0,9999999994666698 1,0000000012679113 1,0000000016008763 ), 0
( 0,9999999994662547 1,0000000012683947 1,000000001601726 ), 0
( 0,9999999994666645 1,0000000012676578 1,0000000016009427 ), 0
( 0,9999999994667007 1,0000000012662285 1,0000000015997574 ), 0
( 0,9999999994668246 1,000000001268511 1,0000000016023198 ), 0
( 0,9999999994664439 1,000000001267884 1,0000000016024257 ), 0
( 0,9999999994672938 1,0000000012680303 1,0000000016009918 ), 0
( 0,9999999994669764 1,0000000012681598 1,0000000016021489 ), 0
( 0,9999999994669416 1,0000000012679076 1,0000000016009587 ), 0
( 0,9999999994663834 1,0000000012679506 1,0000000016020076 ), 0
( 0,9999999994663096 1,0000000012681352 1,0000000016023596 ), 0
( 0,999999999466898 1,0000000012681034 1,000000001601183 ), 0
( 0,9999999994662943 1,0000000012673662 1,000000001600637 ), 0
( 0,9999999994665629 1,0000000012672525 1,0000000016002741 ), 0
( 0,9999999994663012 1,000000001268442 1,0000000016036554 ), 0
( 0,9999999994666622 1,0000000012684647 1,0000000016022654 ), 0
( 0,9999999994668549 1,0000000012678474 1,0000000016013635 ), 0
( 0,9999999994669353 1,0000000012674581 1,0000000016015853 ), 0
( 0,9999999994664952 1,0000000012676205 1,000000001601271 ), 0
( 0,9999999994663 1,0000000012683579 1,0000000016013841 ), 0
( 0,9999999994665391 1,0000000012682264 1,000000001601215 ), 0
( 0,9999999994664968 1,0000000012684633 1,0000000016017205 ), 0
( 0,9999999994665649 1,0000000012677526 1,0000000016009403 ), 0
( 0,9999999994663854 1,0000000012679204 1,0000000016010124 ), 0
( 0,9999999994667179 1,0000000012674515 1,0000000016014607 ), 0
( 0,9999999994662949 1,00000000126734 1,00000000160056 ), 0
( 0,9999999994670533 1,0000000012683812 1,0000000016020132 ), 0
( 0,9999999994665878 1,0000000012672312 1,000000001600666 ), 0
( 0,9999999994660033 1,0000000012686054 1,0000000016028878 ), 0
( 0,9999999994667738 1,0000000012680712 1,0000000016022466 ), 0
( 0,9999999994669933 1,0000000012665968 1,0000000016006847 ), 0
( 0,9999999994665854 1,0000000012668278 1,0000000016010824 ), 0
( 0,9999999994665797 1,0000000012680486 1,0000000016015154 ), 0
( 0,9999999994670388 1,0000000012676216 1,0000000016016324 ), 0
( 0,999999999467237 1,0000000012664176 1,0000000015990091 ), 0
( 0,9999999994660698 1,000000001268058 1,00000000160161 ), 0
( 0,9999999994665214 1,000000001264157 1,0000000015973816 ), 0
( 0,9999999994665829 1,000000001267901 1,0000000016006727 ), 0
( 0,9999999994661265 1,0000000012677637 1,0000000016012223 ), 0
( 0,9999999994666676 1,0000000012681591 1,0000000016012296 ), 0
( 0,9999999994666916 1,0000000012679446 1,0000000016022297 ), 0
( 0,9999999994660346 1,0000000012667665 1,0000000016019317 ), 0
( 0,9999999994665172 1,0000000012662524 1,0000000015998662 ), 0
( 0,9999999994669676 1,000000001267176 1,0000000016006323 ), 0
( 0,9999999994663843 1,000000001267176 1,0000000016003852 ), 0
( 0,999999999466459 1,0000000012690582 1,0000000016020845 ), 0
( 0,9999999994666591 1,0000000012682058 1,0000000016019603 ), 0
( 0,9999999994671336 1,000000001266962 1,0000000016006492 ), 0
( 0,9999999994669854 1,0000000012689698 1,0000000016026143 ), 0
( 0,9999999994670076 1,0000000012673025 1,0000000016014745 ), 0
( 0,9999999994664218 1,000000001266697 1,0000000016009878 ), 0
( 0,999999999466308 1,0000000012677897 1,0000000016006285 ), 0
( 0,9999999994668222 1,000000001267808 1,0000000016014507 ), 0
( 0,9999999994662553 1,0000000012676737 1,0000000016013535 ), 0
( 0,999999999466925 1,000000001267521 1,0000000016008601 ), 0
( 0,9999999994665673 1,0000000012679529 1,000000001601178 ), 0
( 0,9999999994672865 1,0000000012651853 1,0000000015998463 ), 0
( 0,9999999994665641 1,000000001268307 1,0000000016019288 ), 0
( 0,9999999994669582 1,0000000012676074 1,000000001601937 ), 0
( 0,9999999994668347 1,00000000126885 1,0000000016021622 ), 0
( 0,999999999466913 1,0000000012682675 1,0000000016018114 ), 0
( 0,9999999994667932 1,000000001267621 1,000000001601511 ), 0
( 0,9999999994663177 1,0000000012667232 1,0000000016011175 ), 0
( 0,9999999994661933 1,0000000012676085 1,0000000016013426 ), 0
( 0,999999999466934 1,000000001266707 1,0000000016011428 ), 0
( 0,9999999994663463 1,0000000012672943 1,0000000016006676 ), 0
( 0,999999999466796 1,0000000012688086 1,0000000016024058 ), 0
( 0,9999999994661406 1,0000000012672217 1,0000000016014958 ), 0
( 0,9999999994668207 1,00000000126793 1,0000000016022066 ), 0
( 0,999999999466317 1,00000000126843 1,0000000016017458 ), 0
( 0,9999999994662855 1,0000000012679078 1,000000001601952 ), 0
( 0,9999999994662219 1,0000000012677064 1,0000000016021786 ), 0
( 0,9999999994659416 1,0000000012680632 1,0000000016013262 ), 0
( 0,9999999994666037 1,0000000012687256 1,0000000016009443 ), 0
( 0,9999999994663425 1,0000000012676502 1,0000000016015462 ), 0
( 0,9999999994661927 1,0000000012688608 1,0000000016028354 ), 0
( 0,9999999994663099 1,0000000012686168 1,000000001601614 ), 0
( 0,9999999994661749 1,0000000012673207 1,0000000016007038 ), 0
( 0,9999999994667125 1,000000001268548 1,0000000016020187 ), 0
( 0,9999999994661561 1,0000000012680998 1,000000001601539 ), 0
( 0,9999999994669017 1,0000000012669457 1,0000000016008281 ), 0
( 0,9999999994659317 1,0000000012672547 1,0000000016023662 ), 0
( 0,9999999994662142 1,0000000012682062 1,0000000016027446 ), 0
( 0,9999999994666446 1,0000000012684127 1,0000000016020432 ), 0
( 0,999999999466481 1,000000001264615 1,000000001598221 ), 0
( 0,999999999467105 1,0000000012668935 1,0000000016007573 ), 0
( 0,999999999466983 1,0000000012683288 1,0000000016018702 ), 0
( 0,9999999994665552 1,0000000012670713 1,0000000016005226 ), 0
( 0,9999999994661023 1,0000000012682082 1,0000000016015513 ), 0
( 0,9999999994667882 1,0000000012683283 1,0000000016013806 ), 0
( 0,9999999994666 1,0000000012680328 1,000000001601212 ), 0
( 0,9999999994666151 1,0000000012669237 1,0000000016005821 ), 0
( 0,999999999466284 1,0000000012669499 1,0000000016001993 ), 0
( 0,9999999994671743 1,000000001267725 1,0000000016020287 ), 0
( 0,9999999994672365 1,0000000012686638 1,0000000016017068 ), 0
( 0,9999999994661671 1,0000000012671464 1,0000000016016 ), 0
( 0,9999999994670835 1,000000001267458 1,0000000016013069 ), 0
( 0,9999999994666451 1,0000000012676507 1,0000000016015775 ), 0
( 0,9999999994665782 1,00000000126714 1,0000000016024075 ), 0
( 0,9999999994668499 1,0000000012683932 1,0000000016016626 ), 0
( 0,9999999994662088 1,0000000012672032 1,0000000016015635 ), 0
( 0,999999999466662 1,0000000012672283 1,0000000016007868 ), 0
( 0,9999999994662802 1,0000000012677954 1,0000000016005615 ), 0
( 0,9999999994669254 1,0000000012677208 1,0000000016014996 ), 0
( 0,9999999994659992 1,0000000012687145 1,000000001603223 ), 0
( 0,9999999994675506 1,0000000012674681 1,0000000016012565 ), 0
( 0,9999999994667373 1,0000000012677681 1,0000000016008717 ), 0
( 0,9999999994663067 1,00000000126784 1,0000000016020252 ), 0
( 0,9999999994673721 1,000000001267812 1,0000000016010855 ), 0
( 0,9999999994658707 1,000000001267483 1,00000000160108 ), 0
( 0,9999999994665265 1,0000000012674322 1,0000000016005846 ), 0
( 0,9999999994667459 1,0000000012667505 1,0000000016004467 ), 0
( 0,9999999994667071 1,0000000012679868 1,0000000016017028 ), 0
( 0,9999999994659282 1,0000000012680352 1,0000000016015034 ), 0
( 0,999999999466888 1,0000000012677526 1,0000000016016752 ), 0
( 0,9999999994667204 1,0000000012692256 1,0000000016024206 ), 0
( 0,9999999994670918 1,0000000012691301 1,000000001601254 ), 0
( 0,9999999994664844 1,000000001266067 1,0000000016015618 ), 0
( 0,9999999994668493 1,000000001267833 1,000000001599839 ), 0
( 0,9999999994665425 1,0000000012685553 1,0000000016020791 ), 0
( 0,9999999994672862 1,0000000012667676 1,0000000016000041 ), 0
( 0,9999999994666848 1,000000001267876 1,0000000016019173 ), 0
( 0,9999999994659077 1,00000000126802 1,0000000016016435 ), 0
( 0,9999999994663257 1,0000000012687684 1,000000001602402 ), 0
( 0,9999999994666579 1,000000001268035 1,0000000016014101 ), 0
( 0,9999999994665333 1,0000000012684533 1,0000000016021946 ), 0
( 0,9999999994659796 1,0000000012679746 1,0000000016014656 ), 0
( 0,9999999994665089 1,000000001267031 1,0000000016011052 ), 0
( 0,9999999994665256 1,0000000012674843 1,0000000016016584 ), 0
( 0,9999999994663943 1,0000000012687316 1,000000001602939 ), 0
( 0,9999999994666627 1,000000001267897 1,000000001601335 ), 0
( 0,9999999994670047 1,0000000012669883 1,0000000016007524 ), 0
( 0,9999999994664711 1,0000000012681571 1,000000001602197 ), 0
( 0,9999999994664726 1,0000000012647634 1,0000000015979524 ), 0
( 0,9999999994666259 1,0000000012671846 1,0000000016005104 ), 0
( 0,999999999466724 1,0000000012684405 1,0000000016018158 ), 0
( 0,9999999994667053 1,0000000012682566 1,0000000016029382 ), 0
( 0,9999999994665605 1,0000000012673598 1,000000001601745 ), 0
( 0,9999999994671989 1,0000000012669137 1,000000001600583 ), 0
( 0,9999999994668936 1,0000000012676427 1,0000000016005905 ), 0
( 0,9999999994664259 1,0000000012687382 1,0000000016026587 ), 0
( 0,99999999946663 1,0000000012679613 1,0000000016008275 ), 0
( 0,9999999994669998 1,00000000126906 1,0000000016027444 ), 0
( 0,9999999994670312 1,0000000012682784 1,0000000016017714 ), 0
( 0,9999999994663042 1,000000001267568 1,0000000016008392 ), 0
( 0,9999999994660316 1,0000000012683916 1,0000000016031598 ), 0
( 0,999999999466586 1,0000000012641754 1,00000000159735 ), 0
( 0,9999999994654186 1,0000000012677548 1,0000000016036976 ), 0
( 0,999999999466247 1,0000000012689572 1,000000001602144 ), 0
( 0,999999999466542 1,0000000012683397 1,0000000016015567 ), 0
( 0,9999999994668348 1,0000000012677615 1,0000000016018635 ), 0
( 0,999999999466365 1,0000000012673222 1,000000001600916 ), 0
( 0,9999999994669188 1,0000000012681785 1,0000000016006418 ), 0
( 0,9999999994669455 1,0000000012681831 1,0000000016015498 ), 0
( 0,9999999994669404 1,0000000012675805 1,0000000016018 ), 0
( 0,9999999994666017 1,0000000012675554 1,0000000016015111 ), 0
( 0,9999999994666897 1,000000001268397 1,000000001601969 ), 0
( 0,9999999994672594 1,0000000012677384 1,000000001601227 ), 0
( 0,999999999466863 1,0000000012674246 1,0000000016020894 ), 0
( 0,9999999994662336 1,0000000012675134 1,000000001601394 ), 0
( 0,9999999994665855 1,0000000012681145 1,000000001601953 ), 0
( 0,9999999994667953 1,0000000012656716 1,0000000016006123 ), 0
( 0,9999999994672212 1,00000000126781 1,000000001601016 ), 0
( 0,9999999994667125 1,000000001268253 1,0000000016019333 ), 0
( 0,9999999994668891 1,0000000012679 1,0000000016017203 ), 0
( 0,9999999994661656 1,0000000012677541 1,0000000016027746 ), 0
( 0,9999999994665306 1,0000000012663284 1,0000000016004773 ), 0
( 0,9999999994666887 1,0000000012680632 1,0000000016019772 ), 0
( 0,9999999994670661 1,0000000012673633 1,0000000016007429 ), 0
( 0,9999999994670584 1,0000000012688577 1,0000000016018469 ), 0
( 0,9999999994669394 1,000000001267929 1,000000001601004 ), 0
( 0,9999999994661638 1,0000000012681196 1,0000000016029837 ), 0
( 0,9999999994669959 1,0000000012684718 1,0000000016021255 ), 0
( 0,9999999994661565 1,0000000012683543 1,0000000016023753 ), 0
( 0,9999999994664417 1,0000000012681003 1,0000000016021198 ), 0
( 0,9999999994669606 1,0000000012674743 1,000000001601783 ), 0
( 0,9999999994663974 1,0000000012691288 1,0000000016024122 ), 0
( 0,9999999994663319 1,0000000012678438 1,0000000016017583 ), 0
( 0,9999999994668148 1,000000001266971 1,0000000016007975 ), 0
( 0,9999999994669542 1,0000000012691308 1,0000000016028385 ), 0
( 0,9999999994662964 1,0000000012684485 1,0000000016028707 ), 0
( 0,9999999994664717 1,0000000012661001 1,0000000015994455 ), 0
( 0,9999999994667848 1,0000000012680483 1,0000000016023105 ), 0
( 0,9999999994664063 1,0000000012687915 1,0000000016022328 ), 0
( 0,9999999994666147 1,0000000012680261 1,0000000016018809 ), 0
( 0,9999999994662309 1,000000001267707 1,0000000016014376 ), 0
( 0,9999999994669773 1,0000000012685186 1,0000000016029407 ), 0
( 0,9999999994664526 1,000000001266748 1,000000001600803 ), 0
( 0,9999999994662316 1,0000000012679071 1,000000001601512 ), 0
( 0,9999999994660305 1,0000000012671624 1,0000000016019446 ), 0
( 0,9999999994672095 1,0000000012681227 1,0000000016008403 ), 0
( 0,9999999994663531 1,0000000012686312 1,0000000016020205 ), 0
( 0,999999999466718 1,0000000012683354 1,0000000016022172 ), 0
( 0,9999999994658035 1,0000000012682408 1,000000001601868 ), 0
( 0,9999999994674689 1,0000000012673989 1,0000000016008366 ), 0
( 0,9999999994663374 1,0000000012672996 1,00000000160163 ), 0
( 0,9999999994667963 1,0000000012685208 1,0000000016021193 ), 0
( 0,9999999994668648 1,000000001266984 1,0000000016010744 ), 0
( 0,999999999466536 1,0000000012674488 1,0000000016020747 ), 0
( 0,9999999994666903 1,000000001266939 1,0000000016011115 ), 0
( 0,9999999994674473 1,000000001268376 1,000000001601533 ), 0
( 0,9999999994667655 1,000000001267195 1,000000001601353 ), 0
( 0,9999999994663935 1,0000000012685437 1,0000000016029902 ), 0
( 0,9999999994671843 1,0000000012671597 1,000000001601496 ), 0
( 0,9999999994669778 1,000000001267957 1,0000000016017363 ), 0
( 0,9999999994676065 1,0000000012677246 1,0000000016010204 ), 0
( 0,9999999994667579 1,0000000012679628 1,0000000016011348 ), 0
( 0,9999999994670402 1,0000000012677595 1,0000000016000894 ), 0
( 0,9999999994668777 1,000000001267923 1,0000000016005133 ), 0
( 0,999999999466323 1,000000001266311 1,000000001600229 ), 0
( 0,9999999994668974 1,000000001268239 1,000000001601878 ), 0
( 0,999999999465972 1,0000000012681294 1,0000000016013153 ), 0
( 0,9999999994669514 1,0000000012678067 1,0000000016002835 ), 0
( 0,9999999994671939 1,0000000012673878 1,0000000015997654 ), 0
( 0,9999999994669696 1,0000000012679195 1,0000000016002708 ), 0
( 0,999999999466841 1,000000001267978 1,0000000016018717 ), 0
( 0,9999999994668451 1,0000000012676067 1,000000001600976 ), 0
( 0,9999999994669286 1,0000000012679084 1,0000000016013588 ), 0
( 0,9999999994664759 1,0000000012682146 1,000000001601604 ), 0
( 0,9999999994667105 1,0000000012664223 1,000000001599189 ), 0
( 0,9999999994670611 1,0000000012677577 1,0000000016014619 ), 0
( 0,9999999994668302 1,000000001267658 1,0000000016013122 ), 0
( 0,9999999994668416 1,0000000012678134 1,0000000016016954 ), 0
( 0,9999999994671726 1,0000000012673562 1,0000000016006008 ), 0
( 0,9999999994664942 1,0000000012688233 1,0000000016016828 ), 0
( 0,9999999994667417 1,0000000012681018 1,000000001602333 ), 0
( 0,9999999994669626 1,0000000012677943 1,0000000016013524 ), 0
( 0,9999999994663472 1,000000001268367 1,0000000016021033 ), 0
( 0,9999999994668987 1,0000000012680612 1,000000001601758 ), 0
( 0,9999999994662917 1,0000000012685077 1,0000000016024333 ), 0
( 0,9999999994664546 1,0000000012671444 1,000000001600764 ), 0
( 0,999999999466563 1,000000001267932 1,0000000016014348 ), 0
( 0,9999999994669447 1,0000000012676937 1,0000000016007977 ), 0
( 0,9999999994664855 1,0000000012676613 1,0000000016017454 ), 0
( 0,9999999994666443 1,000000001267743 1,0000000016019877 ), 0
( 0,9999999994665693 1,0000000012672532 1,0000000016014894 ), 0
( 0,9999999994670487 1,0000000012695323 1,0000000016018704 ), 0
( 0,9999999994668427 1,0000000012676293 1,0000000016007038 ), 0
( 0,9999999994663931 1,0000000012677155 1,000000001603601 ), 0
( 0,9999999994670394 1,0000000012677555 1,0000000016014299 ), 0
( 0,9999999994668248 1,0000000012675885 1,0000000016020374 ), 0
( 0,9999999994668095 1,0000000012673076 1,0000000016003967 ), 0
( 0,9999999994659166 1,0000000012683068 1,0000000016020985 ), 0
( 0,9999999994661599 1,0000000012682708 1,0000000016018944 ), 0
( 0,9999999994667158 1,0000000012684236 1,0000000016021169 ), 0
( 0,9999999994679771 1,0000000012686523 1,0000000016003496 ), 0
( 0,9999999994671235 1,0000000012666599 1,0000000016002706 ), 0
( 0,9999999994667044 1,0000000012677814 1,000000001601779 ), 0
( 0,999999999466861 1,000000001266824 1,0000000015997423 ), 0
( 0,9999999994666461 1,0000000012678547 1,000000001600798 ), 0
( 0,9999999994664159 1,000000001267708 1,000000001601537 ), 0
( 0,9999999994664237 1,0000000012689563 1,0000000016025115 ), 0
( 0,9999999994663971 1,000000001267893 1,000000001601177 ), 0
( 0,9999999994661614 1,0000000012672952 1,000000001600921 ), 0
( 0,9999999994665844 1,0000000012687735 1,000000001601627 ), 0
( 0,9999999994669216 1,0000000012681394 1,0000000016023034 ), 0
( 0,9999999994660839 1,000000001268726 1,000000001604302 ), 0
( 0,9999999994657041 1,0000000012677877 1,0000000016014718 ), 0
( 0,9999999994671852 1,0000000012676278 1,000000001600584 ), 0
( 0,9999999994664933 1,0000000012683994 1,0000000016016852 ), 0
( 0,9999999994675292 1,0000000012680865 1,0000000016010253 ), 0
( 0,999999999466609 1,0000000012678263 1,0000000016019464 ), 0
( 0,9999999994660962 1,0000000012666541 1,0000000016007593 ), 0
( 0,9999999994665344 1,0000000012674681 1,0000000016006694 ), 0
( 0,9999999994664712 1,0000000012668069 1,000000001600889 ), 0
( 0,9999999994670357 1,0000000012681967 1,000000001601153 ), 0
( 0,999999999467396 1,0000000012675685 1,0000000016003534 ), 0
( 0,9999999994664469 1,0000000012678794 1,0000000016024955 ), 0
( 0,9999999994669823 1,000000001268074 1,0000000016015622 ), 0
( 0,999999999466453 1,0000000012680585 1,00000000160163 ), 0
( 0,9999999994664598 1,000000001268159 1,0000000016017248 ), 0
( 0,9999999994663674 1,0000000012677417 1,0000000016013375 ), 0
( 0,9999999994664007 1,0000000012679655 1,0000000016025892 ), 0
( 0,9999999994667632 1,0000000012671202 1,0000000016011688 ), 0
( 0,9999999994664243 1,0000000012679429 1,0000000016018666 ), 0
( 0,9999999994664464 1,0000000012682961 1,000000001601779 ), 0
( 0,9999999994661257 1,000000001266372 1,0000000016014667 ), 0
( 0,9999999994668054 1,0000000012664723 1,0000000016008583 ), 0
( 0,9999999994661762 1,0000000012683379 1,0000000016032653 ), 0
( 0,9999999994665628 1,0000000012671686 1,0000000016016295 ), 0
( 0,9999999994663806 1,0000000012676553 1,0000000016009376 ), 0
( 0,9999999994661785 1,0000000012677364 1,0000000016017385 ), 0
( 0,9999999994668437 1,000000001267436 1,0000000016015056 ), 0
( 0,9999999994670253 1,0000000012683836 1,0000000016013428 ), 0
( 0,9999999994668658 1,0000000012672676 1,0000000016016422 ), 0
( 0,9999999994665388 1,0000000012661414 1,0000000016007606 ), 0
( 0,9999999994660544 1,0000000012669916 1,000000001600557 ), 0
( 0,9999999994661498 1,0000000012679282 1,0000000016014303 ), 0
( 0,9999999994664354 1,0000000012678718 1,000000001600588 ), 0
( 0,9999999994666847 1,000000001267216 1,0000000016015969 ), 0
( 0,9999999994661098 1,0000000012678287 1,000000001601906 ), 0
( 0,9999999994661419 1,000000001266787 1,0000000016020894 ), 0
( 0,9999999994667732 1,0000000012678556 1,0000000016014838 ), 0
( 0,9999999994666761 1,000000001268555 1,000000001602248 ), 0
( 0,9999999994664893 1,0000000012682877 1,000000001602398 ), 0
( 0,9999999994666889 1,0000000012677324 1,000000001601017 ), 0
( 0,9999999994660036 1,0000000012674626 1,0000000016019237 ), 0
( 0,9999999994668335 1,0000000012692123 1,00000000160252 ), 0
( 0,9999999994668199 1,0000000012674242 1,0000000016017978 ), 0
( 0,9999999994661821 1,0000000012676569 1,000000001602229 ), 0
( 0,9999999994672177 1,0000000012676236 1,0000000016005006 ), 0
( 0,9999999994668527 1,0000000012677905 1,0000000016015467 ), 0
( 0,9999999994664438 1,0000000012686128 1,0000000016017432 ), 0
( 0,9999999994658879 1,0000000012679349 1,0000000016023929 ), 0
( 0,9999999994663227 1,0000000012684627 1,0000000016014106 ), 0
( 0,9999999994667433 1,0000000012663615 1,0000000016014332 ), 0
( 0,9999999994668578 1,0000000012691073 1,0000000016007367 ), 0
( 0,9999999994670763 1,00000000126717 1,0000000016001582 ), 0
( 0,9999999994663668 1,000000001268437 1,0000000016021415 ), 0
( 0,9999999994668268 1,0000000012676196 1,0000000016014159 ), 0
( 0,9999999994671263 1,0000000012675365 1,0000000016014994 ), 0
( 0,9999999994666706 1,0000000012674781 1,0000000016014543 ), 0
( 0,9999999994665483 1,0000000012680486 1,0000000016022041 ), 0
( 0,9999999994665951 1,0000000012670374 1,0000000016005868 ), 0
( 0,9999999994658882 1,0000000012682528 1,000000001602283 ), 0
( 0,9999999994661837 1,0000000012675734 1,0000000016002575 ), 0
( 0,9999999994664399 1,00000000126555 1,0000000015987636 ), 0
( 0,9999999994662677 1,0000000012689447 1,0000000016029356 ), 0
( 0,9999999994662904 1,000000001266819 1,0000000016000288 ), 0
( 0,9999999994664922 1,0000000012668973 1,0000000016019654 ), 0
Liczba wywoa funkcji celu: 175087
