Iteracja nr: 96
( 0,9999999994666289 1,0000000012678154 1,000000001601778 ), 0
( 0,9999999994666445 1,0000000012678913 1,00000000160152 ), 0
( 0,9999999994665739 1,000000001267926 1,0000000016017982 ), 0
( 0,999999999466587 1,0000000012678343 1,0000000016016815 ), 0
( 0,9999999994666915 1,000000001267739 1,0000000016013768 ), 0
( 0,9999999994666394 1,0000000012679036 1,0000000016013901 ), 0
( 0,9999999994665895 1,0000000012679826 1,0000000016018402 ), 0
( 0,9999999994666078 1,0000000012681456 1,0000000016016235 ), 0
( 0,9999999994664329 1,0000000012678425 1,0000000016016597 ), 0
( 0,9999999994665246 1,000000001267853 1,0000000016017887 ), 0
( 0,9999999994665232 1,0000000012676762 1,000000001601173 ), 0
( 0,9999999994666389 1,0000000012675674 1,000000001601268 ), 0
( 0,999999999466781 1,000000001267537 1,000000001601155 ), 0
( 0,9999999994666358 1,0000000012680037 1,0000000016017034 ), 0
( 0,9999999994665942 1,0000000012678405 1,000000001601491 ), 0
( 0,9999999994666721 1,0000000012677732 1,0000000016015531 ), 0
( 0,999999999466654 1,0000000012677608 1,0000000016013257 ), 0
( 0,9999999994666435 1,0000000012677126 1,0000000016013988 ), 0
( 0,9999999994665275 1,0000000012682035 1,000000001601809 ), 0
( 0,9999999994666604 1,0000000012677246 1,000000001601397 ), 0
( 0,9999999994668106 1,0000000012678187 1,0000000016013453 ), 0
( 0,9999999994666464 1,0000000012678674 1,0000000016015607 ), 0
( 0,999999999466452 1,000000001267907 1,0000000016016917 ), 0
( 0,9999999994666585 1,0000000012679675 1,0000000016016408 ), 0
( 0,9999999994665446 1,0000000012677626 1,0000000016012782 ), 0
( 0,9999999994665815 1,0000000012677221 1,0000000016014212 ), 0
( 0,9999999994665367 1,0000000012681642 1,000000001601753 ), 0
( 0,9999999994663362 1,0000000012680463 1,0000000016015111 ), 0
( 0,9999999994667218 1,0000000012678032 1,0000000016014474 ), 0
( 0,9999999994666193 1,000000001267889 1,0000000016016808 ), 0
( 0,9999999994666517 1,000000001267828 1,0000000016017354 ), 0
( 0,9999999994665368 1,0000000012678982 1,000000001601754 ), 0
( 0,9999999994666204 1,0000000012678092 1,0000000016015687 ), 0
( 0,999999999466663 1,0000000012675736 1,0000000016012236 ), 0
( 0,9999999994669074 1,0000000012679409 1,0000000016012225 ), 0
( 0,9999999994666924 1,000000001267874 1,0000000016016266 ), 0
( 0,9999999994666403 1,0000000012678258 1,0000000016014112 ), 0
( 0,9999999994665859 1,0000000012678025 1,0000000016015271 ), 0
( 0,9999999994665643 1,0000000012680554 1,0000000016015844 ), 0
( 0,9999999994666403 1,0000000012677428 1,000000001601494 ), 0
( 0,9999999994667009 1,000000001267783 1,0000000016013817 ), 0
( 0,9999999994668921 1,000000001267873 1,0000000016013104 ), 0
( 0,9999999994665356 1,0000000012677281 1,0000000016015211 ), 0
( 0,9999999994666526 1,0000000012679937 1,0000000016016333 ), 0
( 0,9999999994665586 1,0000000012677976 1,0000000016013022 ), 0
( 0,9999999994665909 1,0000000012677472 1,0000000016013886 ), 0
( 0,9999999994665182 1,0000000012678774 1,0000000016014896 ), 0
( 0,999999999466566 1,00000000126778 1,0000000016017532 ), 0
( 0,9999999994666809 1,0000000012675974 1,00000000160102 ), 0
( 0,9999999994665647 1,0000000012675994 1,000000001601405 ), 0
( 0,9999999994666514 1,0000000012678254 1,0000000016014106 ), 0
( 0,999999999466662 1,000000001267638 1,000000001601556 ), 0
( 0,9999999994666744 1,0000000012679269 1,0000000016015285 ), 0
( 0,999999999466425 1,0000000012677346 1,0000000016014527 ), 0
( 0,9999999994666623 1,000000001267815 1,0000000016014852 ), 0
( 0,9999999994666106 1,0000000012678836 1,0000000016016477 ), 0
( 0,9999999994666829 1,0000000012677277 1,0000000016013404 ), 0
( 0,9999999994665648 1,0000000012679702 1,0000000016017159 ), 0
( 0,9999999994666418 1,0000000012679646 1,0000000016017645 ), 0
( 0,9999999994666259 1,0000000012677877 1,0000000016015793 ), 0
( 0,999999999466471 1,0000000012677805 1,000000001601277 ), 0
( 0,9999999994665567 1,0000000012674382 1,000000001601204 ), 0
( 0,9999999994665729 1,0000000012677648 1,0000000016014172 ), 0
( 0,9999999994666876 1,000000001268058 1,0000000016016293 ), 0
( 0,999999999466602 1,0000000012676995 1,000000001601293 ), 0
( 0,9999999994664686 1,000000001267512 1,000000001601613 ), 0
( 0,9999999994666028 1,0000000012679873 1,0000000016016803 ), 0
( 0,9999999994665884 1,0000000012678198 1,0000000016014243 ), 0
( 0,9999999994666573 1,000000001267857 1,000000001601493 ), 0
( 0,9999999994665681 1,00000000126788 1,0000000016015602 ), 0
( 0,9999999994665838 1,0000000012678583 1,000000001601487 ), 0
( 0,9999999994667298 1,0000000012679553 1,0000000016016326 ), 0
( 0,9999999994666743 1,0000000012677708 1,0000000016014794 ), 0
( 0,9999999994666354 1,0000000012677568 1,0000000016014516 ), 0
( 0,9999999994668158 1,0000000012675452 1,0000000016010375 ), 0
( 0,9999999994663787 1,000000001267406 1,000000001601293 ), 0
( 0,9999999994666451 1,0000000012678596 1,0000000016015431 ), 0
( 0,9999999994666865 1,0000000012679637 1,0000000016015407 ), 0
( 0,9999999994666471 1,000000001267725 1,0000000016013209 ), 0
( 0,9999999994668526 1,0000000012677082 1,0000000016012276 ), 0
( 0,9999999994664724 1,000000001267775 1,0000000016017863 ), 0
( 0,9999999994666011 1,0000000012677581 1,0000000016015569 ), 0
( 0,9999999994665001 1,000000001268045 1,0000000016020536 ), 0
( 0,9999999994665304 1,0000000012677532 1,000000001601749 ), 0
( 0,999999999466614 1,000000001267845 1,000000001601626 ), 0
( 0,9999999994666089 1,0000000012676238 1,0000000016012973 ), 0
( 0,9999999994666922 1,0000000012679229 1,0000000016016029 ), 0
( 0,9999999994666107 1,0000000012679775 1,0000000016015596 ), 0
( 0,9999999994664828 1,00000000126773 1,0000000016016377 ), 0
( 0,9999999994665751 1,0000000012678556 1,0000000016014774 ), 0
( 0,999999999466718 1,0000000012676027 1,0000000016013688 ), 0
( 0,999999999466636 1,000000001267795 1,0000000016014032 ), 0
( 0,9999999994665846 1,000000001267744 1,0000000016012964 ), 0
( 0,9999999994665109 1,0000000012678323 1,0000000016015962 ), 0
( 0,9999999994666463 1,0000000012679129 1,000000001601645 ), 0
( 0,9999999994666547 1,000000001267745 1,0000000016013666 ), 0
( 0,9999999994665607 1,0000000012678552 1,000000001601597 ), 0
( 0,9999999994664923 1,0000000012678603 1,0000000016016912 ), 0
( 0,9999999994665543 1,000000001267829 1,000000001601412 ), 0
( 0,9999999994666847 1,0000000012676027 1,000000001601673 ), 0
( 0,9999999994665588 1,0000000012680734 1,0000000016016897 ), 0
( 0,9999999994665878 1,0000000012678363 1,0000000016016424 ), 0
( 0,9999999994665542 1,000000001267401 1,0000000016008819 ), 0
( 0,9999999994667165 1,0000000012678456 1,0000000016015953 ), 0
( 0,9999999994665958 1,0000000012678725 1,0000000016015929 ), 0
( 0,9999999994666005 1,0000000012675188 1,000000001601213 ), 0
( 0,9999999994664688 1,0000000012677457 1,0000000016020671 ), 0
( 0,999999999466745 1,0000000012678143 1,0000000016010553 ), 0
( 0,9999999994666062 1,0000000012675345 1,0000000016014035 ), 0
( 0,9999999994666556 1,0000000012676282 1,0000000016011268 ), 0
( 0,9999999994665826 1,0000000012679966 1,000000001601629 ), 0
( 0,9999999994664084 1,0000000012674732 1,0000000016014168 ), 0
( 0,9999999994666406 1,000000001267398 1,0000000016011985 ), 0
( 0,9999999994665636 1,000000001267446 1,0000000016011414 ), 0
( 0,9999999994666602 1,0000000012680441 1,0000000016015445 ), 0
( 0,9999999994667115 1,000000001267618 1,000000001601037 ), 0
( 0,9999999994665069 1,0000000012677337 1,0000000016014916 ), 0
( 0,9999999994665989 1,0000000012675114 1,0000000016012385 ), 0
( 0,9999999994665578 1,0000000012678267 1,0000000016011201 ), 0
( 0,9999999994665567 1,0000000012677979 1,0000000016016575 ), 0
( 0,9999999994665222 1,000000001267742 1,000000001601621 ), 0
( 0,9999999994666292 1,0000000012677106 1,000000001601246 ), 0
( 0,9999999994665371 1,0000000012678445 1,0000000016015034 ), 0
( 0,9999999994666074 1,0000000012679617 1,000000001601557 ), 0
( 0,9999999994666111 1,0000000012679513 1,0000000016017556 ), 0
( 0,9999999994664316 1,0000000012672567 1,0000000016007584 ), 0
( 0,9999999994669474 1,0000000012675727 1,0000000016009158 ), 0
( 0,9999999994665457 1,0000000012678167 1,0000000016013253 ), 0
( 0,9999999994666035 1,0000000012677717 1,0000000016012722 ), 0
( 0,9999999994665365 1,000000001267538 1,0000000016010826 ), 0
( 0,9999999994667566 1,00000000126794 1,0000000016016035 ), 0
( 0,9999999994666129 1,000000001267855 1,0000000016014157 ), 0
( 0,9999999994665485 1,0000000012677608 1,0000000016013695 ), 0
( 0,9999999994667784 1,0000000012676724 1,000000001601283 ), 0
( 0,999999999466635 1,0000000012676975 1,000000001601459 ), 0
( 0,9999999994666687 1,000000001267721 1,0000000016011712 ), 0
( 0,999999999466559 1,0000000012677934 1,0000000016015493 ), 0
( 0,9999999994665969 1,0000000012677623 1,000000001601552 ), 0
( 0,9999999994665133 1,0000000012679335 1,0000000016017927 ), 0
( 0,9999999994664779 1,000000001267821 1,0000000016014379 ), 0
( 0,999999999466673 1,0000000012674177 1,0000000016013515 ), 0
( 0,9999999994665889 1,0000000012679449 1,0000000016015296 ), 0
( 0,999999999466656 1,0000000012679642 1,000000001601565 ), 0
( 0,9999999994666469 1,0000000012677028 1,0000000016013921 ), 0
( 0,9999999994665996 1,0000000012677657 1,0000000016012882 ), 0
( 0,9999999994665704 1,0000000012679433 1,000000001601643 ), 0
( 0,9999999994666245 1,0000000012680785 1,000000001601744 ), 0
( 0,9999999994664283 1,0000000012679477 1,0000000016015527 ), 0
( 0,999999999466514 1,0000000012679329 1,000000001601851 ), 0
( 0,9999999994664578 1,0000000012679087 1,0000000016015265 ), 0
( 0,9999999994665705 1,0000000012672337 1,000000001600729 ), 0
( 0,9999999994664756 1,000000001267868 1,0000000016016537 ), 0
( 0,9999999994666606 1,0000000012676147 1,0000000016014265 ), 0
( 0,9999999994665221 1,0000000012678107 1,0000000016015074 ), 0
( 0,9999999994666335 1,0000000012675463 1,0000000016012873 ), 0
( 0,9999999994666937 1,0000000012675192 1,0000000016013106 ), 0
( 0,9999999994667048 1,0000000012679422 1,0000000016016726 ), 0
( 0,9999999994666329 1,000000001267806 1,0000000016016586 ), 0
( 0,9999999994664446 1,0000000012677313 1,0000000016015673 ), 0
( 0,9999999994664891 1,000000001267689 1,0000000016015664 ), 0
( 0,999999999466697 1,0000000012675552 1,0000000016010997 ), 0
( 0,9999999994667113 1,0000000012678265 1,0000000016015353 ), 0
( 0,9999999994663459 1,000000001268283 1,000000001601801 ), 0
( 0,9999999994665822 1,0000000012678079 1,000000001601501 ), 0
( 0,9999999994666647 1,0000000012678625 1,0000000016014294 ), 0
( 0,9999999994666161 1,000000001267843 1,0000000016016044 ), 0
( 0,9999999994665518 1,0000000012677543 1,0000000016015231 ), 0
( 0,9999999994666109 1,0000000012677126 1,000000001601503 ), 0
( 0,9999999994667118 1,0000000012677275 1,0000000016016435 ), 0
( 0,9999999994666067 1,00000000126783 1,0000000016013288 ), 0
( 0,9999999994666205 1,000000001267634 1,0000000016014792 ), 0
( 0,9999999994666012 1,0000000012675148 1,0000000016014985 ), 0
( 0,9999999994666411 1,000000001267682 1,0000000016014408 ), 0
( 0,9999999994664635 1,0000000012677965 1,0000000016015345 ), 0
( 0,9999999994666482 1,0000000012679229 1,0000000016015633 ), 0
( 0,9999999994665668 1,0000000012674726 1,0000000016011437 ), 0
( 0,999999999466578 1,000000001267782 1,0000000016015727 ), 0
( 0,9999999994664905 1,0000000012681 1,0000000016019572 ), 0
( 0,9999999994665141 1,0000000012677472 1,0000000016014536 ), 0
( 0,9999999994665791 1,000000001267796 1,0000000016015955 ), 0
( 0,999999999466456 1,0000000012677814 1,0000000016020263 ), 0
( 0,9999999994665376 1,0000000012679655 1,0000000016016646 ), 0
( 0,9999999994666872 1,000000001267595 1,0000000016012687 ), 0
( 0,9999999994665625 1,0000000012679116 1,0000000016016986 ), 0
( 0,9999999994665217 1,0000000012675645 1,0000000016011337 ), 0
( 0,9999999994666311 1,000000001267843 1,0000000016014672 ), 0
( 0,9999999994666957 1,0000000012678474 1,0000000016014896 ), 0
( 0,9999999994665746 1,0000000012677421 1,0000000016014734 ), 0
( 0,9999999994665218 1,000000001267421 1,0000000016010262 ), 0
( 0,999999999466598 1,0000000012677808 1,0000000016013144 ), 0
( 0,9999999994666998 1,0000000012677366 1,000000001601413 ), 0
( 0,9999999994666297 1,0000000012676786 1,0000000016010135 ), 0
( 0,9999999994666701 1,0000000012678127 1,000000001601408 ), 0
( 0,9999999994665932 1,0000000012677823 1,0000000016013324 ), 0
( 0,9999999994666923 1,0000000012677195 1,0000000016013426 ), 0
( 0,999999999466583 1,0000000012677155 1,000000001601223 ), 0
( 0,9999999994664743 1,000000001267826 1,0000000016017283 ), 0
( 0,9999999994665716 1,0000000012676928 1,0000000016014572 ), 0
( 0,9999999994665937 1,0000000012680859 1,0000000016019275 ), 0
( 0,9999999994665442 1,0000000012670178 1,0000000016008277 ), 0
( 0,9999999994666786 1,000000001267954 1,0000000016014083 ), 0
( 0,9999999994665633 1,0000000012676677 1,0000000016014017 ), 0
( 0,9999999994667345 1,0000000012678247 1,0000000016014732 ), 0
( 0,9999999994663997 1,0000000012677845 1,0000000016018042 ), 0
( 0,9999999994666632 1,0000000012678905 1,0000000016014108 ), 0
( 0,9999999994666118 1,0000000012678458 1,000000001601392 ), 0
( 0,9999999994665817 1,0000000012677792 1,0000000016015744 ), 0
( 0,9999999994666914 1,0000000012676686 1,0000000016015864 ), 0
( 0,9999999994665961 1,0000000012679222 1,0000000016013644 ), 0
( 0,9999999994666884 1,0000000012675996 1,0000000016012607 ), 0
( 0,9999999994666237 1,000000001267836 1,0000000016015542 ), 0
( 0,9999999994666167 1,00000000126777 1,0000000016016264 ), 0
( 0,9999999994666827 1,0000000012678618 1,0000000016013142 ), 0
( 0,9999999994667315 1,0000000012673245 1,0000000016014943 ), 0
( 0,9999999994666205 1,0000000012676942 1,000000001601294 ), 0
( 0,9999999994667657 1,0000000012679229 1,0000000016014314 ), 0
( 0,9999999994664642 1,0000000012678216 1,0000000016014434 ), 0
( 0,9999999994665267 1,0000000012676107 1,0000000016012143 ), 0
( 0,9999999994666257 1,0000000012677712 1,0000000016015715 ), 0
( 0,999999999466594 1,000000001267663 1,0000000016015107 ), 0
( 0,9999999994667415 1,0000000012679109 1,0000000016015296 ), 0
( 0,999999999466494 1,000000001267872 1,0000000016019073 ), 0
( 0,9999999994666089 1,0000000012676653 1,0000000016014563 ), 0
( 0,9999999994667023 1,0000000012677064 1,0000000016012038 ), 0
( 0,9999999994667295 1,000000001267883 1,0000000016015753 ), 0
( 0,9999999994665394 1,0000000012677757 1,0000000016017176 ), 0
( 0,9999999994665834 1,0000000012677595 1,0000000016013517 ), 0
( 0,9999999994666637 1,0000000012677754 1,0000000016013908 ), 0
( 0,999999999466629 1,000000001267862 1,0000000016014512 ), 0
( 0,9999999994666083 1,0000000012677868 1,0000000016012125 ), 0
( 0,9999999994664419 1,000000001268019 1,0000000016015866 ), 0
( 0,9999999994666391 1,0000000012677732 1,0000000016014414 ), 0
( 0,9999999994666741 1,0000000012678059 1,0000000016015174 ), 0
( 0,9999999994665153 1,0000000012675347 1,000000001601472 ), 0
( 0,9999999994666713 1,0000000012680221 1,0000000016015018 ), 0
( 0,9999999994664384 1,000000001267787 1,0000000016021338 ), 0
( 0,9999999994666365 1,0000000012678993 1,0000000016013668 ), 0
( 0,9999999994666502 1,0000000012679786 1,0000000016014976 ), 0
( 0,9999999994665772 1,0000000012677492 1,0000000016016026 ), 0
( 0,9999999994665314 1,0000000012677697 1,0000000016014035 ), 0
( 0,999999999466677 1,0000000012679524 1,0000000016016928 ), 0
( 0,9999999994666346 1,0000000012678343 1,0000000016015667 ), 0
( 0,999999999466653 1,000000001267796 1,0000000016015602 ), 0
( 0,9999999994664264 1,0000000012678532 1,000000001601909 ), 0
( 0,9999999994666204 1,000000001267782 1,0000000016016377 ), 0
( 0,9999999994667735 1,000000001267764 1,000000001601194 ), 0
( 0,9999999994664901 1,0000000012679495 1,0000000016015407 ), 0
( 0,9999999994667695 1,0000000012679973 1,0000000016015045 ), 0
( 0,9999999994666734 1,0000000012679247 1,0000000016015775 ), 0
( 0,9999999994665595 1,0000000012678159 1,0000000016017465 ), 0
( 0,9999999994665759 1,0000000012682462 1,0000000016020545 ), 0
( 0,9999999994667536 1,000000001267851 1,0000000016014277 ), 0
( 0,9999999994665927 1,000000001267786 1,0000000016014015 ), 0
( 0,9999999994665967 1,0000000012677241 1,0000000016015476 ), 0
( 0,9999999994665648 1,0000000012678938 1,0000000016017423 ), 0
( 0,9999999994666784 1,0000000012680355 1,0000000016015664 ), 0
( 0,9999999994667038 1,0000000012679273 1,0000000016015407 ), 0
( 0,999999999466659 1,000000001267797 1,0000000016013282 ), 0
( 0,9999999994666228 1,0000000012679695 1,000000001601685 ), 0
( 0,999999999466597 1,0000000012677466 1,0000000016016437 ), 0
( 0,9999999994666527 1,0000000012678611 1,0000000016014727 ), 0
( 0,9999999994666381 1,0000000012674994 1,0000000016012545 ), 0
( 0,999999999466668 1,000000001267509 1,0000000016011015 ), 0
( 0,9999999994666463 1,000000001267626 1,0000000016013368 ), 0
( 0,9999999994665609 1,0000000012677697 1,0000000016016692 ), 0
( 0,9999999994665364 1,0000000012678514 1,00000000160155 ), 0
( 0,9999999994665385 1,000000001267806 1,0000000016016606 ), 0
( 0,999999999466471 1,0000000012677293 1,000000001601589 ), 0
( 0,999999999466666 1,000000001267989 1,0000000016015886 ), 0
( 0,999999999466564 1,0000000012679067 1,0000000016016004 ), 0
( 0,9999999994666343 1,0000000012678703 1,0000000016015254 ), 0
( 0,9999999994665711 1,0000000012677537 1,0000000016016481 ), 0
( 0,9999999994666382 1,000000001267877 1,000000001601129 ), 0
( 0,9999999994665913 1,0000000012678756 1,0000000016015198 ), 0
( 0,9999999994666459 1,0000000012677372 1,0000000016015538 ), 0
( 0,9999999994666228 1,00000000126765 1,0000000016012003 ), 0
( 0,9999999994665553 1,0000000012678345 1,000000001601426 ), 0
( 0,9999999994666329 1,000000001267692 1,0000000016013195 ), 0
( 0,9999999994665963 1,0000000012674617 1,0000000016011077 ), 0
( 0,999999999466527 1,0000000012676182 1,0000000016011867 ), 0
( 0,9999999994665457 1,0000000012676353 1,0000000016013835 ), 0
( 0,9999999994666045 1,0000000012678265 1,0000000016017223 ), 0
( 0,9999999994665958 1,0000000012674795 1,0000000016011168 ), 0
( 0,999999999466496 1,0000000012679382 1,0000000016016977 ), 0
( 0,9999999994667009 1,0000000012679593 1,0000000016012756 ), 0
( 0,9999999994666248 1,000000001267622 1,0000000016013866 ), 0
( 0,9999999994667074 1,0000000012678583 1,0000000016014658 ), 0
( 0,9999999994665553 1,0000000012677719 1,000000001601322 ), 0
( 0,9999999994662907 1,0000000012677182 1,0000000016018602 ), 0
( 0,999999999466448 1,000000001268172 1,0000000016014778 ), 0
( 0,9999999994664611 1,0000000012675672 1,0000000016014121 ), 0
( 0,9999999994666657 1,0000000012676744 1,0000000016013515 ), 0
( 0,9999999994666163 1,0000000012678067 1,0000000016014075 ), 0
( 0,9999999994666227 1,000000001268037 1,0000000016016026 ), 0
( 0,9999999994664305 1,0000000012672545 1,0000000016007486 ), 0
( 0,9999999994665911 1,000000001267699 1,0000000016014554 ), 0
( 0,9999999994666072 1,0000000012678951 1,0000000016016672 ), 0
( 0,9999999994666101 1,0000000012677415 1,0000000016011956 ), 0
( 0,9999999994666351 1,0000000012677706 1,0000000016013932 ), 0
( 0,9999999994666048 1,0000000012676944 1,0000000016017605 ), 0
( 0,9999999994666374 1,000000001267823 1,000000001601482 ), 0
( 0,9999999994667331 1,0000000012678765 1,0000000016015795 ), 0
( 0,9999999994665084 1,0000000012674966 1,0000000016012427 ), 0
( 0,9999999994663966 1,0000000012678345 1,0000000016015511 ), 0
( 0,9999999994665607 1,0000000012679315 1,0000000016014403 ), 0
( 0,9999999994666757 1,0000000012674917 1,0000000016014392 ), 0
( 0,9999999994666293 1,000000001268081 1,0000000016017103 ), 0
( 0,9999999994666352 1,0000000012677916 1,0000000016015382 ), 0
( 0,9999999994665958 1,0000000012679198 1,0000000016015202 ), 0
( 0,9999999994665627 1,0000000012677854 1,0000000016014245 ), 0
( 0,9999999994666331 1,000000001268063 1,0000000016019608 ), 0
( 0,9999999994666885 1,000000001267851 1,000000001601368 ), 0
( 0,9999999994666965 1,000000001267785 1,0000000016013961 ), 0
( 0,9999999994665378 1,000000001267941 1,0000000016019204 ), 0
( 0,9999999994665598 1,0000000012678938 1,0000000016015256 ), 0
( 0,9999999994664622 1,000000001267462 1,000000001601322 ), 0
( 0,9999999994666399 1,0000000012678258 1,0000000016014847 ), 0
( 0,9999999994666605 1,0000000012677115 1,0000000016013142 ), 0
( 0,9999999994666073 1,0000000012676844 1,0000000016018382 ), 0
( 0,9999999994666046 1,000000001268059 1,0000000016015758 ), 0
( 0,9999999994665257 1,0000000012679613 1,0000000016014008 ), 0
( 0,9999999994665737 1,0000000012677885 1,0000000016016615 ), 0
( 0,9999999994664892 1,0000000012678862 1,0000000016017574 ), 0
( 0,99999999946664 1,0000000012678678 1,0000000016014683 ), 0
( 0,9999999994667081 1,0000000012678487 1,000000001601525 ), 0
( 0,9999999994665879 1,0000000012674615 1,0000000016011155 ), 0
( 0,9999999994666703 1,000000001267861 1,0000000016013917 ), 0
( 0,9999999994666355 1,0000000012677543 1,0000000016016235 ), 0
( 0,999999999466768 1,000000001267906 1,0000000016013921 ), 0
( 0,9999999994666047 1,0000000012678278 1,0000000016016866 ), 0
( 0,9999999994664698 1,0000000012678467 1,0000000016016044 ), 0
( 0,9999999994665765 1,000000001267785 1,000000001601413 ), 0
( 0,9999999994665295 1,0000000012679042 1,0000000016015353 ), 0
( 0,9999999994665653 1,0000000012679837 1,000000001601991 ), 0
( 0,9999999994667265 1,0000000012676025 1,0000000016012627 ), 0
( 0,9999999994667406 1,0000000012677206 1,000000001601379 ), 0
( 0,9999999994666573 1,0000000012676693 1,0000000016019999 ), 0
( 0,999999999466554 1,0000000012680268 1,0000000016018178 ), 0
( 0,9999999994665041 1,0000000012677526 1,000000001601442 ), 0
( 0,9999999994666734 1,0000000012676762 1,0000000016013095 ), 0
( 0,9999999994666904 1,0000000012677894 1,0000000016016257 ), 0
( 0,9999999994666899 1,0000000012678927 1,0000000016017327 ), 0
( 0,9999999994665101 1,0000000012676822 1,0000000016015695 ), 0
( 0,9999999994666408 1,0000000012679606 1,0000000016015438 ), 0
( 0,9999999994665781 1,0000000012675152 1,0000000016016282 ), 0
( 0,9999999994665363 1,0000000012678332 1,0000000016015465 ), 0
( 0,9999999994665665 1,0000000012679804 1,0000000016016761 ), 0
( 0,9999999994666738 1,0000000012674368 1,0000000016009902 ), 0
( 0,9999999994665596 1,0000000012678283 1,0000000016014277 ), 0
( 0,9999999994665938 1,0000000012677923 1,0000000016014687 ), 0
( 0,999999999466525 1,0000000012675967 1,000000001601415 ), 0
( 0,9999999994666756 1,000000001267875 1,000000001601581 ), 0
( 0,9999999994667635 1,0000000012677985 1,0000000016014232 ), 0
( 0,9999999994666363 1,0000000012678472 1,0000000016015798 ), 0
( 0,9999999994665226 1,0000000012677959 1,0000000016014465 ), 0
( 0,9999999994666174 1,0000000012680188 1,0000000016016173 ), 0
( 0,9999999994664663 1,000000001267897 1,0000000016015624 ), 0
( 0,9999999994665434 1,0000000012681889 1,0000000016017956 ), 0
( 0,999999999466624 1,0000000012678159 1,000000001601357 ), 0
( 0,9999999994665736 1,0000000012680301 1,000000001601756 ), 0
( 0,9999999994665125 1,0000000012679493 1,0000000016015675 ), 0
( 0,9999999994666646 1,0000000012678054 1,000000001601501 ), 0
( 0,9999999994666546 1,0000000012677288 1,0000000016012327 ), 0
( 0,9999999994666448 1,0000000012680095 1,0000000016017139 ), 0
( 0,9999999994666201 1,0000000012676913 1,0000000016015682 ), 0
( 0,9999999994666897 1,0000000012679109 1,00000000160157 ), 0
( 0,9999999994666071 1,0000000012676744 1,0000000016013026 ), 0
( 0,999999999466581 1,0000000012676513 1,0000000016014525 ), 0
( 0,9999999994666868 1,0000000012676764 1,00000000160121 ), 0
( 0,999999999466661 1,0000000012676533 1,0000000016015647 ), 0
( 0,9999999994666091 1,000000001267889 1,0000000016014463 ), 0
( 0,9999999994665586 1,000000001267851 1,0000000016017059 ), 0
( 0,9999999994665578 1,000000001268408 1,0000000016023038 ), 0
( 0,9999999994666523 1,0000000012677484 1,000000001601656 ), 0
( 0,9999999994666507 1,0000000012678978 1,0000000016014108 ), 0
( 0,9999999994666117 1,0000000012678962 1,0000000016016781 ), 0
( 0,9999999994666235 1,0000000012676378 1,0000000016015669 ), 0
( 0,9999999994665637 1,0000000012677879 1,0000000016013693 ), 0
( 0,999999999466484 1,0000000012681418 1,00000000160199 ), 0
( 0,9999999994665267 1,0000000012677435 1,0000000016018622 ), 0
( 0,9999999994666371 1,0000000012677874 1,000000001601489 ), 0
( 0,9999999994666137 1,0000000012678583 1,0000000016014874 ), 0
( 0,999999999466738 1,0000000012678107 1,0000000016014101 ), 0
( 0,9999999994665806 1,0000000012678527 1,000000001601372 ), 0
( 0,9999999994666107 1,0000000012679247 1,0000000016014265 ), 0
( 0,9999999994666681 1,000000001267995 1,000000001601778 ), 0
( 0,9999999994666304 1,0000000012674768 1,0000000016012953 ), 0
( 0,9999999994664784 1,0000000012679322 1,000000001601953 ), 0
( 0,999999999466663 1,0000000012679775 1,0000000016013677 ), 0
( 0,9999999994666874 1,0000000012678556 1,0000000016014083 ), 0
( 0,9999999994665747 1,000000001267918 1,0000000016015647 ), 0
( 0,9999999994667316 1,0000000012678238 1,0000000016014008 ), 0
( 0,9999999994664795 1,0000000012676424 1,0000000016013952 ), 0
( 0,9999999994666227 1,000000001267771 1,0000000016017212 ), 0
( 0,9999999994665922 1,0000000012680905 1,0000000016018007 ), 0
( 0,9999999994665902 1,0000000012677466 1,0000000016013784 ), 0
( 0,99999999946658 1,0000000012676762 1,000000001601201 ), 0
( 0,999999999466615 1,0000000012678123 1,000000001601527 ), 0
( 0,9999999994666362 1,0000000012679837 1,0000000016015262 ), 0
( 0,9999999994665514 1,0000000012675532 1,0000000016009853 ), 0
( 0,9999999994666455 1,0000000012679235 1,0000000016014985 ), 0
( 0,9999999994665297 1,0000000012677321 1,0000000016014297 ), 0
( 0,9999999994666101 1,0000000012677444 1,0000000016016946 ), 0
( 0,9999999994667976 1,0000000012677386 1,0000000016012722 ), 0
( 0,999999999466668 1,0000000012678676 1,0000000016016166 ), 0
( 0,9999999994665976 1,0000000012677281 1,000000001601485 ), 0
( 0,9999999994665153 1,0000000012678785 1,0000000016017634 ), 0
( 0,9999999994666297 1,0000000012676749 1,0000000016013382 ), 0
( 0,9999999994666476 1,0000000012676238 1,00000000160146 ), 0
( 0,9999999994665314 1,0000000012678267 1,0000000016016282 ), 0
( 0,99999999946662 1,0000000012677968 1,0000000016012105 ), 0
( 0,9999999994667343 1,0000000012679033 1,0000000016013117 ), 0
( 0,9999999994665684 1,0000000012675734 1,0000000016010797 ), 0
( 0,9999999994665105 1,0000000012678765 1,0000000016015378 ), 0
( 0,9999999994665651 1,00000000126791 1,0000000016015058 ), 0
( 0,9999999994665663 1,000000001267864 1,0000000016015889 ), 0
( 0,9999999994665835 1,000000001267692 1,0000000016011792 ), 0
( 0,9999999994667136 1,0000000012680257 1,0000000016014976 ), 0
( 0,9999999994666599 1,000000001268004 1,0000000016013892 ), 0
( 0,9999999994666794 1,0000000012677988 1,0000000016013106 ), 0
( 0,9999999994666423 1,0000000012678103 1,0000000016013058 ), 0
( 0,9999999994665628 1,0000000012678947 1,0000000016014605 ), 0
( 0,99999999946655 1,0000000012678034 1,0000000016015387 ), 0
( 0,9999999994666219 1,0000000012678794 1,0000000016019142 ), 0
( 0,9999999994668034 1,000000001267889 1,0000000016014843 ), 0
( 0,9999999994665986 1,0000000012676797 1,0000000016015296 ), 0
( 0,9999999994665169 1,0000000012680947 1,0000000016019033 ), 0
( 0,9999999994666136 1,0000000012677632 1,0000000016011787 ), 0
( 0,9999999994666326 1,00000000126792 1,000000001601499 ), 0
( 0,999999999466651 1,000000001267633 1,0000000016011832 ), 0
( 0,999999999466583 1,0000000012675838 1,0000000016015416 ), 0
( 0,9999999994665908 1,0000000012680283 1,000000001601631 ), 0
( 0,9999999994667041 1,0000000012678838 1,0000000016016075 ), 0
( 0,9999999994665958 1,0000000012676764 1,0000000016012454 ), 0
( 0,9999999994666081 1,0000000012678627 1,000000001601685 ), 0
( 0,9999999994666685 1,000000001267729 1,0000000016014807 ), 0
( 0,9999999994665296 1,0000000012678376 1,0000000016015418 ), 0
( 0,9999999994665446 1,000000001267674 1,0000000016013668 ), 0
( 0,9999999994665926 1,0000000012678298 1,0000000016015622 ), 0
( 0,9999999994666342 1,0000000012677221 1,0000000016016075 ), 0
( 0,9999999994667155 1,0000000012678074 1,0000000016013069 ), 0
( 0,9999999994665746 1,0000000012677877 1,0000000016015602 ), 0
( 0,9999999994666233 1,0000000012678427 1,000000001601501 ), 0
( 0,9999999994667516 1,000000001267598 1,0000000016010584 ), 0
( 0,9999999994665633 1,000000001267633 1,0000000016012882 ), 0
( 0,9999999994663281 1,0000000012679828 1,000000001601571 ), 0
( 0,9999999994666059 1,000000001267677 1,0000000016012422 ), 0
( 0,9999999994665418 1,0000000012673582 1,0000000016010724 ), 0
( 0,9999999994667157 1,0000000012678385 1,0000000016014032 ), 0
( 0,9999999994666926 1,0000000012678112 1,0000000016015167 ), 0
( 0,9999999994667063 1,0000000012677452 1,0000000016013024 ), 0
( 0,9999999994667308 1,0000000012678252 1,0000000016014507 ), 0
( 0,9999999994665582 1,000000001267946 1,0000000016018165 ), 0
( 0,9999999994665649 1,0000000012679613 1,0000000016015727 ), 0
( 0,9999999994666294 1,0000000012675145 1,000000001601199 ), 0
( 0,999999999466577 1,000000001267678 1,00000000160155 ), 0
( 0,9999999994666446 1,0000000012678734 1,0000000016014672 ), 0
( 0,9999999994666091 1,0000000012677621 1,0000000016016526 ), 0
( 0,999999999466677 1,0000000012678125 1,0000000016014057 ), 0
( 0,9999999994665909 1,0000000012678305 1,0000000016014075 ), 0
( 0,9999999994665216 1,000000001267864 1,0000000016015897 ), 0
( 0,9999999994665556 1,0000000012676282 1,0000000016012345 ), 0
( 0,9999999994666217 1,0000000012679464 1,0000000016016497 ), 0
( 0,9999999994665009 1,000000001267573 1,0000000016015558 ), 0
( 0,9999999994667539 1,0000000012676762 1,000000001601253 ), 0
( 0,9999999994666152 1,0000000012677113 1,0000000016013393 ), 0
( 0,9999999994666128 1,0000000012677703 1,0000000016014943 ), 0
( 0,9999999994666497 1,0000000012677688 1,00000000160151 ), 0
( 0,9999999994666912 1,0000000012676893 1,0000000016013992 ), 0
( 0,9999999994666555 1,000000001267909 1,0000000016013693 ), 0
( 0,9999999994665613 1,0000000012673465 1,0000000016009967 ), 0
( 0,9999999994665685 1,0000000012677766 1,000000001601537 ), 0
( 0,9999999994666461 1,0000000012679462 1,000000001601747 ), 0
( 0,9999999994665736 1,0000000012678374 1,0000000016014003 ), 0
( 0,9999999994667822 1,0000000012677916 1,0000000016013997 ), 0
( 0,999999999466638 1,0000000012677848 1,000000001601428 ), 0
( 0,999999999466677 1,0000000012678356 1,0000000016014696 ), 0
( 0,9999999994666107 1,0000000012677273 1,0000000016012796 ), 0
( 0,9999999994666616 1,000000001267835 1,0000000016015713 ), 0
( 0,999999999466557 1,0000000012679764 1,0000000016014503 ), 0
( 0,9999999994664963 1,0000000012676462 1,0000000016013666 ), 0
( 0,9999999994666874 1,0000000012678336 1,0000000016014052 ), 0
( 0,999999999466507 1,000000001267629 1,0000000016013897 ), 0
( 0,9999999994666221 1,000000001267667 1,0000000016013872 ), 0
( 0,9999999994666897 1,0000000012678794 1,000000001601556 ), 0
( 0,9999999994665425 1,00000000126803 1,0000000016018096 ), 0
( 0,9999999994666628 1,0000000012678838 1,0000000016016617 ), 0
( 0,9999999994665667 1,0000000012678483 1,0000000016014918 ), 0
( 0,9999999994665708 1,000000001267933 1,0000000016019104 ), 0
( 0,9999999994665854 1,0000000012676638 1,0000000016011834 ), 0
( 0,9999999994665866 1,000000001267812 1,000000001601552 ), 0
( 0,9999999994665896 1,0000000012679888 1,000000001601743 ), 0
( 0,9999999994666938 1,0000000012674988 1,0000000016014075 ), 0
( 0,9999999994666748 1,0000000012677157 1,0000000016013875 ), 0
( 0,9999999994666049 1,0000000012681578 1,0000000016016706 ), 0
( 0,9999999994664369 1,000000001267933 1,0000000016015065 ), 0
( 0,9999999994666465 1,0000000012677643 1,000000001601452 ), 0
( 0,9999999994664547 1,0000000012678254 1,0000000016020116 ), 0
( 0,9999999994666864 1,0000000012677392 1,0000000016015826 ), 0
( 0,9999999994666038 1,0000000012677683 1,000000001601368 ), 0
( 0,9999999994665483 1,0000000012674248 1,0000000016011112 ), 0
( 0,9999999994666915 1,000000001267679 1,000000001601384 ), 0
( 0,9999999994667851 1,0000000012678136 1,0000000016014507 ), 0
( 0,9999999994666121 1,000000001267492 1,0000000016010322 ), 0
( 0,9999999994665637 1,0000000012678414 1,0000000016014887 ), 0
( 0,9999999994667229 1,0000000012679071 1,0000000016013735 ), 0
( 0,9999999994666645 1,000000001267927 1,0000000016013448 ), 0
( 0,9999999994665631 1,0000000012680341 1,0000000016018518 ), 0
( 0,9999999994666773 1,0000000012676413 1,0000000016013453 ), 0
( 0,9999999994665572 1,0000000012677916 1,000000001601624 ), 0
( 0,9999999994665703 1,0000000012679011 1,000000001601606 ), 0
( 0,9999999994666638 1,000000001267776 1,0000000016014252 ), 0
( 0,9999999994665396 1,0000000012677086 1,0000000016015027 ), 0
( 0,9999999994665323 1,000000001267938 1,0000000016016453 ), 0
( 0,9999999994665957 1,0000000012678805 1,0000000016014823 ), 0
( 0,9999999994666321 1,000000001267747 1,0000000016016666 ), 0
( 0,999999999466609 1,0000000012676176 1,0000000016013604 ), 0
( 0,9999999994665798 1,000000001267706 1,0000000016015016 ), 0
( 0,9999999994665075 1,000000001267741 1,0000000016019273 ), 0
( 0,9999999994664788 1,0000000012676737 1,000000001601578 ), 0
( 0,999999999466436 1,0000000012675443 1,0000000016014319 ), 0
( 0,9999999994665393 1,0000000012679573 1,0000000016016113 ), 0
( 0,9999999994666128 1,0000000012677044 1,000000001601488 ), 0
( 0,9999999994666875 1,0000000012679116 1,000000001601468 ), 0
( 0,9999999994665635 1,000000001267759 1,0000000016015282 ), 0
( 0,9999999994665686 1,000000001268007 1,0000000016016646 ), 0
( 0,9999999994667245 1,0000000012676096 1,0000000016013775 ), 0
( 0,9999999994666647 1,0000000012678276 1,0000000016014534 ), 0
( 0,9999999994663171 1,000000001267784 1,0000000016018342 ), 0
( 0,9999999994666045 1,00000000126782 1,0000000016016706 ), 0
( 0,9999999994666419 1,000000001267977 1,0000000016016022 ), 0
( 0,9999999994665375 1,000000001267628 1,0000000016015276 ), 0
( 0,9999999994667321 1,00000000126816 1,0000000016017252 ), 0
( 0,9999999994665777 1,0000000012679597 1,0000000016016877 ), 0
( 0,9999999994665728 1,0000000012677386 1,0000000016013535 ), 0
( 0,9999999994664018 1,0000000012676444 1,000000001601663 ), 0
( 0,999999999466677 1,000000001267635 1,0000000016012045 ), 0
( 0,9999999994665746 1,0000000012677106 1,0000000016013406 ), 0
( 0,9999999994666459 1,0000000012677503 1,0000000016013029 ), 0
( 0,9999999994667363 1,0000000012677492 1,0000000016013366 ), 0
( 0,9999999994666463 1,0000000012678778 1,0000000016016095 ), 0
( 0,99999999946655 1,0000000012677182 1,000000001601588 ), 0
( 0,999999999466643 1,0000000012679011 1,0000000016015007 ), 0
( 0,9999999994666671 1,0000000012678483 1,0000000016016095 ), 0
( 0,9999999994666182 1,0000000012679122 1,0000000016015063 ), 0
( 0,999999999466455 1,0000000012678116 1,0000000016021902 ), 0
( 0,9999999994664719 1,0000000012678718 1,0000000016015416 ), 0
( 0,9999999994667551 1,0000000012678254 1,0000000016015274 ), 0
( 0,9999999994666043 1,0000000012678338 1,000000001601359 ), 0
( 0,9999999994665989 1,0000000012678754 1,00000000160192 ), 0
( 0,9999999994666137 1,000000001267831 1,0000000016018256 ), 0
( 0,9999999994666156 1,0000000012676578 1,0000000016015405 ), 0
( 0,9999999994666445 1,0000000012678374 1,0000000016014454 ), 0
( 0,9999999994667291 1,0000000012679746 1,0000000016014938 ), 0
( 0,9999999994666453 1,0000000012678334 1,0000000016016224 ), 0
( 0,9999999994667023 1,0000000012677503 1,0000000016014723 ), 0
( 0,9999999994666166 1,0000000012677943 1,0000000016014725 ), 0
( 0,9999999994665806 1,0000000012676304 1,0000000016013566 ), 0
( 0,999999999466759 1,0000000012677517 1,0000000016013568 ), 0
( 0,9999999994666547 1,0000000012678667 1,0000000016014854 ), 0
( 0,9999999994665395 1,000000001267777 1,000000001601388 ), 0
( 0,9999999994666638 1,0000000012678647 1,000000001601535 ), 0
( 0,9999999994665993 1,0000000012677666 1,0000000016014752 ), 0
( 0,9999999994665539 1,0000000012679 1,0000000016015678 ), 0
( 0,9999999994666219 1,000000001268074 1,0000000016017547 ), 0
( 0,999999999466777 1,000000001267618 1,000000001601359 ), 0
( 0,9999999994664952 1,000000001267772 1,0000000016015154 ), 0
( 0,9999999994665202 1,0000000012677237 1,0000000016014428 ), 0
( 0,9999999994666227 1,0000000012677983 1,000000001601581 ), 0
( 0,9999999994665886 1,000000001267289 1,0000000016009623 ), 0
( 0,9999999994666887 1,0000000012678207 1,000000001601333 ), 0
( 0,9999999994666343 1,0000000012675532 1,0000000016011938 ), 0
( 0,9999999994665754 1,0000000012675434 1,000000001601452 ), 0
( 0,9999999994665772 1,0000000012677153 1,0000000016013526 ), 0
( 0,9999999994665051 1,000000001267816 1,0000000016017019 ), 0
( 0,9999999994666985 1,0000000012678787 1,0000000016015749 ), 0
( 0,9999999994665607 1,000000001267959 1,0000000016013926 ), 0
( 0,9999999994665961 1,0000000012677308 1,000000001601341 ), 0
( 0,9999999994668137 1,0000000012679129 1,0000000016012276 ), 0
( 0,9999999994665832 1,0000000012678387 1,0000000016016592 ), 0
( 0,9999999994666443 1,0000000012678736 1,0000000016014494 ), 0
( 0,9999999994665492 1,000000001268076 1,000000001601538 ), 0
( 0,9999999994666504 1,0000000012677865 1,0000000016015766 ), 0
( 0,9999999994665966 1,0000000012678052 1,0000000016014718 ), 0
( 0,9999999994663453 1,0000000012676986 1,0000000016015729 ), 0
( 0,9999999994667189 1,0000000012680677 1,0000000016015769 ), 0
( 0,9999999994664843 1,0000000012677088 1,0000000016013841 ), 0
( 0,9999999994666124 1,0000000012677752 1,0000000016017354 ), 0
( 0,9999999994665169 1,0000000012679502 1,0000000016015949 ), 0
( 0,9999999994665557 1,000000001268031 1,000000001601616 ), 0
( 0,9999999994666762 1,000000001267814 1,0000000016013622 ), 0
( 0,9999999994666349 1,0000000012676373 1,0000000016009631 ), 0
( 0,9999999994665998 1,0000000012678119 1,000000001601631 ), 0
( 0,9999999994666359 1,0000000012680892 1,0000000016018014 ), 0
( 0,9999999994666491 1,0000000012676922 1,0000000016011787 ), 0
( 0,999999999466645 1,0000000012676737 1,000000001601435 ), 0
( 0,9999999994665577 1,0000000012677899 1,0000000016014765 ), 0
( 0,9999999994664459 1,0000000012677934 1,000000001601646 ), 0
( 0,9999999994666168 1,0000000012677712 1,0000000016014006 ), 0
( 0,9999999994666355 1,000000001267913 1,0000000016015014 ), 0
( 0,9999999994666131 1,0000000012679042 1,0000000016016761 ), 0
( 0,9999999994666856 1,000000001267693 1,000000001601347 ), 0
( 0,9999999994665543 1,000000001267671 1,0000000016013741 ), 0
( 0,9999999994666209 1,0000000012678516 1,0000000016017772 ), 0
( 0,9999999994666704 1,0000000012679107 1,0000000016015236 ), 0
( 0,9999999994667272 1,0000000012676553 1,0000000016013084 ), 0
( 0,9999999994667038 1,0000000012677843 1,0000000016015154 ), 0
( 0,9999999994666892 1,0000000012676062 1,0000000016017407 ), 0
( 0,9999999994666837 1,0000000012676187 1,0000000016014978 ), 0
( 0,999999999466516 1,0000000012676098 1,0000000016015163 ), 0
( 0,9999999994666818 1,0000000012677273 1,0000000016014954 ), 0
( 0,9999999994667045 1,000000001267737 1,0000000016013744 ), 0
( 0,999999999466635 1,0000000012677388 1,000000001601483 ), 0
( 0,9999999994664902 1,0000000012678925 1,0000000016015251 ), 0
( 0,9999999994665587 1,0000000012679364 1,0000000016015091 ), 0
( 0,9999999994664877 1,00000000126774 1,0000000016015198 ), 0
( 0,9999999994666632 1,0000000012677113 1,0000000016014525 ), 0
( 0,9999999994666074 1,0000000012677288 1,0000000016013397 ), 0
( 0,9999999994665655 1,000000001267817 1,000000001601424 ), 0
( 0,9999999994666737 1,0000000012676682 1,0000000016013075 ), 0
( 0,9999999994665821 1,0000000012678214 1,0000000016014403 ), 0
( 0,999999999466604 1,0000000012677144 1,0000000016013608 ), 0
( 0,9999999994667025 1,0000000012675283 1,000000001601041 ), 0
( 0,9999999994662947 1,0000000012679118 1,00000000160183 ), 0
( 0,9999999994666332 1,0000000012677333 1,0000000016014108 ), 0
( 0,9999999994666395 1,0000000012679848 1,0000000016016373 ), 0
( 0,9999999994666199 1,0000000012681243 1,0000000016018527 ), 0
( 0,9999999994668152 1,0000000012678145 1,0000000016015302 ), 0
( 0,9999999994665918 1,0000000012676913 1,0000000016013046 ), 0
( 0,9999999994665922 1,0000000012679198 1,000000001601791 ), 0
( 0,9999999994668525 1,0000000012677706 1,0000000016012531 ), 0
( 0,9999999994666441 1,0000000012677497 1,0000000016014159 ), 0
( 0,9999999994665946 1,000000001267689 1,0000000016017276 ), 0
( 0,9999999994667511 1,0000000012676777 1,000000001601404 ), 0
( 0,9999999994664567 1,0000000012676213 1,0000000016014252 ), 0
( 0,9999999994666754 1,0000000012676522 1,0000000016014297 ), 0
( 0,9999999994666084 1,0000000012680865 1,0000000016017714 ), 0
( 0,9999999994665901 1,0000000012675814 1,000000001601248 ), 0
( 0,9999999994665284 1,000000001268017 1,0000000016018138 ), 0
( 0,9999999994663138 1,000000001267922 1,0000000016015982 ), 0
( 0,9999999994666604 1,0000000012677515 1,0000000016014319 ), 0
( 0,9999999994665582 1,0000000012677295 1,0000000016015034 ), 0
( 0,9999999994666051 1,0000000012680132 1,0000000016016055 ), 0
( 0,9999999994666438 1,0000000012676618 1,0000000016014494 ), 0
( 0,9999999994666878 1,0000000012678247 1,0000000016011756 ), 0
( 0,9999999994666259 1,0000000012677874 1,0000000016015431 ), 0
( 0,9999999994666403 1,0000000012677703 1,0000000016015729 ), 0
( 0,9999999994665913 1,0000000012677914 1,0000000016015043 ), 0
( 0,9999999994665978 1,0000000012678163 1,0000000016015007 ), 0
( 0,9999999994666403 1,000000001267796 1,000000001601473 ), 0
( 0,9999999994663882 1,0000000012679982 1,000000001601883 ), 0
( 0,9999999994666414 1,0000000012677277 1,0000000016014814 ), 0
( 0,9999999994665908 1,0000000012678394 1,0000000016019277 ), 0
( 0,9999999994666939 1,0000000012675216 1,000000001601322 ), 0
( 0,9999999994666707 1,0000000012677601 1,000000001601531 ), 0
( 0,9999999994663922 1,0000000012678887 1,000000001601366 ), 0
( 0,9999999994665094 1,0000000012675956 1,0000000016012687 ), 0
( 0,9999999994666068 1,0000000012678498 1,0000000016014867 ), 0
( 0,9999999994665877 1,000000001267839 1,0000000016015058 ), 0
( 0,999999999466517 1,000000001267801 1,0000000016014643 ), 0
( 0,9999999994665578 1,0000000012677426 1,0000000016015913 ), 0
( 0,9999999994666361 1,0000000012677392 1,0000000016016155 ), 0
( 0,9999999994666179 1,0000000012676713 1,00000000160162 ), 0
( 0,9999999994664999 1,0000000012678532 1,000000001601588 ), 0
( 0,9999999994666915 1,0000000012676695 1,0000000016013615 ), 0
( 0,9999999994666053 1,0000000012676438 1,0000000016012258 ), 0
( 0,9999999994666958 1,0000000012680368 1,0000000016014723 ), 0
( 0,9999999994666313 1,0000000012678898 1,0000000016015527 ), 0
( 0,9999999994665562 1,000000001268094 1,0000000016018558 ), 0
( 0,9999999994666215 1,00000000126762 1,0000000016012143 ), 0
( 0,9999999994665849 1,0000000012677857 1,000000001601663 ), 0
( 0,9999999994665945 1,0000000012679702 1,000000001601764 ), 0
( 0,99999999946667 1,0000000012677845 1,0000000016016117 ), 0
( 0,9999999994665394 1,0000000012677541 1,0000000016014043 ), 0
( 0,9999999994666159 1,000000001267623 1,0000000016011483 ), 0
( 0,9999999994667239 1,0000000012680814 1,0000000016013728 ), 0
( 0,9999999994665739 1,0000000012674353 1,0000000016010808 ), 0
( 0,999999999466728 1,0000000012678834 1,000000001601389 ), 0
( 0,999999999466762 1,0000000012679648 1,0000000016014043 ), 0
( 0,9999999994666501 1,0000000012678214 1,0000000016017154 ), 0
( 0,9999999994666935 1,0000000012675558 1,0000000016012032 ), 0
( 0,9999999994666654 1,0000000012679138 1,0000000016015818 ), 0
( 0,999999999466654 1,0000000012679793 1,0000000016014472 ), 0
( 0,9999999994665232 1,000000001267764 1,0000000016015314 ), 0
( 0,99999999946661 1,0000000012676444 1,000000001601359 ), 0
( 0,9999999994664495 1,0000000012678578 1,0000000016014443 ), 0
( 0,9999999994666159 1,0000000012677515 1,0000000016015989 ), 0
( 0,9999999994666038 1,0000000012679384 1,000000001601647 ), 0
( 0,9999999994665983 1,0000000012677088 1,0000000016014758 ), 0
( 0,9999999994665533 1,0000000012676757 1,0000000016013018 ), 0
( 0,9999999994666483 1,0000000012676467 1,0000000016013137 ), 0
( 0,9999999994667016 1,0000000012678218 1,0000000016015385 ), 0
( 0,9999999994666493 1,0000000012675887 1,0000000016014507 ), 0
( 0,9999999994665866 1,0000000012676604 1,000000001601213 ), 0
( 0,9999999994665056 1,0000000012679264 1,000000001601787 ), 0
( 0,999999999466659 1,0000000012679644 1,0000000016014603 ), 0
( 0,9999999994667249 1,0000000012676669 1,0000000016013095 ), 0
( 0,999999999466906 1,0000000012677712 1,0000000016012782 ), 0
( 0,999999999466468 1,0000000012678323 1,0000000016016322 ), 0
( 0,9999999994666506 1,0000000012677894 1,0000000016014974 ), 0
( 0,9999999994666247 1,0000000012679175 1,000000001601433 ), 0
( 0,9999999994666111 1,0000000012680066 1,000000001601525 ), 0
( 0,9999999994667097 1,00000000126756 1,0000000016016397 ), 0
( 0,9999999994666143 1,0000000012677275 1,000000001601231 ), 0
( 0,9999999994665725 1,0000000012679071 1,0000000016014543 ), 0
( 0,9999999994666473 1,000000001267497 1,000000001601132 ), 0
( 0,9999999994664909 1,0000000012677437 1,0000000016015382 ), 0
( 0,9999999994666442 1,000000001267602 1,0000000016010777 ), 0
( 0,999999999466556 1,0000000012678134 1,000000001601529 ), 0
( 0,9999999994665723 1,000000001267345 1,0000000016010127 ), 0
( 0,9999999994666853 1,0000000012677206 1,0000000016015178 ), 0
( 0,9999999994666345 1,000000001267708 1,0000000016015438 ), 0
( 0,9999999994665575 1,0000000012678447 1,0000000016014587 ), 0
( 0,9999999994666015 1,0000000012677952 1,0000000016015325 ), 0
( 0,9999999994666475 1,0000000012677235 1,0000000016013209 ), 0
( 0,9999999994666359 1,0000000012677213 1,0000000016013832 ), 0
( 0,9999999994665871 1,000000001267972 1,0000000016014239 ), 0
( 0,999999999466637 1,0000000012678623 1,0000000016015722 ), 0
( 0,9999999994666358 1,0000000012678492 1,0000000016016168 ), 0
( 0,9999999994665895 1,0000000012679893 1,0000000016017465 ), 0
( 0,9999999994667466 1,0000000012675443 1,0000000016011459 ), 0
( 0,9999999994666127 1,0000000012680577 1,0000000016017192 ), 0
( 0,9999999994666815 1,0000000012675494 1,0000000016012296 ), 0
( 0,9999999994666137 1,0000000012677193 1,0000000016014343 ), 0
( 0,9999999994666167 1,0000000012678227 1,0000000016014918 ), 0
( 0,9999999994665281 1,0000000012677575 1,0000000016014339 ), 0
( 0,9999999994666315 1,0000000012676535 1,000000001601127 ), 0
( 0,9999999994665869 1,0000000012678971 1,0000000016016295 ), 0
( 0,9999999994665778 1,0000000012678631 1,000000001601535 ), 0
( 0,9999999994666412 1,0000000012677954 1,0000000016016413 ), 0
( 0,9999999994665943 1,000000001267846 1,0000000016016608 ), 0
( 0,9999999994667099 1,000000001267704 1,0000000016013098 ), 0
( 0,9999999994666304 1,0000000012678498 1,0000000016014503 ), 0
( 0,9999999994666579 1,0000000012677241 1,0000000016015067 ), 0
( 0,9999999994666252 1,0000000012677868 1,000000001601372 ), 0
( 0,9999999994665122 1,0000000012679373 1,000000001601741 ), 0
( 0,9999999994667107 1,000000001267727 1,0000000016012847 ), 0
( 0,999999999466555 1,0000000012675183 1,0000000016011146 ), 0
( 0,9999999994666119 1,0000000012679722 1,0000000016015496 ), 0
( 0,9999999994666843 1,0000000012677774 1,0000000016014632 ), 0
( 0,9999999994665305 1,000000001267839 1,0000000016014923 ), 0
( 0,9999999994665933 1,0000000012678911 1,0000000016017052 ), 0
( 0,9999999994666409 1,0000000012676749 1,000000001601434 ), 0
( 0,9999999994666791 1,000000001267839 1,0000000016014394 ), 0
( 0,9999999994666113 1,00000000126762 1,0000000016014645 ), 0
( 0,9999999994665797 1,0000000012678387 1,0000000016015502 ), 0
( 0,9999999994665204 1,0000000012680519 1,0000000016018002 ), 0
( 0,9999999994669957 1,0000000012679253 1,000000001601179 ), 0
( 0,9999999994665215 1,0000000012677654 1,0000000016013957 ), 0
( 0,9999999994666079 1,0000000012680186 1,0000000016016022 ), 0
( 0,9999999994666045 1,0000000012676216 1,000000001601462 ), 0
( 0,9999999994666919 1,0000000012676158 1,0000000016014052 ), 0
( 0,9999999994667425 1,0000000012675097 1,0000000016011865 ), 0
( 0,9999999994666062 1,0000000012675223 1,000000001601005 ), 0
( 0,9999999994666521 1,0000000012678536 1,000000001601312 ), 0
( 0,999999999466612 1,0000000012675678 1,0000000016012263 ), 0
( 0,9999999994667003 1,0000000012676655 1,0000000016014758 ), 0
( 0,9999999994666015 1,0000000012677774 1,000000001601484 ), 0
( 0,9999999994665599 1,000000001267749 1,000000001601469 ), 0
( 0,9999999994666454 1,0000000012677719 1,0000000016013282 ), 0
( 0,9999999994666787 1,0000000012677206 1,0000000016015134 ), 0
( 0,9999999994666199 1,0000000012677768 1,0000000016014268 ), 0
( 0,9999999994666225 1,0000000012679613 1,0000000016014992 ), 0
( 0,9999999994664895 1,0000000012677692 1,0000000016015793 ), 0
( 0,9999999994666245 1,000000001267953 1,0000000016016033 ), 0
( 0,9999999994664739 1,0000000012679713 1,0000000016014359 ), 0
( 0,9999999994665444 1,0000000012678647 1,0000000016016473 ), 0
( 0,9999999994667169 1,000000001267787 1,0000000016014758 ), 0
( 0,9999999994666051 1,0000000012676875 1,0000000016014918 ), 0
( 0,9999999994666494 1,000000001267717 1,000000001601392 ), 0
( 0,9999999994666331 1,0000000012676087 1,0000000016012576 ), 0
( 0,9999999994666112 1,0000000012678996 1,0000000016015211 ), 0
( 0,999999999466587 1,0000000012678436 1,0000000016014736 ), 0
( 0,9999999994665678 1,0000000012677441 1,000000001601201 ), 0
( 0,999999999466605 1,000000001267382 1,0000000016009607 ), 0
( 0,9999999994664597 1,000000001267806 1,0000000016016888 ), 0
( 0,9999999994666606 1,0000000012678298 1,0000000016015747 ), 0
( 0,9999999994667323 1,0000000012678825 1,0000000016013788 ), 0
( 0,9999999994665335 1,0000000012675971 1,0000000016011599 ), 0
( 0,9999999994665597 1,0000000012679044 1,0000000016015014 ), 0
( 0,9999999994666283 1,0000000012678387 1,0000000016015427 ), 0
( 0,9999999994666258 1,0000000012678287 1,0000000016015185 ), 0
( 0,9999999994666277 1,0000000012678099 1,0000000016016497 ), 0
( 0,9999999994668229 1,0000000012676877 1,000000001601215 ), 0
( 0,9999999994666325 1,0000000012676296 1,0000000016014654 ), 0
( 0,9999999994666046 1,0000000012679726 1,0000000016016493 ), 0
( 0,9999999994666442 1,0000000012678414 1,0000000016015482 ), 0
( 0,9999999994667735 1,000000001267695 1,0000000016012327 ), 0
( 0,9999999994666038 1,0000000012673065 1,0000000016008923 ), 0
( 0,9999999994665666 1,0000000012678087 1,0000000016016686 ), 0
( 0,9999999994666272 1,0000000012677897 1,000000001601723 ), 0
( 0,9999999994665876 1,0000000012677577 1,0000000016013864 ), 0
( 0,9999999994666656 1,0000000012678107 1,0000000016015127 ), 0
( 0,9999999994665626 1,0000000012675687 1,0000000016013062 ), 0
( 0,999999999466535 1,0000000012677188 1,000000001601273 ), 0
( 0,9999999994665641 1,0000000012677426 1,0000000016014583 ), 0
( 0,99999999946678 1,0000000012676777 1,0000000016012038 ), 0
( 0,999999999466525 1,0000000012676273 1,000000001601505 ), 0
( 0,9999999994664445 1,0000000012678312 1,0000000016015635 ), 0
( 0,9999999994666391 1,0000000012677552 1,0000000016012247 ), 0
( 0,9999999994666454 1,0000000012678778 1,0000000016016275 ), 0
( 0,9999999994665241 1,0000000012679677 1,0000000016015538 ), 0
( 0,9999999994665896 1,0000000012678378 1,000000001601691 ), 0
( 0,9999999994665444 1,000000001267871 1,0000000016014936 ), 0
( 0,9999999994664813 1,0000000012675427 1,0000000016015447 ), 0
( 0,9999999994665125 1,0000000012678611 1,0000000016014743 ), 0
( 0,9999999994666264 1,0000000012678496 1,000000001601798 ), 0
( 0,9999999994666927 1,0000000012678085 1,0000000016012154 ), 0
( 0,9999999994665221 1,0000000012676147 1,0000000016014106 ), 0
( 0,9999999994666341 1,000000001267786 1,0000000016016282 ), 0
( 0,9999999994665397 1,0000000012678079 1,0000000016014157 ), 0
( 0,9999999994666241 1,000000001267728 1,0000000016013217 ), 0
( 0,9999999994665242 1,0000000012679149 1,0000000016015944 ), 0
( 0,9999999994665921 1,000000001267791 1,0000000016014077 ), 0
( 0,999999999466612 1,0000000012677048 1,000000001601426 ), 0
( 0,9999999994666281 1,0000000012677923 1,000000001601487 ), 0
( 0,9999999994665002 1,000000001267931 1,000000001601749 ), 0
( 0,9999999994664497 1,0000000012675738 1,0000000016014736 ), 0
( 0,9999999994666527 1,0000000012677843 1,0000000016016033 ), 0
( 0,9999999994665835 1,0000000012676329 1,0000000016014592 ), 0
( 0,9999999994665353 1,0000000012678552 1,0000000016016293 ), 0
( 0,99999999946666 1,0000000012677341 1,000000001601405 ), 0
( 0,9999999994666317 1,0000000012677126 1,0000000016012973 ), 0
( 0,9999999994665847 1,0000000012678825 1,000000001601561 ), 0
( 0,9999999994666231 1,000000001268008 1,0000000016015134 ), 0
( 0,9999999994667151 1,0000000012679053 1,0000000016014583 ), 0
( 0,9999999994666351 1,0000000012678105 1,0000000016017203 ), 0
( 0,9999999994664251 1,0000000012677226 1,0000000016012616 ), 0
( 0,9999999994665975 1,0000000012677377 1,0000000016015043 ), 0
( 0,9999999994665784 1,0000000012677637 1,0000000016016544 ), 0
( 0,9999999994665942 1,000000001267473 1,0000000016011548 ), 0
( 0,9999999994666027 1,0000000012678856 1,0000000016014772 ), 0
( 0,9999999994666132 1,000000001267776 1,0000000016014718 ), 0
( 0,9999999994666124 1,0000000012677503 1,0000000016016064 ), 0
( 0,9999999994667285 1,0000000012678412 1,0000000016015174 ), 0
( 0,9999999994665153 1,0000000012678314 1,0000000016014932 ), 0
( 0,999999999466584 1,000000001267843 1,0000000016013744 ), 0
( 0,9999999994666465 1,000000001267776 1,0000000016013908 ), 0
( 0,9999999994666332 1,0000000012672825 1,000000001600962 ), 0
( 0,9999999994665288 1,000000001268039 1,0000000016016455 ), 0
( 0,9999999994664671 1,0000000012677497 1,0000000016015158 ), 0
( 0,9999999994666511 1,0000000012677723 1,000000001601334 ), 0
( 0,9999999994666434 1,000000001267606 1,0000000016014088 ), 0
( 0,9999999994667376 1,000000001267829 1,0000000016015085 ), 0
( 0,9999999994663628 1,0000000012677064 1,000000001601816 ), 0
( 0,9999999994665509 1,0000000012676602 1,0000000016014536 ), 0
( 0,9999999994666885 1,0000000012678232 1,0000000016016337 ), 0
( 0,9999999994665891 1,0000000012677914 1,0000000016014319 ), 0
( 0,9999999994665074 1,0000000012679573 1,0000000016021773 ), 0
( 0,9999999994665516 1,0000000012676629 1,000000001601272 ), 0
( 0,9999999994665989 1,0000000012676802 1,0000000016012653 ), 0
( 0,9999999994666442 1,0000000012678512 1,0000000016016242 ), 0
( 0,9999999994666453 1,0000000012680317 1,0000000016016997 ), 0
( 0,9999999994665826 1,0000000012676846 1,0000000016015127 ), 0
( 0,9999999994666245 1,000000001267905 1,0000000016015747 ), 0
( 0,9999999994665735 1,000000001267754 1,0000000016011876 ), 0
( 0,9999999994666979 1,000000001267736 1,000000001601376 ), 0
( 0,9999999994667577 1,000000001267714 1,000000001601418 ), 0
( 0,9999999994665676 1,0000000012679349 1,0000000016017947 ), 0
( 0,9999999994664908 1,0000000012677324 1,000000001601562 ), 0
( 0,9999999994666292 1,0000000012677148 1,000000001601404 ), 0
( 0,9999999994666013 1,0000000012677626 1,0000000016015569 ), 0
( 0,9999999994666684 1,00000000126778 1,0000000016014028 ), 0
( 0,99999999946669 1,0000000012677104 1,000000001601295 ), 0
( 0,9999999994665251 1,0000000012677333 1,0000000016015866 ), 0
( 0,9999999994666198 1,0000000012678076 1,0000000016014556 ), 0
( 0,9999999994665945 1,0000000012675865 1,0000000016014623 ), 0
( 0,9999999994666209 1,0000000012679577 1,0000000016015385 ), 0
( 0,9999999994667044 1,000000001267695 1,000000001601567 ), 0
( 0,9999999994666617 1,0000000012670238 1,000000001600763 ), 0
( 0,9999999994665427 1,0000000012681338 1,0000000016018507 ), 0
( 0,9999999994666591 1,000000001267864 1,0000000016014494 ), 0
( 0,9999999994664994 1,000000001267975 1,000000001601519 ), 0
( 0,9999999994666497 1,000000001267844 1,0000000016014703 ), 0
( 0,9999999994666227 1,0000000012679262 1,0000000016014954 ), 0
( 0,9999999994666019 1,000000001267869 1,000000001601585 ), 0
( 0,9999999994665918 1,000000001267991 1,000000001601505 ), 0
( 0,9999999994665573 1,0000000012677805 1,0000000016015531 ), 0
( 0,9999999994666722 1,0000000012678492 1,0000000016015853 ), 0
( 0,9999999994667333 1,0000000012678048 1,0000000016014217 ), 0
( 0,9999999994665898 1,0000000012678156 1,0000000016014987 ), 0
( 0,9999999994666829 1,0000000012677412 1,0000000016014061 ), 0
( 0,9999999994667066 1,0000000012679982 1,000000001601653 ), 0
( 0,9999999994665766 1,000000001268029 1,0000000016015755 ), 0
( 0,9999999994666412 1,0000000012676442 1,0000000016015245 ), 0
( 0,9999999994665664 1,0000000012677353 1,0000000016015134 ), 0
( 0,9999999994666946 1,0000000012675727 1,0000000016013146 ), 0
( 0,9999999994665206 1,0000000012674597 1,0000000016011437 ), 0
( 0,9999999994666143 1,000000001267674 1,0000000016015065 ), 0
( 0,999999999466588 1,0000000012679526 1,0000000016016473 ), 0
( 0,9999999994665504 1,0000000012679537 1,000000001601631 ), 0
( 0,9999999994666756 1,0000000012676142 1,0000000016015504 ), 0
( 0,9999999994666652 1,000000001267869 1,0000000016014141 ), 0
( 0,9999999994666775 1,000000001267826 1,0000000016015342 ), 0
( 0,99999999946668 1,0000000012677581 1,0000000016014174 ), 0
( 0,99999999946643 1,0000000012677202 1,0000000016016113 ), 0
( 0,9999999994667554 1,0000000012678247 1,000000001601124 ), 0
( 0,9999999994666107 1,0000000012675894 1,0000000016010795 ), 0
( 0,9999999994664788 1,0000000012677381 1,0000000016016675 ), 0
( 0,999999999466684 1,0000000012675039 1,0000000016010246 ), 0
( 0,9999999994666435 1,0000000012679384 1,0000000016016193 ), 0
( 0,9999999994666009 1,0000000012676253 1,0000000016014345 ), 0
( 0,9999999994665796 1,0000000012677528 1,000000001601393 ), 0
( 0,9999999994666531 1,0000000012678216 1,0000000016013577 ), 0
( 0,9999999994665798 1,0000000012678183 1,0000000016015513 ), 0
( 0,9999999994665981 1,0000000012680161 1,0000000016016164 ), 0
( 0,9999999994666744 1,0000000012678814 1,0000000016017607 ), 0
( 0,9999999994666562 1,0000000012680006 1,0000000016014148 ), 0
( 0,9999999994666314 1,0000000012677446 1,0000000016014554 ), 0
( 0,9999999994665894 1,0000000012678962 1,000000001601417 ), 0
( 0,9999999994665716 1,0000000012680017 1,0000000016017445 ), 0
( 0,9999999994666906 1,00000000126794 1,0000000016015245 ), 0
( 0,9999999994665822 1,0000000012676655 1,0000000016017514 ), 0
( 0,9999999994666765 1,0000000012680188 1,0000000016015178 ), 0
( 0,9999999994666854 1,0000000012678905 1,0000000016014043 ), 0
( 0,9999999994665655 1,0000000012678787 1,000000001601556 ), 0
( 0,9999999994667159 1,0000000012678814 1,000000001601454 ), 0
( 0,9999999994666753 1,0000000012677324 1,0000000016012276 ), 0
( 0,9999999994666111 1,0000000012677694 1,000000001601316 ), 0
( 0,9999999994666424 1,0000000012678005 1,000000001601377 ), 0
( 0,9999999994664833 1,0000000012679264 1,0000000016014725 ), 0
( 0,9999999994667559 1,0000000012678096 1,0000000016011399 ), 0
( 0,9999999994665916 1,00000000126768 1,000000001601404 ), 0
( 0,9999999994666214 1,0000000012677202 1,0000000016014776 ), 0
( 0,9999999994667164 1,0000000012680135 1,0000000016015995 ), 0
( 0,9999999994665895 1,0000000012677348 1,0000000016014643 ), 0
( 0,999999999466681 1,000000001267925 1,0000000016015511 ), 0
( 0,9999999994665986 1,0000000012676846 1,00000000160128 ), 0
( 0,9999999994666836 1,0000000012677317 1,0000000016012638 ), 0
( 0,9999999994665788 1,0000000012678139 1,0000000016013961 ), 0
( 0,9999999994665777 1,000000001267666 1,0000000016010329 ), 0
( 0,9999999994666393 1,000000001267933 1,0000000016015889 ), 0
( 0,9999999994666476 1,0000000012678871 1,0000000016014878 ), 0
( 0,9999999994666345 1,000000001267589 1,000000001601345 ), 0
( 0,9999999994667257 1,0000000012678287 1,0000000016015127 ), 0
( 0,9999999994665946 1,0000000012678414 1,0000000016015644 ), 0
( 0,999999999466628 1,0000000012675665 1,0000000016012827 ), 0
( 0,9999999994666909 1,000000001267653 1,0000000016013786 ), 0
( 0,9999999994667426 1,0000000012679273 1,0000000016015098 ), 0
( 0,9999999994666454 1,0000000012677568 1,0000000016015436 ), 0
( 0,9999999994666747 1,0000000012675665 1,0000000016011108 ), 0
( 0,9999999994666211 1,0000000012678425 1,0000000016013695 ), 0
( 0,9999999994666032 1,0000000012677284 1,0000000016013562 ), 0
( 0,9999999994666043 1,0000000012679662 1,0000000016017148 ), 0
( 0,9999999994665864 1,0000000012678025 1,0000000016012895 ), 0
( 0,9999999994665123 1,0000000012676495 1,0000000016011914 ), 0
( 0,999999999466653 1,0000000012677377 1,0000000016015316 ), 0
( 0,9999999994665588 1,000000001267651 1,00000000160142 ), 0
( 0,9999999994665996 1,0000000012679353 1,0000000016016581 ), 0
( 0,9999999994666309 1,0000000012678507 1,000000001601556 ), 0
( 0,9999999994665952 1,0000000012677952 1,0000000016014994 ), 0
( 0,9999999994666208 1,0000000012678787 1,0000000016016273 ), 0
( 0,9999999994666745 1,0000000012678962 1,000000001601546 ), 0
( 0,999999999466568 1,000000001267569 1,0000000016014834 ), 0
( 0,9999999994666149 1,0000000012678314 1,0000000016013262 ), 0
( 0,999999999466512 1,0000000012679824 1,0000000016018475 ), 0
( 0,9999999994666516 1,0000000012679793 1,0000000016016308 ), 0
( 0,99999999946664 1,0000000012677606 1,0000000016013628 ), 0
( 0,9999999994667313 1,0000000012677448 1,000000001601174 ), 0
( 0,9999999994664504 1,0000000012677628 1,0000000016016422 ), 0
( 0,9999999994665986 1,000000001267517 1,0000000016010504 ), 0
( 0,9999999994664924 1,0000000012674304 1,0000000016010222 ), 0
( 0,9999999994666063 1,0000000012678576 1,000000001601615 ), 0
( 0,999999999466569 1,000000001268085 1,0000000016017254 ), 0
( 0,999999999466614 1,000000001267779 1,0000000016015165 ), 0
( 0,9999999994666511 1,0000000012676329 1,0000000016013606 ), 0
( 0,9999999994666955 1,0000000012679033 1,0000000016015727 ), 0
( 0,9999999994665049 1,0000000012678187 1,0000000016016897 ), 0
( 0,9999999994666242 1,0000000012676658 1,0000000016014552 ), 0
( 0,9999999994666413 1,0000000012677284 1,0000000016012718 ), 0
( 0,9999999994665751 1,0000000012678163 1,0000000016013726 ), 0
( 0,9999999994667725 1,000000001267587 1,0000000016012125 ), 0
( 0,9999999994666342 1,000000001267696 1,0000000016014154 ), 0
( 0,9999999994666471 1,000000001267897 1,0000000016015482 ), 0
( 0,9999999994665697 1,0000000012673418 1,0000000016009916 ), 0
( 0,9999999994666426 1,0000000012678725 1,0000000016015484 ), 0
( 0,9999999994665428 1,0000000012679107 1,0000000016015052 ), 0
( 0,9999999994666565 1,000000001267716 1,0000000016014616 ), 0
( 0,9999999994664552 1,0000000012678598 1,0000000016015622 ), 0
( 0,9999999994665713 1,0000000012678392 1,000000001601543 ), 0
( 0,9999999994666041 1,0000000012677481 1,0000000016017165 ), 0
( 0,9999999994664784 1,0000000012677783 1,0000000016015418 ), 0
( 0,9999999994666965 1,0000000012677037 1,0000000016012907 ), 0
( 0,9999999994666506 1,0000000012677257 1,0000000016013937 ), 0
( 0,9999999994667103 1,000000001267815 1,0000000016015809 ), 0
( 0,9999999994666402 1,0000000012676944 1,000000001601204 ), 0
( 0,9999999994665478 1,0000000012679853 1,000000001602041 ), 0
( 0,9999999994666443 1,0000000012676558 1,0000000016011898 ), 0
( 0,9999999994665516 1,0000000012679102 1,0000000016016102 ), 0
( 0,9999999994666947 1,0000000012677153 1,0000000016016817 ), 0
( 0,9999999994665673 1,0000000012676766 1,0000000016013906 ), 0
( 0,9999999994665149 1,0000000012679218 1,000000001601484 ), 0
( 0,9999999994667925 1,0000000012678092 1,0000000016011878 ), 0
( 0,9999999994666376 1,0000000012678028 1,0000000016015524 ), 0
( 0,999999999466602 1,0000000012678616 1,0000000016015345 ), 0
( 0,999999999466706 1,000000001267875 1,000000001601509 ), 0
( 0,9999999994664942 1,0000000012677552 1,0000000016015194 ), 0
( 0,9999999994664335 1,0000000012679635 1,0000000016018962 ), 0
( 0,9999999994666817 1,0000000012677042 1,0000000016012751 ), 0
( 0,9999999994666599 1,0000000012675814 1,0000000016012183 ), 0
Liczba wywoa funkcji celu: 195097
