Iteracja nr: 79
( 0,9999999994676797 1,000000001263867 1,0000000015960442 ), 0
( 0,9999999994650657 1,0000000012662866 1,0000000015989015 ), 0
( 0,9999999994686661 1,0000000012705752 1,0000000016043131 ), 0
( 0,9999999994671452 1,0000000012706227 1,000000001603046 ), 0
( 0,9999999994644676 1,0000000012599417 1,0000000016009132 ), 0
( 0,9999999994660016 1,000000001268767 1,0000000016050372 ), 0
( 0,9999999994654754 1,0000000012675512 1,0000000016042325 ), 0
( 0,99999999946582 1,0000000012675103 1,0000000016049833 ), 0
( 0,999999999467856 1,0000000012687462 1,000000001602691 ), 0
( 0,9999999994659848 1,000000001267551 1,0000000016007915 ), 0
( 0,9999999994653678 1,0000000012715473 1,000000001606108 ), 0
( 0,999999999467796 1,0000000012696943 1,0000000016015658 ), 0
( 0,9999999994676548 1,000000001273802 1,0000000016075605 ), 0
( 0,9999999994641288 1,0000000012689518 1,0000000016053778 ), 0
( 0,9999999994698823 1,0000000012718149 1,0000000016012671 ), 0
( 0,999999999466969 1,000000001268613 1,0000000016015242 ), 0
( 0,9999999994674708 1,0000000012712613 1,0000000015994206 ), 0
( 0,9999999994686949 1,0000000012688632 1,0000000016023738 ), 0
( 0,9999999994673516 1,0000000012686414 1,0000000015985828 ), 0
( 0,9999999994641187 1,000000001267463 1,0000000016016377 ), 0
( 0,9999999994683411 1,0000000012687893 1,0000000016056148 ), 0
( 0,999999999464973 1,0000000012652301 1,0000000016025055 ), 0
( 0,9999999994677884 1,0000000012691062 1,0000000016046093 ), 0
( 0,9999999994658275 1,0000000012699242 1,0000000016021842 ), 0
( 0,9999999994662014 1,000000001265302 1,0000000016008934 ), 0
( 0,9999999994661576 1,000000001265797 1,0000000016077712 ), 0
( 0,9999999994680504 1,0000000012594703 1,0000000015923796 ), 0
( 0,9999999994630753 1,0000000012736028 1,0000000016050472 ), 0
( 0,9999999994647384 1,0000000012716048 1,0000000016097275 ), 0
( 0,999999999465401 1,0000000012682848 1,0000000016027524 ), 0
( 0,9999999994667366 1,000000001265907 1,000000001600718 ), 0
( 0,9999999994674904 1,0000000012722636 1,0000000016052484 ), 0
( 0,9999999994677011 1,0000000012643968 1,0000000016011157 ), 0
( 0,9999999994672322 1,0000000012681178 1,0000000016025696 ), 0
( 0,9999999994672861 1,0000000012718604 1,0000000016044925 ), 0
( 0,9999999994670491 1,0000000012687082 1,000000001598797 ), 0
( 0,9999999994667461 1,0000000012684302 1,0000000016043198 ), 0
( 0,9999999994649967 1,0000000012694181 1,0000000016060058 ), 0
( 0,999999999467068 1,0000000012706454 1,000000001606361 ), 0
( 0,9999999994658884 1,0000000012701888 1,000000001601674 ), 0
( 0,9999999994656131 1,0000000012670516 1,0000000016012622 ), 0
( 0,9999999994655561 1,0000000012640233 1,0000000015970547 ), 0
( 0,9999999994686268 1,000000001265865 1,00000000159894 ), 0
( 0,9999999994652251 1,0000000012656278 1,0000000016016903 ), 0
( 0,999999999467577 1,0000000012702064 1,0000000016030666 ), 0
( 0,9999999994664867 1,0000000012676349 1,0000000015998807 ), 0
( 0,9999999994674147 1,000000001269646 1,0000000016037573 ), 0
( 0,999999999465416 1,0000000012688928 1,0000000016011328 ), 0
( 0,9999999994662976 1,0000000012709644 1,0000000016044548 ), 0
( 0,9999999994697836 1,0000000012707118 1,0000000016030288 ), 0
( 0,9999999994665132 1,0000000012654076 1,0000000015986592 ), 0
( 0,9999999994679956 1,0000000012659818 1,0000000016001929 ), 0
( 0,9999999994681111 1,0000000012648183 1,000000001600865 ), 0
( 0,9999999994671612 1,0000000012683339 1,0000000015954886 ), 0
( 0,9999999994669212 1,0000000012712529 1,0000000016061845 ), 0
( 0,9999999994648261 1,0000000012701826 1,0000000016034363 ), 0
( 0,999999999467747 1,0000000012657537 1,0000000016014865 ), 0
( 0,9999999994676434 1,0000000012642303 1,0000000015984825 ), 0
( 0,9999999994663371 1,0000000012695989 1,0000000016057873 ), 0
( 0,9999999994679583 1,0000000012714978 1,0000000016060107 ), 0
( 0,9999999994652491 1,0000000012665289 1,0000000016000248 ), 0
( 0,9999999994670582 1,000000001265198 1,0000000015992379 ), 0
( 0,9999999994675159 1,0000000012643075 1,0000000015973072 ), 0
( 0,9999999994655775 1,0000000012604446 1,0000000015901511 ), 0
( 0,9999999994685466 1,0000000012696342 1,000000001601202 ), 0
( 0,9999999994648135 1,0000000012684465 1,0000000016026402 ), 0
( 0,9999999994649511 1,000000001270589 1,0000000016038508 ), 0
( 0,9999999994679523 1,0000000012662134 1,0000000016019985 ), 0
( 0,9999999994666833 1,0000000012706713 1,0000000016043322 ), 0
( 0,9999999994657811 1,0000000012719155 1,000000001605955 ), 0
( 0,999999999466596 1,0000000012692973 1,0000000015992325 ), 0
( 0,9999999994682015 1,0000000012681867 1,0000000016025268 ), 0
( 0,9999999994653226 1,0000000012694017 1,0000000016026753 ), 0
( 0,9999999994678872 1,0000000012672923 1,000000001602811 ), 0
( 0,99999999946739 1,0000000012680355 1,0000000016033415 ), 0
( 0,9999999994673637 1,0000000012654355 1,0000000016018773 ), 0
( 0,9999999994670831 1,000000001272212 1,0000000016022144 ), 0
( 0,9999999994675344 1,000000001268286 1,000000001598524 ), 0
( 0,9999999994686665 1,0000000012685546 1,0000000016001884 ), 0
( 0,9999999994677995 1,0000000012661319 1,000000001596538 ), 0
( 0,9999999994674121 1,0000000012708963 1,0000000016059993 ), 0
( 0,9999999994660697 1,0000000012660355 1,0000000015989405 ), 0
( 0,9999999994669272 1,0000000012655474 1,0000000015986206 ), 0
( 0,999999999466275 1,0000000012625139 1,0000000015966657 ), 0
( 0,9999999994683588 1,0000000012616876 1,000000001594795 ), 0
( 0,999999999467571 1,0000000012687227 1,0000000016043415 ), 0
( 0,9999999994666983 1,0000000012658967 1,0000000015984547 ), 0
( 0,9999999994666838 1,0000000012707007 1,0000000016060782 ), 0
( 0,9999999994663457 1,0000000012691328 1,0000000016017765 ), 0
( 0,9999999994669833 1,0000000012714871 1,0000000016038517 ), 0
( 0,9999999994673548 1,0000000012710395 1,0000000016030572 ), 0
( 0,9999999994663831 1,0000000012691088 1,0000000016053636 ), 0
( 0,9999999994666396 1,0000000012660375 1,0000000016000032 ), 0
( 0,9999999994663259 1,000000001268698 1,0000000016068387 ), 0
( 0,999999999466898 1,000000001273355 1,0000000016026482 ), 0
( 0,9999999994673178 1,0000000012724424 1,0000000016049029 ), 0
( 0,999999999466414 1,0000000012674146 1,0000000016013317 ), 0
( 0,9999999994646803 1,0000000012689754 1,0000000016003667 ), 0
( 0,9999999994658448 1,000000001263577 1,0000000016028066 ), 0
( 0,9999999994683935 1,000000001271116 1,0000000016014892 ), 0
( 0,9999999994647074 1,000000001266708 1,0000000016018002 ), 0
( 0,9999999994678501 1,0000000012668362 1,0000000015980288 ), 0
( 0,999999999465648 1,0000000012683616 1,0000000016034365 ), 0
( 0,9999999994685641 1,0000000012680603 1,000000001602216 ), 0
( 0,9999999994663502 1,0000000012675463 1,0000000016034518 ), 0
( 0,9999999994654398 1,0000000012636274 1,0000000015976287 ), 0
( 0,9999999994669435 1,0000000012714476 1,0000000016029276 ), 0
( 0,9999999994678127 1,0000000012727543 1,000000001607974 ), 0
( 0,9999999994665105 1,0000000012667034 1,000000001601559 ), 0
( 0,9999999994677938 1,0000000012686152 1,0000000016024526 ), 0
( 0,9999999994660733 1,0000000012672452 1,0000000016018147 ), 0
( 0,9999999994672226 1,0000000012622132 1,0000000015977484 ), 0
( 0,9999999994680058 1,0000000012719443 1,0000000016127804 ), 0
( 0,9999999994662759 1,0000000012673993 1,000000001602446 ), 0
( 0,9999999994644545 1,0000000012596912 1,0000000015955037 ), 0
( 0,9999999994675514 1,0000000012667543 1,0000000016004904 ), 0
( 0,999999999466823 1,0000000012692163 1,000000001605067 ), 0
( 0,9999999994646527 1,0000000012684787 1,00000000160146 ), 0
( 0,9999999994657796 1,0000000012706651 1,0000000016047035 ), 0
( 0,9999999994655155 1,00000000126881 1,0000000016022017 ), 0
( 0,9999999994656069 1,0000000012483856 1,0000000015837982 ), 0
( 0,9999999994658951 1,000000001268313 1,000000001601436 ), 0
( 0,9999999994657206 1,0000000012696004 1,00000000160286 ), 0
( 0,999999999466963 1,0000000012676868 1,0000000016023947 ), 0
( 0,9999999994680492 1,0000000012668302 1,0000000015988135 ), 0
( 0,9999999994648353 1,0000000012666848 1,00000000160017 ), 0
( 0,999999999465547 1,0000000012706256 1,000000001601644 ), 0
( 0,9999999994663575 1,0000000012678643 1,0000000016018864 ), 0
( 0,9999999994670463 1,0000000012695984 1,0000000016007393 ), 0
( 0,9999999994649869 1,000000001270424 1,0000000016040067 ), 0
( 0,9999999994673575 1,0000000012613344 1,000000001596973 ), 0
( 0,9999999994665624 1,000000001268991 1,0000000016033048 ), 0
( 0,9999999994669896 1,0000000012635484 1,0000000015975241 ), 0
( 0,9999999994665146 1,000000001268973 1,0000000016036545 ), 0
( 0,9999999994676166 1,0000000012668002 1,0000000016016732 ), 0
( 0,9999999994690263 1,0000000012668921 1,00000000160414 ), 0
( 0,9999999994664976 1,0000000012640138 1,0000000015953638 ), 0
( 0,9999999994651105 1,0000000012686072 1,0000000016023034 ), 0
( 0,9999999994643295 1,0000000012673411 1,0000000015987625 ), 0
( 0,9999999994663867 1,0000000012676653 1,0000000016006596 ), 0
( 0,9999999994662625 1,0000000012700914 1,000000001604972 ), 0
( 0,9999999994656578 1,0000000012619772 1,0000000015945258 ), 0
( 0,9999999994690096 1,000000001269374 1,0000000016041268 ), 0
( 0,9999999994654357 1,000000001268188 1,0000000016013226 ), 0
( 0,9999999994679852 1,0000000012647046 1,0000000015977728 ), 0
( 0,9999999994673534 1,0000000012640802 1,0000000015962736 ), 0
( 0,9999999994664267 1,0000000012689376 1,0000000016016786 ), 0
( 0,9999999994657542 1,0000000012636956 1,0000000015966182 ), 0
( 0,9999999994673502 1,0000000012690329 1,0000000016030608 ), 0
( 0,9999999994684228 1,000000001268706 1,000000001600959 ), 0
( 0,9999999994655581 1,0000000012664543 1,0000000015999144 ), 0
( 0,9999999994659203 1,0000000012727683 1,000000001605272 ), 0
( 0,999999999469389 1,0000000012653598 1,0000000015957087 ), 0
( 0,9999999994663289 1,0000000012673038 1,000000001604928 ), 0
( 0,999999999466227 1,0000000012643886 1,0000000015976578 ), 0
( 0,9999999994680094 1,000000001265695 1,0000000015986386 ), 0
( 0,9999999994638934 1,000000001270484 1,0000000016021742 ), 0
( 0,9999999994659698 1,0000000012675325 1,0000000016021278 ), 0
( 0,9999999994675556 1,0000000012709256 1,000000001603885 ), 0
( 0,9999999994651165 1,000000001269764 1,000000001603101 ), 0
( 0,9999999994660497 1,000000001268003 1,0000000016022106 ), 0
( 0,9999999994658718 1,0000000012673431 1,0000000016003314 ), 0
( 0,9999999994670833 1,000000001268337 1,0000000015995798 ), 0
( 0,9999999994642282 1,0000000012696815 1,0000000016056938 ), 0
( 0,9999999994659902 1,0000000012675432 1,0000000016004629 ), 0
( 0,9999999994640546 1,0000000012645753 1,0000000016004718 ), 0
( 0,9999999994692588 1,0000000012664358 1,000000001597652 ), 0
( 0,9999999994676659 1,000000001267302 1,0000000015999795 ), 0
( 0,9999999994668018 1,0000000012715273 1,000000001603242 ), 0
( 0,9999999994682413 1,0000000012660222 1,0000000015969854 ), 0
( 0,9999999994659943 1,0000000012690775 1,0000000016011465 ), 0
( 0,9999999994674622 1,0000000012685237 1,0000000016014663 ), 0
( 0,9999999994657781 1,000000001269674 1,0000000016004778 ), 0
( 0,9999999994678699 1,0000000012681307 1,0000000016014852 ), 0
( 0,9999999994656238 1,0000000012702472 1,0000000016012178 ), 0
( 0,9999999994667421 1,0000000012685095 1,000000001598629 ), 0
( 0,9999999994660198 1,0000000012637213 1,000000001599065 ), 0
( 0,9999999994666665 1,0000000012672456 1,0000000016024784 ), 0
( 0,9999999994659596 1,0000000012698933 1,0000000016000545 ), 0
( 0,9999999994673142 1,0000000012652006 1,0000000015989308 ), 0
( 0,9999999994666053 1,0000000012706258 1,0000000016020003 ), 0
( 0,99999999946881 1,0000000012692658 1,000000001603966 ), 0
( 0,9999999994654882 1,0000000012664194 1,0000000016002593 ), 0
( 0,9999999994678663 1,0000000012686845 1,0000000016009207 ), 0
( 0,9999999994656 1,0000000012669719 1,0000000016051604 ), 0
( 0,9999999994677871 1,0000000012708004 1,0000000016025563 ), 0
( 0,9999999994663047 1,000000001267933 1,0000000016014716 ), 0
( 0,9999999994670732 1,0000000012646486 1,0000000015966939 ), 0
( 0,9999999994675903 1,0000000012641057 1,0000000015988322 ), 0
( 0,9999999994666905 1,0000000012696053 1,0000000016049198 ), 0
( 0,9999999994666642 1,0000000012699948 1,000000001602163 ), 0
( 0,9999999994662393 1,000000001267729 1,000000001601528 ), 0
( 0,9999999994648779 1,0000000012697208 1,0000000016032058 ), 0
( 0,9999999994672875 1,000000001267337 1,000000001600174 ), 0
( 0,9999999994669994 1,0000000012697479 1,0000000015996415 ), 0
( 0,9999999994650206 1,0000000012673647 1,0000000016005748 ), 0
( 0,9999999994660813 1,0000000012699353 1,0000000016046768 ), 0
( 0,9999999994660176 1,0000000012688526 1,000000001599556 ), 0
( 0,9999999994657689 1,0000000012646737 1,0000000015981196 ), 0
( 0,9999999994672479 1,0000000012687567 1,00000000159864 ), 0
( 0,9999999994659277 1,0000000012645964 1,0000000016014519 ), 0
( 0,9999999994655072 1,000000001273497 1,0000000016079702 ), 0
( 0,9999999994667507 1,0000000012687738 1,0000000016007748 ), 0
( 0,999999999466388 1,0000000012704153 1,0000000016033894 ), 0
( 0,9999999994648651 1,0000000012694734 1,0000000016007367 ), 0
( 0,9999999994670902 1,0000000012681851 1,0000000016006487 ), 0
( 0,9999999994681683 1,00000000126946 1,0000000016033226 ), 0
( 0,9999999994666233 1,0000000012668262 1,0000000016008557 ), 0
( 0,9999999994672517 1,0000000012724333 1,0000000016095667 ), 0
( 0,9999999994667604 1,0000000012701982 1,0000000016049 ), 0
( 0,9999999994658328 1,0000000012729504 1,0000000016055728 ), 0
( 0,9999999994653116 1,000000001267968 1,0000000016031396 ), 0
( 0,9999999994667508 1,0000000012690347 1,0000000016007222 ), 0
( 0,999999999473803 1,000000001271123 1,0000000015957349 ), 0
( 0,9999999994659112 1,0000000012634565 1,0000000016012731 ), 0
( 0,999999999465729 1,0000000012640813 1,0000000015972461 ), 0
( 0,9999999994672041 1,0000000012675323 1,0000000016002588 ), 0
( 0,9999999994669921 1,0000000012694412 1,0000000016035269 ), 0
( 0,9999999994671737 1,0000000012661034 1,0000000016013546 ), 0
( 0,9999999994668402 1,000000001267196 1,0000000016041237 ), 0
( 0,9999999994663448 1,0000000012681032 1,0000000015998063 ), 0
( 0,9999999994666248 1,0000000012660526 1,0000000015990387 ), 0
( 0,9999999994658992 1,000000001266726 1,0000000016000496 ), 0
( 0,9999999994647372 1,000000001268989 1,0000000016020385 ), 0
( 0,9999999994657086 1,0000000012664676 1,0000000016018222 ), 0
( 0,9999999994664929 1,0000000012657195 1,0000000016022117 ), 0
( 0,99999999946842 1,0000000012657297 1,0000000015985697 ), 0
( 0,9999999994641126 1,0000000012666275 1,0000000016021007 ), 0
( 0,9999999994668637 1,00000000126803 1,0000000016011863 ), 0
( 0,9999999994658886 1,0000000012669146 1,0000000016022927 ), 0
( 0,9999999994667357 1,0000000012606451 1,0000000015915593 ), 0
( 0,9999999994661226 1,0000000012703045 1,0000000016032466 ), 0
( 0,9999999994658849 1,00000000126537 1,0000000016010706 ), 0
( 0,9999999994660157 1,0000000012706662 1,0000000016030566 ), 0
( 0,9999999994675616 1,0000000012666506 1,0000000015973127 ), 0
( 0,9999999994643659 1,0000000012696668 1,000000001602728 ), 0
( 0,9999999994654662 1,0000000012689179 1,0000000016031878 ), 0
( 0,9999999994687456 1,000000001270689 1,0000000016020778 ), 0
( 0,9999999994667861 1,0000000012677346 1,0000000015989912 ), 0
( 0,999999999468099 1,0000000012681027 1,0000000016004131 ), 0
( 0,9999999994677102 1,000000001269668 1,000000001600981 ), 0
( 0,9999999994642302 1,0000000012682895 1,0000000016038904 ), 0
( 0,9999999994657968 1,0000000012698727 1,0000000016049506 ), 0
( 0,999999999466625 1,0000000012673036 1,0000000016013675 ), 0
( 0,9999999994648866 1,0000000012709926 1,000000001604307 ), 0
( 0,9999999994680958 1,0000000012681534 1,0000000016008734 ), 0
( 0,9999999994675496 1,0000000012637162 1,0000000015954507 ), 0
( 0,9999999994685007 1,0000000012635801 1,0000000015985389 ), 0
( 0,999999999468207 1,0000000012712609 1,000000001604208 ), 0
( 0,9999999994669547 1,0000000012697303 1,0000000016032755 ), 0
( 0,9999999994673436 1,0000000012631782 1,000000001594661 ), 0
( 0,9999999994673636 1,0000000012696841 1,0000000016036124 ), 0
( 0,9999999994668114 1,0000000012719483 1,0000000016052277 ), 0
( 0,9999999994669453 1,0000000012700445 1,0000000016026702 ), 0
( 0,9999999994685017 1,000000001266281 1,000000001600603 ), 0
( 0,9999999994643107 1,000000001267008 1,0000000016016015 ), 0
( 0,9999999994670069 1,0000000012677206 1,000000001600627 ), 0
( 0,9999999994660485 1,0000000012640593 1,000000001598115 ), 0
( 0,9999999994666902 1,0000000012666381 1,0000000015976658 ), 0
( 0,9999999994675673 1,0000000012712407 1,0000000016054946 ), 0
( 0,9999999994673846 1,0000000012669856 1,0000000016015345 ), 0
( 0,9999999994661829 1,000000001267494 1,0000000016004795 ), 0
( 0,9999999994661142 1,000000001264952 1,0000000016008006 ), 0
( 0,9999999994671187 1,000000001255135 1,0000000015891202 ), 0
( 0,9999999994650294 1,0000000012614765 1,0000000015975272 ), 0
( 0,9999999994670689 1,0000000012653496 1,0000000015964035 ), 0
( 0,9999999994649849 1,000000001268092 1,0000000016019075 ), 0
( 0,9999999994662615 1,000000001266496 1,0000000015991337 ), 0
( 0,9999999994661761 1,0000000012687238 1,0000000015993469 ), 0
( 0,9999999994658709 1,0000000012692625 1,000000001606492 ), 0
( 0,9999999994655746 1,0000000012686365 1,0000000016043615 ), 0
( 0,9999999994679772 1,000000001264778 1,0000000015988817 ), 0
( 0,9999999994672816 1,0000000012680317 1,0000000015995303 ), 0
( 0,999999999464473 1,0000000012694155 1,0000000016018875 ), 0
( 0,9999999994674778 1,0000000012672097 1,0000000016011423 ), 0
( 0,9999999994712443 1,0000000012749044 1,0000000016019224 ), 0
( 0,9999999994677441 1,0000000012577268 1,0000000015908226 ), 0
( 0,9999999994680957 1,0000000012710883 1,0000000016032153 ), 0
( 0,9999999994650385 1,0000000012689263 1,0000000015976367 ), 0
( 0,9999999994675731 1,0000000012656747 1,000000001600539 ), 0
( 0,9999999994671227 1,0000000012712675 1,0000000016027228 ), 0
( 0,9999999994664456 1,0000000012672292 1,0000000016016923 ), 0
( 0,9999999994679859 1,0000000012661865 1,0000000016029984 ), 0
( 0,9999999994651516 1,0000000012678238 1,0000000015998718 ), 0
( 0,9999999994655772 1,000000001267375 1,0000000016025674 ), 0
( 0,9999999994662943 1,0000000012696175 1,0000000016012878 ), 0
( 0,999999999467061 1,0000000012701475 1,0000000016033677 ), 0
( 0,9999999994672583 1,0000000012686008 1,0000000016003832 ), 0
( 0,9999999994668867 1,0000000012684211 1,0000000015994668 ), 0
( 0,9999999994650809 1,0000000012707901 1,000000001602883 ), 0
( 0,9999999994671054 1,0000000012690937 1,0000000016049087 ), 0
( 0,9999999994682132 1,0000000012697516 1,0000000015978396 ), 0
( 0,9999999994670166 1,0000000012690256 1,0000000016056394 ), 0
( 0,9999999994649872 1,0000000012687436 1,0000000016124595 ), 0
( 0,9999999994658102 1,0000000012697752 1,000000001603909 ), 0
( 0,9999999994666544 1,000000001266051 1,0000000015994355 ), 0
( 0,9999999994655656 1,0000000012681787 1,0000000016023183 ), 0
( 0,9999999994668335 1,0000000012713137 1,0000000016003556 ), 0
( 0,9999999994673974 1,00000000126929 1,000000001600418 ), 0
( 0,9999999994657621 1,0000000012677617 1,0000000015991857 ), 0
( 0,9999999994671483 1,0000000012649912 1,0000000015994364 ), 0
( 0,999999999467509 1,0000000012690498 1,0000000015998523 ), 0
( 0,9999999994657304 1,0000000012694072 1,0000000016027983 ), 0
( 0,9999999994673515 1,0000000012672212 1,000000001601891 ), 0
( 0,9999999994659 1,0000000012697388 1,000000001603338 ), 0
( 0,9999999994660177 1,0000000012664303 1,0000000016034465 ), 0
( 0,9999999994671607 1,0000000012679333 1,0000000016029382 ), 0
( 0,9999999994660744 1,0000000012673567 1,0000000015990997 ), 0
( 0,9999999994647197 1,0000000012684047 1,0000000016022468 ), 0
( 0,9999999994667959 1,000000001268602 1,0000000016007724 ), 0
( 0,9999999994637943 1,0000000012689907 1,0000000016016106 ), 0
( 0,9999999994669252 1,0000000012601424 1,0000000015938206 ), 0
( 0,9999999994662118 1,0000000012701842 1,000000001604469 ), 0
( 0,999999999465897 1,0000000012694308 1,0000000016040036 ), 0
( 0,9999999994655976 1,0000000012620927 1,0000000016016226 ), 0
( 0,9999999994699335 1,0000000012701507 1,0000000016037789 ), 0
( 0,9999999994637842 1,0000000012681072 1,0000000016004584 ), 0
( 0,9999999994674733 1,0000000012687427 1,000000001601596 ), 0
( 0,9999999994681172 1,0000000012698345 1,000000001600146 ), 0
( 0,9999999994652887 1,0000000012680146 1,0000000016043689 ), 0
( 0,999999999466003 1,0000000012668926 1,0000000015985513 ), 0
( 0,9999999994684717 1,000000001263775 1,0000000015991664 ), 0
( 0,9999999994671737 1,0000000012673307 1,0000000016023856 ), 0
( 0,9999999994669136 1,0000000012666403 1,0000000016017991 ), 0
( 0,9999999994659735 1,0000000012690216 1,0000000016021053 ), 0
( 0,9999999994650177 1,0000000012674097 1,0000000016034574 ), 0
( 0,9999999994676073 1,000000001269184 1,0000000016015183 ), 0
( 0,9999999994665028 1,0000000012685575 1,0000000016006296 ), 0
( 0,9999999994678649 1,0000000012649075 1,0000000016007193 ), 0
( 0,9999999994656089 1,0000000012686743 1,0000000015995787 ), 0
( 0,9999999994680177 1,000000001269763 1,000000001603552 ), 0
( 0,9999999994673047 1,0000000012725734 1,0000000016034534 ), 0
( 0,9999999994669692 1,0000000012678518 1,0000000016006116 ), 0
( 0,9999999994653428 1,0000000012672279 1,0000000016036672 ), 0
( 0,9999999994664284 1,0000000012651626 1,000000001603447 ), 0
( 0,9999999994660825 1,000000001269578 1,0000000015967283 ), 0
( 0,9999999994651488 1,0000000012677874 1,0000000016033375 ), 0
( 0,9999999994689576 1,0000000012605244 1,0000000015916002 ), 0
( 0,9999999994669317 1,0000000012630976 1,0000000015993646 ), 0
( 0,9999999994664365 1,0000000012690557 1,000000001602142 ), 0
( 0,9999999994678231 1,0000000012658337 1,0000000016039008 ), 0
( 0,9999999994663957 1,0000000012675008 1,0000000016026764 ), 0
( 0,999999999466593 1,0000000012702168 1,0000000016025752 ), 0
( 0,9999999994644727 1,0000000012649235 1,0000000016042148 ), 0
( 0,9999999994653539 1,0000000012696852 1,0000000016041628 ), 0
( 0,9999999994645704 1,0000000012698196 1,0000000016016446 ), 0
( 0,9999999994682989 1,000000001267292 1,000000001599653 ), 0
( 0,9999999994655382 1,0000000012713717 1,0000000016038961 ), 0
( 0,9999999994676421 1,0000000012709374 1,0000000016060806 ), 0
( 0,9999999994677294 1,000000001270969 1,0000000016037198 ), 0
( 0,9999999994633196 1,0000000012699979 1,0000000016037458 ), 0
( 0,9999999994619322 1,0000000012660577 1,000000001602704 ), 0
( 0,999999999466805 1,0000000012646415 1,0000000016018153 ), 0
( 0,9999999994670519 1,0000000012651713 1,0000000015991168 ), 0
( 0,9999999994674429 1,0000000012682015 1,000000001602099 ), 0
( 0,9999999994673154 1,0000000012650474 1,0000000016001729 ), 0
( 0,9999999994661012 1,000000001273964 1,0000000016102197 ), 0
( 0,9999999994631451 1,00000000127035 1,0000000016018955 ), 0
( 0,9999999994665563 1,000000001269207 1,0000000016011017 ), 0
( 0,9999999994670211 1,0000000012698949 1,0000000016010728 ), 0
( 0,9999999994663596 1,000000001269274 1,0000000016048922 ), 0
( 0,9999999994682327 1,000000001271013 1,0000000016011235 ), 0
( 0,9999999994663067 1,0000000012675203 1,0000000016004351 ), 0
( 0,9999999994671667 1,000000001267946 1,0000000016044999 ), 0
( 0,9999999994664115 1,0000000012541692 1,000000001585585 ), 0
( 0,9999999994655325 1,0000000012707426 1,0000000016019432 ), 0
( 0,9999999994668162 1,0000000012674766 1,0000000015998494 ), 0
( 0,9999999994663359 1,0000000012708288 1,0000000016053259 ), 0
( 0,9999999994658264 1,0000000012674595 1,000000001596885 ), 0
( 0,9999999994653036 1,0000000012662378 1,0000000016008308 ), 0
( 0,9999999994660913 1,0000000012655803 1,000000001597375 ), 0
( 0,9999999994676516 1,0000000012702592 1,0000000016032091 ), 0
( 0,9999999994664505 1,0000000012691568 1,0000000016005337 ), 0
( 0,9999999994650293 1,0000000012694796 1,0000000015975312 ), 0
( 0,9999999994683606 1,000000001267137 1,0000000015990143 ), 0
( 0,9999999994669951 1,000000001266189 1,0000000015978265 ), 0
( 0,9999999994674416 1,0000000012702723 1,0000000016053099 ), 0
( 0,999999999467747 1,0000000012715464 1,0000000016033783 ), 0
( 0,9999999994680271 1,0000000012692547 1,0000000016023138 ), 0
( 0,999999999466208 1,0000000012705994 1,0000000016032324 ), 0
( 0,999999999465955 1,0000000012675483 1,00000000160112 ), 0
( 0,9999999994676141 1,0000000012672263 1,000000001601829 ), 0
( 0,9999999994677442 1,0000000012695238 1,0000000016002732 ), 0
( 0,9999999994673588 1,0000000012711656 1,0000000016039594 ), 0
( 0,9999999994672734 1,0000000012671306 1,000000001601735 ), 0
( 0,99999999946588 1,0000000012679926 1,0000000015989325 ), 0
( 0,9999999994669762 1,0000000012704797 1,0000000016042172 ), 0
( 0,9999999994648201 1,0000000012660613 1,0000000016023483 ), 0
( 0,9999999994660413 1,0000000012655177 1,0000000016006367 ), 0
( 0,9999999994658376 1,0000000012706305 1,0000000016039674 ), 0
( 0,9999999994676227 1,000000001266109 1,000000001598525 ), 0
( 0,9999999994665161 1,0000000012707646 1,0000000016063224 ), 0
( 0,9999999994652843 1,0000000012712074 1,0000000016023982 ), 0
( 0,9999999994670092 1,0000000012664403 1,0000000016056922 ), 0
( 0,9999999994669913 1,0000000012673296 1,0000000016004227 ), 0
( 0,999999999468806 1,0000000012722907 1,0000000016056263 ), 0
( 0,999999999465373 1,0000000012670702 1,0000000015995616 ), 0
( 0,9999999994658546 1,000000001264966 1,0000000016001067 ), 0
( 0,9999999994671097 1,0000000012705488 1,0000000016040964 ), 0
( 0,9999999994658255 1,0000000012717591 1,000000001603277 ), 0
( 0,9999999994658197 1,0000000012663297 1,0000000016046842 ), 0
( 0,9999999994608857 1,0000000012701626 1,0000000016050496 ), 0
( 0,9999999994663102 1,0000000012674926 1,0000000016020951 ), 0
( 0,9999999994663678 1,0000000012715857 1,0000000016059987 ), 0
( 0,9999999994677716 1,000000001271735 1,0000000016057793 ), 0
( 0,9999999994682565 1,0000000012724466 1,0000000016046218 ), 0
( 0,9999999994656544 1,000000001269566 1,0000000016015642 ), 0
( 0,9999999994674271 1,000000001262798 1,0000000015991408 ), 0
( 0,9999999994646959 1,0000000012661527 1,0000000016008006 ), 0
( 0,9999999994655875 1,0000000012701629 1,000000001598687 ), 0
( 0,9999999994667145 1,000000001268717 1,0000000016014543 ), 0
( 0,999999999467068 1,0000000012721808 1,0000000016021637 ), 0
( 0,999999999465106 1,0000000012689063 1,0000000016007762 ), 0
( 0,9999999994654868 1,0000000012647483 1,000000001603489 ), 0
( 0,9999999994663838 1,0000000012643757 1,0000000015989063 ), 0
( 0,999999999466302 1,0000000012689305 1,0000000015993498 ), 0
( 0,9999999994680502 1,0000000012708383 1,0000000016022124 ), 0
( 0,9999999994674161 1,0000000012402075 1,0000000015721053 ), 0
( 0,9999999994672195 1,0000000012690855 1,000000001603256 ), 0
( 0,9999999994657985 1,0000000012606647 1,0000000015961805 ), 0
( 0,9999999994665962 1,0000000012690262 1,000000001601905 ), 0
( 0,9999999994658368 1,0000000012702377 1,0000000016034936 ), 0
( 0,9999999994657436 1,0000000012679617 1,0000000016001578 ), 0
( 0,9999999994652714 1,0000000012693608 1,00000000160287 ), 0
( 0,9999999994654197 1,0000000012689239 1,0000000016020534 ), 0
( 0,9999999994675738 1,000000001264491 1,0000000015961121 ), 0
( 0,999999999467981 1,0000000012648171 1,000000001599263 ), 0
( 0,9999999994662223 1,000000001265654 1,0000000016004027 ), 0
( 0,9999999994662485 1,0000000012727759 1,0000000016060753 ), 0
( 0,9999999994673332 1,0000000012709462 1,000000001602951 ), 0
( 0,9999999994672739 1,0000000012702226 1,0000000016035664 ), 0
( 0,999999999465664 1,0000000012654329 1,000000001601544 ), 0
( 0,9999999994660543 1,00000000126855 1,0000000016026662 ), 0
( 0,9999999994664166 1,0000000012667545 1,0000000015992867 ), 0
( 0,9999999994666848 1,0000000012658212 1,0000000015982988 ), 0
( 0,9999999994659693 1,000000001268156 1,0000000016023627 ), 0
( 0,9999999994679466 1,0000000012660675 1,0000000015990018 ), 0
( 0,9999999994665935 1,0000000012689367 1,0000000016005828 ), 0
( 0,9999999994664095 1,0000000012701817 1,0000000016019832 ), 0
( 0,9999999994664988 1,0000000012696422 1,0000000016027277 ), 0
( 0,9999999994676234 1,0000000012708607 1,0000000016050576 ), 0
( 0,999999999467141 1,0000000012659958 1,0000000015998751 ), 0
( 0,9999999994659513 1,000000001269722 1,0000000016037947 ), 0
( 0,9999999994662 1,0000000012688082 1,0000000016001234 ), 0
( 0,9999999994660912 1,0000000012649006 1,000000001600505 ), 0
( 0,9999999994673067 1,0000000012710113 1,0000000016038098 ), 0
( 0,9999999994674286 1,00000000126563 1,0000000016021262 ), 0
( 0,9999999994671677 1,000000001270704 1,0000000016077342 ), 0
( 0,9999999994655118 1,0000000012659387 1,0000000015989263 ), 0
( 0,9999999994675466 1,0000000012661239 1,0000000015978376 ), 0
( 0,9999999994668773 1,0000000012707075 1,0000000016040629 ), 0
( 0,999999999465867 1,0000000012656214 1,0000000016019879 ), 0
( 0,9999999994645463 1,0000000012678376 1,0000000016019892 ), 0
( 0,99999999946605 1,000000001270435 1,000000001605827 ), 0
( 0,9999999994669795 1,0000000012666468 1,0000000015984445 ), 0
( 0,9999999994649685 1,0000000012679011 1,0000000016012611 ), 0
( 0,9999999994661821 1,0000000012677637 1,0000000015968484 ), 0
( 0,9999999994674454 1,0000000012690973 1,0000000016003248 ), 0
( 0,9999999994659983 1,0000000012702979 1,0000000016074642 ), 0
( 0,999999999466133 1,0000000012688006 1,000000001601964 ), 0
( 0,9999999994677446 1,0000000012696615 1,0000000016042407 ), 0
( 0,9999999994653528 1,0000000012670611 1,0000000016010226 ), 0
( 0,9999999994669335 1,0000000012691888 1,0000000015995145 ), 0
( 0,9999999994636036 1,0000000012661403 1,000000001604503 ), 0
( 0,999999999469924 1,0000000012673476 1,0000000015987738 ), 0
( 0,9999999994674763 1,0000000012661365 1,0000000015980217 ), 0
( 0,9999999994669801 1,0000000012696924 1,0000000016019492 ), 0
( 0,9999999994653984 1,000000001269112 1,0000000016026698 ), 0
( 0,9999999994672603 1,000000001265823 1,0000000015954555 ), 0
( 0,9999999994669697 1,00000000126963 1,0000000016056587 ), 0
( 0,999999999464774 1,0000000012705257 1,000000001602389 ), 0
( 0,9999999994661809 1,0000000012705172 1,0000000016005444 ), 0
( 0,9999999994654999 1,000000001269077 1,000000001605015 ), 0
( 0,9999999994656952 1,0000000012633303 1,0000000015990902 ), 0
( 0,9999999994648604 1,0000000012669255 1,000000001603147 ), 0
( 0,9999999994647241 1,0000000012703472 1,0000000016095674 ), 0
( 0,9999999994664946 1,0000000012668686 1,0000000016017017 ), 0
( 0,9999999994661051 1,0000000012702313 1,00000000160181 ), 0
( 0,9999999994669713 1,0000000012677983 1,0000000016026953 ), 0
( 0,9999999994652385 1,000000001268775 1,000000001598567 ), 0
( 0,9999999994664275 1,0000000012691956 1,0000000016001191 ), 0
( 0,9999999994675728 1,0000000012675512 1,0000000016006747 ), 0
( 0,9999999994659017 1,0000000012686852 1,0000000016009432 ), 0
( 0,9999999994685502 1,0000000012681598 1,0000000016007187 ), 0
( 0,9999999994649429 1,0000000012684216 1,0000000016018502 ), 0
( 0,9999999994671543 1,0000000012648949 1,0000000016025752 ), 0
( 0,9999999994670856 1,0000000012682118 1,000000001600036 ), 0
( 0,9999999994677827 1,000000001267701 1,0000000015997674 ), 0
( 0,9999999994676654 1,0000000012703347 1,0000000016028452 ), 0
( 0,9999999994673048 1,0000000012710248 1,0000000016046104 ), 0
( 0,9999999994686556 1,000000001264787 1,000000001599488 ), 0
( 0,9999999994660329 1,000000001267254 1,0000000015984096 ), 0
( 0,9999999994670246 1,0000000012670902 1,0000000016006871 ), 0
( 0,9999999994649801 1,0000000012676389 1,000000001601134 ), 0
( 0,9999999994664517 1,0000000012698222 1,0000000016024677 ), 0
( 0,9999999994643198 1,0000000012699173 1,0000000015998125 ), 0
( 0,9999999994685825 1,000000001270506 1,0000000015986164 ), 0
( 0,9999999994667298 1,0000000012669767 1,0000000016016883 ), 0
( 0,9999999994663437 1,0000000012642527 1,0000000016015074 ), 0
( 0,9999999994678868 1,00000000126241 1,0000000015957518 ), 0
( 0,9999999994662777 1,0000000012627384 1,0000000016020998 ), 0
( 0,9999999994657132 1,0000000012694341 1,0000000016032784 ), 0
( 0,9999999994664847 1,0000000012668848 1,000000001604686 ), 0
( 0,999999999466638 1,000000001264801 1,0000000016001798 ), 0
( 0,9999999994630823 1,0000000012684087 1,0000000016036097 ), 0
( 0,9999999994667387 1,0000000012687902 1,0000000016024282 ), 0
( 0,9999999994664464 1,0000000012692947 1,000000001602107 ), 0
( 0,9999999994669108 1,0000000012695553 1,00000000160241 ), 0
( 0,9999999994665687 1,0000000012682881 1,0000000016012385 ), 0
( 0,9999999994665089 1,0000000012691572 1,0000000016017194 ), 0
( 0,9999999994660576 1,0000000012674115 1,0000000016029347 ), 0
( 0,999999999467271 1,0000000012691301 1,0000000016003456 ), 0
( 0,9999999994654223 1,0000000012677923 1,0000000016029822 ), 0
( 0,9999999994653258 1,0000000012664427 1,0000000016000308 ), 0
( 0,999999999465649 1,0000000012653616 1,0000000016003883 ), 0
( 0,9999999994626945 1,0000000012697534 1,0000000016056498 ), 0
( 0,9999999994673369 1,0000000012678874 1,000000001602066 ), 0
( 0,9999999994711534 1,000000001269792 1,0000000016030632 ), 0
( 0,9999999994660371 1,0000000012711039 1,0000000016043766 ), 0
( 0,9999999994678345 1,0000000012701475 1,0000000016016288 ), 0
( 0,9999999994659333 1,0000000012636092 1,0000000015976505 ), 0
( 0,9999999994671541 1,0000000012714734 1,000000001603734 ), 0
( 0,9999999994654051 1,0000000012677788 1,0000000016025667 ), 0
( 0,9999999994668164 1,0000000012708108 1,0000000016028683 ), 0
( 0,9999999994683927 1,0000000012694434 1,0000000016012456 ), 0
( 0,999999999466072 1,000000001269897 1,0000000016017736 ), 0
( 0,999999999465798 1,0000000012684034 1,0000000016039325 ), 0
( 0,9999999994660458 1,0000000012709949 1,0000000016075923 ), 0
( 0,99999999946644 1,0000000012666566 1,0000000016030108 ), 0
( 0,9999999994675806 1,0000000012615433 1,0000000015990211 ), 0
( 0,9999999994669238 1,0000000012654693 1,0000000015998964 ), 0
( 0,9999999994666678 1,0000000012694057 1,0000000016016146 ), 0
( 0,9999999994666169 1,000000001268342 1,000000001603019 ), 0
( 0,9999999994670268 1,0000000012693773 1,0000000016039645 ), 0
( 0,9999999994671844 1,000000001265841 1,0000000015981783 ), 0
( 0,9999999994670129 1,0000000012667598 1,0000000016012658 ), 0
( 0,9999999994666394 1,0000000012691361 1,0000000015997668 ), 0
( 0,9999999994668042 1,0000000012687609 1,0000000016000399 ), 0
( 0,9999999994671398 1,0000000012646644 1,0000000015988193 ), 0
( 0,9999999994670833 1,0000000012649441 1,0000000015978312 ), 0
( 0,9999999994666046 1,0000000012677697 1,0000000016018011 ), 0
( 0,9999999994668084 1,0000000012659311 1,0000000015976518 ), 0
( 0,9999999994658939 1,000000001267508 1,0000000015999284 ), 0
( 0,9999999994658652 1,0000000012668715 1,000000001602077 ), 0
( 0,9999999994661952 1,0000000012630619 1,000000001597322 ), 0
( 0,9999999994672241 1,000000001267195 1,000000001599238 ), 0
( 0,999999999465326 1,0000000012707282 1,0000000016053214 ), 0
( 0,9999999994674138 1,000000001269245 1,0000000016022124 ), 0
( 0,999999999466055 1,0000000012671415 1,0000000016035708 ), 0
( 0,9999999994662185 1,0000000012651138 1,0000000015969202 ), 0
( 0,9999999994655697 1,0000000012709622 1,000000001604791 ), 0
( 0,9999999994664114 1,0000000012669732 1,0000000016021817 ), 0
( 0,9999999994657905 1,0000000012674188 1,0000000016024597 ), 0
( 0,9999999994668226 1,000000001270465 1,0000000016024198 ), 0
( 0,9999999994670569 1,0000000012687018 1,0000000016036663 ), 0
( 0,999999999465398 1,0000000012724586 1,000000001602982 ), 0
( 0,9999999994671194 1,0000000012690717 1,000000001603301 ), 0
( 0,9999999994669165 1,000000001269961 1,000000001602344 ), 0
( 0,9999999994648892 1,0000000012662167 1,000000001603176 ), 0
( 0,9999999994672154 1,0000000012694676 1,000000001601684 ), 0
( 0,9999999994681799 1,0000000012690091 1,0000000016029986 ), 0
( 0,9999999994664467 1,0000000012667873 1,00000000160174 ), 0
( 0,9999999994669057 1,0000000012696613 1,0000000016064707 ), 0
( 0,9999999994669742 1,0000000012704517 1,0000000016029225 ), 0
( 0,9999999994670737 1,0000000012693724 1,000000001601244 ), 0
( 0,999999999467174 1,0000000012679664 1,0000000016007007 ), 0
( 0,9999999994669732 1,0000000012679124 1,0000000016017963 ), 0
( 0,9999999994652579 1,0000000012675248 1,0000000016031172 ), 0
( 0,9999999994659973 1,0000000012670014 1,0000000016035926 ), 0
( 0,9999999994665373 1,0000000012689512 1,000000001598713 ), 0
( 0,9999999994652966 1,0000000012648953 1,0000000015951034 ), 0
( 0,9999999994674754 1,0000000012695707 1,0000000016019142 ), 0
( 0,9999999994692144 1,0000000012685553 1,0000000016045356 ), 0
( 0,9999999994655083 1,000000001263271 1,000000001594558 ), 0
( 0,9999999994662968 1,0000000012660843 1,0000000015989394 ), 0
( 0,9999999994667641 1,0000000012685655 1,0000000016020358 ), 0
( 0,9999999994665149 1,0000000012681483 1,0000000016033945 ), 0
( 0,9999999994671431 1,0000000012663126 1,0000000016034076 ), 0
( 0,9999999994673925 1,0000000012659795 1,0000000015997175 ), 0
( 0,999999999465574 1,000000001266452 1,0000000016002624 ), 0
( 0,999999999467594 1,0000000012654364 1,0000000015971924 ), 0
( 0,9999999994654529 1,0000000012663233 1,0000000016036064 ), 0
( 0,9999999994641955 1,000000001268066 1,0000000016010295 ), 0
( 0,9999999994661066 1,0000000012696206 1,000000001602494 ), 0
( 0,9999999994667728 1,0000000012644716 1,0000000016005992 ), 0
( 0,999999999465671 1,0000000012718282 1,0000000016027375 ), 0
( 0,9999999994672956 1,0000000012642007 1,000000001599379 ), 0
( 0,9999999994654574 1,0000000012681962 1,0000000015996426 ), 0
( 0,999999999465852 1,0000000012695975 1,0000000016016288 ), 0
( 0,9999999994651785 1,0000000012668873 1,000000001599921 ), 0
( 0,9999999994656961 1,0000000012672745 1,0000000016032806 ), 0
( 0,9999999994676253 1,0000000012697967 1,0000000016040966 ), 0
( 0,9999999994653275 1,0000000012680978 1,0000000015990858 ), 0
( 0,9999999994659442 1,0000000012714312 1,0000000016029618 ), 0
( 0,9999999994632245 1,000000001268544 1,0000000016043333 ), 0
( 0,9999999994664721 1,000000001266925 1,0000000016029653 ), 0
( 0,9999999994656249 1,0000000012667498 1,000000001603725 ), 0
( 0,9999999994682177 1,0000000012700396 1,0000000016062176 ), 0
( 0,9999999994663138 1,0000000012712058 1,0000000016030615 ), 0
( 0,9999999994662665 1,000000001267377 1,0000000016029449 ), 0
( 0,9999999994685621 1,0000000012668637 1,0000000016017554 ), 0
( 0,9999999994651189 1,0000000012680668 1,0000000016032415 ), 0
( 0,9999999994665806 1,0000000012706793 1,0000000016032606 ), 0
( 0,9999999994673369 1,0000000012706685 1,0000000016037771 ), 0
( 0,9999999994659643 1,000000001267131 1,0000000016019264 ), 0
( 0,9999999994671165 1,00000000127181 1,0000000016039814 ), 0
( 0,9999999994674997 1,000000001266615 1,0000000016018251 ), 0
( 0,9999999994661823 1,0000000012673744 1,000000001600468 ), 0
( 0,9999999994684781 1,0000000012705863 1,0000000016077215 ), 0
( 0,9999999994685114 1,0000000012739505 1,0000000016118327 ), 0
( 0,9999999994657637 1,0000000012694303 1,000000001606726 ), 0
( 0,9999999994668269 1,0000000012708785 1,0000000016027097 ), 0
( 0,9999999994668767 1,000000001268353 1,0000000015995045 ), 0
( 0,9999999994668857 1,0000000012658898 1,000000001597851 ), 0
( 0,9999999994640572 1,000000001268483 1,0000000016032542 ), 0
( 0,9999999994672457 1,000000001263801 1,0000000015969612 ), 0
( 0,9999999994650586 1,000000001271089 1,000000001604202 ), 0
( 0,9999999994674621 1,0000000012714978 1,0000000016024575 ), 0
( 0,9999999994662052 1,0000000012689363 1,0000000016042625 ), 0
( 0,9999999994673135 1,0000000012675438 1,0000000016029773 ), 0
( 0,9999999994675416 1,0000000012670611 1,000000001600569 ), 0
( 0,9999999994659703 1,000000001266504 1,0000000016002986 ), 0
( 0,999999999464537 1,0000000012694497 1,0000000016029973 ), 0
( 0,9999999994649909 1,0000000012665964 1,0000000016020039 ), 0
( 0,9999999994650133 1,0000000012678139 1,00000000160738 ), 0
( 0,9999999994664388 1,0000000012694457 1,0000000016017188 ), 0
( 0,9999999994654795 1,0000000012676142 1,0000000016008808 ), 0
( 0,9999999994688212 1,0000000012690307 1,0000000016022685 ), 0
( 0,9999999994630927 1,0000000012676447 1,0000000016005242 ), 0
( 0,9999999994675154 1,0000000012694674 1,0000000016044415 ), 0
( 0,9999999994677992 1,0000000012682602 1,0000000016006483 ), 0
( 0,9999999994657062 1,0000000012705115 1,0000000016030106 ), 0
( 0,9999999994658046 1,0000000012660661 1,000000001601193 ), 0
( 0,999999999465425 1,0000000012703592 1,0000000016017108 ), 0
( 0,9999999994662983 1,0000000012685273 1,0000000016024113 ), 0
( 0,9999999994640514 1,0000000012665944 1,0000000016011845 ), 0
( 0,9999999994663583 1,0000000012671613 1,0000000016000485 ), 0
( 0,999999999467648 1,0000000012695396 1,0000000016047996 ), 0
( 0,9999999994675175 1,0000000012686023 1,0000000016013637 ), 0
( 0,9999999994665857 1,0000000012680954 1,000000001602218 ), 0
( 0,9999999994675606 1,0000000012683772 1,0000000016003592 ), 0
( 0,9999999994676323 1,0000000012693855 1,0000000016027044 ), 0
( 0,9999999994670967 1,0000000012706207 1,000000001601261 ), 0
( 0,9999999994676431 1,0000000012685628 1,0000000015992612 ), 0
( 0,999999999467256 1,0000000012719878 1,0000000016070123 ), 0
( 0,9999999994668894 1,0000000012693364 1,0000000016032593 ), 0
( 0,9999999994678935 1,0000000012683818 1,0000000016012585 ), 0
( 0,9999999994686124 1,0000000012707158 1,0000000016030288 ), 0
( 0,9999999994661825 1,0000000012664252 1,0000000016000803 ), 0
( 0,999999999467672 1,00000000126864 1,000000001600775 ), 0
( 0,9999999994670301 1,0000000012687549 1,0000000016003692 ), 0
( 0,9999999994673395 1,0000000012705037 1,0000000016004063 ), 0
( 0,9999999994658841 1,0000000012686145 1,0000000016006914 ), 0
( 0,9999999994677324 1,0000000012697934 1,000000001601297 ), 0
( 0,9999999994670965 1,0000000012666175 1,0000000015963373 ), 0
( 0,9999999994655725 1,0000000012693124 1,0000000016012698 ), 0
( 0,9999999994669249 1,0000000012704193 1,0000000016008714 ), 0
( 0,9999999994671449 1,000000001270189 1,0000000016032884 ), 0
( 0,9999999994653942 1,000000001271018 1,0000000016025037 ), 0
( 0,9999999994686612 1,0000000012667147 1,0000000016022288 ), 0
( 0,9999999994669954 1,0000000012694448 1,0000000016013084 ), 0
( 0,9999999994674895 1,0000000012662997 1,0000000015981523 ), 0
( 0,999999999464228 1,000000001269029 1,0000000016089383 ), 0
( 0,9999999994622992 1,0000000012662773 1,0000000016025317 ), 0
( 0,9999999994658099 1,0000000012677939 1,0000000016006694 ), 0
( 0,9999999994672002 1,0000000012723687 1,000000001608726 ), 0
( 0,9999999994659166 1,0000000012698118 1,0000000016028103 ), 0
( 0,9999999994680029 1,0000000012664518 1,0000000016034867 ), 0
( 0,9999999994674877 1,000000001272394 1,0000000016024446 ), 0
( 0,9999999994649383 1,0000000012673356 1,0000000016008506 ), 0
( 0,9999999994686185 1,0000000012656671 1,0000000016034956 ), 0
( 0,9999999994671565 1,0000000012668313 1,0000000016026416 ), 0
( 0,9999999994665119 1,0000000012691115 1,0000000016008748 ), 0
( 0,9999999994663579 1,0000000012703303 1,0000000016019832 ), 0
( 0,9999999994679437 1,0000000012664432 1,0000000015977708 ), 0
( 0,9999999994656567 1,0000000012575203 1,0000000015915234 ), 0
( 0,9999999994668688 1,0000000012692927 1,0000000016025543 ), 0
( 0,9999999994671862 1,000000001269091 1,0000000016027204 ), 0
( 0,9999999994682943 1,000000001266666 1,0000000015992743 ), 0
( 0,9999999994641025 1,0000000012690808 1,0000000016017547 ), 0
( 0,99999999946702 1,000000001232647 1,0000000015644548 ), 0
( 0,999999999467815 1,0000000012665813 1,0000000015989758 ), 0
( 0,9999999994670921 1,0000000012678933 1,0000000015982184 ), 0
( 0,9999999994674625 1,0000000012682277 1,0000000016024138 ), 0
( 0,9999999994681396 1,0000000012667203 1,000000001602558 ), 0
( 0,9999999994682368 1,0000000012666375 1,00000000159998 ), 0
( 0,9999999994673614 1,0000000012710706 1,0000000016068784 ), 0
( 0,9999999994659187 1,0000000012699448 1,000000001604889 ), 0
( 0,9999999994658714 1,0000000012679864 1,000000001601674 ), 0
( 0,9999999994655376 1,0000000012688974 1,000000001601525 ), 0
( 0,9999999994668717 1,0000000012676578 1,000000001598927 ), 0
( 0,9999999994654707 1,00000000127135 1,000000001603988 ), 0
( 0,9999999994650506 1,0000000012667651 1,0000000015998736 ), 0
( 0,9999999994678672 1,0000000012618913 1,0000000015945734 ), 0
( 0,9999999994669879 1,000000001268235 1,0000000016007982 ), 0
( 0,9999999994654089 1,0000000012660937 1,00000000159656 ), 0
( 0,9999999994650632 1,00000000126719 1,0000000016014912 ), 0
( 0,9999999994665827 1,000000001264605 1,0000000016030344 ), 0
( 0,9999999994669715 1,0000000012687722 1,0000000016020005 ), 0
( 0,9999999994671529 1,0000000012705679 1,0000000016010138 ), 0
( 0,9999999994654418 1,0000000012674946 1,0000000016002648 ), 0
( 0,9999999994670282 1,000000001270182 1,0000000016046662 ), 0
( 0,9999999994645098 1,000000001269143 1,0000000016017192 ), 0
( 0,9999999994664206 1,0000000012688035 1,000000001603152 ), 0
( 0,999999999466198 1,0000000012685266 1,0000000016020194 ), 0
( 0,9999999994650701 1,0000000012692947 1,0000000016025332 ), 0
( 0,999999999466833 1,0000000012674923 1,0000000016011015 ), 0
( 0,9999999994656589 1,0000000012668742 1,0000000016001258 ), 0
( 0,999999999467826 1,000000001267951 1,0000000016005044 ), 0
( 0,9999999994667403 1,0000000012679862 1,0000000015987582 ), 0
( 0,9999999994680002 1,0000000012681278 1,0000000016033226 ), 0
( 0,9999999994674321 1,0000000012707015 1,0000000016032853 ), 0
( 0,9999999994670047 1,0000000012679724 1,0000000016007886 ), 0
( 0,9999999994663376 1,000000001269352 1,000000001602942 ), 0
( 0,9999999994682276 1,000000001265855 1,000000001599615 ), 0
( 0,9999999994682178 1,0000000012706256 1,0000000016023165 ), 0
( 0,999999999465547 1,0000000012677686 1,0000000015992414 ), 0
( 0,9999999994660473 1,000000001261897 1,000000001597351 ), 0
( 0,9999999994640298 1,000000001269307 1,0000000016016717 ), 0
( 0,9999999994661544 1,0000000012706165 1,0000000016062924 ), 0
( 0,999999999466725 1,000000001267013 1,0000000015995167 ), 0
( 0,999999999466977 1,0000000012653198 1,000000001603918 ), 0
( 0,9999999994652718 1,0000000012669388 1,000000001600213 ), 0
( 0,9999999994654214 1,0000000012684702 1,0000000016040647 ), 0
( 0,9999999994669113 1,0000000012684453 1,0000000016013466 ), 0
( 0,9999999994660722 1,000000001265617 1,0000000015974153 ), 0
( 0,9999999994651193 1,0000000012650412 1,0000000016012254 ), 0
( 0,999999999468111 1,0000000012655894 1,0000000016013708 ), 0
( 0,9999999994649383 1,0000000012714962 1,0000000016049688 ), 0
( 0,9999999994661393 1,0000000012653234 1,0000000016038058 ), 0
( 0,9999999994662035 1,0000000012692687 1,0000000016023871 ), 0
( 0,9999999994658524 1,0000000012701966 1,000000001603204 ), 0
( 0,9999999994666333 1,0000000012646293 1,0000000015994204 ), 0
( 0,9999999994663117 1,0000000012707009 1,0000000016045578 ), 0
( 0,9999999994673563 1,0000000012691672 1,0000000016014656 ), 0
( 0,9999999994674873 1,0000000012670553 1,0000000015998076 ), 0
( 0,999999999465102 1,0000000012701955 1,0000000016024944 ), 0
( 0,9999999994663625 1,000000001270257 1,0000000016021602 ), 0
( 0,9999999994670752 1,000000001265659 1,0000000016000103 ), 0
( 0,9999999994673322 1,0000000012692805 1,0000000016011232 ), 0
( 0,9999999994678906 1,0000000012685824 1,0000000016029862 ), 0
( 0,9999999994658503 1,0000000012673644 1,0000000016004607 ), 0
( 0,9999999994673777 1,0000000012672103 1,0000000015977613 ), 0
( 0,9999999994653874 1,000000001269978 1,0000000016024853 ), 0
( 0,9999999994660645 1,0000000012679127 1,0000000016009116 ), 0
( 0,9999999994661901 1,0000000012677106 1,00000000160248 ), 0
( 0,9999999994658905 1,000000001268451 1,0000000016006438 ), 0
( 0,9999999994658658 1,0000000012697112 1,000000001602013 ), 0
( 0,9999999994669334 1,0000000012666117 1,0000000016008812 ), 0
( 0,9999999994655939 1,0000000012666639 1,0000000016027175 ), 0
( 0,9999999994681265 1,0000000012671282 1,0000000016026156 ), 0
( 0,9999999994678104 1,0000000012598267 1,0000000015925716 ), 0
( 0,9999999994659928 1,0000000012672225 1,0000000016018287 ), 0
( 0,9999999994666152 1,000000001268451 1,0000000015985389 ), 0
( 0,9999999994677932 1,0000000012681993 1,0000000016002315 ), 0
( 0,9999999994674386 1,0000000012680994 1,0000000016009516 ), 0
( 0,9999999994665253 1,000000001265872 1,0000000015974846 ), 0
( 0,9999999994649874 1,0000000012649117 1,0000000015968356 ), 0
( 0,9999999994680053 1,0000000012627608 1,0000000015951078 ), 0
( 0,9999999994667134 1,000000001267576 1,000000001601323 ), 0
( 0,9999999994666204 1,0000000012692167 1,000000001602574 ), 0
( 0,9999999994677347 1,0000000012699028 1,0000000016000905 ), 0
( 0,9999999994680179 1,000000001259548 1,000000001592711 ), 0
( 0,9999999994642166 1,0000000012673853 1,0000000016014812 ), 0
( 0,9999999994688539 1,0000000012700565 1,0000000016020119 ), 0
( 0,9999999994679879 1,0000000012667258 1,000000001600742 ), 0
( 0,9999999994656883 1,0000000012677082 1,0000000015999342 ), 0
( 0,9999999994669079 1,0000000012676717 1,0000000015980979 ), 0
( 0,9999999994658942 1,0000000012667136 1,0000000016004529 ), 0
( 0,9999999994657193 1,0000000012575903 1,0000000015970658 ), 0
( 0,9999999994667585 1,0000000012665844 1,000000001603324 ), 0
( 0,9999999994684702 1,0000000012721737 1,000000001605739 ), 0
( 0,9999999994661148 1,0000000012652999 1,0000000016014088 ), 0
( 0,9999999994680139 1,0000000012668986 1,0000000016039714 ), 0
( 0,9999999994654984 1,0000000012686676 1,000000001599202 ), 0
( 0,9999999994674551 1,0000000012685382 1,0000000016043165 ), 0
( 0,9999999994668403 1,0000000012673131 1,0000000016003134 ), 0
( 0,9999999994666219 1,0000000012695198 1,0000000016049395 ), 0
( 0,9999999994649716 1,0000000012673478 1,00000000160052 ), 0
( 0,9999999994667345 1,0000000012674424 1,0000000016008805 ), 0
( 0,9999999994659883 1,000000001267235 1,0000000016007407 ), 0
( 0,9999999994666864 1,0000000012686774 1,0000000016021122 ), 0
( 0,9999999994678576 1,000000001263657 1,0000000015954082 ), 0
( 0,9999999994671078 1,00000000126845 1,000000001601416 ), 0
( 0,999999999467202 1,0000000012696149 1,000000001601772 ), 0
( 0,9999999994683879 1,0000000012673627 1,0000000015963866 ), 0
( 0,9999999994660967 1,000000001269183 1,0000000015989021 ), 0
( 0,9999999994646104 1,0000000012650554 1,0000000016017934 ), 0
( 0,9999999994672888 1,0000000012652168 1,0000000016010842 ), 0
( 0,9999999994651284 1,0000000012695685 1,0000000016035482 ), 0
( 0,9999999994642345 1,000000001270675 1,0000000016047217 ), 0
( 0,999999999465876 1,000000001268311 1,0000000016009294 ), 0
( 0,9999999994664547 1,0000000012702175 1,000000001602761 ), 0
( 0,9999999994667369 1,0000000012651844 1,0000000016013941 ), 0
( 0,9999999994640912 1,0000000012703483 1,0000000016031212 ), 0
( 0,9999999994689971 1,000000001262784 1,0000000015974164 ), 0
( 0,9999999994673879 1,0000000012675394 1,000000001600545 ), 0
( 0,9999999994646804 1,000000001266649 1,0000000015989128 ), 0
( 0,9999999994682146 1,0000000012726604 1,0000000016058177 ), 0
( 0,9999999994658135 1,0000000012667196 1,000000001600147 ), 0
( 0,9999999994674824 1,000000001264363 1,0000000015969197 ), 0
( 0,9999999994674496 1,0000000012681924 1,0000000015996906 ), 0
( 0,9999999994659781 1,0000000012636934 1,0000000016030979 ), 0
( 0,999999999465934 1,0000000012683965 1,0000000016021937 ), 0
( 0,9999999994663494 1,0000000012685333 1,0000000016037398 ), 0
( 0,9999999994680937 1,000000001262492 1,0000000015945973 ), 0
( 0,9999999994681075 1,0000000012679255 1,0000000015996202 ), 0
( 0,9999999994664694 1,000000001269036 1,0000000016019686 ), 0
( 0,999999999467612 1,000000001266433 1,0000000015994257 ), 0
( 0,9999999994661714 1,0000000012668087 1,0000000016000337 ), 0
( 0,999999999466016 1,0000000012646648 1,000000001599007 ), 0
( 0,999999999466092 1,0000000012654844 1,0000000016002213 ), 0
( 0,9999999994646512 1,0000000012694994 1,0000000016036683 ), 0
( 0,9999999994642292 1,0000000012644563 1,0000000015968955 ), 0
( 0,9999999994673924 1,0000000012674468 1,0000000015985804 ), 0
( 0,9999999994652355 1,000000001268321 1,00000000161004 ), 0
( 0,9999999994670093 1,000000001269297 1,0000000016024193 ), 0
( 0,999999999466472 1,0000000012696946 1,000000001602163 ), 0
( 0,9999999994682036 1,0000000012715389 1,0000000016027257 ), 0
( 0,9999999994672734 1,0000000012665 1,0000000016013473 ), 0
( 0,9999999994654439 1,000000001268607 1,0000000016041974 ), 0
( 0,9999999994665548 1,0000000012673165 1,0000000016015986 ), 0
( 0,9999999994656548 1,0000000012686352 1,0000000016032524 ), 0
( 0,9999999994673466 1,000000001267028 1,0000000016015103 ), 0
( 0,9999999994654021 1,0000000012675871 1,0000000016044643 ), 0
( 0,9999999994657217 1,0000000012674966 1,0000000016012738 ), 0
( 0,9999999994670138 1,0000000012634243 1,0000000015986765 ), 0
( 0,9999999994684746 1,0000000012710373 1,0000000016044848 ), 0
( 0,9999999994642053 1,0000000012689643 1,000000001602174 ), 0
( 0,9999999994669031 1,000000001268831 1,0000000016026789 ), 0
( 0,9999999994655032 1,0000000012714874 1,0000000016035568 ), 0
( 0,9999999994660094 1,0000000012680677 1,0000000015999684 ), 0
( 0,9999999994668689 1,0000000012671442 1,0000000016010062 ), 0
( 0,9999999994676465 1,0000000012672028 1,000000001601574 ), 0
( 0,9999999994675277 1,000000001261358 1,000000001598989 ), 0
( 0,9999999994648991 1,0000000012709356 1,0000000016003483 ), 0
( 0,9999999994648925 1,0000000012686205 1,0000000016024118 ), 0
( 0,9999999994648404 1,0000000012685366 1,000000001602 ), 0
( 0,9999999994657006 1,0000000012675738 1,0000000016083068 ), 0
( 0,999999999465869 1,0000000012667223 1,0000000016004396 ), 0
( 0,9999999994656529 1,0000000012696555 1,0000000016063517 ), 0
( 0,9999999994659478 1,000000001265465 1,0000000016007355 ), 0
( 0,9999999994654444 1,0000000012666734 1,00000000160142 ), 0
( 0,9999999994624197 1,0000000012688075 1,0000000016043649 ), 0
( 0,9999999994656548 1,0000000012608656 1,0000000015908352 ), 0
( 0,9999999994657162 1,0000000012682284 1,0000000016073258 ), 0
( 0,9999999994662929 1,0000000012704728 1,0000000016034547 ), 0
( 0,9999999994641053 1,0000000012684394 1,0000000015997554 ), 0
( 0,9999999994675024 1,000000001269244 1,0000000016004245 ), 0
( 0,9999999994669572 1,000000001269041 1,0000000016007653 ), 0
( 0,9999999994679408 1,0000000012662438 1,0000000016009234 ), 0
( 0,9999999994672448 1,0000000012641717 1,0000000016007822 ), 0
( 0,9999999994658293 1,0000000012698733 1,0000000016021953 ), 0
( 0,9999999994671152 1,0000000012659582 1,0000000015983885 ), 0
( 0,9999999994664655 1,0000000012666566 1,0000000016027966 ), 0
( 0,9999999994680069 1,00000000126881 1,0000000016012782 ), 0
( 0,999999999466836 1,0000000012693293 1,0000000016013895 ), 0
( 0,9999999994655996 1,0000000012672778 1,0000000015984225 ), 0
( 0,9999999994651799 1,0000000012697352 1,000000001602058 ), 0
( 0,9999999994677853 1,0000000012661392 1,0000000016041795 ), 0
( 0,9999999994669125 1,0000000012656811 1,0000000015991177 ), 0
( 0,9999999994674993 1,0000000012699048 1,0000000016035946 ), 0
( 0,9999999994665278 1,0000000012692087 1,000000001601932 ), 0
( 0,9999999994649024 1,0000000012686987 1,0000000015974855 ), 0
( 0,999999999467885 1,000000001268824 1,000000001601159 ), 0
( 0,9999999994665844 1,000000001267319 1,0000000016006376 ), 0
( 0,9999999994659965 1,000000001267784 1,0000000016024422 ), 0
( 0,9999999994676537 1,0000000012653423 1,0000000015968231 ), 0
( 0,9999999994653069 1,0000000012697996 1,0000000016019257 ), 0
( 0,9999999994664501 1,0000000012683832 1,0000000016029733 ), 0
( 0,9999999994654025 1,0000000012673855 1,0000000016001167 ), 0
( 0,9999999994668667 1,0000000012646677 1,0000000015996315 ), 0
( 0,9999999994656579 1,0000000012742027 1,0000000016030615 ), 0
( 0,9999999994673673 1,000000001268288 1,000000001600372 ), 0
( 0,9999999994670267 1,0000000012698125 1,0000000016031487 ), 0
( 0,999999999468181 1,000000001270711 1,0000000016013253 ), 0
( 0,9999999994665703 1,0000000012669514 1,0000000016017219 ), 0
( 0,9999999994664888 1,0000000012727441 1,000000001602562 ), 0
( 0,999999999465671 1,0000000012714951 1,0000000016024397 ), 0
( 0,999999999467396 1,000000001270952 1,0000000016057675 ), 0
( 0,9999999994668411 1,0000000012671904 1,0000000016026067 ), 0
( 0,9999999994652321 1,0000000012656902 1,0000000016014434 ), 0
( 0,9999999994664855 1,0000000012676575 1,0000000016005386 ), 0
( 0,9999999994680663 1,0000000012666364 1,0000000016023443 ), 0
( 0,9999999994662792 1,0000000012548171 1,0000000015891426 ), 0
( 0,9999999994672837 1,0000000012709476 1,0000000016052057 ), 0
( 0,9999999994676824 1,0000000012704147 1,0000000016026824 ), 0
( 0,9999999994666937 1,0000000012670165 1,0000000016030008 ), 0
( 0,9999999994656797 1,0000000012670525 1,0000000016028452 ), 0
( 0,9999999994683687 1,0000000012688521 1,0000000016024333 ), 0
( 0,9999999994665234 1,0000000012709844 1,000000001601498 ), 0
( 0,9999999994680571 1,0000000012666959 1,000000001602066 ), 0
( 0,9999999994676649 1,0000000012665415 1,0000000016004174 ), 0
( 0,9999999994672043 1,0000000012688663 1,0000000016019563 ), 0
( 0,9999999994679364 1,000000001268191 1,0000000016012625 ), 0
( 0,9999999994675881 1,0000000012676047 1,0000000016021038 ), 0
( 0,9999999994669325 1,0000000012673833 1,000000001600991 ), 0
( 0,9999999994673681 1,0000000012712236 1,0000000016041308 ), 0
( 0,9999999994664568 1,0000000012676469 1,0000000016005588 ), 0
( 0,9999999994664152 1,0000000012700998 1,000000001602601 ), 0
( 0,9999999994663391 1,000000001271946 1,0000000016027815 ), 0
( 0,9999999994681041 1,0000000012661907 1,0000000015989918 ), 0
( 0,999999999467124 1,0000000012684909 1,0000000016024575 ), 0
( 0,9999999994670403 1,0000000012562817 1,000000001590813 ), 0
( 0,9999999994672426 1,0000000012680827 1,0000000016025337 ), 0
( 0,9999999994672337 1,000000001268182 1,0000000016033137 ), 0
( 0,9999999994676185 1,00000000126924 1,0000000016026802 ), 0
( 0,9999999994666413 1,000000001266558 1,0000000016001802 ), 0
( 0,9999999994670535 1,0000000012704462 1,0000000016032407 ), 0
( 0,9999999994658184 1,000000001269677 1,0000000016022788 ), 0
( 0,9999999994677763 1,0000000012683472 1,000000001600684 ), 0
( 0,9999999994656751 1,0000000012677202 1,000000001603331 ), 0
( 0,9999999994669566 1,0000000012652244 1,0000000015976533 ), 0
( 0,9999999994663139 1,0000000012603738 1,0000000015938264 ), 0
( 0,999999999466769 1,000000001268807 1,0000000016013952 ), 0
( 0,9999999994666847 1,0000000012671557 1,0000000016025712 ), 0
( 0,9999999994640092 1,000000001270508 1,0000000016014388 ), 0
( 0,9999999994659543 1,0000000012680061 1,0000000016006863 ), 0
( 0,9999999994672205 1,000000001264836 1,00000000159872 ), 0
( 0,9999999994670964 1,0000000012666048 1,0000000015993433 ), 0
( 0,9999999994681656 1,0000000012624337 1,0000000015973851 ), 0
( 0,9999999994670006 1,000000001267999 1,0000000016015966 ), 0
( 0,9999999994651024 1,000000001270106 1,0000000016016948 ), 0
( 0,999999999468224 1,000000001272296 1,000000001604635 ), 0
( 0,9999999994672915 1,000000001267606 1,000000001602707 ), 0
( 0,9999999994680148 1,0000000012648893 1,0000000015986283 ), 0
( 0,999999999467975 1,0000000012701484 1,000000001605795 ), 0
( 0,9999999994680963 1,0000000012655386 1,0000000016016184 ), 0
( 0,9999999994656108 1,0000000012712265 1,0000000016055592 ), 0
( 0,9999999994666988 1,0000000012671153 1,0000000015989843 ), 0
( 0,9999999994660748 1,000000001266008 1,0000000016012767 ), 0
( 0,9999999994662272 1,000000001269076 1,000000001601576 ), 0
( 0,9999999994653187 1,00000000127077 1,0000000016020614 ), 0
( 0,9999999994673473 1,0000000012688055 1,0000000015998773 ), 0
( 0,9999999994669525 1,0000000012704102 1,000000001602899 ), 0
( 0,9999999994673305 1,000000001268183 1,0000000015995818 ), 0
( 0,9999999994668081 1,0000000012618666 1,0000000016005157 ), 0
( 0,999999999464802 1,0000000012655956 1,0000000016033472 ), 0
( 0,9999999994681673 1,0000000012578392 1,0000000015905428 ), 0
( 0,999999999466431 1,00000000126964 1,0000000016025048 ), 0
( 0,9999999994659761 1,000000001269739 1,000000001602254 ), 0
( 0,9999999994665781 1,0000000012710593 1,0000000016051445 ), 0
( 0,9999999994665822 1,0000000012696704 1,000000001604131 ), 0
( 0,9999999994653513 1,0000000012696493 1,0000000016037773 ), 0
( 0,9999999994670805 1,0000000012694708 1,000000001600773 ), 0
( 0,9999999994724339 1,0000000012694241 1,000000001596159 ), 0
( 0,999999999468408 1,000000001269527 1,000000001604167 ), 0
( 0,999999999466836 1,0000000012685384 1,0000000016002308 ), 0
( 0,9999999994680048 1,0000000012705796 1,0000000016035344 ), 0
( 0,9999999994657015 1,0000000012689938 1,0000000016029764 ), 0
( 0,9999999994686256 1,0000000012672088 1,0000000015997745 ), 0
( 0,999999999466395 1,0000000012701287 1,0000000016047272 ), 0
( 0,9999999994685287 1,0000000012645027 1,0000000016008617 ), 0
( 0,9999999994658054 1,0000000012681978 1,0000000016002375 ), 0
( 0,9999999994669003 1,0000000012676284 1,0000000016040216 ), 0
( 0,9999999994673657 1,0000000012641646 1,000000001596813 ), 0
( 0,9999999994677851 1,0000000012656676 1,0000000016005754 ), 0
( 0,9999999994674063 1,0000000012661714 1,0000000016020976 ), 0
( 0,9999999994663762 1,0000000012680976 1,00000000160064 ), 0
( 0,9999999994667098 1,0000000012659862 1,000000001599126 ), 0
( 0,999999999464892 1,0000000012671753 1,0000000016035744 ), 0
( 0,9999999994644619 1,000000001270266 1,0000000016041044 ), 0
( 0,9999999994669425 1,0000000012699999 1,0000000016034025 ), 0
( 0,9999999994660058 1,0000000012680885 1,0000000015995982 ), 0
( 0,9999999994676234 1,0000000012551153 1,0000000015870063 ), 0
( 0,99999999946909 1,0000000012695904 1,0000000015998185 ), 0
( 0,9999999994666066 1,0000000012699504 1,0000000016022976 ), 0
( 0,9999999994669686 1,0000000012703534 1,0000000016042798 ), 0
( 0,9999999994640617 1,0000000012637986 1,0000000016015393 ), 0
( 0,9999999994674172 1,0000000012689825 1,0000000016036275 ), 0
( 0,9999999994651128 1,0000000012682315 1,00000000160251 ), 0
( 0,9999999994671848 1,0000000012673327 1,0000000016020953 ), 0
( 0,9999999994675834 1,000000001266185 1,0000000016012556 ), 0
( 0,9999999994676874 1,0000000012666295 1,0000000015993964 ), 0
( 0,9999999994669224 1,000000001268339 1,0000000016012962 ), 0
( 0,9999999994651894 1,00000000126981 1,0000000016018202 ), 0
( 0,9999999994668224 1,0000000012665056 1,0000000016016772 ), 0
( 0,9999999994658731 1,000000001267639 1,000000001599898 ), 0
( 0,999999999467344 1,0000000012689514 1,0000000016003434 ), 0
( 0,9999999994668273 1,0000000012640489 1,000000001600141 ), 0
( 0,9999999994657451 1,000000001265088 1,000000001600445 ), 0
( 0,999999999464603 1,0000000012711856 1,0000000016052997 ), 0
( 0,9999999994665771 1,0000000012688346 1,0000000016038868 ), 0
( 0,9999999994671359 1,0000000012677432 1,0000000015981287 ), 0
( 0,9999999994646049 1,0000000012689207 1,000000001600094 ), 0
( 0,9999999994674442 1,0000000012672068 1,0000000016030162 ), 0
( 0,999999999468262 1,0000000012676435 1,0000000016013963 ), 0
( 0,9999999994678148 1,0000000012698609 1,0000000016039539 ), 0
( 0,9999999994645395 1,0000000012682375 1,0000000016026076 ), 0
( 0,9999999994680846 1,0000000012673207 1,0000000016030757 ), 0
( 0,9999999994668107 1,0000000012660122 1,0000000015996806 ), 0
( 0,9999999994670349 1,0000000012651762 1,000000001599824 ), 0
( 0,9999999994655696 1,000000001266808 1,0000000015978352 ), 0
( 0,9999999994655768 1,0000000012704706 1,0000000016031991 ), 0
( 0,9999999994656626 1,0000000012673755 1,0000000016023851 ), 0
( 0,9999999994671873 1,0000000012662145 1,0000000016000588 ), 0
( 0,9999999994661701 1,0000000012701744 1,000000001600263 ), 0
( 0,9999999994662595 1,0000000012585124 1,0000000015932098 ), 0
( 0,9999999994661141 1,000000001268467 1,0000000015997896 ), 0
( 0,9999999994670575 1,0000000012710462 1,0000000016036512 ), 0
Liczba wywoa funkcji celu: 161080
