Iteracja nr: 117
( 0,9999999994666173 1,0000000012677868 1,000000001601473 ), 0
( 0,9999999994666124 1,0000000012677825 1,000000001601461 ), 0
( 0,9999999994666057 1,0000000012677845 1,0000000016014716 ), 0
( 0,99999999946661 1,0000000012677897 1,0000000016014774 ), 0
( 0,9999999994666068 1,0000000012677916 1,0000000016014834 ), 0
( 0,9999999994666127 1,0000000012677832 1,000000001601464 ), 0
( 0,9999999994666102 1,0000000012677823 1,0000000016014683 ), 0
( 0,9999999994666131 1,0000000012677892 1,0000000016014712 ), 0
( 0,9999999994666111 1,0000000012677903 1,0000000016014683 ), 0
( 0,9999999994666096 1,0000000012677817 1,000000001601476 ), 0
( 0,9999999994666156 1,0000000012677839 1,000000001601472 ), 0
( 0,9999999994666127 1,0000000012677814 1,0000000016014665 ), 0
( 0,9999999994666149 1,000000001267791 1,000000001601475 ), 0
( 0,9999999994666102 1,0000000012677888 1,0000000016014776 ), 0
( 0,9999999994666104 1,0000000012677868 1,0000000016014772 ), 0
( 0,9999999994666149 1,0000000012677852 1,0000000016014732 ), 0
( 0,9999999994666056 1,0000000012677905 1,0000000016014914 ), 0
( 0,999999999466609 1,0000000012677863 1,0000000016014807 ), 0
( 0,9999999994666088 1,0000000012677857 1,0000000016014805 ), 0
( 0,9999999994666116 1,0000000012677885 1,0000000016014758 ), 0
( 0,9999999994666101 1,0000000012677879 1,000000001601478 ), 0
( 0,999999999466609 1,0000000012677874 1,000000001601482 ), 0
( 0,9999999994666134 1,0000000012677948 1,0000000016014767 ), 0
( 0,9999999994666139 1,0000000012677825 1,0000000016014734 ), 0
( 0,9999999994666087 1,0000000012677888 1,000000001601489 ), 0
( 0,9999999994666088 1,0000000012677857 1,0000000016014756 ), 0
( 0,9999999994666072 1,0000000012677834 1,000000001601475 ), 0
( 0,9999999994666064 1,0000000012677819 1,0000000016014872 ), 0
( 0,9999999994666133 1,0000000012677863 1,0000000016014778 ), 0
( 0,9999999994666156 1,00000000126779 1,0000000016014696 ), 0
( 0,9999999994666092 1,000000001267788 1,0000000016014698 ), 0
( 0,999999999466615 1,0000000012677939 1,0000000016014878 ), 0
( 0,9999999994666122 1,0000000012677865 1,0000000016014716 ), 0
( 0,9999999994666083 1,0000000012677872 1,0000000016014776 ), 0
( 0,9999999994666148 1,0000000012677877 1,000000001601471 ), 0
( 0,9999999994666171 1,0000000012677825 1,0000000016014658 ), 0
( 0,9999999994666177 1,000000001267783 1,0000000016014614 ), 0
( 0,9999999994666083 1,0000000012677883 1,0000000016014807 ), 0
( 0,999999999466607 1,0000000012677843 1,0000000016014747 ), 0
( 0,99999999946661 1,0000000012677834 1,000000001601473 ), 0
( 0,9999999994666102 1,000000001267788 1,0000000016014716 ), 0
( 0,9999999994666106 1,000000001267785 1,0000000016014765 ), 0
( 0,9999999994666151 1,0000000012677843 1,0000000016014692 ), 0
( 0,9999999994666104 1,0000000012677852 1,0000000016014794 ), 0
( 0,999999999466611 1,0000000012677828 1,000000001601467 ), 0
( 0,9999999994666067 1,0000000012677925 1,0000000016014785 ), 0
( 0,9999999994666156 1,0000000012677923 1,0000000016014747 ), 0
( 0,9999999994666114 1,0000000012677928 1,000000001601485 ), 0
( 0,9999999994666117 1,0000000012677852 1,000000001601469 ), 0
( 0,9999999994666094 1,0000000012677932 1,0000000016014898 ), 0
( 0,9999999994666126 1,0000000012677788 1,0000000016014676 ), 0
( 0,9999999994666134 1,0000000012677925 1,0000000016014734 ), 0
( 0,99999999946661 1,0000000012677845 1,0000000016014747 ), 0
( 0,9999999994666118 1,0000000012677872 1,0000000016014694 ), 0
( 0,9999999994666152 1,000000001267784 1,0000000016014663 ), 0
( 0,9999999994666133 1,0000000012677908 1,000000001601471 ), 0
( 0,9999999994666102 1,000000001267786 1,0000000016014767 ), 0
( 0,9999999994666117 1,000000001267787 1,000000001601479 ), 0
( 0,9999999994666082 1,000000001267791 1,0000000016014783 ), 0
( 0,9999999994666107 1,000000001267785 1,0000000016014812 ), 0
( 0,9999999994666162 1,0000000012677819 1,0000000016014583 ), 0
( 0,9999999994666132 1,0000000012677803 1,0000000016014694 ), 0
( 0,9999999994666133 1,0000000012677879 1,0000000016014727 ), 0
( 0,9999999994666088 1,0000000012677968 1,000000001601487 ), 0
( 0,9999999994666116 1,0000000012677845 1,0000000016014707 ), 0
( 0,9999999994666146 1,0000000012677916 1,000000001601472 ), 0
( 0,9999999994666098 1,0000000012677912 1,0000000016014783 ), 0
( 0,9999999994666167 1,0000000012677839 1,0000000016014612 ), 0
( 0,9999999994666023 1,0000000012677859 1,0000000016014938 ), 0
( 0,9999999994666074 1,0000000012677899 1,0000000016014765 ), 0
( 0,9999999994666112 1,0000000012677903 1,0000000016014743 ), 0
( 0,9999999994666043 1,0000000012677837 1,0000000016014627 ), 0
( 0,9999999994666096 1,0000000012677828 1,000000001601471 ), 0
( 0,9999999994666066 1,0000000012677854 1,0000000016014756 ), 0
( 0,9999999994666148 1,000000001267781 1,0000000016014663 ), 0
( 0,9999999994666087 1,000000001267787 1,0000000016014805 ), 0
( 0,9999999994666124 1,0000000012677825 1,0000000016014676 ), 0
( 0,99999999946661 1,0000000012677739 1,0000000016014674 ), 0
( 0,9999999994666111 1,000000001267794 1,00000000160148 ), 0
( 0,999999999466611 1,0000000012677892 1,000000001601471 ), 0
( 0,9999999994666087 1,0000000012677834 1,0000000016014765 ), 0
( 0,999999999466614 1,000000001267789 1,0000000016014718 ), 0
( 0,9999999994666094 1,0000000012677919 1,0000000016014774 ), 0
( 0,9999999994666043 1,0000000012677872 1,0000000016014579 ), 0
( 0,9999999994666129 1,0000000012677863 1,000000001601484 ), 0
( 0,9999999994666091 1,000000001267778 1,0000000016014732 ), 0
( 0,9999999994666142 1,000000001267781 1,0000000016014705 ), 0
( 0,9999999994666123 1,000000001267794 1,0000000016014738 ), 0
( 0,9999999994666107 1,0000000012677885 1,0000000016014723 ), 0
( 0,9999999994666143 1,000000001267785 1,000000001601471 ), 0
( 0,9999999994666123 1,0000000012677759 1,000000001601471 ), 0
( 0,9999999994666122 1,0000000012677852 1,000000001601475 ), 0
( 0,9999999994666076 1,0000000012677925 1,0000000016014814 ), 0
( 0,9999999994666139 1,0000000012677848 1,0000000016014579 ), 0
( 0,9999999994666079 1,000000001267776 1,0000000016014694 ), 0
( 0,9999999994666048 1,0000000012677823 1,0000000016014818 ), 0
( 0,9999999994666131 1,0000000012677852 1,0000000016014505 ), 0
( 0,9999999994666076 1,0000000012677874 1,0000000016014627 ), 0
( 0,9999999994666101 1,0000000012677848 1,0000000016014767 ), 0
( 0,9999999994666103 1,000000001267789 1,0000000016014774 ), 0
( 0,9999999994666109 1,0000000012677823 1,0000000016014734 ), 0
( 0,9999999994666146 1,0000000012677832 1,0000000016014723 ), 0
( 0,9999999994666108 1,0000000012677903 1,000000001601474 ), 0
( 0,9999999994666091 1,0000000012677857 1,0000000016014736 ), 0
( 0,9999999994666061 1,0000000012677925 1,0000000016014756 ), 0
( 0,9999999994666096 1,0000000012677865 1,00000000160148 ), 0
( 0,9999999994666091 1,0000000012677843 1,0000000016014816 ), 0
( 0,9999999994666152 1,0000000012677894 1,0000000016014627 ), 0
( 0,9999999994666091 1,0000000012677899 1,0000000016014716 ), 0
( 0,9999999994666119 1,0000000012677848 1,0000000016014785 ), 0
( 0,9999999994666138 1,0000000012677854 1,0000000016014676 ), 0
( 0,9999999994666107 1,0000000012677814 1,0000000016014714 ), 0
( 0,9999999994666084 1,0000000012677863 1,0000000016014723 ), 0
( 0,9999999994666147 1,0000000012677899 1,000000001601462 ), 0
( 0,9999999994666117 1,0000000012677908 1,0000000016014745 ), 0
( 0,9999999994666032 1,0000000012677934 1,0000000016014858 ), 0
( 0,9999999994666072 1,0000000012677868 1,000000001601485 ), 0
( 0,9999999994666154 1,0000000012677854 1,0000000016014705 ), 0
( 0,9999999994666116 1,0000000012677839 1,0000000016014818 ), 0
( 0,999999999466614 1,0000000012677865 1,000000001601472 ), 0
( 0,9999999994666116 1,000000001267785 1,0000000016014665 ), 0
( 0,9999999994666107 1,0000000012677839 1,0000000016014727 ), 0
( 0,9999999994666104 1,000000001267783 1,000000001601475 ), 0
( 0,9999999994666045 1,0000000012677794 1,0000000016014694 ), 0
( 0,9999999994666026 1,0000000012677859 1,0000000016014816 ), 0
( 0,9999999994666094 1,0000000012677888 1,0000000016014756 ), 0
( 0,9999999994666106 1,0000000012677903 1,0000000016014676 ), 0
( 0,9999999994666091 1,0000000012677825 1,0000000016014696 ), 0
( 0,9999999994666133 1,0000000012677879 1,000000001601472 ), 0
( 0,9999999994666071 1,0000000012677837 1,0000000016014745 ), 0
( 0,9999999994666109 1,0000000012677874 1,0000000016014725 ), 0
( 0,9999999994666106 1,0000000012677874 1,000000001601462 ), 0
( 0,9999999994666074 1,0000000012677832 1,0000000016014798 ), 0
( 0,9999999994666128 1,0000000012677974 1,0000000016014705 ), 0
( 0,9999999994666097 1,0000000012677914 1,0000000016014867 ), 0
( 0,9999999994666101 1,000000001267789 1,0000000016014754 ), 0
( 0,9999999994666078 1,0000000012677952 1,000000001601469 ), 0
( 0,9999999994666113 1,0000000012677932 1,0000000016014854 ), 0
( 0,9999999994666074 1,0000000012677928 1,0000000016014798 ), 0
( 0,999999999466607 1,0000000012677868 1,0000000016014727 ), 0
( 0,9999999994666114 1,0000000012677888 1,0000000016014814 ), 0
( 0,9999999994666079 1,0000000012677834 1,0000000016014778 ), 0
( 0,9999999994666083 1,0000000012677879 1,0000000016014805 ), 0
( 0,99999999946661 1,0000000012677894 1,0000000016014798 ), 0
( 0,9999999994666094 1,0000000012677817 1,0000000016014745 ), 0
( 0,9999999994666134 1,0000000012677914 1,000000001601475 ), 0
( 0,9999999994666074 1,0000000012677848 1,00000000160148 ), 0
( 0,9999999994666119 1,0000000012677874 1,0000000016014718 ), 0
( 0,9999999994666133 1,0000000012677797 1,000000001601472 ), 0
( 0,9999999994666157 1,0000000012677797 1,0000000016014639 ), 0
( 0,9999999994666131 1,0000000012677797 1,0000000016014547 ), 0
( 0,9999999994666062 1,0000000012677888 1,0000000016014767 ), 0
( 0,9999999994666122 1,0000000012677865 1,0000000016014785 ), 0
( 0,9999999994666106 1,0000000012677854 1,000000001601471 ), 0
( 0,999999999466615 1,0000000012677908 1,0000000016014763 ), 0
( 0,9999999994666141 1,0000000012677748 1,0000000016014523 ), 0
( 0,9999999994666063 1,0000000012677934 1,0000000016014827 ), 0
( 0,9999999994666126 1,0000000012677848 1,0000000016014892 ), 0
( 0,9999999994666127 1,0000000012677859 1,0000000016014714 ), 0
( 0,9999999994666091 1,0000000012677805 1,0000000016014667 ), 0
( 0,9999999994666119 1,0000000012677857 1,0000000016014852 ), 0
( 0,9999999994666102 1,0000000012677868 1,0000000016014727 ), 0
( 0,9999999994666084 1,00000000126779 1,0000000016014832 ), 0
( 0,9999999994666121 1,0000000012677905 1,0000000016014725 ), 0
( 0,9999999994666113 1,0000000012677863 1,0000000016014685 ), 0
( 0,9999999994666123 1,0000000012677819 1,0000000016014736 ), 0
( 0,999999999466618 1,0000000012677883 1,000000001601467 ), 0
( 0,9999999994666104 1,0000000012677936 1,000000001601483 ), 0
( 0,9999999994666117 1,000000001267786 1,0000000016014758 ), 0
( 0,999999999466614 1,0000000012677859 1,0000000016014845 ), 0
( 0,9999999994666093 1,000000001267781 1,0000000016014685 ), 0
( 0,999999999466613 1,0000000012677857 1,0000000016014716 ), 0
( 0,9999999994666102 1,0000000012677885 1,0000000016014774 ), 0
( 0,9999999994666149 1,0000000012677874 1,000000001601474 ), 0
( 0,999999999466612 1,0000000012677976 1,0000000016014707 ), 0
( 0,9999999994666124 1,000000001267782 1,000000001601461 ), 0
( 0,9999999994666102 1,000000001267784 1,00000000160147 ), 0
( 0,999999999466612 1,000000001267782 1,0000000016014683 ), 0
( 0,9999999994666108 1,0000000012677812 1,0000000016014645 ), 0
( 0,9999999994666094 1,0000000012677885 1,000000001601481 ), 0
( 0,9999999994666103 1,0000000012677865 1,000000001601475 ), 0
( 0,9999999994666133 1,0000000012677905 1,0000000016014698 ), 0
( 0,999999999466612 1,0000000012677897 1,0000000016014814 ), 0
( 0,9999999994666139 1,0000000012677852 1,0000000016014723 ), 0
( 0,9999999994666131 1,0000000012677834 1,0000000016014698 ), 0
( 0,9999999994666092 1,000000001267789 1,0000000016014714 ), 0
( 0,9999999994666104 1,00000000126779 1,0000000016014758 ), 0
( 0,9999999994666088 1,000000001267788 1,0000000016014727 ), 0
( 0,9999999994666099 1,000000001267784 1,0000000016014787 ), 0
( 0,9999999994666114 1,0000000012677834 1,0000000016014703 ), 0
( 0,999999999466609 1,0000000012677799 1,000000001601467 ), 0
( 0,9999999994666157 1,00000000126778 1,000000001601468 ), 0
( 0,9999999994666109 1,0000000012677843 1,0000000016014787 ), 0
( 0,9999999994666099 1,0000000012677843 1,0000000016014672 ), 0
( 0,999999999466609 1,0000000012677885 1,0000000016014765 ), 0
( 0,9999999994666094 1,000000001267788 1,0000000016014798 ), 0
( 0,9999999994666086 1,000000001267782 1,0000000016014734 ), 0
( 0,9999999994666136 1,0000000012677916 1,0000000016014734 ), 0
( 0,9999999994666118 1,0000000012677843 1,0000000016014754 ), 0
( 0,9999999994666128 1,0000000012677932 1,0000000016014785 ), 0
( 0,9999999994666103 1,0000000012677879 1,0000000016014665 ), 0
( 0,9999999994666114 1,0000000012677817 1,0000000016014658 ), 0
( 0,9999999994666107 1,0000000012677854 1,0000000016014747 ), 0
( 0,9999999994666149 1,0000000012677837 1,0000000016014645 ), 0
( 0,9999999994666073 1,0000000012677874 1,0000000016014718 ), 0
( 0,9999999994666104 1,0000000012677863 1,0000000016014712 ), 0
( 0,9999999994666113 1,0000000012677832 1,0000000016014776 ), 0
( 0,9999999994666116 1,0000000012677823 1,0000000016014683 ), 0
( 0,9999999994666112 1,0000000012677945 1,0000000016014807 ), 0
( 0,999999999466607 1,0000000012677852 1,00000000160147 ), 0
( 0,9999999994666103 1,000000001267782 1,0000000016014736 ), 0
( 0,999999999466609 1,0000000012677852 1,0000000016014765 ), 0
( 0,9999999994666121 1,000000001267785 1,0000000016014756 ), 0
( 0,9999999994666073 1,0000000012677828 1,0000000016014716 ), 0
( 0,9999999994666109 1,0000000012677863 1,0000000016014756 ), 0
( 0,9999999994666101 1,0000000012677834 1,0000000016014765 ), 0
( 0,9999999994666087 1,000000001267791 1,0000000016014767 ), 0
( 0,9999999994666106 1,0000000012677939 1,0000000016014836 ), 0
( 0,9999999994666127 1,0000000012677879 1,000000001601481 ), 0
( 0,999999999466617 1,0000000012677843 1,000000001601462 ), 0
( 0,9999999994666121 1,0000000012677857 1,0000000016014767 ), 0
( 0,9999999994666124 1,0000000012677899 1,0000000016014816 ), 0
( 0,9999999994666144 1,0000000012677792 1,0000000016014543 ), 0
( 0,9999999994666118 1,0000000012677845 1,0000000016014732 ), 0
( 0,9999999994666089 1,000000001267787 1,0000000016014663 ), 0
( 0,999999999466611 1,000000001267792 1,0000000016014745 ), 0
( 0,9999999994666126 1,000000001267789 1,000000001601471 ), 0
( 0,9999999994666063 1,0000000012677845 1,000000001601474 ), 0
( 0,9999999994666132 1,000000001267794 1,0000000016014838 ), 0
( 0,9999999994666101 1,0000000012677885 1,0000000016014785 ), 0
( 0,9999999994666102 1,0000000012677885 1,0000000016014738 ), 0
( 0,9999999994666124 1,00000000126779 1,0000000016014812 ), 0
( 0,9999999994666128 1,000000001267785 1,0000000016014725 ), 0
( 0,9999999994666122 1,0000000012677848 1,0000000016014725 ), 0
( 0,9999999994666129 1,0000000012677852 1,0000000016014818 ), 0
( 0,9999999994666154 1,00000000126779 1,0000000016014592 ), 0
( 0,999999999466608 1,0000000012677799 1,0000000016014687 ), 0
( 0,9999999994666106 1,0000000012677943 1,0000000016014852 ), 0
( 0,9999999994666103 1,0000000012677863 1,0000000016014758 ), 0
( 0,9999999994666132 1,0000000012677859 1,000000001601464 ), 0
( 0,9999999994666122 1,0000000012677972 1,000000001601476 ), 0
( 0,9999999994666102 1,0000000012677883 1,0000000016014796 ), 0
( 0,9999999994666118 1,000000001267786 1,0000000016014796 ), 0
( 0,9999999994666138 1,0000000012677854 1,0000000016014614 ), 0
( 0,999999999466617 1,0000000012677948 1,00000000160147 ), 0
( 0,9999999994666147 1,0000000012677845 1,000000001601479 ), 0
( 0,9999999994666098 1,0000000012677834 1,0000000016014754 ), 0
( 0,999999999466613 1,0000000012677914 1,0000000016014676 ), 0
( 0,999999999466612 1,0000000012677845 1,0000000016014725 ), 0
( 0,9999999994666148 1,0000000012677863 1,0000000016014736 ), 0
( 0,9999999994666088 1,0000000012677923 1,0000000016014619 ), 0
( 0,999999999466612 1,0000000012677832 1,0000000016014687 ), 0
( 0,9999999994666131 1,0000000012677883 1,0000000016014707 ), 0
( 0,999999999466608 1,0000000012677877 1,000000001601476 ), 0
( 0,9999999994666079 1,0000000012677888 1,0000000016014745 ), 0
( 0,9999999994666146 1,0000000012677888 1,000000001601474 ), 0
( 0,9999999994666078 1,0000000012677908 1,0000000016014776 ), 0
( 0,9999999994666076 1,000000001267786 1,000000001601481 ), 0
( 0,9999999994666072 1,0000000012677923 1,0000000016014805 ), 0
( 0,9999999994666122 1,000000001267787 1,0000000016014798 ), 0
( 0,9999999994666099 1,000000001267788 1,0000000016014925 ), 0
( 0,9999999994666086 1,0000000012677868 1,000000001601476 ), 0
( 0,9999999994666119 1,000000001267787 1,000000001601469 ), 0
( 0,9999999994666138 1,0000000012677905 1,000000001601474 ), 0
( 0,9999999994666094 1,0000000012677928 1,000000001601484 ), 0
( 0,9999999994666101 1,0000000012677859 1,0000000016014785 ), 0
( 0,9999999994666127 1,0000000012677874 1,0000000016014794 ), 0
( 0,9999999994666071 1,0000000012677892 1,000000001601487 ), 0
( 0,9999999994666089 1,000000001267786 1,0000000016014865 ), 0
( 0,9999999994666094 1,000000001267788 1,0000000016014812 ), 0
( 0,9999999994666113 1,0000000012677905 1,0000000016014654 ), 0
( 0,9999999994666098 1,0000000012677912 1,0000000016014814 ), 0
( 0,9999999994666144 1,000000001267783 1,000000001601475 ), 0
( 0,9999999994666099 1,0000000012677859 1,0000000016014619 ), 0
( 0,9999999994666126 1,0000000012677852 1,000000001601478 ), 0
( 0,9999999994666121 1,0000000012677859 1,0000000016014687 ), 0
( 0,9999999994666101 1,0000000012677905 1,0000000016014732 ), 0
( 0,9999999994666084 1,0000000012677823 1,0000000016014743 ), 0
( 0,9999999994666126 1,0000000012677874 1,000000001601475 ), 0
( 0,9999999994666094 1,0000000012677872 1,0000000016014756 ), 0
( 0,9999999994666122 1,0000000012677885 1,000000001601486 ), 0
( 0,9999999994666084 1,0000000012677968 1,000000001601485 ), 0
( 0,9999999994666118 1,0000000012677914 1,000000001601481 ), 0
( 0,999999999466609 1,000000001267785 1,0000000016014834 ), 0
( 0,9999999994666137 1,000000001267787 1,0000000016014718 ), 0
( 0,9999999994666134 1,000000001267788 1,0000000016014667 ), 0
( 0,9999999994666091 1,0000000012677934 1,0000000016014836 ), 0
( 0,9999999994666103 1,0000000012677837 1,000000001601473 ), 0
( 0,9999999994666083 1,000000001267786 1,0000000016014645 ), 0
( 0,9999999994666119 1,0000000012677843 1,0000000016014663 ), 0
( 0,999999999466615 1,0000000012677837 1,0000000016014672 ), 0
( 0,9999999994666106 1,000000001267785 1,0000000016014756 ), 0
( 0,9999999994666153 1,0000000012678005 1,0000000016014812 ), 0
( 0,9999999994666118 1,0000000012677883 1,0000000016014814 ), 0
( 0,9999999994666108 1,0000000012677845 1,0000000016014736 ), 0
( 0,9999999994666148 1,0000000012677912 1,0000000016014743 ), 0
( 0,9999999994666099 1,000000001267786 1,0000000016014694 ), 0
( 0,9999999994666106 1,0000000012677897 1,0000000016014818 ), 0
( 0,9999999994666121 1,0000000012677852 1,00000000160147 ), 0
( 0,9999999994666149 1,0000000012677854 1,0000000016014705 ), 0
( 0,9999999994666138 1,0000000012677748 1,000000001601469 ), 0
( 0,999999999466613 1,0000000012677883 1,0000000016014736 ), 0
( 0,9999999994666089 1,0000000012677872 1,0000000016014758 ), 0
( 0,9999999994666146 1,0000000012677857 1,0000000016014652 ), 0
( 0,9999999994666122 1,0000000012677885 1,000000001601475 ), 0
( 0,9999999994666093 1,0000000012677879 1,0000000016014778 ), 0
( 0,9999999994666067 1,0000000012677894 1,000000001601484 ), 0
( 0,9999999994666129 1,0000000012677932 1,000000001601474 ), 0
( 0,9999999994666129 1,0000000012677832 1,0000000016014656 ), 0
( 0,9999999994666121 1,0000000012677832 1,0000000016014725 ), 0
( 0,9999999994666039 1,0000000012677854 1,0000000016014774 ), 0
( 0,9999999994666168 1,0000000012677865 1,0000000016014734 ), 0
( 0,9999999994666123 1,0000000012677877 1,0000000016014752 ), 0
( 0,9999999994666099 1,0000000012677877 1,0000000016014754 ), 0
( 0,9999999994666072 1,0000000012677854 1,000000001601472 ), 0
( 0,9999999994666149 1,000000001267784 1,000000001601468 ), 0
( 0,9999999994666073 1,0000000012677823 1,0000000016014814 ), 0
( 0,9999999994666094 1,0000000012677788 1,0000000016014712 ), 0
( 0,9999999994666114 1,0000000012677759 1,0000000016014656 ), 0
( 0,9999999994666142 1,0000000012677897 1,0000000016014783 ), 0
( 0,9999999994666064 1,0000000012677872 1,000000001601484 ), 0
( 0,9999999994666119 1,000000001267786 1,0000000016014754 ), 0
( 0,9999999994666104 1,0000000012677868 1,000000001601475 ), 0
( 0,99999999946661 1,0000000012677852 1,0000000016014814 ), 0
( 0,9999999994666138 1,0000000012677834 1,000000001601479 ), 0
( 0,9999999994666066 1,0000000012677874 1,0000000016014803 ), 0
( 0,9999999994666096 1,0000000012677819 1,0000000016014678 ), 0
( 0,9999999994666069 1,0000000012677848 1,0000000016014776 ), 0
( 0,999999999466612 1,0000000012677894 1,0000000016014825 ), 0
( 0,9999999994666077 1,0000000012677934 1,0000000016014738 ), 0
( 0,9999999994666169 1,000000001267781 1,0000000016014632 ), 0
( 0,9999999994666193 1,0000000012677852 1,0000000016014696 ), 0
( 0,9999999994666096 1,0000000012677903 1,0000000016014772 ), 0
( 0,9999999994666116 1,0000000012677848 1,0000000016014736 ), 0
( 0,9999999994666119 1,0000000012677832 1,0000000016014712 ), 0
( 0,999999999466608 1,0000000012677863 1,0000000016014872 ), 0
( 0,9999999994666073 1,0000000012677874 1,0000000016014856 ), 0
( 0,9999999994666084 1,0000000012677888 1,0000000016014658 ), 0
( 0,9999999994666101 1,0000000012677925 1,0000000016014785 ), 0
( 0,9999999994666127 1,0000000012677837 1,0000000016014698 ), 0
( 0,9999999994666144 1,0000000012677914 1,0000000016014698 ), 0
( 0,99999999946661 1,000000001267787 1,0000000016014738 ), 0
( 0,9999999994666094 1,0000000012677828 1,000000001601477 ), 0
( 0,9999999994666086 1,000000001267781 1,0000000016014803 ), 0
( 0,999999999466611 1,00000000126778 1,0000000016014705 ), 0
( 0,9999999994666117 1,0000000012677868 1,0000000016014676 ), 0
( 0,9999999994666137 1,0000000012677792 1,0000000016014614 ), 0
( 0,9999999994666144 1,0000000012677814 1,0000000016014692 ), 0
( 0,9999999994666153 1,0000000012677777 1,000000001601468 ), 0
( 0,9999999994666092 1,0000000012677912 1,0000000016014803 ), 0
( 0,9999999994666148 1,0000000012677916 1,0000000016014776 ), 0
( 0,9999999994666096 1,000000001267786 1,000000001601482 ), 0
( 0,999999999466612 1,0000000012677968 1,0000000016014758 ), 0
( 0,9999999994666101 1,0000000012677985 1,0000000016014876 ), 0
( 0,9999999994666141 1,0000000012677832 1,000000001601469 ), 0
( 0,9999999994666101 1,0000000012677883 1,0000000016014674 ), 0
( 0,9999999994666112 1,0000000012677783 1,0000000016014645 ), 0
( 0,9999999994666146 1,0000000012677803 1,000000001601474 ), 0
( 0,9999999994666157 1,0000000012677817 1,0000000016014619 ), 0
( 0,9999999994666123 1,0000000012677743 1,0000000016014707 ), 0
( 0,9999999994666108 1,0000000012677903 1,0000000016014752 ), 0
( 0,9999999994666112 1,000000001267785 1,0000000016014736 ), 0
( 0,9999999994666128 1,0000000012677865 1,0000000016014736 ), 0
( 0,9999999994666119 1,000000001267793 1,0000000016014852 ), 0
( 0,9999999994666056 1,0000000012677885 1,0000000016014583 ), 0
( 0,999999999466611 1,0000000012677948 1,0000000016014818 ), 0
( 0,9999999994666122 1,000000001267784 1,0000000016014765 ), 0
( 0,9999999994666051 1,0000000012677823 1,000000001601472 ), 0
( 0,9999999994666043 1,0000000012677879 1,0000000016014765 ), 0
( 0,9999999994666088 1,0000000012677888 1,0000000016014774 ), 0
( 0,9999999994666127 1,0000000012677845 1,000000001601454 ), 0
( 0,9999999994666129 1,0000000012677805 1,0000000016014694 ), 0
( 0,99999999946661 1,0000000012677885 1,0000000016014836 ), 0
( 0,9999999994666094 1,0000000012677843 1,0000000016014736 ), 0
( 0,9999999994666093 1,0000000012677852 1,000000001601475 ), 0
( 0,9999999994666122 1,000000001267789 1,0000000016014743 ), 0
( 0,9999999994666123 1,0000000012677865 1,0000000016014783 ), 0
( 0,9999999994666161 1,0000000012677819 1,0000000016014698 ), 0
( 0,9999999994666121 1,0000000012677912 1,0000000016014776 ), 0
( 0,9999999994666176 1,0000000012677916 1,0000000016014794 ), 0
( 0,9999999994666151 1,000000001267796 1,000000001601472 ), 0
( 0,9999999994666118 1,000000001267788 1,0000000016014776 ), 0
( 0,999999999466613 1,0000000012677897 1,0000000016014752 ), 0
( 0,9999999994666114 1,0000000012677817 1,0000000016014736 ), 0
( 0,9999999994666121 1,0000000012677863 1,0000000016014685 ), 0
( 0,9999999994666108 1,0000000012677845 1,0000000016014692 ), 0
( 0,9999999994666113 1,000000001267782 1,0000000016014683 ), 0
( 0,9999999994666076 1,0000000012677845 1,0000000016014785 ), 0
( 0,9999999994666169 1,000000001267785 1,0000000016014725 ), 0
( 0,9999999994666097 1,0000000012677854 1,000000001601477 ), 0
( 0,9999999994666129 1,000000001267794 1,000000001601481 ), 0
( 0,9999999994666098 1,000000001267785 1,0000000016014772 ), 0
( 0,9999999994666107 1,000000001267794 1,000000001601491 ), 0
( 0,9999999994666152 1,0000000012677857 1,0000000016014723 ), 0
( 0,9999999994666047 1,0000000012677854 1,000000001601481 ), 0
( 0,9999999994666127 1,0000000012677845 1,0000000016014599 ), 0
( 0,999999999466608 1,0000000012677923 1,0000000016014803 ), 0
( 0,9999999994666144 1,0000000012677928 1,0000000016014767 ), 0
( 0,9999999994666118 1,000000001267787 1,0000000016014716 ), 0
( 0,9999999994666091 1,0000000012677877 1,0000000016014787 ), 0
( 0,999999999466612 1,0000000012677872 1,0000000016014723 ), 0
( 0,9999999994666091 1,0000000012677916 1,0000000016014785 ), 0
( 0,9999999994666151 1,0000000012677968 1,0000000016014834 ), 0
( 0,9999999994666131 1,0000000012677879 1,0000000016014716 ), 0
( 0,9999999994666104 1,0000000012677872 1,0000000016014798 ), 0
( 0,9999999994666088 1,000000001267781 1,000000001601476 ), 0
( 0,9999999994666141 1,0000000012677892 1,0000000016014754 ), 0
( 0,9999999994666086 1,0000000012677888 1,0000000016014778 ), 0
( 0,9999999994666129 1,0000000012677877 1,000000001601466 ), 0
( 0,9999999994666136 1,0000000012677868 1,0000000016014923 ), 0
( 0,9999999994666116 1,0000000012677872 1,0000000016014794 ), 0
( 0,9999999994666104 1,000000001267785 1,0000000016014674 ), 0
( 0,9999999994666109 1,0000000012677892 1,0000000016014727 ), 0
( 0,9999999994666164 1,0000000012677857 1,0000000016014716 ), 0
( 0,9999999994666077 1,0000000012677888 1,0000000016014776 ), 0
( 0,999999999466612 1,000000001267785 1,0000000016014754 ), 0
( 0,9999999994666131 1,000000001267796 1,000000001601485 ), 0
( 0,9999999994666159 1,0000000012677823 1,0000000016014745 ), 0
( 0,9999999994666074 1,0000000012677834 1,0000000016014727 ), 0
( 0,9999999994666111 1,0000000012677823 1,0000000016014792 ), 0
( 0,9999999994666107 1,0000000012677799 1,0000000016014656 ), 0
( 0,9999999994666078 1,000000001267788 1,0000000016014767 ), 0
( 0,9999999994666094 1,0000000012677928 1,0000000016014774 ), 0
( 0,9999999994666127 1,000000001267796 1,0000000016014718 ), 0
( 0,999999999466608 1,0000000012677845 1,0000000016014672 ), 0
( 0,9999999994666139 1,0000000012677945 1,000000001601477 ), 0
( 0,9999999994666092 1,0000000012677843 1,0000000016014716 ), 0
( 0,9999999994666039 1,0000000012677939 1,0000000016014818 ), 0
( 0,99999999946661 1,0000000012677828 1,000000001601469 ), 0
( 0,9999999994666098 1,0000000012677943 1,0000000016014892 ), 0
( 0,9999999994666066 1,0000000012677877 1,0000000016014803 ), 0
( 0,9999999994666094 1,000000001267788 1,0000000016014776 ), 0
( 0,9999999994666108 1,0000000012677857 1,0000000016014707 ), 0
( 0,9999999994666098 1,0000000012677857 1,0000000016014647 ), 0
( 0,9999999994666064 1,0000000012677837 1,0000000016014798 ), 0
( 0,9999999994666134 1,000000001267786 1,0000000016014654 ), 0
( 0,9999999994666114 1,0000000012677857 1,0000000016014652 ), 0
( 0,9999999994666056 1,000000001267788 1,0000000016014878 ), 0
( 0,9999999994666074 1,0000000012677899 1,0000000016014898 ), 0
( 0,999999999466609 1,000000001267782 1,0000000016014663 ), 0
( 0,9999999994666137 1,000000001267786 1,000000001601482 ), 0
( 0,999999999466612 1,0000000012677928 1,0000000016014794 ), 0
( 0,9999999994666113 1,0000000012677912 1,0000000016014798 ), 0
( 0,9999999994666074 1,000000001267787 1,000000001601475 ), 0
( 0,9999999994666088 1,000000001267784 1,0000000016014734 ), 0
( 0,9999999994666109 1,0000000012677823 1,0000000016014718 ), 0
( 0,9999999994666109 1,000000001267793 1,0000000016014707 ), 0
( 0,9999999994666157 1,0000000012677803 1,0000000016014656 ), 0
( 0,9999999994666137 1,0000000012677797 1,0000000016014612 ), 0
( 0,9999999994666094 1,0000000012677868 1,0000000016014745 ), 0
( 0,999999999466612 1,0000000012677863 1,0000000016014774 ), 0
( 0,99999999946661 1,0000000012677834 1,0000000016014734 ), 0
( 0,9999999994666201 1,0000000012677828 1,0000000016014663 ), 0
( 0,999999999466611 1,0000000012677859 1,0000000016014825 ), 0
( 0,9999999994666081 1,0000000012677865 1,0000000016014818 ), 0
( 0,9999999994666112 1,0000000012677923 1,000000001601472 ), 0
( 0,9999999994666124 1,0000000012677879 1,0000000016014736 ), 0
( 0,9999999994666126 1,0000000012677865 1,0000000016014718 ), 0
( 0,9999999994666146 1,0000000012677888 1,0000000016014683 ), 0
( 0,9999999994666117 1,0000000012677848 1,0000000016014683 ), 0
( 0,9999999994666167 1,0000000012677832 1,0000000016014774 ), 0
( 0,9999999994666112 1,0000000012677828 1,0000000016014825 ), 0
( 0,9999999994666127 1,0000000012677845 1,0000000016014703 ), 0
( 0,9999999994666103 1,0000000012677854 1,00000000160148 ), 0
( 0,9999999994666103 1,000000001267783 1,0000000016014765 ), 0
( 0,9999999994666078 1,000000001267779 1,0000000016014645 ), 0
( 0,999999999466611 1,0000000012677959 1,000000001601485 ), 0
( 0,9999999994666127 1,0000000012677819 1,0000000016014672 ), 0
( 0,999999999466617 1,0000000012677839 1,0000000016014678 ), 0
( 0,999999999466613 1,0000000012677848 1,0000000016014716 ), 0
( 0,9999999994666108 1,0000000012677872 1,0000000016014743 ), 0
( 0,9999999994666101 1,0000000012677859 1,000000001601479 ), 0
( 0,9999999994666087 1,0000000012677874 1,0000000016014676 ), 0
( 0,9999999994666138 1,0000000012677899 1,0000000016014758 ), 0
( 0,9999999994666097 1,0000000012677854 1,0000000016014707 ), 0
( 0,9999999994666114 1,0000000012677857 1,0000000016014743 ), 0
( 0,9999999994666088 1,0000000012677892 1,000000001601474 ), 0
( 0,9999999994666123 1,0000000012677805 1,0000000016014636 ), 0
( 0,9999999994666093 1,000000001267784 1,0000000016014752 ), 0
( 0,9999999994666164 1,00000000126779 1,0000000016014734 ), 0
( 0,9999999994666117 1,000000001267784 1,000000001601473 ), 0
( 0,9999999994666172 1,0000000012677899 1,0000000016014687 ), 0
( 0,9999999994666083 1,000000001267787 1,0000000016014807 ), 0
( 0,9999999994666083 1,0000000012677952 1,0000000016014794 ), 0
( 0,9999999994666134 1,0000000012677843 1,0000000016014696 ), 0
( 0,999999999466613 1,000000001267794 1,0000000016014798 ), 0
( 0,9999999994666129 1,0000000012677872 1,0000000016014758 ), 0
( 0,9999999994666112 1,0000000012677748 1,0000000016014647 ), 0
( 0,9999999994666071 1,0000000012677883 1,0000000016014727 ), 0
( 0,9999999994666101 1,0000000012677859 1,00000000160148 ), 0
( 0,9999999994666104 1,0000000012677874 1,0000000016014745 ), 0
( 0,9999999994666081 1,0000000012677879 1,0000000016014734 ), 0
( 0,9999999994666076 1,0000000012677834 1,0000000016014687 ), 0
( 0,9999999994666126 1,0000000012677863 1,0000000016014807 ), 0
( 0,9999999994666114 1,0000000012677905 1,0000000016014803 ), 0
( 0,9999999994666096 1,0000000012677734 1,000000001601465 ), 0
( 0,9999999994666088 1,0000000012677854 1,0000000016014745 ), 0
( 0,9999999994666108 1,0000000012677925 1,0000000016014738 ), 0
( 0,9999999994666101 1,00000000126779 1,0000000016014767 ), 0
( 0,9999999994666066 1,0000000012677874 1,000000001601476 ), 0
( 0,9999999994666079 1,0000000012677868 1,000000001601476 ), 0
( 0,9999999994666136 1,0000000012677788 1,0000000016014672 ), 0
( 0,9999999994666128 1,000000001267783 1,0000000016014712 ), 0
( 0,9999999994666062 1,0000000012678016 1,000000001601498 ), 0
( 0,9999999994666103 1,000000001267783 1,000000001601477 ), 0
( 0,9999999994666102 1,0000000012677783 1,0000000016014632 ), 0
( 0,9999999994666093 1,00000000126779 1,0000000016014714 ), 0
( 0,9999999994666129 1,0000000012677894 1,0000000016014754 ), 0
( 0,9999999994666173 1,000000001267788 1,0000000016014614 ), 0
( 0,9999999994666106 1,0000000012677939 1,0000000016014832 ), 0
( 0,9999999994666117 1,0000000012677934 1,0000000016014816 ), 0
( 0,9999999994666081 1,0000000012677892 1,0000000016014732 ), 0
( 0,9999999994666172 1,0000000012677877 1,0000000016014745 ), 0
( 0,9999999994666114 1,0000000012677825 1,0000000016014703 ), 0
( 0,999999999466607 1,0000000012677932 1,000000001601484 ), 0
( 0,999999999466615 1,0000000012677912 1,0000000016014732 ), 0
( 0,9999999994666072 1,000000001267784 1,000000001601474 ), 0
( 0,9999999994666082 1,0000000012677874 1,0000000016014798 ), 0
( 0,9999999994666114 1,0000000012677888 1,0000000016014778 ), 0
( 0,9999999994666108 1,0000000012677996 1,000000001601482 ), 0
( 0,9999999994666088 1,0000000012677852 1,0000000016014814 ), 0
( 0,99999999946661 1,0000000012677757 1,0000000016014672 ), 0
( 0,9999999994666087 1,000000001267784 1,0000000016014703 ), 0
( 0,9999999994666111 1,0000000012677905 1,0000000016014787 ), 0
( 0,9999999994666158 1,0000000012677859 1,0000000016014767 ), 0
( 0,9999999994666123 1,0000000012677859 1,0000000016014692 ), 0
( 0,9999999994666081 1,0000000012677848 1,0000000016014827 ), 0
( 0,999999999466608 1,0000000012677899 1,000000001601476 ), 0
( 0,9999999994666117 1,0000000012677883 1,0000000016014692 ), 0
( 0,9999999994666113 1,0000000012677879 1,0000000016014798 ), 0
( 0,9999999994666091 1,0000000012677892 1,000000001601474 ), 0
( 0,9999999994666094 1,0000000012677848 1,000000001601478 ), 0
( 0,9999999994666107 1,0000000012677803 1,0000000016014683 ), 0
( 0,9999999994666104 1,0000000012677959 1,0000000016014843 ), 0
( 0,9999999994666091 1,0000000012677845 1,0000000016014745 ), 0
( 0,9999999994666169 1,0000000012677888 1,0000000016014692 ), 0
( 0,9999999994666045 1,0000000012677877 1,0000000016014763 ), 0
( 0,999999999466612 1,0000000012677885 1,0000000016014792 ), 0
( 0,9999999994666133 1,0000000012677779 1,0000000016014725 ), 0
( 0,9999999994666139 1,000000001267778 1,0000000016014636 ), 0
( 0,9999999994666136 1,000000001267788 1,0000000016014738 ), 0
( 0,9999999994666173 1,000000001267782 1,0000000016014687 ), 0
( 0,9999999994666137 1,000000001267782 1,0000000016014636 ), 0
( 0,9999999994666133 1,000000001267781 1,0000000016014663 ), 0
( 0,9999999994666082 1,0000000012677932 1,0000000016014903 ), 0
( 0,9999999994666088 1,0000000012677837 1,000000001601474 ), 0
( 0,999999999466609 1,000000001267784 1,0000000016014745 ), 0
( 0,9999999994666082 1,000000001267788 1,0000000016014776 ), 0
( 0,9999999994666062 1,0000000012677863 1,0000000016014756 ), 0
( 0,9999999994666111 1,0000000012677908 1,0000000016014807 ), 0
( 0,9999999994666142 1,0000000012677874 1,0000000016014654 ), 0
( 0,9999999994666211 1,0000000012677897 1,0000000016014667 ), 0
( 0,9999999994666113 1,000000001267792 1,0000000016014756 ), 0
( 0,9999999994666131 1,0000000012677925 1,00000000160147 ), 0
( 0,9999999994666124 1,0000000012677779 1,0000000016014778 ), 0
( 0,9999999994666101 1,0000000012677848 1,0000000016014834 ), 0
( 0,9999999994666132 1,0000000012677868 1,000000001601472 ), 0
( 0,9999999994666141 1,0000000012677799 1,0000000016014667 ), 0
( 0,99999999946661 1,0000000012677819 1,0000000016014665 ), 0
( 0,9999999994666093 1,000000001267799 1,0000000016014836 ), 0
( 0,9999999994666089 1,000000001267781 1,0000000016014805 ), 0
( 0,9999999994666116 1,0000000012677843 1,0000000016014725 ), 0
( 0,9999999994666114 1,000000001267784 1,000000001601468 ), 0
( 0,9999999994666114 1,0000000012677848 1,0000000016014734 ), 0
( 0,9999999994666101 1,0000000012677852 1,0000000016014778 ), 0
( 0,9999999994666051 1,0000000012677834 1,0000000016014738 ), 0
( 0,9999999994666118 1,000000001267783 1,0000000016014636 ), 0
( 0,9999999994666108 1,0000000012677854 1,0000000016014772 ), 0
( 0,9999999994666131 1,0000000012677885 1,0000000016014672 ), 0
( 0,9999999994666103 1,0000000012677825 1,0000000016014718 ), 0
( 0,9999999994666094 1,0000000012677837 1,0000000016014734 ), 0
( 0,999999999466608 1,0000000012677868 1,0000000016014807 ), 0
( 0,9999999994666069 1,0000000012677905 1,0000000016014907 ), 0
( 0,9999999994666048 1,0000000012677934 1,000000001601482 ), 0
( 0,9999999994666194 1,0000000012677936 1,0000000016014743 ), 0
( 0,9999999994666118 1,0000000012677834 1,0000000016014745 ), 0
( 0,9999999994666109 1,0000000012677868 1,0000000016014903 ), 0
( 0,9999999994666108 1,000000001267789 1,0000000016014812 ), 0
( 0,999999999466612 1,0000000012677925 1,0000000016014776 ), 0
( 0,9999999994666126 1,0000000012677857 1,0000000016014778 ), 0
( 0,9999999994666079 1,00000000126779 1,0000000016014745 ), 0
( 0,999999999466612 1,0000000012677774 1,000000001601449 ), 0
( 0,9999999994666129 1,0000000012677832 1,0000000016014685 ), 0
( 0,9999999994666089 1,000000001267788 1,000000001601477 ), 0
( 0,9999999994666109 1,0000000012677788 1,000000001601462 ), 0
( 0,9999999994666062 1,0000000012677863 1,0000000016014854 ), 0
( 0,9999999994666159 1,000000001267786 1,000000001601471 ), 0
( 0,9999999994666117 1,0000000012677914 1,0000000016014794 ), 0
( 0,9999999994666113 1,000000001267789 1,0000000016014734 ), 0
( 0,9999999994666113 1,0000000012677819 1,0000000016014703 ), 0
( 0,9999999994666112 1,0000000012677848 1,0000000016014767 ), 0
( 0,9999999994666163 1,0000000012677865 1,000000001601468 ), 0
( 0,9999999994666081 1,0000000012677859 1,0000000016014734 ), 0
( 0,9999999994666074 1,0000000012677837 1,000000001601474 ), 0
( 0,9999999994666087 1,0000000012677828 1,00000000160147 ), 0
( 0,999999999466612 1,000000001267779 1,0000000016014714 ), 0
( 0,9999999994666123 1,0000000012677834 1,0000000016014714 ), 0
( 0,9999999994666099 1,0000000012677874 1,000000001601475 ), 0
( 0,9999999994666118 1,0000000012677868 1,0000000016014607 ), 0
( 0,9999999994666072 1,0000000012677892 1,0000000016014865 ), 0
( 0,9999999994666104 1,0000000012677805 1,000000001601474 ), 0
( 0,9999999994666118 1,0000000012677766 1,0000000016014619 ), 0
( 0,9999999994666126 1,0000000012677819 1,0000000016014647 ), 0
( 0,9999999994666107 1,0000000012677985 1,0000000016014774 ), 0
( 0,999999999466613 1,0000000012677852 1,0000000016014705 ), 0
( 0,9999999994666127 1,0000000012677872 1,0000000016014743 ), 0
( 0,9999999994666114 1,0000000012677965 1,0000000016014694 ), 0
( 0,9999999994666124 1,0000000012677914 1,0000000016014772 ), 0
( 0,9999999994666102 1,000000001267787 1,000000001601477 ), 0
( 0,9999999994666096 1,0000000012677879 1,0000000016014827 ), 0
( 0,999999999466614 1,0000000012677839 1,0000000016014674 ), 0
( 0,9999999994666091 1,0000000012677857 1,0000000016014658 ), 0
( 0,9999999994666102 1,000000001267782 1,0000000016014723 ), 0
( 0,9999999994666129 1,0000000012677879 1,0000000016014718 ), 0
( 0,9999999994666097 1,0000000012677879 1,0000000016014718 ), 0
( 0,9999999994666073 1,0000000012677879 1,0000000016014774 ), 0
( 0,9999999994666118 1,0000000012677845 1,0000000016014756 ), 0
( 0,9999999994666143 1,0000000012677857 1,0000000016014707 ), 0
( 0,9999999994666107 1,0000000012677828 1,0000000016014718 ), 0
( 0,9999999994666104 1,000000001267783 1,0000000016014776 ), 0
( 0,999999999466614 1,0000000012677903 1,000000001601479 ), 0
( 0,9999999994666078 1,0000000012677863 1,000000001601479 ), 0
( 0,9999999994666087 1,000000001267785 1,0000000016014774 ), 0
( 0,99999999946661 1,0000000012677812 1,0000000016014714 ), 0
( 0,9999999994666047 1,0000000012677859 1,0000000016014827 ), 0
( 0,9999999994666077 1,0000000012677823 1,0000000016014754 ), 0
( 0,9999999994666111 1,0000000012677872 1,0000000016014792 ), 0
( 0,999999999466612 1,0000000012677872 1,0000000016014778 ), 0
( 0,9999999994666141 1,0000000012677923 1,00000000160148 ), 0
( 0,9999999994666089 1,0000000012677883 1,0000000016014803 ), 0
( 0,9999999994666092 1,000000001267794 1,000000001601483 ), 0
( 0,9999999994666117 1,0000000012677845 1,0000000016014767 ), 0
( 0,9999999994666096 1,0000000012677839 1,000000001601476 ), 0
( 0,99999999946661 1,0000000012677859 1,0000000016014754 ), 0
( 0,9999999994666164 1,0000000012677872 1,0000000016014692 ), 0
( 0,9999999994666091 1,0000000012677848 1,00000000160147 ), 0
( 0,9999999994666087 1,0000000012677852 1,0000000016014718 ), 0
( 0,9999999994666077 1,0000000012677983 1,0000000016014972 ), 0
( 0,999999999466613 1,0000000012677854 1,000000001601471 ), 0
( 0,9999999994666164 1,0000000012677877 1,0000000016014703 ), 0
( 0,9999999994666172 1,0000000012677919 1,0000000016014703 ), 0
( 0,9999999994666139 1,000000001267793 1,000000001601479 ), 0
( 0,9999999994666149 1,0000000012677908 1,000000001601477 ), 0
( 0,9999999994666138 1,0000000012677868 1,0000000016014778 ), 0
( 0,9999999994666066 1,000000001267799 1,000000001601495 ), 0
( 0,9999999994666122 1,000000001267786 1,0000000016014754 ), 0
( 0,9999999994666062 1,0000000012677897 1,0000000016014798 ), 0
( 0,9999999994666103 1,0000000012677912 1,0000000016014787 ), 0
( 0,9999999994666111 1,0000000012677817 1,0000000016014712 ), 0
( 0,9999999994666108 1,0000000012677843 1,0000000016014703 ), 0
( 0,9999999994666211 1,0000000012677783 1,0000000016014623 ), 0
( 0,999999999466612 1,0000000012677834 1,000000001601471 ), 0
( 0,9999999994666068 1,0000000012677872 1,0000000016014736 ), 0
( 0,999999999466609 1,000000001267787 1,0000000016014838 ), 0
( 0,9999999994666144 1,0000000012677916 1,0000000016014714 ), 0
( 0,9999999994666089 1,000000001267791 1,0000000016014698 ), 0
( 0,9999999994666093 1,000000001267784 1,0000000016014732 ), 0
( 0,9999999994666113 1,0000000012677903 1,0000000016014716 ), 0
( 0,9999999994666149 1,0000000012677928 1,0000000016014752 ), 0
( 0,999999999466606 1,0000000012677837 1,0000000016014732 ), 0
( 0,9999999994666153 1,0000000012677899 1,0000000016014734 ), 0
( 0,9999999994666083 1,0000000012677874 1,0000000016014805 ), 0
( 0,9999999994666102 1,0000000012677914 1,0000000016014738 ), 0
( 0,999999999466613 1,0000000012677883 1,0000000016014767 ), 0
( 0,9999999994666026 1,0000000012677863 1,000000001601481 ), 0
( 0,999999999466609 1,000000001267786 1,0000000016014774 ), 0
( 0,9999999994666102 1,0000000012677888 1,0000000016014743 ), 0
( 0,9999999994666112 1,000000001267784 1,0000000016014716 ), 0
( 0,9999999994666179 1,000000001267787 1,0000000016014674 ), 0
( 0,99999999946661 1,0000000012677894 1,0000000016014805 ), 0
( 0,9999999994666121 1,000000001267782 1,00000000160147 ), 0
( 0,99999999946661 1,0000000012677845 1,0000000016014712 ), 0
( 0,999999999466607 1,000000001267781 1,0000000016014754 ), 0
( 0,9999999994666109 1,0000000012677843 1,0000000016014743 ), 0
( 0,9999999994666097 1,0000000012677972 1,0000000016014787 ), 0
( 0,9999999994666151 1,0000000012677905 1,0000000016014723 ), 0
( 0,9999999994666119 1,000000001267787 1,0000000016014814 ), 0
( 0,9999999994666091 1,000000001267785 1,0000000016014776 ), 0
( 0,9999999994666118 1,0000000012677817 1,0000000016014594 ), 0
( 0,9999999994666087 1,0000000012677874 1,000000001601486 ), 0
( 0,9999999994666108 1,0000000012677837 1,0000000016014752 ), 0
( 0,9999999994666153 1,000000001267791 1,0000000016014727 ), 0
( 0,9999999994666072 1,000000001267788 1,0000000016014785 ), 0
( 0,9999999994666127 1,0000000012677885 1,000000001601481 ), 0
( 0,9999999994666082 1,0000000012677879 1,000000001601481 ), 0
( 0,9999999994666101 1,00000000126779 1,0000000016014807 ), 0
( 0,9999999994666101 1,0000000012677874 1,0000000016014785 ), 0
( 0,999999999466618 1,0000000012677892 1,0000000016014723 ), 0
( 0,999999999466609 1,000000001267789 1,0000000016014732 ), 0
( 0,9999999994666102 1,000000001267784 1,0000000016014674 ), 0
( 0,9999999994666137 1,0000000012677837 1,0000000016014727 ), 0
( 0,9999999994666091 1,0000000012677843 1,0000000016014658 ), 0
( 0,9999999994666097 1,0000000012677905 1,0000000016014725 ), 0
( 0,999999999466611 1,0000000012677885 1,0000000016014754 ), 0
( 0,9999999994666099 1,0000000012677859 1,0000000016014707 ), 0
( 0,9999999994666097 1,0000000012677934 1,000000001601473 ), 0
( 0,9999999994666166 1,000000001267788 1,0000000016014712 ), 0
( 0,9999999994666086 1,0000000012677908 1,0000000016014823 ), 0
( 0,9999999994666133 1,000000001267785 1,0000000016014732 ), 0
( 0,99999999946661 1,000000001267784 1,000000001601471 ), 0
( 0,9999999994666101 1,0000000012677945 1,0000000016014852 ), 0
( 0,9999999994666139 1,0000000012677959 1,0000000016014683 ), 0
( 0,9999999994666072 1,0000000012677812 1,0000000016014763 ), 0
( 0,9999999994666093 1,0000000012677883 1,000000001601479 ), 0
( 0,9999999994666126 1,0000000012677874 1,0000000016014772 ), 0
( 0,9999999994666114 1,0000000012677834 1,0000000016014723 ), 0
( 0,9999999994666152 1,0000000012677852 1,0000000016014772 ), 0
( 0,9999999994666081 1,0000000012677852 1,0000000016014723 ), 0
( 0,9999999994666093 1,0000000012677837 1,0000000016014758 ), 0
( 0,999999999466614 1,0000000012677952 1,0000000016014736 ), 0
( 0,999999999466613 1,000000001267786 1,000000001601464 ), 0
( 0,9999999994666114 1,0000000012677837 1,000000001601476 ), 0
( 0,9999999994666138 1,0000000012677894 1,0000000016014774 ), 0
( 0,9999999994666112 1,000000001267782 1,0000000016014685 ), 0
( 0,9999999994666158 1,000000001267783 1,000000001601466 ), 0
( 0,9999999994666072 1,0000000012677817 1,0000000016014736 ), 0
( 0,9999999994666112 1,00000000126779 1,0000000016014747 ), 0
( 0,9999999994666099 1,0000000012677817 1,0000000016014818 ), 0
( 0,9999999994666071 1,0000000012677868 1,000000001601476 ), 0
( 0,9999999994666074 1,0000000012677945 1,0000000016014787 ), 0
( 0,9999999994666131 1,000000001267782 1,0000000016014574 ), 0
( 0,99999999946661 1,0000000012677854 1,0000000016014654 ), 0
( 0,9999999994666144 1,0000000012677905 1,000000001601478 ), 0
( 0,9999999994666119 1,0000000012677845 1,000000001601472 ), 0
( 0,9999999994666121 1,0000000012677848 1,00000000160147 ), 0
( 0,9999999994666134 1,0000000012677932 1,0000000016014792 ), 0
( 0,9999999994666124 1,0000000012677888 1,0000000016014767 ), 0
( 0,9999999994666094 1,0000000012677828 1,0000000016014718 ), 0
( 0,9999999994666117 1,000000001267789 1,0000000016014652 ), 0
( 0,99999999946661 1,0000000012677874 1,0000000016014738 ), 0
( 0,9999999994666124 1,0000000012677897 1,0000000016014776 ), 0
( 0,9999999994666134 1,000000001267782 1,000000001601471 ), 0
( 0,9999999994666097 1,000000001267793 1,0000000016014847 ), 0
( 0,9999999994666128 1,000000001267781 1,000000001601464 ), 0
( 0,999999999466608 1,0000000012677868 1,0000000016014716 ), 0
( 0,9999999994666132 1,0000000012677925 1,0000000016014785 ), 0
( 0,999999999466612 1,000000001267788 1,0000000016014756 ), 0
( 0,999999999466609 1,000000001267791 1,0000000016014707 ), 0
( 0,9999999994666077 1,0000000012677848 1,0000000016014703 ), 0
( 0,9999999994666113 1,0000000012677897 1,0000000016014736 ), 0
( 0,9999999994666108 1,0000000012677845 1,000000001601473 ), 0
( 0,9999999994666123 1,0000000012677936 1,000000001601482 ), 0
( 0,999999999466609 1,0000000012677908 1,0000000016014836 ), 0
( 0,999999999466613 1,0000000012677852 1,0000000016014825 ), 0
( 0,9999999994666178 1,0000000012677968 1,0000000016014745 ), 0
( 0,9999999994666109 1,0000000012677874 1,0000000016014774 ), 0
( 0,9999999994666137 1,0000000012677814 1,000000001601468 ), 0
( 0,9999999994666149 1,000000001267794 1,0000000016014834 ), 0
( 0,9999999994666112 1,000000001267788 1,0000000016014845 ), 0
( 0,9999999994666136 1,000000001267781 1,00000000160147 ), 0
( 0,9999999994666123 1,0000000012677874 1,000000001601473 ), 0
( 0,9999999994666096 1,0000000012677857 1,0000000016014754 ), 0
( 0,9999999994666079 1,000000001267787 1,000000001601479 ), 0
( 0,9999999994666133 1,0000000012677877 1,0000000016014718 ), 0
( 0,9999999994666114 1,0000000012677832 1,0000000016014712 ), 0
( 0,9999999994666093 1,0000000012677919 1,000000001601476 ), 0
( 0,99999999946661 1,0000000012677857 1,0000000016014696 ), 0
( 0,9999999994666143 1,0000000012677923 1,0000000016014687 ), 0
( 0,999999999466611 1,0000000012677805 1,0000000016014663 ), 0
( 0,999999999466611 1,0000000012677892 1,0000000016014763 ), 0
( 0,9999999994666087 1,0000000012677892 1,00000000160148 ), 0
( 0,9999999994666157 1,000000001267787 1,0000000016014712 ), 0
( 0,999999999466611 1,0000000012677903 1,0000000016014747 ), 0
( 0,9999999994666124 1,000000001267787 1,000000001601477 ), 0
( 0,9999999994666117 1,0000000012677779 1,00000000160147 ), 0
( 0,999999999466611 1,0000000012677877 1,0000000016014732 ), 0
( 0,9999999994666107 1,000000001267788 1,0000000016014736 ), 0
( 0,9999999994666088 1,0000000012677852 1,0000000016014765 ), 0
( 0,9999999994666128 1,000000001267793 1,000000001601473 ), 0
( 0,9999999994666043 1,000000001267785 1,0000000016014858 ), 0
( 0,9999999994666128 1,0000000012677839 1,0000000016014716 ), 0
( 0,9999999994666102 1,0000000012677892 1,0000000016014756 ), 0
( 0,9999999994666066 1,0000000012677872 1,0000000016014763 ), 0
( 0,9999999994666102 1,0000000012677863 1,0000000016014703 ), 0
( 0,9999999994666122 1,0000000012677959 1,0000000016014723 ), 0
( 0,9999999994666017 1,0000000012677877 1,0000000016014854 ), 0
( 0,9999999994666093 1,00000000126778 1,0000000016014694 ), 0
( 0,9999999994666128 1,000000001267789 1,0000000016014732 ), 0
( 0,9999999994666139 1,0000000012677872 1,0000000016014654 ), 0
( 0,9999999994666083 1,0000000012677899 1,0000000016014792 ), 0
( 0,9999999994666142 1,000000001267783 1,0000000016014683 ), 0
( 0,9999999994666112 1,00000000126779 1,0000000016014787 ), 0
( 0,9999999994666133 1,0000000012677857 1,0000000016014754 ), 0
( 0,9999999994666089 1,000000001267789 1,0000000016014716 ), 0
( 0,9999999994666079 1,000000001267788 1,0000000016014767 ), 0
( 0,9999999994666134 1,000000001267788 1,000000001601475 ), 0
( 0,9999999994666111 1,000000001267794 1,0000000016014805 ), 0
( 0,9999999994666177 1,0000000012678023 1,0000000016014803 ), 0
( 0,9999999994666134 1,0000000012677865 1,0000000016014743 ), 0
( 0,9999999994666124 1,0000000012677845 1,0000000016014716 ), 0
( 0,9999999994666122 1,000000001267785 1,0000000016014683 ), 0
( 0,99999999946661 1,0000000012677872 1,000000001601473 ), 0
( 0,9999999994666134 1,0000000012677852 1,00000000160147 ), 0
( 0,9999999994666111 1,0000000012677883 1,0000000016014825 ), 0
( 0,9999999994666151 1,0000000012677839 1,00000000160147 ), 0
( 0,9999999994666122 1,0000000012677885 1,0000000016014783 ), 0
( 0,9999999994666112 1,0000000012677852 1,0000000016014767 ), 0
( 0,9999999994666104 1,0000000012677834 1,000000001601473 ), 0
( 0,9999999994666067 1,000000001267784 1,0000000016014752 ), 0
( 0,9999999994666154 1,000000001267783 1,0000000016014756 ), 0
( 0,9999999994666089 1,0000000012677865 1,000000001601472 ), 0
( 0,9999999994666132 1,000000001267785 1,0000000016014758 ), 0
( 0,9999999994666126 1,000000001267787 1,0000000016014758 ), 0
( 0,9999999994666138 1,0000000012677788 1,0000000016014658 ), 0
( 0,9999999994666098 1,0000000012677857 1,0000000016014752 ), 0
( 0,9999999994666117 1,0000000012677865 1,0000000016014727 ), 0
( 0,9999999994666141 1,000000001267787 1,0000000016014716 ), 0
( 0,9999999994666117 1,0000000012677819 1,0000000016014696 ), 0
( 0,9999999994666188 1,000000001267792 1,000000001601474 ), 0
( 0,9999999994666123 1,000000001267793 1,0000000016014825 ), 0
( 0,9999999994666101 1,0000000012677832 1,0000000016014703 ), 0
( 0,9999999994666153 1,000000001267784 1,0000000016014756 ), 0
( 0,9999999994666081 1,00000000126779 1,0000000016014767 ), 0
( 0,9999999994666081 1,000000001267787 1,0000000016014714 ), 0
( 0,9999999994666109 1,000000001267787 1,0000000016014792 ), 0
( 0,999999999466611 1,0000000012677877 1,0000000016014743 ), 0
( 0,9999999994666136 1,0000000012677892 1,0000000016014736 ), 0
( 0,9999999994666089 1,0000000012677877 1,000000001601477 ), 0
( 0,9999999994666102 1,000000001267783 1,0000000016014712 ), 0
( 0,9999999994666113 1,0000000012677839 1,000000001601464 ), 0
( 0,9999999994666143 1,0000000012677897 1,0000000016014763 ), 0
( 0,999999999466611 1,000000001267785 1,000000001601473 ), 0
( 0,9999999994666064 1,000000001267792 1,0000000016014823 ), 0
( 0,9999999994666134 1,0000000012677843 1,000000001601471 ), 0
( 0,9999999994666162 1,0000000012677839 1,0000000016014676 ), 0
( 0,9999999994666097 1,000000001267789 1,0000000016014745 ), 0
( 0,9999999994666103 1,0000000012677843 1,0000000016014712 ), 0
( 0,9999999994666079 1,0000000012677848 1,0000000016014894 ), 0
( 0,999999999466612 1,0000000012677874 1,0000000016014687 ), 0
( 0,9999999994666117 1,0000000012677888 1,000000001601473 ), 0
( 0,999999999466608 1,0000000012677857 1,0000000016014818 ), 0
( 0,9999999994666128 1,0000000012677832 1,0000000016014545 ), 0
( 0,9999999994666096 1,0000000012677892 1,0000000016014765 ), 0
( 0,9999999994666142 1,000000001267785 1,000000001601473 ), 0
( 0,9999999994666142 1,0000000012677916 1,0000000016014763 ), 0
( 0,9999999994666111 1,000000001267797 1,0000000016014836 ), 0
( 0,9999999994666099 1,0000000012677872 1,0000000016014747 ), 0
( 0,9999999994666083 1,0000000012677854 1,0000000016014783 ), 0
( 0,9999999994666134 1,0000000012677897 1,0000000016014707 ), 0
( 0,9999999994666096 1,0000000012677885 1,0000000016014696 ), 0
( 0,9999999994666088 1,0000000012677832 1,000000001601477 ), 0
( 0,9999999994666146 1,0000000012677888 1,0000000016014674 ), 0
( 0,9999999994666123 1,0000000012677805 1,0000000016014636 ), 0
( 0,9999999994666094 1,0000000012677865 1,000000001601476 ), 0
( 0,9999999994666114 1,0000000012677894 1,0000000016014736 ), 0
( 0,999999999466612 1,0000000012677817 1,000000001601467 ), 0
( 0,9999999994666093 1,0000000012677843 1,0000000016014743 ), 0
( 0,9999999994666099 1,0000000012677976 1,0000000016014872 ), 0
( 0,9999999994666106 1,0000000012677845 1,0000000016014743 ), 0
( 0,999999999466613 1,000000001267792 1,0000000016014778 ), 0
( 0,9999999994666136 1,0000000012677814 1,0000000016014667 ), 0
( 0,999999999466612 1,000000001267787 1,0000000016014714 ), 0
( 0,999999999466612 1,0000000012677863 1,0000000016014714 ), 0
( 0,9999999994666089 1,0000000012677874 1,0000000016014758 ), 0
( 0,9999999994666136 1,0000000012677857 1,0000000016014663 ), 0
( 0,9999999994666096 1,000000001267789 1,0000000016014765 ), 0
( 0,999999999466612 1,000000001267788 1,0000000016014736 ), 0
( 0,9999999994666114 1,0000000012677888 1,0000000016014834 ), 0
( 0,9999999994666108 1,0000000012677885 1,0000000016014745 ), 0
( 0,9999999994666144 1,0000000012677905 1,000000001601472 ), 0
( 0,999999999466612 1,0000000012677885 1,0000000016014765 ), 0
( 0,9999999994666101 1,0000000012677932 1,0000000016014825 ), 0
( 0,999999999466608 1,0000000012677863 1,000000001601474 ), 0
( 0,9999999994666217 1,0000000012678014 1,0000000016014772 ), 0
( 0,9999999994666133 1,0000000012677874 1,0000000016014736 ), 0
( 0,9999999994666079 1,000000001267799 1,000000001601484 ), 0
( 0,9999999994666151 1,0000000012677934 1,0000000016014738 ), 0
( 0,9999999994666036 1,0000000012677857 1,0000000016014763 ), 0
( 0,9999999994666088 1,0000000012677932 1,00000000160148 ), 0
( 0,9999999994666133 1,0000000012677892 1,0000000016014765 ), 0
( 0,9999999994666087 1,0000000012677817 1,0000000016014807 ), 0
( 0,9999999994666117 1,0000000012677912 1,0000000016014767 ), 0
( 0,9999999994666086 1,0000000012677808 1,0000000016014665 ), 0
( 0,9999999994666116 1,000000001267785 1,0000000016014745 ), 0
( 0,9999999994666111 1,0000000012677883 1,000000001601475 ), 0
( 0,9999999994666127 1,0000000012677788 1,0000000016014747 ), 0
( 0,9999999994666089 1,0000000012677794 1,000000001601469 ), 0
( 0,9999999994666079 1,0000000012677914 1,0000000016014827 ), 0
( 0,9999999994666112 1,000000001267796 1,000000001601483 ), 0
( 0,9999999994666091 1,0000000012677868 1,0000000016014745 ), 0
( 0,9999999994666129 1,0000000012677897 1,0000000016014763 ), 0
( 0,9999999994666112 1,000000001267788 1,000000001601484 ), 0
( 0,9999999994666013 1,0000000012677859 1,0000000016014787 ), 0
( 0,9999999994666094 1,0000000012677857 1,0000000016014798 ), 0
( 0,9999999994666161 1,0000000012677819 1,0000000016014585 ), 0
( 0,9999999994666116 1,0000000012677925 1,0000000016014796 ), 0
( 0,9999999994666113 1,0000000012677932 1,000000001601485 ), 0
( 0,9999999994666092 1,0000000012677925 1,0000000016014852 ), 0
( 0,9999999994666069 1,000000001267788 1,000000001601472 ), 0
( 0,9999999994666088 1,0000000012677794 1,000000001601471 ), 0
( 0,9999999994666081 1,0000000012677828 1,0000000016014707 ), 0
( 0,9999999994666109 1,0000000012677854 1,0000000016014754 ), 0
( 0,9999999994666166 1,000000001267794 1,0000000016014685 ), 0
( 0,9999999994666139 1,000000001267779 1,000000001601464 ), 0
( 0,9999999994666096 1,0000000012677888 1,0000000016014825 ), 0
( 0,9999999994666113 1,0000000012677843 1,0000000016014705 ), 0
( 0,999999999466613 1,0000000012677823 1,0000000016014703 ), 0
( 0,9999999994666126 1,0000000012677863 1,0000000016014696 ), 0
( 0,9999999994666102 1,00000000126779 1,0000000016014867 ), 0
( 0,9999999994666144 1,0000000012677819 1,0000000016014725 ), 0
( 0,9999999994666159 1,0000000012677814 1,0000000016014652 ), 0
( 0,999999999466616 1,0000000012677788 1,0000000016014605 ), 0
( 0,9999999994666098 1,0000000012677892 1,0000000016014792 ), 0
( 0,9999999994666142 1,0000000012677808 1,0000000016014612 ), 0
( 0,9999999994666124 1,0000000012677883 1,000000001601471 ), 0
( 0,9999999994666079 1,0000000012677859 1,0000000016014827 ), 0
( 0,9999999994666092 1,0000000012677859 1,000000001601472 ), 0
( 0,9999999994666116 1,0000000012677868 1,000000001601477 ), 0
( 0,9999999994666132 1,0000000012677812 1,0000000016014747 ), 0
( 0,9999999994666118 1,0000000012677888 1,0000000016014774 ), 0
( 0,9999999994666078 1,000000001267789 1,0000000016014758 ), 0
( 0,9999999994666058 1,000000001267784 1,000000001601478 ), 0
( 0,999999999466614 1,00000000126779 1,0000000016014736 ), 0
( 0,9999999994666147 1,000000001267794 1,0000000016014778 ), 0
( 0,9999999994666104 1,0000000012677863 1,0000000016014772 ), 0
( 0,9999999994666097 1,0000000012677854 1,0000000016014716 ), 0
( 0,9999999994666161 1,0000000012677772 1,000000001601467 ), 0
( 0,999999999466611 1,0000000012677825 1,000000001601473 ), 0
( 0,999999999466616 1,0000000012677817 1,0000000016014587 ), 0
( 0,9999999994666128 1,0000000012677834 1,0000000016014698 ), 0
( 0,9999999994666127 1,0000000012677859 1,0000000016014718 ), 0
( 0,9999999994666094 1,0000000012677879 1,0000000016014767 ), 0
( 0,999999999466611 1,0000000012677832 1,000000001601471 ), 0
( 0,9999999994666096 1,0000000012677908 1,0000000016014816 ), 0
( 0,9999999994666111 1,000000001267786 1,0000000016014765 ), 0
( 0,9999999994666094 1,0000000012677879 1,0000000016014758 ), 0
( 0,9999999994666123 1,0000000012677863 1,0000000016014736 ), 0
( 0,9999999994666086 1,0000000012677848 1,0000000016014754 ), 0
( 0,9999999994666126 1,0000000012677919 1,0000000016014852 ), 0
( 0,9999999994666093 1,0000000012677839 1,0000000016014814 ), 0
( 0,9999999994666102 1,0000000012677857 1,0000000016014745 ), 0
( 0,9999999994666122 1,0000000012677914 1,000000001601472 ), 0
( 0,999999999466609 1,0000000012677877 1,0000000016014838 ), 0
( 0,9999999994666157 1,0000000012677854 1,0000000016014727 ), 0
( 0,9999999994666102 1,0000000012677874 1,0000000016014776 ), 0
( 0,9999999994666113 1,000000001267776 1,0000000016014643 ), 0
( 0,9999999994666129 1,0000000012677865 1,0000000016014754 ), 0
( 0,9999999994666126 1,0000000012677877 1,0000000016014776 ), 0
( 0,9999999994666129 1,0000000012677883 1,000000001601482 ), 0
( 0,9999999994666108 1,0000000012677877 1,0000000016014743 ), 0
( 0,9999999994666081 1,0000000012677868 1,000000001601482 ), 0
( 0,999999999466612 1,0000000012677914 1,0000000016014856 ), 0
( 0,9999999994666102 1,0000000012677892 1,0000000016014852 ), 0
( 0,9999999994666084 1,000000001267782 1,0000000016014705 ), 0
( 0,9999999994666121 1,0000000012677848 1,0000000016014605 ), 0
( 0,99999999946661 1,0000000012677872 1,0000000016014772 ), 0
( 0,999999999466606 1,0000000012677868 1,0000000016014579 ), 0
( 0,9999999994666064 1,0000000012677888 1,0000000016014778 ), 0
( 0,9999999994666191 1,0000000012677792 1,0000000016014647 ), 0
( 0,9999999994666121 1,000000001267782 1,0000000016014736 ), 0
( 0,9999999994666082 1,0000000012677899 1,0000000016014783 ), 0
( 0,9999999994666109 1,0000000012677908 1,0000000016014792 ), 0
( 0,9999999994666114 1,0000000012677863 1,000000001601476 ), 0
( 0,9999999994666078 1,0000000012677928 1,000000001601477 ), 0
( 0,9999999994666118 1,0000000012677865 1,0000000016014798 ), 0
( 0,9999999994666147 1,000000001267783 1,0000000016014734 ), 0
( 0,999999999466612 1,0000000012677843 1,0000000016014776 ), 0
( 0,9999999994666143 1,0000000012677868 1,0000000016014756 ), 0
( 0,9999999994666133 1,0000000012677968 1,0000000016014738 ), 0
( 0,9999999994666119 1,000000001267788 1,0000000016014776 ), 0
( 0,9999999994666109 1,0000000012677874 1,0000000016014732 ), 0
( 0,9999999994666076 1,0000000012677852 1,0000000016014738 ), 0
( 0,9999999994666104 1,0000000012677812 1,0000000016014632 ), 0
( 0,9999999994666086 1,0000000012677885 1,0000000016014712 ), 0
( 0,9999999994666141 1,000000001267784 1,000000001601472 ), 0
( 0,9999999994666131 1,0000000012677874 1,000000001601469 ), 0
( 0,9999999994666103 1,0000000012677877 1,000000001601478 ), 0
( 0,9999999994666097 1,0000000012677863 1,0000000016014785 ), 0
( 0,9999999994666123 1,0000000012677839 1,0000000016014767 ), 0
( 0,9999999994666084 1,000000001267783 1,000000001601475 ), 0
( 0,9999999994666138 1,000000001267788 1,0000000016014694 ), 0
( 0,9999999994666081 1,000000001267785 1,0000000016014743 ), 0
( 0,9999999994666108 1,0000000012677888 1,0000000016014747 ), 0
( 0,999999999466613 1,00000000126779 1,000000001601478 ), 0
( 0,999999999466609 1,0000000012677843 1,000000001601471 ), 0
( 0,9999999994666131 1,0000000012677914 1,000000001601479 ), 0
( 0,9999999994666104 1,000000001267787 1,0000000016014656 ), 0
( 0,9999999994666073 1,000000001267786 1,0000000016014856 ), 0
( 0,9999999994666103 1,0000000012677879 1,000000001601468 ), 0
( 0,9999999994666146 1,0000000012677919 1,0000000016014765 ), 0
( 0,9999999994666092 1,000000001267785 1,000000001601472 ), 0
( 0,9999999994666092 1,000000001267785 1,000000001601471 ), 0
( 0,9999999994666051 1,0000000012677863 1,0000000016014827 ), 0
( 0,9999999994666098 1,000000001267792 1,000000001601481 ), 0
( 0,9999999994666101 1,0000000012677868 1,0000000016014727 ), 0
( 0,9999999994666118 1,0000000012677872 1,0000000016014703 ), 0
( 0,9999999994666142 1,000000001267792 1,0000000016014763 ), 0
( 0,9999999994666154 1,0000000012677832 1,0000000016014714 ), 0
( 0,999999999466605 1,0000000012677894 1,000000001601479 ), 0
( 0,9999999994666108 1,000000001267784 1,0000000016014767 ), 0
( 0,9999999994666103 1,0000000012677839 1,0000000016014785 ), 0
( 0,9999999994666112 1,0000000012677885 1,000000001601471 ), 0
( 0,9999999994666113 1,000000001267784 1,00000000160147 ), 0
( 0,9999999994666133 1,0000000012677912 1,0000000016014818 ), 0
( 0,9999999994666108 1,0000000012677837 1,0000000016014774 ), 0
( 0,9999999994666114 1,0000000012677883 1,0000000016014812 ), 0
( 0,999999999466609 1,0000000012677948 1,0000000016014885 ), 0
( 0,9999999994666096 1,0000000012677874 1,0000000016014752 ), 0
( 0,999999999466606 1,000000001267786 1,0000000016014783 ), 0
( 0,9999999994666101 1,0000000012677943 1,000000001601484 ), 0
Liczba wywoa funkcji celu: 237118
