Iteracja nr: 41
( 0,9999999988114076 1,0000000024242153 1,0000000027962948 ), 0
( 0,9999999984839313 1,000000000556387 1,0000000028445377 ), 0
( 0,999999999589174 0,9999999978550945 1,000000001001537 ), 0
( 0,999999999579521 1,0000000012114816 1,0000000009577015 ), 0
( 0,9999999995750183 1,0000000021298023 1,0000000029636296 ), 0
( 0,9999999994655548 1,000000001299434 1,0000000020388222 ), 0
( 0,999999998540172 1,0000000009868244 1,0000000015980919 ), 0
( 0,999999997915776 1,0000000001247995 0,9999999995195247 ), 0
( 0,9999999999793412 1,000000001295861 1,000000002305213 ), 0
( 0,9999999992864127 1,0000000015970638 1,0000000024224005 ), 0
( 0,9999999989134603 1,000000000630867 1,0000000020560025 ), 0
( 0,9999999994073515 1,0000000019010544 1,0000000026074216 ), 0
( 0,9999999994332958 1,0000000009387284 1,0000000020529176 ), 0
( 1,0000000001287697 1,0000000017321853 1,0000000022322428 ), 0
( 1,0000000007099001 1,0000000008770895 1,000000001021368 ), 0
( 0,9999999987405306 1,0000000016741721 1,0000000023988398 ), 0
( 0,9999999987202889 1,0000000015899395 1,0000000022492985 ), 0
( 0,9999999990373916 1,000000001602997 1,0000000019455495 ), 0
( 0,9999999993861305 1,0000000018642827 1,00000000182165 ), 0
( 1,0000000003311966 1,0000000018230037 1,0000000008471845 ), 0
( 0,99999999962813 1,0000000026774079 1,0000000017491668 ), 0
( 0,9999999992814709 1,0000000007447307 1,0000000017877764 ), 0
( 0,999999998963574 1,0000000015162578 1,0000000005467575 ), 0
( 0,9999999991241401 1,00000000215345 1,0000000020708082 ), 0
( 0,9999999996471022 1,0000000010566348 1,0000000015055373 ), 0
( 0,9999999989097468 1,0000000021767355 1,000000003049486 ), 0
( 1,000000000199897 1,0000000014582775 1,0000000002262306 ), 0
( 0,9999999998898615 1,0000000019316453 1,0000000021123678 ), 0
( 0,9999999993592188 1,0000000024037823 1,0000000027122038 ), 0
( 0,9999999999830483 0,9999999985169065 1,0000000014376054 ), 0
( 0,9999999994436899 1,0000000021419562 1,000000001692362 ), 0
( 0,9999999988722681 1,0000000024943543 1,000000003048377 ), 0
( 0,999999999123446 1,0000000016257868 1,00000000194225 ), 0
( 0,9999999993389007 1,0000000006577774 1,0000000017034152 ), 0
( 1,000000000739697 1,0000000005475642 1,0000000020509843 ), 0
( 0,9999999987140424 0,9999999994611329 0,9999999986941743 ), 0
( 1,0000000001944072 1,0000000005163696 1,0000000024236715 ), 0
( 0,9999999991945205 1,0000000007919703 0,9999999991803898 ), 0
( 0,9999999995194115 1,000000001771133 1,0000000024207811 ), 0
( 0,9999999996312322 1,0000000022713411 1,0000000018476627 ), 0
( 0,9999999992806328 1,0000000009219931 1,000000002197802 ), 0
( 1,0000000000056248 1,0000000024610616 1,0000000026315545 ), 0
( 0,9999999993284773 1,0000000002085991 1,0000000029716383 ), 0
( 0,9999999996841133 1,0000000006414513 1,0000000020962048 ), 0
( 0,9999999993060673 1,000000002268031 1,000000001261242 ), 0
( 1,000000000326934 1,0000000016494617 1,0000000028491627 ), 0
( 1,0000000007001575 1,0000000005225267 1,0000000018201674 ), 0
( 0,9999999994966479 1,0000000025864126 1,0000000027916718 ), 0
( 0,9999999999660316 1,000000002103487 1,000000001874327 ), 0
( 0,999999998855838 1,000000002073133 1,0000000028980265 ), 0
( 0,9999999993160983 1,0000000014323884 1,0000000016540112 ), 0
( 0,9999999993636903 1,0000000019884705 1,0000000023970987 ), 0
( 0,9999999998463704 0,9999999997665452 1,0000000009558085 ), 0
( 0,9999999992525636 0,999999999561762 1,0000000009272356 ), 0
( 0,9999999992387666 1,000000000704095 1,0000000006726797 ), 0
( 0,9999999986407282 1,0000000015906998 1,0000000020968114 ), 0
( 1,0000000005418725 1,0000000014251114 1,000000000395035 ), 0
( 0,9999999995493467 1,0000000014270356 1,0000000015653951 ), 0
( 0,9999999989365153 1,0000000018956612 1,0000000020313984 ), 0
( 0,9999999988818099 1,0000000007581453 1,0000000012889683 ), 0
( 0,9999999990254567 1,0000000021423545 1,0000000018989892 ), 0
( 0,999999998741055 1,0000000019145454 1,0000000028627054 ), 0
( 0,9999999992166191 1,0000000003295884 1,000000000523969 ), 0
( 1,0000000018071225 1,0000000005217613 1,0000000023832039 ), 0
( 0,9999999989965598 1,0000000012136407 1,0000000009510677 ), 0
( 0,9999999988119157 1,0000000007778533 1,0000000021562387 ), 0
( 0,999999999594814 1,0000000008472234 1,000000002464544 ), 0
( 1,0000000000669227 1,0000000006391336 1,0000000008989127 ), 0
( 0,999999999743882 1,000000000981042 1,000000001503275 ), 0
( 0,9999999987364455 1,000000001166 1,0000000033899494 ), 0
( 0,9999999995540807 1,0000000010057741 1,0000000012427805 ), 0
( 1,0000000002212048 1,000000000615198 1,0000000017248865 ), 0
( 0,9999999987262036 1,0000000020166608 1,0000000023280406 ), 0
( 1,0000000000430738 1,0000000019159148 1,0000000021705064 ), 0
( 0,9999999998718675 1,0000000001335987 0,9999999995228057 ), 0
( 0,9999999987347703 0,9999999994377281 0,9999999987055097 ), 0
( 0,999999999503776 1,0000000025442013 1,000000002208139 ), 0
( 1,000000000177914 1,0000000010934278 1,0000000001924767 ), 0
( 0,9999999989200979 1,0000000027627032 1,000000002590103 ), 0
( 0,9999999978802665 1,0000000002656275 1,0000000002755804 ), 0
( 0,999999999098616 1,0000000018721804 1,0000000023965923 ), 0
( 0,9999999987275471 1,000000001993513 1,0000000027940248 ), 0
( 0,9999999989070752 1,0000000001468705 1,0000000008318823 ), 0
( 0,9999999998015456 1,0000000022408546 1,0000000028211304 ), 0
( 0,9999999989298982 1,000000002221126 1,0000000026833298 ), 0
( 0,9999999989772398 1,0000000023613398 1,0000000027396247 ), 0
( 0,9999999992928086 1,0000000023182485 1,0000000026584652 ), 0
( 1,0000000006970553 1,0000000013929011 1,0000000009918841 ), 0
( 0,9999999996318109 1,0000000007075074 1,0000000023203428 ), 0
( 0,9999999986160586 0,9999999981990505 0,9999999992870912 ), 0
( 0,9999999983097124 1,0000000007660763 1,000000002599357 ), 0
( 0,999999999570489 1,000000001168428 1,0000000024963973 ), 0
( 0,9999999985973655 1,0000000005790912 0,9999999997038392 ), 0
( 0,9999999995784786 1,0000000024697049 1,0000000017611765 ), 0
( 0,9999999988474927 1,000000001813941 1,0000000029631002 ), 0
( 0,9999999998802894 1,000000002462793 1,000000001014653 ), 0
( 0,9999999998462716 1,0000000007674437 1,000000001778179 ), 0
( 0,9999999991374301 1,0000000024714184 1,0000000018527553 ), 0
( 1,0000000002272822 0,9999999994649916 1,0000000031217808 ), 0
( 0,9999999993538068 1,000000002179461 1,0000000026356228 ), 0
( 0,9999999991154058 1,0000000026252565 1,0000000029973097 ), 0
( 0,9999999995812925 1,0000000013613055 1,0000000023316016 ), 0
( 0,9999999992157985 1,000000001646969 1,0000000019084956 ), 0
( 0,9999999993932528 1,0000000001270288 1,0000000006247582 ), 0
( 0,9999999995432692 1,0000000006559762 1,0000000022822544 ), 0
( 0,9999999994736295 1,0000000022261957 1,0000000009082464 ), 0
( 0,9999999992638732 0,9999999993749197 1,000000001629656 ), 0
( 0,9999999997780165 1,0000000019986015 1,0000000014724877 ), 0
( 0,9999999992429202 1,0000000018255841 1,0000000030731002 ), 0
( 0,999999999209367 1,000000002157415 1,0000000024706261 ), 0
( 1,0000000007566356 1,000000000490418 1,0000000019804225 ), 0
( 1,0000000000714642 1,0000000011835293 1,0000000014244528 ), 0
( 1,0000000005718401 1,000000001691241 1,0000000010534504 ), 0
( 0,9999999990607192 1,000000000809416 1,000000001049792 ), 0
( 1,0000000004904528 1,000000001823666 1,000000001006297 ), 0
( 1,0000000014185173 1,0000000002904719 1,0000000013684929 ), 0
( 1,0000000020127426 1,0000000008427596 0,9999999988148612 ), 0
( 0,9999999989812034 1,0000000015208208 1,0000000006339664 ), 0
( 0,9999999992816557 1,0000000017251773 1,0000000031760294 ), 0
( 0,9999999989000818 1,000000001372808 1,0000000028748872 ), 0
( 0,9999999995757244 1,0000000024603237 1,0000000021650801 ), 0
( 1,000000000099764 1,0000000012073207 1,0000000025274272 ), 0
( 0,9999999996994194 1,0000000015359354 1,000000001064813 ), 0
( 0,9999999991353135 1,0000000018988542 1,000000001501611 ), 0
( 1,0000000005485754 1,0000000008891852 1,0000000020268554 ), 0
( 0,9999999998095841 1,0000000011676489 1,000000001463353 ), 0
( 0,9999999986915415 1,0000000018512543 1,0000000026642535 ), 0
( 1,0000000006007759 1,0000000006986576 0,9999999989340251 ), 0
( 0,9999999989773461 1,0000000018526172 1,0000000026796005 ), 0
( 0,9999999997000961 1,000000000658898 1,0000000009915118 ), 0
( 1,00000000042017 1,000000001649446 1,00000000243873 ), 0
( 0,9999999999132213 1,0000000010233474 1,00000000165725 ), 0
( 1,0000000002131033 1,0000000017979687 1,000000000904299 ), 0
( 0,999999999636768 1,000000001434059 1,0000000022315183 ), 0
( 1,0000000006509973 1,0000000015222785 1,0000000006079581 ), 0
( 1,000000000763302 1,0000000000658207 1,0000000001484708 ), 0
( 0,9999999995753835 1,0000000009148693 1,0000000019016693 ), 0
( 0,9999999992059566 1,0000000007832872 1,000000002385473 ), 0
( 0,9999999991299241 1,0000000017183062 1,0000000018939263 ), 0
( 0,9999999991529388 1,0000000003571148 1,0000000018316846 ), 0
( 0,9999999990046309 1,0000000022742186 1,0000000030967986 ), 0
( 0,9999999992567741 1,000000000946101 1,0000000016866237 ), 0
( 0,9999999994284052 1,0000000017023984 1,0000000011602055 ), 0
( 0,9999999989675352 1,000000002521717 1,0000000027197973 ), 0
( 0,9999999990973175 1,0000000023737012 1,0000000016282562 ), 0
( 1,0000000005448366 1,0000000005394194 1,0000000008363588 ), 0
( 1,0000000001689069 1,0000000017587263 1,0000000020779434 ), 0
( 0,9999999984990973 1,0000000013631172 1,0000000017068036 ), 0
( 0,9999999988838167 1,0000000015576194 0,9999999997138445 ), 0
( 0,9999999992176797 1,0000000019499031 1,0000000017941308 ), 0
( 1,0000000002271252 1,000000001246928 1,0000000020664503 ), 0
( 0,9999999991592609 1,0000000006603267 1,00000000147354 ), 0
( 0,9999999991205882 1,0000000002682876 1,0000000026629634 ), 0
( 0,9999999992843067 1,0000000015849746 1,0000000025712172 ), 0
( 0,99999999944317 1,0000000013787431 1,0000000014075807 ), 0
( 0,9999999993907857 1,0000000010046326 1,0000000020061022 ), 0
( 0,9999999993272034 1,0000000016060986 1,000000002301953 ), 0
( 0,9999999987170719 1,0000000016281514 1,000000001611393 ), 0
( 0,9999999990953479 1,0000000005634273 1,0000000005740288 ), 0
( 0,9999999988370141 1,0000000020750164 1,000000001796064 ), 0
( 0,9999999989487742 1,0000000017834862 1,0000000026239648 ), 0
( 1,0000000006119134 1,0000000008769798 1,0000000004443703 ), 0
( 0,9999999989068868 1,0000000015109674 1,0000000016852704 ), 0
( 0,999999998428156 1,0000000013125914 1,000000002776838 ), 0
( 0,9999999989836303 1,0000000016864092 1,0000000017524922 ), 0
( 0,9999999984072953 1,000000001991269 1,0000000028725295 ), 0
( 0,9999999994269471 1,000000001181542 1,0000000024007858 ), 0
( 0,9999999984364868 1,0000000007931444 1,0000000027087128 ), 0
( 0,9999999994705501 1,0000000005516945 1,0000000006967573 ), 0
( 0,9999999993043548 1,0000000016151056 1,0000000027495428 ), 0
( 1,0000000006910785 1,0000000001999372 1,00000000069759 ), 0
( 1,0000000006515941 1,0000000006753451 0,9999999997293028 ), 0
( 1,0000000005131002 1,0000000011256915 0,9999999997321579 ), 0
( 0,9999999981923237 1,0000000012111145 1,0000000004610414 ), 0
( 0,9999999997387886 1,00000000201672 1,000000002969468 ), 0
( 0,9999999990310628 1,000000002453902 1,000000002963184 ), 0
( 0,9999999987874221 1,0000000017241428 1,0000000025919578 ), 0
( 0,9999999992762084 1,0000000015055552 1,000000002375689 ), 0
( 0,9999999987199809 1,0000000010916084 1,0000000018368649 ), 0
( 0,9999999992959444 1,0000000007284373 1,0000000020026716 ), 0
( 0,9999999997741835 1,0000000005619318 1,0000000006406056 ), 0
( 0,9999999993594038 1,00000000115149 1,0000000008884313 ), 0
( 0,9999999989206707 1,0000000017910249 1,0000000021538817 ), 0
( 0,9999999991937587 1,0000000019384172 1,000000001570293 ), 0
( 0,9999999996020527 1,000000001102099 1,0000000019482629 ), 0
( 0,9999999991304303 1,0000000018604591 1,0000000020586408 ), 0
( 0,9999999994829631 1,0000000008248482 1,000000001331777 ), 0
( 0,999999999204842 1,000000002237701 1,0000000027140186 ), 0
( 1,0000000002030462 1,0000000013374588 1,0000000010529397 ), 0
( 0,9999999998213529 1,000000001857929 1,0000000014564323 ), 0
( 0,9999999987061242 1,000000002102771 1,0000000027291975 ), 0
( 0,9999999990416756 1,000000000958522 0,9999999993403292 ), 0
( 0,9999999989501758 0,9999999998452126 1,0000000001974039 ), 0
( 0,9999999997149646 0,9999999993962357 1,000000002759062 ), 0
( 0,9999999992537446 1,0000000011794752 1,0000000011984576 ), 0
( 0,9999999998779977 1,0000000012884385 1,000000002240194 ), 0
( 0,9999999996768199 1,0000000017144 1,0000000010878238 ), 0
( 1,000000000982036 1,0000000002214042 1,0000000011802033 ), 0
( 0,9999999990494535 1,0000000017005404 1,0000000017516257 ), 0
( 0,9999999993483127 1,0000000022124411 1,0000000002073421 ), 0
( 0,9999999981191057 1,0000000009359429 1,000000001073013 ), 0
( 0,9999999996619651 1,0000000016904593 1,0000000020806572 ), 0
( 0,9999999996002574 1,0000000010244354 1,0000000010871828 ), 0
( 0,999999999414366 1,000000001660586 1,0000000020304578 ), 0
( 0,9999999990920849 1,0000000006529017 1,0000000007845211 ), 0
( 0,9999999985333111 1,0000000008807872 1,000000000881823 ), 0
( 0,9999999998693799 1,0000000017691915 1,0000000022981737 ), 0
( 0,9999999995241639 1,0000000018435642 1,0000000026788698 ), 0
( 1,00000000091506 1,0000000010937882 1,0000000015153356 ), 0
( 0,9999999999110074 1,0000000016945783 1,0000000015405959 ), 0
( 0,999999998527285 1,000000001479893 1,0000000024174374 ), 0
( 1,0000000000252594 1,0000000012126176 1,0000000018421829 ), 0
( 0,9999999998713857 1,0000000016034087 1,0000000027384592 ), 0
( 0,999999999367666 1,0000000019358142 1,0000000014604773 ), 0
( 1,000000000778642 1,0000000016999635 1,000000001909883 ), 0
( 0,9999999992913012 1,000000001602917 1,0000000003215102 ), 0
( 0,9999999991663536 1,000000002434401 1,0000000019236213 ), 0
( 0,9999999990748073 1,000000001918908 1,0000000023639921 ), 0
( 0,9999999988599148 1,0000000013763541 1,000000001957936 ), 0
( 0,9999999990323535 1,0000000013961485 1,000000001604186 ), 0
( 0,9999999991832874 1,000000001392877 1,00000000173837 ), 0
( 0,999999998912601 1,0000000005875325 1,0000000018568782 ), 0
( 0,9999999994339548 0,9999999996266832 1,0000000020200512 ), 0
( 1,000000000048999 1,000000001166437 1,0000000019193496 ), 0
( 0,9999999985171723 1,0000000021423086 1,0000000030239127 ), 0
( 0,9999999996272874 1,0000000011071641 1,000000002650603 ), 0
( 0,9999999994563936 1,0000000022738418 1,0000000020014126 ), 0
( 1,0000000000539777 1,000000001145563 1,0000000019366466 ), 0
( 0,9999999986428825 1,0000000018292716 1,0000000021677367 ), 0
( 1,000000000377482 1,0000000010732775 1,0000000013337835 ), 0
( 1,0000000001502398 1,0000000019181494 1,0000000024118585 ), 0
( 0,9999999993834973 0,9999999999809915 1,0000000012179862 ), 0
( 0,9999999992668023 1,0000000014501977 1,000000002642836 ), 0
( 0,9999999992998991 1,0000000015253128 1,0000000014654633 ), 0
( 1,0000000001774405 1,0000000013534274 1,0000000012289265 ), 0
( 0,9999999991495492 1,0000000010121461 1,0000000028726799 ), 0
( 0,9999999994414656 1,0000000025301912 1,0000000026525344 ), 0
( 0,9999999987426526 1,000000000640931 1,0000000019072313 ), 0
( 0,9999999997188956 1,000000001440273 1,000000000529156 ), 0
( 0,9999999994825225 1,0000000025422995 1,0000000025206155 ), 0
( 0,9999999995145396 0,999999999775313 1,0000000004662744 ), 0
( 0,9999999995353968 1,000000002394699 1,000000001088045 ), 0
( 0,9999999997987778 1,0000000007403291 1,000000001669229 ), 0
( 0,9999999990332749 1,0000000015441954 1,0000000027601152 ), 0
( 0,9999999997245986 1,000000001774339 0,999999999548589 ), 0
( 1,000000000369152 0,9999999991296513 1,0000000035197312 ), 0
( 0,9999999993522478 1,0000000011455912 1,0000000020016815 ), 0
( 1,0000000000180633 1,0000000017370376 1,0000000017915947 ), 0
( 0,9999999995012 0,9999999988288673 0,9999999973077693 ), 0
( 0,999999999440989 1,0000000020207676 1,0000000023381723 ), 0
( 0,9999999986953005 1,00000000034367 1,0000000010867096 ), 0
( 0,9999999992432873 1,0000000025518958 1,0000000022365574 ), 0
( 0,9999999991833168 1,0000000015051236 1,000000001947805 ), 0
( 0,9999999998512118 1,0000000013826396 1,0000000010245491 ), 0
( 0,9999999991180856 0,9999999999480707 1,0000000006763994 ), 0
( 0,9999999987955323 1,0000000009910968 1,000000001712994 ), 0
( 0,9999999986705705 1,000000000423987 1,0000000005695424 ), 0
( 1,0000000005109735 1,000000001418983 1,0000000016060544 ), 0
( 1,000000000012118 1,000000001165437 1,0000000002742635 ), 0
( 0,9999999994558548 1,0000000006524745 1,0000000016958317 ), 0
( 1,0000000002424954 1,000000000367703 1,0000000027034106 ), 0
( 0,9999999990557341 1,0000000010458507 1,0000000018715098 ), 0
( 1,0000000019726536 1,0000000008210421 0,9999999983267993 ), 0
( 0,9999999988109591 1,0000000000975093 1,0000000019709614 ), 0
( 0,9999999992068784 1,0000000008406473 1,0000000012189305 ), 0
( 0,9999999995756857 1,0000000020626199 1,0000000015928971 ), 0
( 0,9999999999478492 0,9999999995450326 1,0000000008639183 ), 0
( 0,9999999990000896 1,0000000009166659 1,0000000013178767 ), 0
( 0,9999999996012928 1,0000000014451023 1,000000001777198 ), 0
( 0,9999999987929985 1,0000000009400314 1,0000000021872526 ), 0
( 0,9999999987411117 1,000000000943825 1,0000000011514052 ), 0
( 0,9999999988753315 1,0000000017964659 1,0000000019219175 ), 0
( 0,999999999167274 1,0000000019598425 1,0000000027991425 ), 0
( 0,9999999988234439 1,0000000028941347 1,000000002386582 ), 0
( 0,9999999993878171 1,0000000024569826 1,0000000025777622 ), 0
( 0,9999999964702014 1,0000000016724921 1,0000000030744625 ), 0
( 0,9999999997819609 1,0000000017718262 1,0000000017417416 ), 0
( 0,999999999082477 0,9999999991091201 1,000000002687632 ), 0
( 0,9999999988807804 1,0000000023575486 1,000000001857038 ), 0
( 0,9999999997765485 1,0000000012057604 1,0000000013009644 ), 0
( 0,99999999933255 1,0000000009569698 1,0000000010129584 ), 0
( 0,9999999991165393 1,0000000007000747 1,0000000017263817 ), 0
( 0,9999999991987631 1,0000000020718156 1,0000000009016936 ), 0
( 0,9999999985452208 1,000000002151664 1,0000000018613486 ), 0
( 0,9999999987414948 1,0000000020560824 1,0000000034366876 ), 0
( 0,9999999991305508 1,0000000018166146 1,0000000021568958 ), 0
( 0,9999999993382465 1,0000000010669894 1,0000000023368223 ), 0
( 1,0000000000330382 1,0000000014695358 1,0000000012351888 ), 0
( 0,9999999999566744 1,0000000014507575 1,0000000012438868 ), 0
( 0,9999999988979544 1,0000000024313946 1,0000000027874991 ), 0
( 0,9999999993533178 1,0000000026577887 1,0000000024321627 ), 0
( 1,0000000001876326 1,0000000010520347 1,000000001820518 ), 0
( 1,0000000005830458 1,00000000089217 1,0000000005760552 ), 0
( 0,9999999993563895 1,000000001911737 1,0000000025917926 ), 0
( 1,0000000010080632 0,9999999998087196 0,9999999989633689 ), 0
( 0,9999999998195512 0,9999999995728538 1,0000000006822254 ), 0
( 0,9999999998658442 1,0000000013140218 1,000000002597521 ), 0
( 0,9999999992752742 1,0000000012272774 1,000000002628378 ), 0
( 0,999999999392404 1,0000000012046428 1,0000000011411614 ), 0
( 0,9999999995978156 1,000000000254248 1,000000000822005 ), 0
( 0,9999999993404068 0,9999999990421369 0,999999998406135 ), 0
( 0,9999999986416245 1,0000000017885113 1,0000000021327549 ), 0
( 0,9999999988487901 1,000000002066387 1,0000000026875815 ), 0
( 0,9999999989195378 0,9999999996845508 0,9999999990679947 ), 0
( 1,000000001155056 1,0000000003690344 1,000000001250249 ), 0
( 0,9999999990262579 1,0000000028088436 1,0000000025902416 ), 0
( 1,0000000003705363 1,0000000013407833 1,0000000031839487 ), 0
( 0,9999999991401419 1,0000000014730108 1,0000000020563347 ), 0
( 0,9999999998066526 1,0000000017412918 1,000000002254934 ), 0
( 0,9999999994796901 1,0000000002598093 1,0000000006162837 ), 0
( 0,9999999986246534 1,0000000008312637 1,000000000870309 ), 0
( 1,0000000003174438 1,000000000447772 1,000000001338567 ), 0
( 0,9999999999022744 1,00000000136616 1,000000002233462 ), 0
( 0,9999999993680972 1,0000000004404386 1,0000000016733488 ), 0
( 0,9999999998280752 1,0000000010313026 1,0000000015052741 ), 0
( 0,9999999983592541 1,0000000015103494 1,0000000023792661 ), 0
( 1,0000000004111262 1,0000000018064994 1,0000000019652766 ), 0
( 0,9999999992032531 0,9999999999819332 1,0000000003258263 ), 0
( 1,0000000011945918 1,0000000009556516 1,0000000030332594 ), 0
( 0,9999999990734078 1,0000000023170845 1,0000000021055222 ), 0
( 0,9999999989521359 1,0000000017629207 1,0000000012545025 ), 0
( 0,9999999994282134 1,0000000013191033 1,0000000022027544 ), 0
( 1,0000000004430971 1,0000000005042995 1,0000000025566376 ), 0
( 0,9999999992611613 1,0000000018081792 1,0000000017189994 ), 0
( 0,9999999987950516 1,00000000111055 1,0000000012189825 ), 0
( 1,0000000007190717 1,000000001425752 1,0000000007606438 ), 0
( 0,9999999993411298 1,0000000011204528 1,0000000017332884 ), 0
( 0,9999999992749279 1,0000000013937966 1,0000000018466313 ), 0
( 0,9999999992519268 1,0000000019884336 1,000000002592824 ), 0
( 0,9999999986718804 1,0000000005994005 1,0000000006209642 ), 0
( 0,9999999989228062 1,0000000024672762 1,0000000028885117 ), 0
( 0,9999999995520611 1,0000000013076866 1,0000000014503103 ), 0
( 0,9999999997165772 1,0000000010430068 1,0000000029950202 ), 0
( 0,9999999992815819 0,9999999993716502 0,9999999987694628 ), 0
( 0,9999999991808478 1,000000001598176 1,0000000021057214 ), 0
( 0,9999999993813702 1,0000000017114063 1,000000001579243 ), 0
( 0,9999999982765048 1,0000000009016676 1,0000000019483983 ), 0
( 0,9999999991359927 1,000000000188762 0,9999999994023673 ), 0
( 0,9999999996998511 1,000000002194918 1,00000000224374 ), 0
( 0,9999999995442018 1,0000000014137367 1,0000000009354768 ), 0
( 0,9999999989532767 1,0000000019522666 1,0000000029700435 ), 0
( 0,9999999988210789 1,0000000014579549 1,0000000020156588 ), 0
( 0,999999998638977 1,00000000195801 1,0000000030949712 ), 0
( 0,9999999997014718 0,9999999998182894 1,0000000018895663 ), 0
( 0,9999999993615789 1,0000000023527504 1,0000000017707236 ), 0
( 0,9999999991438018 1,0000000017466526 1,0000000015746442 ), 0
( 0,9999999996576414 1,000000001875788 1,0000000024633608 ), 0
( 0,9999999992736548 1,0000000018779451 1,0000000021171147 ), 0
( 0,999999998871507 0,99999999891151 1,0000000000615583 ), 0
( 0,999999999533461 1,0000000027559584 1,000000003354979 ), 0
( 1,0000000006951526 1,0000000017519413 1,0000000025246234 ), 0
( 1,0000000002608367 1,000000001577615 1,0000000010080803 ), 0
( 0,9999999992451244 1,0000000020257513 1,0000000025996365 ), 0
( 0,9999999999240298 1,0000000013000847 1,0000000011186463 ), 0
( 0,9999999997215254 1,0000000014715156 1,0000000022401812 ), 0
( 0,9999999988534957 1,0000000020674162 1,0000000028037974 ), 0
( 0,9999999992555542 1,0000000010108618 1,000000002238248 ), 0
( 0,9999999998759699 1,0000000015401254 1,0000000018925803 ), 0
( 0,9999999988734877 1,0000000010436305 1,0000000016540638 ), 0
( 0,9999999991661703 1,0000000023696987 1,0000000026253226 ), 0
( 1,0000000002475513 1,0000000006064254 1,0000000020830513 ), 0
( 0,9999999987857761 1,000000001622395 1,0000000014961856 ), 0
( 1,0000000011125738 1,000000000150909 0,9999999997651149 ), 0
( 0,9999999987356376 1,000000002111599 1,0000000019492 ), 0
( 1,0000000003404692 1,0000000014907253 1,0000000016076678 ), 0
( 0,9999999993079806 1,0000000003321134 1,0000000003108285 ), 0
( 0,9999999998400668 1,000000001679611 1,000000002506477 ), 0
( 0,9999999993846742 1,0000000010080103 1,000000001473258 ), 0
( 1,0000000019568647 1,0000000007636705 1,0000000025838882 ), 0
( 0,9999999984541978 1,0000000012374055 1,0000000018236432 ), 0
( 0,9999999993769971 1,0000000013466463 1,000000002108792 ), 0
( 0,9999999999116423 1,0000000001993683 1,0000000018182689 ), 0
( 0,9999999993905077 1,000000002041391 1,0000000018486337 ), 0
( 0,9999999989791335 1,0000000015561297 1,0000000026642049 ), 0
( 0,9999999986163381 1,0000000019605755 1,0000000026758395 ), 0
( 0,9999999986392977 1,0000000021480822 1,0000000024551774 ), 0
( 1,0000000000792404 1,0000000012592205 1,0000000000061182 ), 0
( 1,0000000004587157 1,0000000003542193 1,0000000018152306 ), 0
( 0,9999999995528611 1,0000000005809355 1,000000001515476 ), 0
( 0,9999999989661065 1,0000000016146349 1,0000000018092299 ), 0
( 1,0000000013771706 1,0000000003238099 1,0000000019838986 ), 0
( 0,9999999992277608 1,0000000020647253 1,0000000016671375 ), 0
( 1,0000000006040655 0,9999999996072073 0,9999999995261333 ), 0
( 1,0000000006020737 1,0000000001761484 0,9999999995938367 ), 0
( 0,9999999987067522 0,9999999989735768 1,00000000221791 ), 0
( 0,9999999990788677 1,0000000017869157 1,0000000021792181 ), 0
( 0,9999999988610033 1,000000001268763 1,0000000014272235 ), 0
( 0,9999999994285216 1,0000000006700906 1,0000000019975999 ), 0
( 0,9999999983280804 1,0000000009222232 1,0000000027245375 ), 0
( 1,0000000008318006 0,999999998834268 0,9999999983000379 ), 0
( 0,9999999995163609 1,000000001155546 1,0000000019026278 ), 0
( 0,9999999991734979 1,000000001560201 1,0000000023243685 ), 0
( 1,0000000000385292 1,0000000007748697 1,0000000010316858 ), 0
( 1,0000000000372629 1,0000000015965775 0,9999999990393483 ), 0
( 1,0000000004505 1,0000000019665871 1,000000001224645 ), 0
( 0,9999999998827785 1,0000000010821315 1,0000000016355484 ), 0
( 0,9999999998289171 1,00000000060699 1,0000000017302906 ), 0
( 0,999999999351955 1,0000000012818955 1,000000001959701 ), 0
( 1,0000000000043967 1,0000000015423407 1,0000000023099656 ), 0
( 0,9999999992919159 1,0000000018713842 1,0000000024344782 ), 0
( 0,9999999994049176 1,0000000016871524 1,0000000023736417 ), 0
( 0,9999999987931117 1,0000000009681622 1,000000001346251 ), 0
( 0,9999999989179026 1,000000001957685 1,0000000009175494 ), 0
( 0,9999999994369054 1,0000000019745257 1,0000000027522826 ), 0
( 0,9999999985907122 1,0000000022955995 1,0000000025348288 ), 0
( 0,9999999992635487 1,000000001501748 0,9999999991237392 ), 0
( 1,0000000000082296 1,0000000019881774 1,0000000017823325 ), 0
( 0,9999999998497177 1,0000000016658774 1,0000000024724556 ), 0
( 0,9999999989410464 1,0000000023461597 1,0000000019707693 ), 0
( 0,9999999992958949 1,000000002229649 1,0000000025952402 ), 0
( 0,9999999989465447 1,0000000016750301 1,0000000023070184 ), 0
( 1,0000000002552165 1,000000001456768 1,0000000018847384 ), 0
( 0,9999999988701676 1,000000001849414 1,0000000025241913 ), 0
( 0,9999999988708876 1,0000000008446215 1,0000000026467168 ), 0
( 1,0000000000465263 1,0000000011734274 1,0000000002153877 ), 0
( 0,9999999994866302 1,0000000020040913 1,0000000023685574 ), 0
( 1,000000000489298 1,0000000015915593 1,0000000015128965 ), 0
( 0,9999999989950439 1,0000000018971544 1,00000000226145 ), 0
( 0,9999999996062336 1,0000000020104627 1,0000000018908848 ), 0
( 0,9999999990537489 1,0000000019505824 1,0000000029492515 ), 0
( 1,0000000001788838 1,0000000017115909 1,0000000028984883 ), 0
( 0,9999999993332743 1,000000002058239 1,0000000019523254 ), 0
( 0,9999999989010583 1,0000000009380592 1,000000002537294 ), 0
( 0,9999999993836358 1,0000000022796363 1,0000000009024594 ), 0
( 0,999999999186464 1,0000000013902741 1,0000000009146508 ), 0
( 0,9999999992417044 1,000000001895831 1,000000002808765 ), 0
( 0,999999999348944 1,0000000013441812 1,000000000997598 ), 0
( 0,9999999995397301 1,0000000000142564 1,0000000021084923 ), 0
( 0,9999999992494745 1,0000000013894401 1,000000002741909 ), 0
( 0,9999999986173532 1,0000000010231664 1,000000001502428 ), 0
( 1,000000000683611 1,000000001364707 0,9999999999205875 ), 0
( 0,999999999865061 1,0000000001005915 0,9999999994750711 ), 0
( 0,99999999880043 1,0000000013839834 1,0000000019972348 ), 0
( 0,9999999987283954 1,0000000020805433 1,000000003157233 ), 0
( 0,999999998897982 1,0000000014391093 1,0000000023186477 ), 0
( 1,000000001281846 1,0000000007309908 1,0000000020217719 ), 0
( 0,9999999989785076 1,0000000016321793 1,000000001518585 ), 0
( 1,0000000000747509 1,000000000090474 1,0000000014847918 ), 0
( 0,9999999988933814 1,0000000020721604 1,0000000023547115 ), 0
( 0,9999999982516289 1,000000001034088 1,0000000022428297 ), 0
( 0,9999999994299379 1,0000000018221882 1,0000000021181952 ), 0
( 0,999999999655446 1,0000000013208996 1,0000000012604402 ), 0
( 0,9999999998426425 1,0000000006896228 1,0000000016169308 ), 0
( 0,9999999998350477 1,0000000020870148 1,00000000243413 ), 0
( 1,0000000000433613 1,00000000180716 1,0000000014217143 ), 0
( 1,0000000003582539 1,0000000014427366 1,0000000018692825 ), 0
( 0,9999999992490948 1,000000001579506 1,0000000016200143 ), 0
( 0,9999999999653638 1,0000000028309786 1,0000000026295865 ), 0
( 0,9999999995131171 1,0000000007209098 1,0000000017064983 ), 0
( 0,9999999996591107 1,0000000009443717 1,0000000006833611 ), 0
( 0,9999999990246844 1,0000000025175315 1,000000002385454 ), 0
( 0,9999999992350634 1,0000000017067847 1,0000000029184666 ), 0
( 1,0000000002121852 1,0000000014454902 1,0000000008685261 ), 0
( 0,9999999985742289 0,9999999990811165 1,0000000001615865 ), 0
( 0,9999999990275233 1,0000000005454794 1,0000000020516464 ), 0
( 0,9999999993815525 1,00000000103049 1,0000000020070035 ), 0
( 1,0000000001655753 1,0000000017164483 1,0000000026519975 ), 0
( 1,0000000009767773 1,0000000016867032 1,0000000011920473 ), 0
( 0,9999999992373024 1,00000000137797 1,0000000020284288 ), 0
( 1,0000000002875655 1,0000000029529719 1,000000001863644 ), 0
( 0,999999998904288 1,0000000022104538 1,0000000025734037 ), 0
( 0,9999999991647921 1,000000000532956 1,000000001310305 ), 0
( 0,9999999988217485 1,0000000016213875 1,000000001872444 ), 0
( 1,0000000003287424 1,000000001663868 1,0000000006985776 ), 0
( 0,9999999998300053 1,0000000008231922 1,000000001511345 ), 0
( 0,9999999992231663 0,999999999459038 1,000000000195022 ), 0
( 0,9999999989299567 1,0000000006704581 1,000000002514771 ), 0
( 0,9999999990191396 1,000000001249473 1,0000000020543882 ), 0
( 0,999999999219217 1,0000000008227716 1,0000000024168358 ), 0
( 0,9999999997602232 1,0000000001340807 1,0000000011505028 ), 0
( 1,000000000097704 1,0000000013755572 1,00000000131028 ), 0
( 0,9999999989429083 1,0000000006947385 1,0000000014521735 ), 0
( 0,99999999917766 1,0000000009735708 1,0000000021003408 ), 0
( 0,9999999999668234 1,0000000016618273 1,0000000001317206 ), 0
( 0,9999999993358437 0,9999999999478729 1,000000001276311 ), 0
( 0,9999999994339035 1,0000000012997308 1,0000000024173539 ), 0
( 0,999999999966921 1,0000000013694121 1,0000000020059756 ), 0
( 0,9999999996656449 1,0000000012839294 1,0000000014665424 ), 0
( 0,9999999993957238 1,0000000019311157 1,0000000021841213 ), 0
( 0,9999999991742606 1,0000000019721684 1,0000000023130173 ), 0
( 0,9999999995670125 1,000000001298635 1,0000000025828273 ), 0
( 0,9999999994125813 1,0000000016419803 1,0000000019284816 ), 0
( 0,9999999977122366 1,0000000010770826 0,99999999904085 ), 0
( 0,9999999994647637 1,0000000021140931 1,0000000023686317 ), 0
( 0,9999999993180136 1,0000000008290915 1,0000000015216128 ), 0
( 0,9999999988058214 1,0000000009923138 1,0000000009194119 ), 0
( 0,9999999992358637 1,0000000017777546 1,0000000014344335 ), 0
( 0,9999999991674279 1,0000000021470241 1,0000000031027907 ), 0
( 1,0000000011558852 1,000000001029191 1,0000000018582678 ), 0
( 0,9999999989676236 1,0000000019182533 1,0000000016824426 ), 0
( 0,9999999990602121 0,999999999750954 1,0000000010659895 ), 0
( 0,9999999987712781 1,0000000015135786 1,0000000022754745 ), 0
( 0,9999999992012846 1,0000000017877517 1,0000000018456854 ), 0
( 0,9999999996053118 1,000000001499709 1,0000000011700252 ), 0
( 0,9999999988668257 1,0000000020693396 1,0000000020225797 ), 0
( 0,9999999992575318 1,0000000025351738 1,0000000027792235 ), 0
( 0,999999999634323 1,0000000018019322 1,0000000016991542 ), 0
( 0,9999999990973575 1,0000000014982455 1,000000001645619 ), 0
( 1,0000000001788307 1,000000000581454 1,000000001451173 ), 0
( 0,9999999985584223 1,0000000010605867 1,0000000027829565 ), 0
( 0,9999999993731448 1,0000000022957063 1,0000000027373541 ), 0
( 0,9999999988535212 1,0000000014695185 1,000000001375632 ), 0
( 0,9999999997715123 1,0000000013882748 1,0000000007117917 ), 0
( 1,0000000001084284 1,000000001740081 1,0000000026957565 ), 0
( 1,000000000351939 1,000000001940014 1,0000000012254673 ), 0
( 0,9999999988817894 1,000000000732787 1,0000000020854327 ), 0
( 0,9999999997563405 1,0000000021070727 1,0000000016471136 ), 0
( 0,9999999992683064 1,000000001586276 1,0000000013749641 ), 0
( 0,9999999993269879 1,000000002118747 1,000000002211375 ), 0
( 0,9999999990970997 1,0000000012019743 1,000000002046448 ), 0
( 0,9999999998642141 1,0000000013764552 1,0000000013687707 ), 0
( 1,0000000003234093 1,0000000003802563 1,0000000007979792 ), 0
( 0,9999999999953397 1,0000000010485985 1,0000000017540573 ), 0
( 0,9999999996019023 1,0000000020824809 1,0000000018108708 ), 0
( 0,9999999995998644 1,000000000426897 1,0000000020210293 ), 0
( 1,0000000007679668 1,0000000019566833 1,0000000025343085 ), 0
( 0,9999999996322105 1,0000000016111719 1,0000000014069632 ), 0
( 0,9999999988682391 1,0000000019036963 1,0000000028077705 ), 0
( 0,9999999995300201 1,0000000015723045 1,0000000021790727 ), 0
( 0,9999999983656561 1,0000000018672985 1,0000000015652097 ), 0
( 0,9999999991541693 0,9999999998898735 1,0000000006447625 ), 0
( 0,9999999997472993 1,0000000020926243 1,0000000018627035 ), 0
( 0,9999999999927571 0,9999999985281302 1,0000000012667336 ), 0
( 1,000000000475704 1,0000000017451773 1,0000000013109076 ), 0
( 0,9999999990639192 1,0000000018415753 1,0000000020860156 ), 0
( 0,9999999998114582 1,000000001574188 1,0000000024564242 ), 0
( 0,9999999992343522 1,0000000020090785 1,0000000015547006 ), 0
( 0,9999999986123832 1,0000000021328197 1,0000000025658473 ), 0
( 0,9999999992435847 1,0000000018783446 1,000000002180377 ), 0
( 0,9999999987341768 1,0000000011632415 1,0000000023554398 ), 0
( 1,000000000092588 1,000000001149888 1,0000000008886611 ), 0
( 0,9999999993992477 1,0000000006884384 1,0000000025565154 ), 0
( 0,9999999995120706 1,0000000007786314 1,0000000012502346 ), 0
( 0,9999999995612558 1,0000000009872576 1,0000000010918872 ), 0
( 0,9999999995367065 1,0000000020997726 1,0000000020785913 ), 0
( 0,999999999722771 1,000000001711771 1,0000000015817436 ), 0
( 1,0000000001087799 1,0000000001188962 1,0000000010417656 ), 0
( 0,9999999990252517 1,000000002393539 1,0000000024816726 ), 0
( 0,9999999999682345 1,000000001660983 1,0000000006543759 ), 0
( 0,9999999994531267 1,0000000011681702 1,0000000009479586 ), 0
( 1,0000000007176704 1,0000000000438931 0,9999999993107597 ), 0
( 0,9999999999094137 1,0000000007129581 1,0000000008623957 ), 0
( 0,9999999993241018 1,00000000168225 1,0000000012829446 ), 0
( 0,9999999993004297 1,0000000020219673 1,0000000019201816 ), 0
( 0,9999999981226652 1,0000000005633973 1,0000000017354764 ), 0
( 0,9999999997497752 1,0000000020422997 1,0000000020396982 ), 0
( 0,9999999992715825 1,0000000017173378 1,0000000017821562 ), 0
( 0,9999999983096262 1,0000000009614498 1,0000000016582526 ), 0
( 1,000000000359556 1,0000000012920882 1,000000000422134 ), 0
( 0,9999999994126764 1,0000000010946466 1,0000000017932087 ), 0
( 0,99999999849685 1,0000000009424876 1,000000000877638 ), 0
( 0,9999999983820362 1,0000000014092925 1,00000000221276 ), 0
( 1,0000000002149154 1,0000000001457112 1,0000000004001282 ), 0
( 1,0000000002074314 1,0000000015512174 1,0000000023259334 ), 0
( 0,9999999989592433 1,0000000016580755 1,0000000008745416 ), 0
( 0,9999999987491055 1,0000000018155415 1,000000002846631 ), 0
( 1,0000000000183744 1,0000000015757378 1,0000000017350967 ), 0
( 0,9999999991141936 1,000000000604906 1,0000000014109884 ), 0
( 0,9999999989451516 1,000000002997218 1,000000001642878 ), 0
( 0,9999999987306563 1,0000000013791204 1,0000000019805657 ), 0
( 1,0000000002442946 1,0000000012987316 1,0000000025025593 ), 0
( 1,0000000002204366 1,0000000002352016 1,0000000019204316 ), 0
( 0,9999999983903461 1,0000000014880799 1,0000000019433624 ), 0
( 0,9999999993969417 1,000000001591465 1,0000000022156212 ), 0
( 0,999999999187691 1,0000000009502183 1,0000000028626765 ), 0
( 0,9999999994612552 1,0000000022552524 1,0000000019713247 ), 0
( 0,999999998651367 1,0000000016143364 1,0000000014890003 ), 0
( 1,0000000000000981 1,0000000013561618 1,000000002240055 ), 0
( 0,9999999987456137 1,000000001740073 1,0000000020901922 ), 0
( 0,9999999991047666 1,0000000016513249 1,0000000017742476 ), 0
( 0,9999999993072382 1,0000000016688408 1,0000000026675269 ), 0
( 0,9999999985125164 1,0000000013295467 1,0000000003567255 ), 0
( 0,9999999994268827 1,0000000017775748 1,0000000022822229 ), 0
( 0,9999999999423377 1,000000000652272 1,000000000856006 ), 0
( 0,9999999985728171 1,0000000017213095 1,0000000025147868 ), 0
( 0,999999999445846 1,0000000012227297 1,0000000012462034 ), 0
( 0,9999999993359812 1,0000000016016557 1,000000002070617 ), 0
( 0,9999999991220556 1,0000000021809754 1,0000000031001943 ), 0
( 0,9999999993752636 1,0000000024627973 1,0000000026736704 ), 0
( 0,9999999986395045 1,000000002019619 1,0000000024550864 ), 0
( 0,9999999999642284 1,0000000011333416 1,0000000012561205 ), 0
( 0,9999999995630662 1,000000002077686 1,0000000026746256 ), 0
( 0,9999999992345681 1,000000000463197 1,0000000001345473 ), 0
( 0,9999999993676165 1,0000000010544192 1,000000002882345 ), 0
( 0,9999999985349745 1,000000002090829 1,0000000029405949 ), 0
( 1,0000000003925225 1,0000000007764167 1,0000000004395966 ), 0
( 0,9999999995448869 1,0000000021806963 1,0000000021494706 ), 0
( 1,0000000011380703 1,0000000014372963 1,0000000023055216 ), 0
( 1,0000000001941283 1,0000000011114367 1,0000000022435795 ), 0
( 1,0000000000535763 1,0000000019796034 1,0000000007018992 ), 0
( 0,9999999995455778 1,000000002427645 1,0000000022751123 ), 0
( 0,9999999989925518 1,0000000023567401 1,0000000023588351 ), 0
( 0,9999999993362237 1,0000000013559946 1,000000001906277 ), 0
( 1,0000000013969434 1,0000000011219028 0,999999999522093 ), 0
( 0,999999999511835 1,0000000015661972 1,0000000017335655 ), 0
( 1,0000000004842897 1,0000000008144014 1,000000000544529 ), 0
( 0,9999999994297161 1,0000000008233982 1,0000000015251567 ), 0
( 1,0000000003301401 1,0000000012713597 1,0000000004043383 ), 0
( 0,9999999994967868 1,0000000015377593 1,000000002317806 ), 0
( 0,9999999995816938 1,0000000018147834 1,0000000020439532 ), 0
( 0,9999999988239802 1,0000000007884238 1,0000000013118207 ), 0
( 0,9999999987110167 1,0000000007970262 1,0000000009637788 ), 0
( 0,9999999997783872 1,0000000014936534 1,0000000008720795 ), 0
( 0,9999999992413633 1,0000000012942456 1,0000000014551687 ), 0
( 1,0000000000298999 1,000000002089111 1,0000000026351739 ), 0
( 0,9999999991655494 1,0000000015456163 1,0000000024914295 ), 0
( 1,00000000010441 1,000000000250992 1,0000000009973142 ), 0
( 0,9999999993636756 1,0000000018864148 1,0000000025205174 ), 0
( 0,9999999992340843 1,000000002378508 1,00000000248136 ), 0
( 0,9999999988159319 1,0000000020690378 1,0000000009819956 ), 0
( 0,999999998382602 1,000000000439873 1,0000000011101857 ), 0
( 0,9999999985657679 1,0000000011620416 1,0000000024226634 ), 0
( 0,9999999999524516 1,0000000010700976 1,0000000018727564 ), 0
( 0,9999999999969794 1,0000000024311761 1,0000000022527638 ), 0
( 0,9999999990423765 1,0000000022032642 1,0000000022123403 ), 0
( 1,000000000845999 1,0000000013741304 1,0000000006247751 ), 0
( 0,9999999994210618 0,999999999894315 1,0000000026722 ), 0
( 0,9999999992855618 0,9999999999522365 1,0000000017350226 ), 0
( 1,0000000000989693 1,00000000025945 1,0000000003977534 ), 0
( 0,999999999445043 1,0000000029271987 1,0000000030227585 ), 0
( 0,9999999992103371 1,0000000011028944 1,0000000026290186 ), 0
( 0,9999999991582669 1,000000001558089 1,0000000023548672 ), 0
( 1,0000000002654281 1,000000001512174 1,0000000011576229 ), 0
( 0,9999999991916387 0,9999999999185853 1,0000000008160583 ), 0
( 0,9999999983287234 1,000000001401672 1,0000000022057702 ), 0
( 0,9999999987448034 1,0000000017161037 1,0000000023130065 ), 0
( 1,0000000011307295 0,9999999996710229 1,0000000023216415 ), 0
( 0,9999999997149878 1,0000000018667754 1,0000000019423247 ), 0
( 0,9999999995955332 1,000000001173095 1,0000000017491246 ), 0
( 0,9999999999824095 1,0000000010672092 1,0000000012833248 ), 0
( 0,9999999992444449 1,0000000022477096 1,0000000019554878 ), 0
( 0,9999999982210492 1,000000001370246 1,0000000020777244 ), 0
( 0,9999999992909555 1,000000002054442 1,0000000028390892 ), 0
( 0,9999999992561209 1,0000000020052968 1,0000000028446403 ), 0
( 1,0000000005380836 1,0000000016822006 1,0000000017300552 ), 0
( 0,9999999982358543 1,0000000009876169 1,000000001725736 ), 0
( 0,9999999987091956 1,0000000008245122 1,0000000015034576 ), 0
( 0,999999998736287 1,0000000010726777 1,0000000020572248 ), 0
( 1,0000000001030418 1,0000000018736577 1,0000000019974318 ), 0
( 1,0000000018716695 1,0000000008781347 0,9999999984725366 ), 0
( 0,9999999998697371 1,000000000602648 1,0000000013120471 ), 0
( 0,9999999993647198 1,000000001748965 1,0000000016757433 ), 0
( 0,9999999988370339 1,0000000007523986 1,0000000023268867 ), 0
( 1,000000000149659 1,0000000022017268 1,0000000017697555 ), 0
( 0,9999999996437825 0,9999999993167565 1,000000002641517 ), 0
( 0,9999999999848659 1,0000000002404825 1,000000000002249 ), 0
( 0,9999999988146294 1,0000000001598695 1,0000000022465894 ), 0
( 0,9999999998224298 1,000000001082051 1,000000001496994 ), 0
( 0,9999999999058686 1,0000000017230009 1,0000000023260487 ), 0
( 0,9999999989745367 1,0000000022031286 1,0000000029016558 ), 0
( 0,999999999425687 1,000000002091029 1,0000000023349391 ), 0
( 0,9999999988336584 1,000000000614029 1,0000000023457325 ), 0
( 0,9999999995847466 1,0000000019747992 1,0000000021614799 ), 0
( 0,999999998767958 1,0000000018152524 1,0000000017921165 ), 0
( 0,9999999991229287 1,0000000011155923 1,000000002054737 ), 0
( 0,9999999991257613 1,00000000196493 1,0000000016375241 ), 0
( 0,9999999989718399 1,0000000027605402 1,0000000029805742 ), 0
( 0,999999999188296 1,000000000115965 0,9999999993693794 ), 0
( 1,000000000105079 1,0000000017964634 1,0000000023387028 ), 0
( 0,9999999998266479 1,0000000022246796 1,000000002611809 ), 0
( 0,9999999995319533 1,0000000008039214 1,0000000010747663 ), 0
( 0,9999999991548116 1,000000002004662 1,0000000018562902 ), 0
( 0,9999999984555656 1,0000000004607497 1,0000000009976573 ), 0
( 0,9999999990636879 1,0000000016583137 1,000000001309592 ), 0
( 0,9999999996227034 1,000000002401819 1,0000000018504442 ), 0
( 0,999999999127726 1,0000000018715756 1,000000002271865 ), 0
( 0,9999999997498604 1,0000000024041682 1,0000000017499817 ), 0
( 1,0000000005683132 1,0000000012231902 1,0000000002718432 ), 0
( 0,9999999994587012 1,000000001847394 1,0000000018156598 ), 0
( 1,0000000001893454 1,000000000556908 1,0000000020361355 ), 0
( 0,9999999990209154 1,0000000006048617 1,000000000971894 ), 0
( 0,9999999993197061 1,0000000008435883 1,000000001663926 ), 0
( 0,9999999992496795 1,000000000982908 1,0000000013783283 ), 0
( 0,9999999991605789 1,000000002228968 1,0000000012660069 ), 0
( 0,9999999995529008 1,0000000013729915 1,0000000021677695 ), 0
( 1,0000000004796779 1,0000000014701542 1,0000000004762697 ), 0
( 0,9999999984968315 1,000000001313654 1,0000000019910749 ), 0
( 0,9999999992929454 1,000000001520028 1,0000000022547844 ), 0
( 1,000000000446077 1,0000000026473965 1,000000001591701 ), 0
( 0,9999999992555828 1,0000000017846038 1,0000000023629216 ), 0
( 0,9999999990743839 1,0000000020963438 1,0000000016175603 ), 0
( 0,9999999998207877 1,0000000014339583 1,000000002291867 ), 0
( 0,9999999984570228 1,000000000976042 1,0000000018689874 ), 0
( 0,9999999986137337 1,000000001080787 1,0000000019542565 ), 0
( 0,9999999993337187 1,0000000013256891 1,0000000005921177 ), 0
( 0,9999999999358641 1,0000000012762171 1,0000000024365454 ), 0
( 0,9999999990042997 1,000000002242024 1,0000000027035318 ), 0
( 0,9999999984158486 1,0000000009902972 1,0000000013259744 ), 0
( 0,9999999992221419 1,0000000014091326 1,0000000020522173 ), 0
( 0,9999999992993799 1,0000000015398858 1,0000000013860237 ), 0
( 0,9999999987234817 1,0000000015344697 1,0000000021670905 ), 0
( 0,9999999989611608 1,0000000018802657 1,0000000022132467 ), 0
( 0,9999999991754436 1,0000000016354735 1,0000000023631592 ), 0
( 0,9999999986712991 0,9999999988431673 0,9999999999869807 ), 0
( 0,9999999989096814 1,0000000022578954 1,0000000026750882 ), 0
( 0,9999999991254725 1,0000000001160456 0,9999999998498518 ), 0
( 1,0000000006893952 1,0000000007075243 1,0000000005495324 ), 0
( 0,9999999995489063 1,0000000021027742 1,0000000031225242 ), 0
( 0,9999999988858793 1,000000001929697 1,0000000022140048 ), 0
( 0,9999999999659972 1,0000000009902703 1,0000000025565587 ), 0
( 0,9999999994202067 1,0000000015483836 1,0000000013888655 ), 0
( 0,9999999990787473 1,0000000016951498 1,000000003027408 ), 0
( 0,9999999996669432 1,000000000674367 1,0000000020400466 ), 0
( 0,9999999990893232 1,0000000012899095 1,0000000014800972 ), 0
( 1,0000000000284057 1,0000000001084537 1,0000000019459714 ), 0
( 0,9999999998257935 1,0000000007891887 1,0000000013466483 ), 0
( 0,999999999199476 1,0000000020853639 1,0000000023208795 ), 0
( 1,0000000010506884 1,0000000012462207 1,00000000157133 ), 0
( 1,0000000014366621 1,0000000001137235 1,0000000021342343 ), 0
( 0,9999999997980549 1,0000000005943739 1,0000000016957704 ), 0
( 0,999999999298497 1,0000000014472874 1,0000000027793814 ), 0
( 0,9999999991665904 1,0000000009813852 1,0000000004213363 ), 0
( 0,9999999993746613 1,000000001763179 1,0000000031652392 ), 0
( 0,9999999991399675 1,0000000017223096 1,0000000019369395 ), 0
( 1,0000000000861788 1,00000000037164 1,0000000006179774 ), 0
( 0,9999999982530471 1,0000000010072678 1,0000000018661483 ), 0
( 0,9999999990808478 0,9999999996858396 1,0000000009498464 ), 0
( 0,9999999994832162 1,0000000020026953 1,0000000022029054 ), 0
( 1,000000000393579 1,000000000467544 1,0000000020793745 ), 0
( 0,9999999994311126 1,0000000015428825 1,0000000011195342 ), 0
( 0,9999999989233384 1,0000000018377655 1,000000002339565 ), 0
( 0,9999999989372136 1,0000000011508487 1,0000000012087302 ), 0
( 0,9999999990677321 1,0000000025030218 1,0000000014990098 ), 0
( 0,9999999994062753 1,0000000010661432 1,000000001732072 ), 0
( 0,999999998825037 1,0000000012051047 1,0000000018454152 ), 0
( 0,9999999993745244 1,0000000020599227 1,0000000020691984 ), 0
( 0,9999999989682337 1,0000000016804884 1,0000000017318016 ), 0
( 0,999999999943091 1,0000000009306682 1,000000001105843 ), 0
( 1,0000000008169525 1,0000000010172734 1,000000002864555 ), 0
( 1,0000000002687195 0,9999999992624774 0,9999999986113817 ), 0
( 0,9999999992682451 1,0000000013772978 1,0000000023500706 ), 0
( 0,9999999990975452 1,0000000023917048 1,0000000021513213 ), 0
( 0,9999999990375582 1,0000000019343849 1,0000000020754978 ), 0
( 0,9999999992551413 1,0000000028572544 1,0000000027616014 ), 0
( 1,000000000281141 1,0000000003945717 1,0000000016734492 ), 0
( 0,9999999997709361 1,0000000011413819 1,0000000020677895 ), 0
( 1,000000000058238 1,0000000021490092 1,0000000011308703 ), 0
( 0,9999999996257926 1,000000001244045 1,0000000021312558 ), 0
( 0,9999999993421087 1,0000000018840849 1,0000000024211773 ), 0
( 1,0000000013638937 1,00000000037714 1,0000000017018935 ), 0
( 1,000000000989381 1,0000000013733796 1,0000000013463384 ), 0
( 0,9999999993669909 1,0000000010785381 1,0000000009035535 ), 0
( 0,9999999998632985 1,0000000015881794 1,0000000017226087 ), 0
( 0,9999999991565098 1,0000000016589674 1,000000002327665 ), 0
( 0,9999999988681098 1,0000000016774107 1,0000000015242303 ), 0
( 0,9999999983608029 1,0000000018550794 1,0000000028455727 ), 0
( 1,0000000000199136 1,0000000017170598 1,0000000011789982 ), 0
( 0,9999999988390589 0,9999999978531345 0,9999999981194914 ), 0
( 0,9999999991749137 1,0000000020207775 1,000000001250403 ), 0
( 0,9999999991082575 1,0000000012447496 1,0000000012833674 ), 0
( 1,0000000009035568 1,000000000426057 1,000000000754314 ), 0
( 0,9999999989651591 1,0000000000971236 1,0000000004643175 ), 0
( 1,000000000546661 1,0000000017476223 1,0000000025183942 ), 0
( 0,9999999986251106 1,0000000010764691 1,0000000020035784 ), 0
( 0,9999999995009917 1,0000000009248873 1,0000000017467636 ), 0
( 0,9999999997275206 1,0000000013348795 1,0000000018323871 ), 0
( 0,9999999997581042 1,0000000013451147 1,000000000926392 ), 0
( 1,0000000001126346 1,0000000014273613 1,0000000005734748 ), 0
( 0,9999999997498406 1,0000000006123957 1,0000000023560685 ), 0
( 0,9999999990928193 1,0000000009036112 1,0000000012148291 ), 0
( 0,9999999998010174 1,0000000015613881 1,0000000021989914 ), 0
( 0,9999999984619763 1,0000000015867019 1,0000000016258057 ), 0
( 0,9999999996458715 1,0000000009040828 1,000000001069906 ), 0
( 0,9999999997224901 1,0000000016479755 1,0000000015815897 ), 0
( 1,000000000327324 1,0000000018706001 1,0000000005842775 ), 0
( 0,9999999995428628 0,9999999994361478 1,000000001126479 ), 0
( 1,0000000003566387 1,000000001954444 1,0000000021714517 ), 0
( 1,0000000001528884 1,0000000021315454 1,0000000017747546 ), 0
( 0,9999999989871176 1,0000000010495573 1,0000000018749984 ), 0
( 1,0000000000279783 1,000000001670148 1,0000000024924036 ), 0
( 0,9999999992820355 1,0000000018985356 1,000000002438379 ), 0
( 0,9999999990727428 1,0000000021891442 1,0000000017326947 ), 0
( 0,99999999926762 1,000000001697609 1,000000001531292 ), 0
( 1,00000000001648 1,0000000003809955 1,000000001268824 ), 0
( 0,9999999999650269 1,0000000015751058 1,000000001176429 ), 0
( 0,9999999992069114 1,0000000016231034 1,0000000013556203 ), 0
( 0,9999999987421065 1,0000000020924096 1,0000000023926554 ), 0
( 1,0000000018520314 1,0000000006118774 0,9999999988283176 ), 0
( 0,9999999990300045 1,000000001054266 1,0000000019785422 ), 0
( 0,9999999998028188 1,0000000000494036 1,0000000003743519 ), 0
( 0,999999999829444 1,0000000006575485 1,0000000010977756 ), 0
( 0,9999999999595318 1,0000000026453995 1,0000000019313773 ), 0
( 0,9999999992776659 0,9999999999990876 1,0000000011421648 ), 0
( 1,0000000010844456 1,0000000003794651 1,0000000013990378 ), 0
( 0,9999999999245579 1,0000000017118436 1,0000000019086546 ), 0
( 0,9999999994739506 1,000000001938553 1,000000002337835 ), 0
( 1,0000000000676854 1,0000000008096583 1,0000000012901287 ), 0
( 0,9999999997439147 1,0000000012427614 1,0000000019246273 ), 0
( 0,9999999999543571 1,0000000018791622 1,000000002714722 ), 0
( 1,0000000001414946 1,0000000003375018 1,0000000007868486 ), 0
( 0,9999999981299779 1,0000000015288077 1,000000002870174 ), 0
( 0,9999999991931148 1,000000002182392 1,0000000022407933 ), 0
( 0,9999999991437414 1,0000000020581952 1,0000000020608322 ), 0
( 0,9999999989632258 1,0000000014907109 1,000000001864002 ), 0
( 0,9999999994481242 1,0000000019991617 1,0000000026046487 ), 0
( 0,9999999992025645 1,0000000009802115 1,0000000027170082 ), 0
( 1,0000000015486292 1,0000000016240413 1,0000000002305305 ), 0
( 0,9999999993589943 1,000000002032841 1,0000000023983415 ), 0
( 0,9999999991678404 0,9999999995789137 1,0000000016211261 ), 0
( 0,9999999998265555 1,0000000014750665 1,0000000019657969 ), 0
( 0,9999999985609015 1,0000000008192866 1,00000000129971 ), 0
( 1,0000000005088954 1,0000000019765063 1,0000000019327433 ), 0
( 0,9999999996927498 1,0000000022229252 1,000000002323963 ), 0
( 0,9999999989445709 1,0000000008107572 1,000000001708306 ), 0
( 1,0000000001048768 1,0000000012160513 1,0000000006799385 ), 0
( 1,000000000207207 1,0000000005959653 1,000000001751672 ), 0
( 0,9999999993030938 1,0000000004459002 1,0000000000034195 ), 0
( 0,9999999998186998 1,000000001439115 1,0000000013483796 ), 0
( 0,9999999985797932 1,000000001324663 1,0000000022805156 ), 0
( 0,9999999994431467 1,0000000009759507 1,0000000009705834 ), 0
( 0,999999999994177 1,0000000022172308 1,0000000015761048 ), 0
( 0,9999999987887008 1,0000000011027745 1,0000000022510656 ), 0
( 0,9999999996299126 1,0000000019112034 1,000000001124117 ), 0
( 1,0000000000201248 1,0000000001159104 1,000000000446771 ), 0
( 0,9999999996140969 1,0000000018512858 1,000000001657357 ), 0
( 0,9999999994421408 1,0000000011327173 1,0000000021213282 ), 0
( 0,9999999987514909 1,0000000008183587 1,000000001559145 ), 0
( 0,9999999989680982 1,000000001824728 1,0000000024131646 ), 0
( 0,9999999988511108 1,0000000028344889 1,0000000018307884 ), 0
( 0,9999999988004042 1,0000000018980697 1,0000000025008415 ), 0
( 1,0000000000262463 1,0000000013879369 1,0000000027135931 ), 0
( 0,9999999987514808 1,0000000017518242 1,0000000013636596 ), 0
( 0,9999999996434081 1,0000000019368018 1,0000000022078464 ), 0
( 0,9999999992648357 1,0000000014407213 1,0000000026358113 ), 0
( 0,9999999995817151 0,9999999995024609 0,9999999994974126 ), 0
( 0,999999999398045 1,0000000013136652 1,0000000021495972 ), 0
( 1,0000000003670382 1,0000000014558834 1,0000000015088668 ), 0
( 0,9999999995621917 1,0000000007515897 1,0000000009845509 ), 0
( 0,9999999994893014 0,9999999989450242 1,0000000000849394 ), 0
( 0,9999999985877355 1,0000000001431508 1,000000002284779 ), 0
( 0,9999999992876197 1,0000000012817891 1,0000000021409508 ), 0
( 0,9999999990270392 1,0000000003940845 1,000000001539784 ), 0
( 0,9999999984697863 1,000000001459728 1,0000000028588578 ), 0
( 0,9999999990224626 1,0000000021215572 1,0000000021304973 ), 0
( 1,0000000000102083 1,0000000006340906 1,0000000011108154 ), 0
( 1,0000000007138128 1,0000000022343412 0,9999999990796674 ), 0
( 0,9999999985260117 1,0000000016164596 1,0000000018575592 ), 0
( 1,0000000000489786 1,0000000022043325 0,9999999990008183 ), 0
( 1,0000000005269152 1,0000000003094274 1,000000001072225 ), 0
( 0,9999999994126297 1,0000000008728533 1,0000000018344946 ), 0
( 0,9999999995484746 1,0000000007436431 1,0000000018706492 ), 0
( 1,000000000199163 1,0000000020418156 1,0000000014529 ), 0
( 0,9999999987678938 1,0000000023714255 1,0000000026658644 ), 0
( 0,9999999996350359 1,0000000015325838 1,0000000010351933 ), 0
( 1,0000000000202838 1,0000000016743193 1,000000002268785 ), 0
( 0,9999999991723991 1,0000000025151228 1,0000000026249258 ), 0
( 0,9999999989007241 1,0000000019065307 1,0000000018150004 ), 0
( 0,999999999864411 1,0000000016171013 1,0000000013543264 ), 0
( 0,9999999989172808 1,0000000017108464 1,0000000025330193 ), 0
( 0,9999999997159624 1,0000000013848716 1,000000002470874 ), 0
( 0,9999999994575841 1,000000000236197 1,0000000018550734 ), 0
( 0,9999999996718094 1,0000000017141248 1,0000000024613878 ), 0
( 1,0000000006534997 0,9999999996826677 1,0000000013603552 ), 0
( 0,9999999998136092 1,0000000019164852 1,000000001758604 ), 0
( 0,9999999990682024 1,00000000295692 1,0000000028906422 ), 0
( 0,999999998923138 1,000000000319148 1,0000000021252953 ), 0
( 0,9999999991001766 1,0000000014016128 1,0000000028535148 ), 0
( 0,9999999995803006 1,0000000013478334 1,00000000157528 ), 0
( 0,9999999989356066 1,0000000013924106 1,000000001638295 ), 0
( 0,9999999984803846 1,0000000000266787 1,0000000014664776 ), 0
( 0,9999999989984726 1,0000000008229044 1,0000000016066426 ), 0
( 0,9999999994431489 1,0000000011278078 1,0000000012175874 ), 0
( 0,9999999991616344 1,0000000023671967 1,0000000029915852 ), 0
( 0,999999999080164 1,0000000013310064 1,000000001392387 ), 0
( 0,9999999992710225 1,000000001716232 1,0000000026753963 ), 0
( 0,9999999994329478 1,000000001302377 1,0000000012464836 ), 0
( 0,9999999994039337 1,0000000018490471 1,0000000018746866 ), 0
( 0,9999999979401542 1,0000000002957685 0,9999999990085474 ), 0
( 0,9999999988899497 1,0000000019288304 1,0000000019313557 ), 0
( 0,9999999989361865 1,0000000014849364 1,000000001069988 ), 0
( 1,000000000005681 1,0000000022703799 1,0000000020579138 ), 0
( 0,9999999995932917 1,000000001581844 1,0000000013553731 ), 0
( 0,9999999994301682 1,0000000012787926 1,0000000025147553 ), 0
( 0,9999999998885358 1,0000000005139003 0,9999999997739405 ), 0
( 0,9999999987951683 1,0000000009910321 1,0000000016981094 ), 0
( 1,000000000054205 1,0000000010858978 1,0000000030983824 ), 0
( 0,9999999990316524 1,0000000018408979 1,0000000018606503 ), 0
( 0,9999999994314851 1,0000000025502653 1,0000000028410558 ), 0
( 0,9999999997855943 1,00000000168176 1,0000000024494435 ), 0
( 0,9999999998401885 1,0000000011146892 1,0000000005046963 ), 0
( 0,9999999989884457 1,0000000021341295 1,0000000026942542 ), 0
( 0,9999999994751271 1,000000001490458 1,0000000013051351 ), 0
( 1,0000000000062488 1,000000001397879 1,0000000021838482 ), 0
( 0,999999999086163 1,0000000022576452 1,0000000013958554 ), 0
( 0,999999999052694 1,000000002262604 1,0000000022117617 ), 0
( 0,9999999997691453 1,0000000012892194 1,00000000196091 ), 0
( 0,9999999985287717 1,0000000015387591 1,000000002053629 ), 0
( 0,9999999999455613 1,0000000018903237 1,0000000024449023 ), 0
( 0,9999999999968362 1,0000000019376556 1,000000000957572 ), 0
( 0,9999999989658938 1,000000001293266 1,0000000020756408 ), 0
( 1,000000000409455 1,0000000010870835 1,0000000018655706 ), 0
( 0,9999999999450648 1,0000000014209367 1,0000000016549708 ), 0
( 0,9999999989305752 0,9999999995441409 0,9999999999372797 ), 0
( 0,9999999991798505 1,0000000010513133 1,000000002567751 ), 0
( 0,9999999999998713 1,0000000013656127 1,0000000018522355 ), 0
( 0,9999999991188707 1,0000000022586755 1,0000000019387698 ), 0
( 0,9999999999894136 1,0000000018329707 1,0000000008256134 ), 0
( 1,0000000000883271 1,000000001172502 1,0000000018761692 ), 0
( 0,9999999993464975 1,0000000021732736 1,0000000021041933 ), 0
( 0,9999999991220552 0,9999999993586588 1,0000000020801818 ), 0
( 0,9999999992937088 1,0000000017695598 1,0000000024571722 ), 0
( 0,9999999989583714 1,0000000012822396 1,0000000021975108 ), 0
( 0,9999999994052826 1,0000000015729968 1,0000000012367394 ), 0
( 0,9999999990819144 1,0000000007866445 1,0000000003846132 ), 0
( 0,9999999986525411 1,00000000135034 1,0000000010067673 ), 0
( 1,0000000003511669 1,0000000000534977 1,0000000003497473 ), 0
( 0,9999999990282002 1,0000000017160353 1,0000000015786776 ), 0
( 0,9999999998068864 1,0000000012596955 1,0000000019346849 ), 0
( 1,0000000001062517 1,0000000013734902 1,0000000023404565 ), 0
( 0,9999999994595348 1,0000000019739983 1,0000000022264555 ), 0
( 0,999999999431941 1,0000000016848754 1,0000000017422566 ), 0
( 1,000000000171707 1,0000000016525177 1,000000001287334 ), 0
( 1,0000000005832157 1,000000000913971 0,9999999999615016 ), 0
( 0,9999999991896797 1,0000000018658968 1,000000000803336 ), 0
( 0,9999999990211045 1,0000000015527621 1,0000000018461797 ), 0
( 1,0000000004745448 1,0000000016401738 0,9999999999976344 ), 0
( 1,0000000000844382 1,000000001785813 1,0000000012035049 ), 0
( 0,9999999992057002 1,0000000002060094 1,0000000004923708 ), 0
( 0,9999999990651393 1,0000000013462427 1,0000000007147398 ), 0
( 0,9999999999026548 0,9999999999991618 1,0000000021580322 ), 0
( 0,9999999997980753 1,0000000019254365 1,0000000017491215 ), 0
( 0,9999999999956218 1,0000000004681493 1,000000002069765 ), 0
( 0,9999999991425934 1,0000000024776066 1,0000000023184472 ), 0
( 0,9999999988361138 1,0000000011730872 1,0000000018527149 ), 0
( 0,9999999991442663 1,0000000010554138 1,0000000025106488 ), 0
( 0,9999999998212664 1,0000000007988057 0,999999999121496 ), 0
( 1,0000000007396412 1,0000000007575405 1,0000000017949333 ), 0
( 0,9999999998464212 1,000000001283678 1,0000000013898398 ), 0
( 0,9999999993978803 1,000000000489875 1,0000000022523992 ), 0
( 0,9999999999300127 1,0000000003201108 1,0000000017922517 ), 0
( 0,9999999995382481 1,0000000001604084 1,0000000018880277 ), 0
( 1,0000000003389562 1,0000000020978745 1,0000000016098771 ), 0
( 0,9999999999241398 1,0000000011509402 1,000000002013075 ), 0
( 0,9999999987155932 1,0000000009941497 1,000000001757762 ), 0
( 0,9999999993321746 1,000000000898405 1,0000000017293327 ), 0
( 0,9999999994484672 1,0000000013255563 1,0000000012205124 ), 0
( 1,000000001007202 1,0000000002590703 1,0000000014539063 ), 0
( 0,9999999995790644 1,000000000560551 1,000000000524166 ), 0
( 0,9999999988385315 1,0000000017787942 1,0000000022258053 ), 0
( 0,9999999989204293 1,0000000015043855 1,0000000006665888 ), 0
( 1,0000000000243412 1,0000000022547078 1,0000000012060046 ), 0
( 0,9999999993460795 1,0000000020120794 1,0000000017714474 ), 0
( 0,9999999991251334 1,0000000014313213 1,000000002013036 ), 0
( 0,9999999989424455 1,0000000023409987 1,0000000019733393 ), 0
( 0,9999999991347692 1,0000000008989616 1,0000000013828068 ), 0
( 0,9999999990819771 1,000000001782113 1,000000001869645 ), 0
( 0,9999999986285258 1,0000000007314604 1,0000000013726922 ), 0
( 0,9999999988320991 1,0000000017163357 1,0000000022103885 ), 0
( 0,9999999986664473 1,0000000011325312 1,0000000008606293 ), 0
( 0,9999999988520025 1,0000000006515848 1,0000000016810466 ), 0
( 0,9999999990733289 1,0000000016463912 1,000000002133927 ), 0
( 0,9999999995666289 1,0000000008143957 1,0000000016774955 ), 0
( 0,9999999997309889 1,0000000002940201 1,0000000019654838 ), 0
( 0,9999999988793825 1,0000000014967105 1,0000000019843174 ), 0
( 0,9999999992625509 1,0000000011686714 1,0000000015066208 ), 0
( 0,9999999997571161 1,0000000013738006 1,000000001740854 ), 0
( 0,999999999855808 1,0000000013451553 1,000000001457796 ), 0
( 0,99999999875386 1,0000000014437775 1,0000000018773296 ), 0
( 0,9999999993063283 1,0000000010316978 1,0000000028662805 ), 0
( 0,9999999987232879 1,0000000011091106 1,0000000015084831 ), 0
( 0,9999999998367186 1,0000000005738907 1,0000000010727568 ), 0
( 0,9999999983890261 1,0000000009823518 1,0000000012891819 ), 0
( 0,9999999991094989 1,000000000547932 1,0000000008724834 ), 0
( 0,999999999138348 1,0000000025264024 1,000000002410129 ), 0
( 0,9999999990529587 1,0000000014909411 1,0000000015942385 ), 0
( 0,9999999986141389 1,0000000022099735 1,0000000017055897 ), 0
( 0,9999999988637436 1,000000001586191 1,0000000030335456 ), 0
( 0,9999999992877265 1,0000000013181016 1,000000000466787 ), 0
( 0,9999999995263531 1,0000000011846728 1,0000000015544643 ), 0
( 0,9999999996916521 1,0000000013562989 1,0000000025713276 ), 0
( 0,9999999994665707 1,0000000013482664 1,000000001344937 ), 0
( 0,9999999988197047 1,000000002125417 1,0000000026763978 ), 0
( 0,9999999997734671 1,0000000021586237 1,000000002387979 ), 0
( 0,9999999995978093 1,000000001508203 1,0000000018511002 ), 0
( 0,9999999997323543 1,0000000012990913 1,0000000012763768 ), 0
( 0,9999999988886481 1,000000001930118 1,0000000022148874 ), 0
( 0,9999999994735576 1,0000000017067157 1,000000002112404 ), 0
( 0,9999999994000849 1,0000000006253127 1,0000000009351604 ), 0
( 0,9999999985217556 1,0000000012060644 1,0000000015433617 ), 0
( 1,0000000000009104 1,0000000015896826 1,000000001509856 ), 0
( 0,9999999991445162 1,0000000012212071 1,0000000004557066 ), 0
( 0,9999999996437778 1,0000000016874528 1,0000000014420634 ), 0
( 0,9999999996543592 1,0000000018158748 1,0000000015319355 ), 0
( 0,9999999992315979 1,0000000017912394 1,0000000022272704 ), 0
( 0,9999999982187323 1,0000000016192319 0,9999999998028704 ), 0
( 1,0000000002876064 1,0000000020283213 1,0000000014126305 ), 0
( 0,9999999993607128 1,000000001337429 1,000000000953359 ), 0
( 0,9999999992152285 1,0000000009884955 1,0000000008824326 ), 0
( 0,9999999987692642 1,0000000001126033 1,0000000022756772 ), 0
( 0,9999999966487242 0,9999999989045665 1,0000000018883333 ), 0
( 0,9999999992913647 0,9999999989898095 0,9999999992042766 ), 0
( 0,9999999986153499 1,0000000003205374 1,0000000005073812 ), 0
( 0,9999999977959415 0,9999999999680845 1,0000000353512482 ), 2,4868995751603507E-13
( 0,9999999989822985 0,9999999841755455 0,9999999676389215 ), 2,5579538487363607E-13
( 0,9999999989534588 1,0000000618018254 1,0000000620858378 ), 1,5205614545266144E-12
( 1,0000000056429232 1,0000003388968441 1,0000003381812688 ), 4,548184051600401E-11
( 1,0000000071268746 1,0000018883837984 1,000001870891893 ), 1,4018901595136413E-09
( 0,9999959007149167 0,9999964314746075 0,9999997592120724 ), 5,87171200550074E-09
( 0,9999999599921062 1,0000072420995443 1,0000071862635578 ), 2,0651029331020254E-08
( 0,986779755787849 0,0011540326360201837 0,017187927710490304 ), 2,0567877120978437
Liczba wywoa funkcji celu: 85042
