Iteracja nr: 51
( 0,9999999997516863 1,0000000011581036 1,000000001449937 ), 0
( 0,9999999994810972 1,0000000007973917 1,0000000020104947 ), 0
( 0,9999999995753984 1,0000000012218904 1,0000000017960595 ), 0
( 0,9999999994242322 1,000000001095843 1,0000000016979829 ), 0
( 0,9999999993423893 1,000000001462768 1,0000000018559787 ), 0
( 0,9999999995110257 1,0000000013667179 1,000000001657889 ), 0
( 0,9999999994180983 1,0000000014708696 1,0000000018505195 ), 0
( 0,9999999995111107 1,000000001355024 1,0000000016279076 ), 0
( 0,9999999994935841 1,0000000011313648 1,0000000017708588 ), 0
( 0,9999999994452202 1,0000000012803711 1,0000000014580475 ), 0
( 0,9999999994733657 1,0000000016203416 1,0000000018802393 ), 0
( 0,9999999995058801 1,000000001320334 1,0000000017000985 ), 0
( 0,9999999994641735 1,000000001477646 1,0000000017891948 ), 0
( 0,9999999997925773 1,0000000012491206 1,0000000014851094 ), 0
( 0,9999999994332479 1,0000000010714902 1,0000000016152775 ), 0
( 0,9999999993477475 1,0000000010877654 1,0000000013354589 ), 0
( 0,9999999995024774 1,0000000014660597 1,0000000018224888 ), 0
( 0,9999999993146144 1,0000000013105692 1,000000001513008 ), 0
( 0,9999999994487778 1,0000000008461378 1,000000001371913 ), 0
( 0,9999999993896775 1,0000000012101233 1,0000000017669592 ), 0
( 0,9999999994586968 1,0000000013642634 1,0000000019248654 ), 0
( 0,9999999994857005 1,0000000011978138 1,0000000015370802 ), 0
( 0,9999999996574572 1,0000000013926125 1,0000000016649828 ), 0
( 0,9999999995123446 1,000000001198459 1,0000000015757975 ), 0
( 0,9999999997662455 1,0000000010058414 1,0000000015979167 ), 0
( 0,9999999996779864 1,0000000010308365 1,0000000016383126 ), 0
( 0,9999999994722606 1,0000000012703782 1,0000000016148625 ), 0
( 0,9999999996303842 1,0000000013208612 1,000000001652895 ), 0
( 0,9999999995719316 1,0000000011662353 1,00000000135564 ), 0
( 0,999999999463997 1,0000000013125405 1,0000000015167918 ), 0
( 0,9999999996407481 1,0000000011722259 1,000000001228609 ), 0
( 0,9999999997879534 1,0000000013356058 1,000000001600639 ), 0
( 0,9999999995008344 1,0000000013581622 1,000000001815958 ), 0
( 0,999999999343279 1,000000001342326 1,000000001565157 ), 0
( 0,9999999994945087 1,0000000008397476 1,0000000013642332 ), 0
( 0,9999999992860984 1,0000000012158985 1,0000000014661905 ), 0
( 0,9999999993986878 1,0000000011738945 1,0000000015049244 ), 0
( 0,9999999993082623 1,0000000013005381 1,0000000016684192 ), 0
( 0,9999999993533332 1,000000001568112 1,0000000017670247 ), 0
( 0,9999999993704615 1,0000000013361137 1,000000001664563 ), 0
( 0,9999999994804886 1,0000000007076517 1,000000001406103 ), 0
( 0,9999999993712273 1,0000000013380188 1,0000000015980952 ), 0
( 0,9999999993804332 1,0000000009918126 1,0000000015556174 ), 0
( 0,9999999995171768 1,000000001494906 1,0000000016836916 ), 0
( 0,999999999539788 1,0000000015194412 1,0000000016180965 ), 0
( 0,9999999997409739 1,0000000014061867 1,0000000016232196 ), 0
( 0,9999999994856381 1,0000000012098986 1,000000001347552 ), 0
( 0,9999999993102474 1,0000000013006678 1,0000000015773383 ), 0
( 0,9999999996061276 1,0000000013689567 1,000000001699021 ), 0
( 0,9999999996163201 1,0000000010346362 1,000000001180897 ), 0
( 0,9999999993368185 1,000000001219861 1,000000001841129 ), 0
( 0,999999999518234 1,000000001293556 1,0000000016674442 ), 0
( 0,9999999993338099 1,0000000013069432 1,0000000015106898 ), 0
( 0,999999999450653 1,000000001268572 1,0000000017232318 ), 0
( 0,9999999993576283 1,0000000013271213 1,000000001790927 ), 0
( 0,9999999995432673 1,0000000013221895 1,0000000013855563 ), 0
( 0,9999999993981634 1,0000000013160517 1,0000000017460475 ), 0
( 0,9999999995436334 1,0000000011048402 1,0000000015353392 ), 0
( 0,9999999994718987 1,000000001251032 1,000000001794518 ), 0
( 0,9999999994220531 1,0000000013269095 1,000000001916125 ), 0
( 0,9999999993880269 1,0000000012144425 1,0000000014256116 ), 0
( 0,9999999994169615 1,000000001629 1,0000000018309232 ), 0
( 0,999999999472761 1,0000000011676304 1,000000001262858 ), 0
( 0,9999999995454767 1,0000000008971583 1,000000001345418 ), 0
( 0,9999999995346808 1,0000000012658432 1,0000000016752655 ), 0
( 0,9999999994841013 1,000000001279227 1,0000000017684179 ), 0
( 0,9999999993993343 1,0000000012446577 1,0000000016319996 ), 0
( 0,999999999627867 1,0000000012862398 1,0000000017927058 ), 0
( 0,9999999995214116 1,0000000015621524 1,000000001830586 ), 0
( 0,9999999992803128 1,0000000010305616 1,0000000015340433 ), 0
( 0,9999999994649437 1,0000000012843353 1,000000001663808 ), 0
( 0,9999999996307206 1,0000000014064292 1,0000000016479045 ), 0
( 0,9999999997472234 1,0000000014414068 1,000000001801846 ), 0
( 0,9999999993026084 1,0000000012814774 1,0000000015208002 ), 0
( 0,9999999994895317 1,0000000011344903 1,000000001535927 ), 0
( 0,9999999993881551 1,0000000011987324 1,0000000013300914 ), 0
( 0,9999999994445282 1,0000000012200838 1,0000000015021808 ), 0
( 0,999999999421163 1,0000000009828451 1,0000000014122683 ), 0
( 0,9999999994483132 1,0000000011027224 1,0000000014938693 ), 0
( 0,9999999994412829 1,0000000012236745 1,0000000015051784 ), 0
( 0,9999999996548898 1,0000000014722386 1,0000000017146837 ), 0
( 0,9999999995079114 1,000000001758575 1,000000001574661 ), 0
( 0,99999999937116 1,0000000014403363 1,000000002056903 ), 0
( 0,9999999993992023 1,0000000013662063 1,0000000017608177 ), 0
( 0,9999999995789406 1,0000000013381638 1,0000000012008963 ), 0
( 0,9999999993937057 1,0000000011981713 1,0000000016142123 ), 0
( 0,9999999993704626 1,000000001280074 1,00000000147238 ), 0
( 0,9999999992976698 1,0000000012141934 1,000000001948481 ), 0
( 0,9999999993409603 1,0000000013924382 1,000000001718718 ), 0
( 0,9999999994323121 1,0000000014545412 1,000000001663455 ), 0
( 0,999999999391884 1,0000000014436632 1,0000000016511923 ), 0
( 0,9999999994344904 1,0000000011881782 1,0000000015756076 ), 0
( 0,9999999993491278 1,0000000009041699 1,0000000015962935 ), 0
( 0,9999999993734753 1,0000000012625447 1,0000000017642316 ), 0
( 0,9999999991855384 1,000000001298997 1,0000000017212716 ), 0
( 0,9999999995021897 1,0000000010887127 1,000000001226597 ), 0
( 0,9999999994046952 1,0000000013409982 1,000000001723167 ), 0
( 0,9999999993208133 1,0000000012485695 1,0000000016625414 ), 0
( 0,9999999993592958 1,0000000010059957 1,0000000015380797 ), 0
( 0,9999999993880652 1,000000001473432 1,0000000016105293 ), 0
( 0,9999999994800257 1,000000001316658 1,0000000015767905 ), 0
( 0,9999999994530472 1,0000000012698629 1,000000001550395 ), 0
( 0,9999999994904922 1,0000000011691146 1,0000000013878714 ), 0
( 0,9999999995969302 1,000000001314904 1,0000000016838895 ), 0
( 0,999999999252073 1,0000000013157273 1,0000000019296125 ), 0
( 0,9999999997326333 1,000000001181979 1,0000000013505976 ), 0
( 0,9999999994518608 1,000000001360813 1,0000000015984505 ), 0
( 0,9999999992933333 1,0000000010136734 1,000000001615924 ), 0
( 0,9999999994466914 1,0000000013012111 1,0000000017091988 ), 0
( 0,9999999994838819 1,0000000016422872 1,0000000019113855 ), 0
( 0,9999999994180182 1,0000000011657324 1,0000000013531412 ), 0
( 0,99999999942661 1,0000000011546408 1,0000000015894996 ), 0
( 0,9999999994512457 1,000000000994589 1,0000000012305603 ), 0
( 0,9999999996507529 1,0000000014290813 1,0000000014756485 ), 0
( 0,9999999996357075 1,0000000011570014 1,000000001448701 ), 0
( 0,9999999996860685 1,000000001420773 1,0000000018519848 ), 0
( 0,999999999408989 1,0000000012538595 1,0000000018820627 ), 0
( 0,9999999996141076 1,0000000014591814 1,0000000017786486 ), 0
( 0,9999999995782064 1,0000000013868928 1,0000000015215134 ), 0
( 0,9999999994675668 1,000000000851941 1,0000000014756352 ), 0
( 0,9999999994260717 1,0000000014237131 1,0000000018293573 ), 0
( 0,9999999992714583 1,0000000010827637 1,0000000014521087 ), 0
( 0,9999999997832443 1,000000001347961 1,0000000014493147 ), 0
( 0,9999999994083837 1,0000000008601313 1,0000000015051766 ), 0
( 0,9999999994848715 1,0000000013366481 1,0000000014504946 ), 0
( 0,9999999994153569 1,0000000015413004 1,0000000018769308 ), 0
( 0,999999999436407 1,0000000011658348 1,00000000166755 ), 0
( 0,9999999993481592 1,0000000015569617 1,0000000016768753 ), 0
( 0,999999999327641 1,0000000013941777 1,000000001695005 ), 0
( 0,9999999996370851 1,0000000013126829 1,000000001607193 ), 0
( 0,9999999993937372 1,000000001429891 1,0000000018279451 ), 0
( 0,9999999994965636 1,0000000011828236 1,0000000014216388 ), 0
( 0,9999999992825669 1,0000000013991017 1,0000000012853818 ), 0
( 1,0000000010491703 0,9999999996552599 0,9999999985054732 ), 0
( 0,9999999995012083 1,0000000015621722 1,0000000018332884 ), 0
( 0,9999999995865984 1,0000000014637414 1,0000000011108137 ), 0
( 0,9999999992576235 1,0000000012575565 1,0000000012537107 ), 0
( 0,9999999995455815 1,0000000013007697 1,0000000017536332 ), 0
( 0,9999999995134614 1,0000000008683538 1,0000000014507484 ), 0
( 0,9999999993934109 1,0000000012295513 1,0000000015637753 ), 0
( 0,9999999995674957 1,0000000013828736 1,0000000016096458 ), 0
( 0,9999999994410854 1,0000000012711443 1,000000001634794 ), 0
( 0,9999999991540555 1,000000001316541 1,0000000016994408 ), 0
( 0,9999999993933729 1,0000000009702512 1,0000000015357706 ), 0
( 0,9999999994227405 1,000000001295872 1,0000000016866655 ), 0
( 0,9999999994419954 1,0000000014886665 1,000000001667477 ), 0
( 0,9999999993142085 1,0000000012656192 1,0000000016312312 ), 0
( 0,9999999996290955 1,0000000014974568 1,0000000017966844 ), 0
( 0,9999999993837261 1,0000000010230818 1,0000000018384276 ), 0
( 0,9999999993709606 1,0000000009986891 1,0000000012713037 ), 0
( 0,9999999991781605 1,000000001293639 1,0000000015654986 ), 0
( 0,9999999994205909 1,000000001260387 1,0000000014788348 ), 0
( 0,9999999993676146 1,000000001416806 1,0000000014754975 ), 0
( 0,9999999996473787 1,0000000007518228 1,0000000007383314 ), 0
( 0,9999999995333089 1,000000001426119 1,0000000016854693 ), 0
( 0,9999999994989713 1,0000000014049109 1,0000000018364 ), 0
( 0,9999999993746534 1,0000000013361428 1,0000000015692763 ), 0
( 0,9999999993222397 1,0000000013850197 1,0000000017248512 ), 0
( 0,9999999993426136 1,0000000012199914 1,000000001899335 ), 0
( 0,999999999567667 1,0000000012980144 1,0000000019743298 ), 0
( 0,9999999993592528 1,000000001130885 1,000000001411717 ), 0
( 0,9999999994282632 1,0000000005829819 1,0000000013645205 ), 0
( 0,9999999995099471 1,0000000013201933 1,0000000019326356 ), 0
( 0,9999999993365424 1,0000000013992336 1,0000000017483972 ), 0
( 0,9999999994684914 1,0000000012994186 1,000000001495408 ), 0
( 0,9999999993351167 1,0000000014251442 1,0000000017859842 ), 0
( 0,9999999996484678 1,0000000013852408 1,0000000015359731 ), 0
( 0,9999999994558821 1,000000001316402 1,0000000014796822 ), 0
( 0,9999999995521769 1,000000001425975 1,0000000015172972 ), 0
( 0,9999999992552965 1,0000000012210974 1,0000000015349797 ), 0
( 0,9999999994540121 1,0000000007612693 1,000000001372451 ), 0
( 0,9999999995650051 1,0000000011208077 1,0000000013897488 ), 0
( 0,9999999993681321 1,0000000014117179 1,00000000142939 ), 0
( 0,9999999994084222 1,000000001504923 1,0000000018584052 ), 0
( 0,9999999996313457 1,0000000012849124 1,000000001749522 ), 0
( 0,9999999996460373 1,0000000016382125 1,000000001924167 ), 0
( 0,9999999993335061 1,000000001162976 1,0000000014276076 ), 0
( 0,9999999994573497 1,0000000013843502 1,0000000017200823 ), 0
( 0,9999999994437417 1,0000000015641703 1,0000000018447122 ), 0
( 0,999999999279902 1,0000000014140404 1,0000000015207502 ), 0
( 0,9999999994113795 1,0000000013261388 1,0000000018119075 ), 0
( 0,9999999994625925 1,0000000011810113 1,0000000013138661 ), 0
( 0,9999999993659319 1,0000000011464691 1,000000001524268 ), 0
( 0,999999999356775 1,0000000009375354 1,000000001324011 ), 0
( 0,9999999994455392 1,000000001308042 1,0000000013458863 ), 0
( 0,9999999994015192 1,0000000013115793 1,000000001595498 ), 0
( 0,9999999996661771 1,0000000014477555 1,0000000017337551 ), 0
( 0,9999999996870788 1,0000000014485821 1,0000000016737738 ), 0
( 0,9999999992924486 1,0000000012782457 1,0000000015867656 ), 0
( 0,999999999529847 1,0000000011728536 1,0000000017572621 ), 0
( 0,9999999995155763 1,0000000014951107 1,0000000017803874 ), 0
( 0,9999999993576844 1,0000000013754209 1,0000000017353654 ), 0
( 0,999999999540644 1,00000000130786 1,000000001414845 ), 0
( 0,9999999994064368 1,0000000013669645 1,0000000017376327 ), 0
( 0,9999999995716742 1,0000000011604246 1,0000000015979735 ), 0
( 0,9999999993356815 1,0000000010189767 1,0000000013293269 ), 0
( 0,9999999992934904 1,0000000012280303 1,000000001537011 ), 0
( 0,999999999550654 1,000000001181561 1,0000000015924486 ), 0
( 0,9999999995066884 1,0000000016053388 1,000000001945054 ), 0
( 0,9999999995179985 1,0000000010384493 1,0000000010265313 ), 0
( 0,9999999993689328 1,0000000010108634 1,0000000015735004 ), 0
( 0,999999999417872 1,0000000012771804 1,000000001852452 ), 0
( 0,9999999996313313 1,0000000011074948 1,0000000014538872 ), 0
( 0,9999999995418146 1,0000000013627441 1,0000000015482104 ), 0
( 0,9999999994667756 1,0000000014129442 1,000000001655454 ), 0
( 0,9999999996031275 1,0000000010333263 1,0000000014098624 ), 0
( 0,9999999994915506 1,0000000012670263 1,0000000016236916 ), 0
( 0,9999999993267369 1,0000000011679941 1,0000000015578328 ), 0
( 0,9999999994491262 1,000000001175124 1,0000000014782542 ), 0
( 0,9999999995038364 1,0000000010680141 1,000000001607045 ), 0
( 0,9999999996820771 1,000000001324391 1,0000000016372357 ), 0
( 0,9999999996511859 1,0000000011741605 1,0000000015712915 ), 0
( 0,9999999993689328 1,000000001200639 1,0000000015421329 ), 0
( 0,9999999995042267 1,0000000011599044 1,0000000016042743 ), 0
( 0,9999999993997635 1,0000000009642505 1,0000000012236228 ), 0
( 0,9999999995844646 1,000000001473047 1,0000000014699388 ), 0
( 0,9999999994063925 1,0000000013276178 1,0000000013858896 ), 0
( 0,9999999994565932 1,0000000013247357 1,0000000011970636 ), 0
( 0,9999999998670301 1,0000000013447208 1,0000000016275061 ), 0
( 0,9999999997524294 1,0000000007514513 1,0000000012973131 ), 0
( 0,9999999994791406 1,0000000012191312 1,0000000015070951 ), 0
( 0,9999999994692227 1,0000000014622041 1,000000001893002 ), 0
( 0,999999999512294 1,0000000012397452 1,00000000174734 ), 0
( 0,9999999993033254 1,0000000014336599 1,000000001884258 ), 0
( 0,9999999996115448 1,0000000012224408 1,0000000016383574 ), 0
( 0,9999999993791867 1,0000000010209271 1,0000000016170576 ), 0
( 0,9999999996315684 1,0000000014277242 1,000000001697511 ), 0
( 0,9999999995062568 1,0000000015215875 1,0000000015599833 ), 0
( 0,9999999995546824 1,0000000012231949 1,0000000016505426 ), 0
( 0,9999999993769673 1,000000001304626 1,0000000016081343 ), 0
( 0,9999999995746666 1,000000001580633 1,0000000018399189 ), 0
( 0,9999999995096591 1,0000000013949166 1,0000000018655768 ), 0
( 0,9999999993860422 1,0000000011979726 1,0000000017281836 ), 0
( 0,9999999996413568 1,0000000012278267 1,0000000016968633 ), 0
( 0,9999999994544686 1,0000000013024501 1,000000001465395 ), 0
( 0,9999999994029413 1,0000000010597507 1,0000000017057673 ), 0
( 0,9999999995162799 1,0000000014077306 1,000000001762867 ), 0
( 0,9999999994560137 1,0000000012940597 1,0000000014387331 ), 0
( 0,9999999995937642 1,0000000012748944 1,0000000016391803 ), 0
( 0,9999999995530712 1,0000000013545538 1,0000000015437682 ), 0
( 0,9999999995622305 1,0000000014138837 1,0000000016317867 ), 0
( 0,9999999993565081 1,000000001121328 1,000000001661161 ), 0
( 0,9999999992830074 1,0000000007662169 1,000000000895093 ), 0
( 0,9999999995462319 1,0000000012452308 1,0000000015383896 ), 0
( 0,9999999994382168 1,0000000011224215 1,0000000014923878 ), 0
( 0,9999999996723514 1,0000000014821273 1,0000000015654809 ), 0
( 0,9999999994751309 1,0000000014038402 1,0000000016965531 ), 0
( 0,9999999995157525 1,0000000013424692 1,0000000017410444 ), 0
( 0,9999999996270433 1,000000001338614 1,000000001734065 ), 0
( 0,9999999994190271 1,000000001044199 1,000000001153557 ), 0
( 0,9999999994166516 1,0000000012469643 1,0000000017717148 ), 0
( 0,999999999617967 1,0000000011408667 1,0000000014633537 ), 0
( 0,9999999994082465 1,0000000009081267 1,000000001480656 ), 0
( 0,9999999994181112 1,000000001325275 1,000000001722615 ), 0
( 0,9999999995136514 1,0000000012242796 1,0000000015729347 ), 0
( 0,9999999996227821 1,0000000010865415 1,000000001446039 ), 0
( 0,9999999994407032 1,0000000015116377 1,0000000015392312 ), 0
( 0,9999999995943392 1,000000001096683 1,0000000013748633 ), 0
( 0,99999999928407 1,0000000010122978 1,000000001050288 ), 0
( 0,9999999994631337 1,0000000012441723 1,000000001725613 ), 0
( 0,9999999995540948 1,0000000011984291 1,000000001548906 ), 0
( 0,9999999994741138 1,0000000010974066 1,0000000017992463 ), 0
( 0,9999999993673013 1,000000001254542 1,0000000016056803 ), 0
( 0,9999999993487525 1,0000000011601748 1,0000000016337114 ), 0
( 0,9999999995683854 1,0000000013159387 1,000000001934031 ), 0
( 0,9999999994627585 1,000000001342849 1,0000000017487125 ), 0
( 0,9999999992186687 1,0000000010653252 1,0000000016340254 ), 0
( 0,9999999993243512 1,0000000010788135 1,0000000016400514 ), 0
( 0,9999999995816223 1,0000000014402972 1,0000000010906411 ), 0
( 0,9999999994820862 1,0000000010428027 1,000000001258447 ), 0
( 0,9999999995488139 1,0000000009496794 1,0000000014659405 ), 0
( 0,9999999995349199 1,0000000013459507 1,0000000018096513 ), 0
( 0,999999999538819 1,000000001440507 1,0000000019391229 ), 0
( 0,9999999994449937 1,0000000011483685 1,0000000013508146 ), 0
( 0,9999999993592994 1,0000000014167296 1,000000001756899 ), 0
( 0,9999999994093012 1,0000000012464312 1,0000000015852102 ), 0
( 0,9999999996788191 1,0000000014303352 1,0000000017325246 ), 0
( 0,9999999997321172 1,000000001166567 1,0000000016689072 ), 0
( 0,9999999994902923 1,0000000012609287 1,000000001466379 ), 0
( 0,9999999997119486 1,0000000012422563 1,0000000017299973 ), 0
( 0,9999999993662542 1,0000000013042378 1,0000000015134345 ), 0
( 0,9999999996233419 1,0000000015523967 1,0000000017803954 ), 0
( 0,9999999993085347 1,0000000011470893 1,000000001159232 ), 0
( 0,9999999994154415 1,0000000015470383 1,0000000017421529 ), 0
( 0,9999999994309534 1,0000000012862014 1,0000000016923916 ), 0
( 0,9999999995054872 1,0000000014728336 1,0000000016962893 ), 0
( 0,9999999993090632 1,000000001268034 1,0000000018207382 ), 0
( 0,9999999994799804 1,0000000012609767 1,0000000013739347 ), 0
( 0,9999999993421901 1,0000000012126586 1,0000000015168458 ), 0
( 0,9999999992265225 1,000000001410712 1,0000000012969443 ), 0
( 0,9999999992117252 1,0000000014526842 1,0000000016676618 ), 0
( 0,9999999992732421 1,000000001504233 1,0000000014715191 ), 0
( 0,9999999993810246 1,0000000012896297 1,000000001424785 ), 0
( 0,999999999204269 1,000000001317861 1,000000001157485 ), 0
( 0,999999999225876 1,0000000015379131 1,0000000017242123 ), 0
( 0,9999999994566512 1,0000000014856825 1,0000000015498198 ), 0
( 0,99999999967467 1,0000000011673056 1,000000001599588 ), 0
( 0,999999999548223 1,000000001137986 1,0000000014142476 ), 0
( 0,9999999993819763 1,0000000013728583 1,0000000016671051 ), 0
( 0,9999999995918344 1,0000000008450771 1,0000000015612547 ), 0
( 0,9999999994273675 1,0000000012459722 1,000000001680627 ), 0
( 0,999999999517802 1,0000000013253225 1,000000001443055 ), 0
( 0,9999999995891451 1,0000000012258314 1,0000000017375206 ), 0
( 0,999999999277089 1,0000000013546424 1,0000000014559998 ), 0
( 0,9999999995963438 1,0000000014001125 1,0000000017437238 ), 0
( 0,9999999995298277 1,0000000011499086 1,0000000013427992 ), 0
( 0,9999999998458697 1,000000001205451 1,0000000015225754 ), 0
( 0,9999999995089386 1,0000000009422045 1,000000001338795 ), 0
( 0,9999999995374471 1,0000000010312087 1,0000000014436206 ), 0
( 0,9999999993205244 1,0000000013022994 1,000000001737951 ), 0
( 0,999999999629061 1,0000000011718935 1,000000001663047 ), 0
( 0,9999999994244222 1,000000001196837 1,0000000016548387 ), 0
( 0,9999999996207164 1,0000000012037589 1,0000000016254946 ), 0
( 0,9999999994899489 1,0000000012991133 1,0000000016814476 ), 0
( 0,9999999995405441 1,0000000012785697 1,0000000019044823 ), 0
( 0,9999999996779483 1,0000000010289531 1,0000000014811852 ), 0
( 0,999999999331149 1,0000000013321266 1,0000000014745933 ), 0
( 0,9999999996701552 1,0000000011255914 1,0000000015352006 ), 0
( 0,9999999994004241 1,0000000011547783 1,0000000015759951 ), 0
( 0,9999999995078143 1,0000000013463186 1,0000000016506787 ), 0
( 0,9999999995641916 1,0000000010449308 1,000000001428156 ), 0
( 0,99999999927776 1,0000000012694226 1,0000000015769899 ), 0
( 0,999999999368352 1,0000000010327534 1,000000001156605 ), 0
( 0,9999999992855761 1,0000000013909212 1,0000000017133377 ), 0
( 0,9999999998153193 1,0000000014395323 1,0000000017629307 ), 0
( 0,9999999993967544 1,0000000013941057 1,000000001798537 ), 0
( 0,9999999994134874 1,0000000012889538 1,0000000017358808 ), 0
( 0,9999999993754635 1,0000000010416636 1,0000000014743526 ), 0
( 0,9999999997330038 1,0000000013078452 1,0000000012711234 ), 0
( 0,9999999992826075 1,0000000010818106 1,0000000016246051 ), 0
( 0,9999999994143143 1,0000000015055817 1,0000000018123538 ), 0
( 0,9999999994740025 1,0000000013414125 1,000000001578592 ), 0
( 0,99999999942118 1,0000000017293718 1,000000001885192 ), 0
( 0,9999999993498301 1,0000000014558612 1,0000000017670752 ), 0
( 0,9999999993343102 1,000000001444488 1,0000000014553387 ), 0
( 0,9999999996623318 1,0000000012420156 1,0000000013484271 ), 0
( 0,9999999994687546 1,0000000013047705 1,000000001457793 ), 0
( 0,9999999994066162 1,0000000010182728 1,0000000014717432 ), 0
( 0,9999999994938954 1,0000000013221135 1,0000000017011779 ), 0
( 0,9999999995044493 1,0000000013142794 1,0000000018483122 ), 0
( 0,9999999994597079 1,0000000009568435 1,0000000013733694 ), 0
( 0,9999999994439247 1,0000000013673638 1,000000001706134 ), 0
( 0,9999999994191515 1,000000001255513 1,0000000016272044 ), 0
( 0,9999999996558392 1,0000000015174282 1,0000000018933406 ), 0
( 0,9999999994963409 1,000000001056572 1,0000000012926393 ), 0
( 0,99999999936978 1,0000000010657493 1,0000000014148078 ), 0
( 0,9999999994086721 1,0000000013946762 1,0000000016330723 ), 0
( 0,9999999995351118 1,0000000007962633 1,000000001296301 ), 0
( 0,9999999994167333 1,0000000014932795 1,0000000017957436 ), 0
( 0,9999999994443577 1,000000001189273 1,0000000013293413 ), 0
( 0,9999999990858539 1,0000000012852472 1,0000000014839063 ), 0
( 0,9999999994785794 1,0000000013767698 1,0000000016875796 ), 0
( 0,9999999994658494 1,0000000009837862 1,0000000019855249 ), 0
( 0,9999999995439597 1,0000000010526406 1,000000001032332 ), 0
( 0,9999999995114602 1,0000000012071293 1,0000000017942676 ), 0
( 0,9999999994429998 1,0000000014072883 1,0000000014545067 ), 0
( 0,9999999993814832 1,0000000013746186 1,0000000014876713 ), 0
( 0,999999999251289 1,0000000014333 1,0000000017066386 ), 0
( 0,9999999995363319 1,0000000013470287 1,000000001608333 ), 0
( 0,9999999994871612 1,0000000014441712 1,0000000018266157 ), 0
( 0,9999999994827075 1,0000000013787236 1,000000001646696 ), 0
( 0,9999999994440776 1,0000000013231276 1,000000001834013 ), 0
( 0,9999999996111493 1,000000001464163 1,0000000015792556 ), 0
( 0,9999999995805516 1,0000000012455987 1,0000000014584167 ), 0
( 0,9999999994969156 1,0000000007124508 1,0000000012387862 ), 0
( 0,9999999994930014 1,0000000010883643 1,0000000016402923 ), 0
( 0,9999999994036635 1,000000000980384 1,0000000016151787 ), 0
( 0,9999999997516451 1,0000000012130816 1,0000000015667658 ), 0
( 0,9999999995455489 1,000000001250044 1,0000000014288315 ), 0
( 0,9999999997085265 1,0000000012006072 1,000000001599374 ), 0
( 0,9999999994740008 1,0000000014915063 1,0000000015883388 ), 0
( 0,999999999191967 1,0000000011715733 1,0000000017182986 ), 0
( 0,9999999996244795 1,000000001438182 1,000000001506905 ), 0
( 0,9999999995451733 1,0000000013081396 1,000000001352489 ), 0
( 0,9999999995799498 1,0000000013699484 1,000000001889582 ), 0
( 0,9999999995938152 1,0000000013842967 1,0000000019192876 ), 0
( 0,9999999994607326 1,000000001191148 1,0000000014725046 ), 0
( 0,9999999994310319 1,0000000010959598 1,0000000013872368 ), 0
( 0,9999999992398296 1,0000000015186792 1,0000000015477588 ), 0
( 0,9999999992182651 1,000000001511691 1,000000001838475 ), 0
( 0,9999999994694018 1,0000000012373365 1,0000000017537605 ), 0
( 0,9999999995774477 1,0000000013764534 1,0000000012965582 ), 0
( 0,9999999993624039 1,0000000012537051 1,0000000016864095 ), 0
( 0,9999999992403683 1,0000000010298908 1,0000000013398183 ), 0
( 0,9999999993463231 1,000000001101582 1,000000001491268 ), 0
( 0,9999999993898782 1,000000001004135 1,0000000012767296 ), 0
( 0,9999999994573567 1,000000001265854 1,00000000151457 ), 0
( 0,9999999993147348 1,000000001112686 1,0000000019273245 ), 0
( 0,9999999994274018 1,0000000011911043 1,0000000014240362 ), 0
( 0,9999999995536304 1,000000001417095 1,0000000014914965 ), 0
( 0,999999999536066 1,0000000010908332 1,0000000016392163 ), 0
( 0,9999999994971432 1,000000001284274 1,000000001360482 ), 0
( 0,9999999995160226 1,0000000010046584 1,0000000011548154 ), 0
( 0,9999999991295203 1,0000000011708283 1,0000000016190365 ), 0
( 0,9999999993005174 1,000000001260314 1,0000000016911785 ), 0
( 0,9999999995736986 1,000000001454689 1,0000000016758337 ), 0
( 0,999999999373575 1,0000000015008246 1,0000000018390793 ), 0
( 0,9999999993096997 1,0000000009918484 1,0000000016300021 ), 0
( 0,9999999994129954 1,0000000013071286 1,0000000017424193 ), 0
( 0,9999999994075283 1,0000000013491834 1,0000000018819326 ), 0
( 0,9999999995348086 1,0000000011888137 1,0000000016755766 ), 0
( 0,9999999996254083 1,0000000013961665 1,0000000017193333 ), 0
( 0,9999999993976206 1,0000000014042447 1,0000000019052857 ), 0
( 0,9999999994948489 1,000000001104953 1,000000001624332 ), 0
( 0,9999999995848512 1,000000001214895 1,0000000014797412 ), 0
( 0,9999999994806689 1,0000000013020054 1,0000000014667454 ), 0
( 0,9999999994593735 1,0000000014363806 1,0000000016668709 ), 0
( 0,9999999994340173 1,0000000010436119 1,000000001565016 ), 0
( 0,9999999995667992 1,0000000011897348 1,000000001528482 ), 0
( 0,9999999995686114 1,0000000012144314 1,0000000015444626 ), 0
( 0,9999999993635775 1,0000000011955406 1,0000000017577158 ), 0
( 0,9999999993343348 1,0000000013164758 1,0000000017589923 ), 0
( 0,9999999994724492 1,000000001437565 1,0000000019076467 ), 0
( 0,9999999993892146 1,0000000013085593 1,0000000016205564 ), 0
( 0,9999999994919041 1,0000000008021686 1,0000000013745838 ), 0
( 0,9999999993524947 1,0000000015818469 1,0000000018488 ), 0
( 0,9999999993235834 1,0000000014323451 1,0000000018024868 ), 0
( 0,999999999373585 1,000000001507106 1,0000000017206396 ), 0
( 0,9999999994813281 1,0000000014447425 1,0000000014774488 ), 0
( 0,9999999995817842 1,0000000015015256 1,0000000017401396 ), 0
( 0,999999999588747 1,0000000016813262 1,0000000019181716 ), 0
( 0,9999999997049042 1,0000000013121804 1,0000000017312685 ), 0
( 0,9999999995024277 1,000000001220353 1,000000001651856 ), 0
( 0,9999999993973039 1,0000000011468002 1,0000000013374284 ), 0
( 0,999999999536541 1,0000000009240382 1,00000000116817 ), 0
( 0,9999999990340607 1,000000001362535 1,000000001507028 ), 0
( 0,9999999995352727 1,0000000011834134 1,0000000013547676 ), 0
( 0,9999999994903196 1,0000000009931471 1,0000000017714537 ), 0
( 0,9999999995157105 1,0000000011630237 1,0000000014138373 ), 0
( 0,9999999994904502 1,0000000011907708 1,0000000017187942 ), 0
( 0,9999999995733133 1,000000001494049 1,000000001648862 ), 0
( 0,999999999392364 1,0000000011142047 1,0000000015954793 ), 0
( 0,9999999996709573 1,0000000013740113 1,0000000017305033 ), 0
( 0,9999999993827111 1,0000000012560402 1,0000000018692168 ), 0
( 0,9999999993460805 1,0000000011774268 1,0000000014665824 ), 0
( 0,9999999997284673 1,0000000014422112 1,00000000165492 ), 0
( 0,999999999488652 1,0000000014956991 1,0000000020139501 ), 0
( 0,9999999995984746 1,0000000012703343 1,0000000016393846 ), 0
( 0,9999999992392393 1,0000000014511738 1,000000001478448 ), 0
( 0,9999999994908109 1,000000001502628 1,0000000020308648 ), 0
( 0,9999999993502827 1,0000000013882682 1,0000000015659964 ), 0
( 0,9999999994049971 1,0000000008847862 1,000000001637156 ), 0
( 0,9999999994305017 1,000000001157872 1,00000000165794 ), 0
( 0,999999999491207 1,0000000011745236 1,0000000013429091 ), 0
( 0,9999999994803973 1,0000000014167938 1,0000000020351758 ), 0
( 0,9999999995585952 1,000000001082682 1,0000000016173445 ), 0
( 0,999999999346041 1,0000000014552675 1,0000000020233764 ), 0
( 0,999999999615663 1,0000000013594694 1,000000001807061 ), 0
( 0,9999999995271698 1,000000001326021 1,000000001520056 ), 0
( 0,9999999994482288 1,0000000013659172 1,0000000014952832 ), 0
( 0,9999999994681718 1,0000000013719725 1,0000000017772834 ), 0
( 0,9999999995370977 1,0000000016049326 1,0000000018377098 ), 0
( 0,99999999944317 1,0000000012083434 1,000000001048457 ), 0
( 0,9999999995111906 1,0000000011846122 1,0000000016526118 ), 0
( 0,9999999995221294 1,0000000013970956 1,000000001594891 ), 0
( 0,9999999995754336 1,0000000012246875 1,0000000015741808 ), 0
( 0,9999999996241236 1,0000000024605307 1,0000000026009248 ), 0
( 0,9999999994915287 1,000000001387365 1,0000000015430504 ), 0
( 0,9999999994535651 1,0000000015245047 1,0000000018905761 ), 0
( 0,9999999993463892 1,0000000014216004 1,0000000017158897 ), 0
( 0,9999999995078404 1,0000000008291536 1,0000000014292252 ), 0
( 0,9999999991164036 1,000000001580582 1,0000000014222712 ), 0
( 0,9999999993937163 1,0000000013424986 1,000000001786304 ), 0
( 0,9999999995897593 1,000000001020168 1,0000000013442505 ), 0
( 0,9999999994706347 1,0000000013642423 1,0000000016079393 ), 0
( 0,9999999994355797 1,000000001332722 1,0000000017123105 ), 0
( 0,9999999994666114 1,0000000013303343 1,0000000017601565 ), 0
( 0,9999999994415367 1,0000000013743582 1,0000000017382087 ), 0
( 0,9999999994843832 1,0000000013462664 1,0000000015364519 ), 0
( 0,9999999993752249 1,000000001038833 1,0000000014564843 ), 0
( 0,9999999993811888 1,0000000007775123 1,0000000020757653 ), 0
( 0,9999999994716017 1,0000000011173804 1,0000000013986257 ), 0
( 0,9999999992310793 1,0000000013475185 1,0000000016180828 ), 0
( 0,9999999994913377 1,0000000012199408 1,000000001497793 ), 0
( 0,999999999467372 1,0000000015929058 1,0000000019421749 ), 0
( 0,9999999993910772 1,0000000010983856 1,0000000016353006 ), 0
( 0,9999999995119301 1,000000001401464 1,000000001767797 ), 0
( 0,9999999994163172 1,000000001176608 1,0000000016981978 ), 0
( 0,9999999995629067 1,0000000014079855 1,000000001807668 ), 0
( 0,999999999364463 1,0000000016112263 1,0000000019057802 ), 0
( 0,9999999996297968 1,0000000014125843 1,0000000012975012 ), 0
( 0,9999999995732338 1,0000000008332914 1,0000000014889114 ), 0
( 0,9999999994831363 1,00000000127795 1,0000000015431771 ), 0
( 0,9999999994113675 1,0000000007454397 1,0000000014167405 ), 0
( 0,9999999992111779 1,0000000010159904 1,0000000011741514 ), 0
( 0,9999999993759614 1,0000000012992867 1,0000000015621089 ), 0
( 0,9999999996919302 1,0000000012871824 1,0000000015388844 ), 0
( 0,9999999994308244 1,0000000013875545 1,000000001650589 ), 0
( 0,9999999994863216 1,000000001315402 1,0000000017740067 ), 0
( 0,9999999992873735 1,0000000013495112 1,000000001856883 ), 0
( 0,9999999994954922 1,000000001195105 1,0000000016783839 ), 0
( 0,9999999995042197 1,0000000013500807 1,0000000016285073 ), 0
( 0,9999999992694264 1,000000000996619 1,0000000015546537 ), 0
( 0,9999999993578104 1,0000000013560713 1,000000001689915 ), 0
( 0,9999999994005239 1,000000001214532 1,0000000012627992 ), 0
( 0,9999999994774521 1,0000000013753376 1,0000000017376194 ), 0
( 0,9999999994770693 1,0000000013799963 1,00000000184748 ), 0
( 0,9999999993534295 1,0000000013470294 1,000000001599241 ), 0
( 0,9999999994492049 1,0000000011938397 1,0000000019074518 ), 0
( 0,9999999996235224 1,0000000012561014 1,0000000016239252 ), 0
( 0,9999999994072053 1,0000000015251116 1,0000000017839947 ), 0
( 0,9999999992604306 1,0000000012864916 1,0000000019587048 ), 0
( 0,9999999997895407 1,000000000753018 1,0000000005842835 ), 0
( 0,9999999996837011 1,00000000114296 1,0000000016367576 ), 0
( 0,9999999993627972 1,000000001283989 1,0000000014197952 ), 0
( 0,9999999994232965 1,0000000014663881 1,0000000018337383 ), 0
( 0,9999999995517512 1,0000000010937344 1,0000000014494401 ), 0
( 0,9999999996452092 1,0000000010932832 1,0000000014404984 ), 0
( 0,9999999998726516 1,0000000010441765 1,0000000016092985 ), 0
( 0,9999999995487916 1,0000000012981776 1,000000001613564 ), 0
( 0,9999999993280292 1,000000001427493 1,000000001703894 ), 0
( 0,9999999992553715 1,0000000010654255 1,0000000010721564 ), 0
( 0,9999999993552109 1,0000000009401135 1,000000001379211 ), 0
( 0,9999999995177664 1,0000000011981542 1,0000000016730324 ), 0
( 0,9999999993924982 1,0000000011661045 1,000000001456778 ), 0
( 0,9999999993885406 1,000000001178763 1,0000000015171355 ), 0
( 0,9999999992797572 1,0000000011056551 1,0000000013632124 ), 0
( 0,9999999994528624 1,0000000013173733 1,0000000016806474 ), 0
( 0,9999999990189541 1,000000001142269 1,0000000014834127 ), 0
( 0,9999999995177261 1,0000000013974903 1,000000001978548 ), 0
( 0,9999999995402254 1,0000000015392887 1,0000000016029302 ), 0
( 0,9999999993310559 1,0000000014004464 1,0000000016080726 ), 0
( 0,9999999992818301 1,000000001192217 1,000000001780566 ), 0
( 0,9999999996750811 1,0000000012322705 1,0000000014154282 ), 0
( 0,9999999996326585 1,0000000013890842 1,0000000014471029 ), 0
( 0,9999999994424241 1,0000000013917627 1,0000000015592037 ), 0
( 0,9999999996442075 1,0000000013387327 1,0000000015989399 ), 0
( 0,9999999992877536 1,0000000013662251 1,0000000016382946 ), 0
( 0,9999999994091592 1,000000001402358 1,000000001789073 ), 0
( 0,9999999993497025 1,0000000013413384 1,0000000015365913 ), 0
( 0,9999999994315792 1,0000000013530612 1,000000001615236 ), 0
( 0,9999999994625299 1,0000000009540733 1,000000001863234 ), 0
( 0,9999999995404258 1,000000001141038 1,000000001305096 ), 0
( 0,9999999993430884 1,0000000014096888 1,000000001556761 ), 0
( 0,9999999994913641 1,0000000012243524 1,0000000017329493 ), 0
( 0,9999999993784849 1,000000001384485 1,0000000017929223 ), 0
( 0,9999999995871138 1,0000000015023627 1,0000000015395838 ), 0
( 0,9999999993921491 1,0000000012762926 1,0000000016418336 ), 0
( 0,9999999994193985 1,000000001529885 1,0000000016293262 ), 0
( 0,9999999994220704 1,0000000013421921 1,0000000017200423 ), 0
( 0,9999999994857971 1,0000000013206647 1,000000001720421 ), 0
( 0,9999999993154277 1,0000000013933805 1,000000001648857 ), 0
( 0,999999999542254 1,0000000012747878 1,0000000016688217 ), 0
( 0,999999999353965 1,0000000013472699 1,0000000018147452 ), 0
( 0,9999999994078096 1,000000001140015 1,0000000015917143 ), 0
( 0,9999999994689324 1,0000000014408283 1,0000000018050992 ), 0
( 0,9999999994758088 1,0000000013602628 1,000000001642994 ), 0
( 0,9999999994644468 1,0000000013539214 1,0000000018044894 ), 0
( 0,9999999996380111 1,0000000012897154 1,0000000018810573 ), 0
( 0,9999999998910906 1,000000001224657 1,0000000012364432 ), 0
( 0,999999999545473 1,0000000015129589 1,000000001786212 ), 0
( 0,9999999994945903 1,0000000014307608 1,0000000018198771 ), 0
( 0,9999999994226202 1,000000001588483 1,000000001620033 ), 0
( 0,9999999991904197 1,0000000011753707 1,0000000015643427 ), 0
( 0,9999999994530069 1,0000000011176062 1,000000001325614 ), 0
( 0,9999999993422785 1,0000000015796195 1,0000000016408912 ), 0
( 0,9999999995006684 1,0000000011771446 1,0000000013034005 ), 0
( 0,999999999359404 1,000000001157552 1,0000000017731236 ), 0
( 0,9999999992332355 1,0000000011437078 1,0000000015799952 ), 0
( 0,9999999994125901 1,000000001068912 1,0000000015966422 ), 0
( 0,9999999996212131 1,0000000011335493 1,0000000012387802 ), 0
( 0,999999999500583 1,0000000012297245 1,0000000013781356 ), 0
( 0,9999999995492139 1,000000001221664 1,0000000012720247 ), 0
( 0,9999999993758446 1,0000000012722883 1,0000000017822188 ), 0
( 0,9999999996256026 1,000000001433016 1,0000000021210562 ), 0
( 0,9999999993864789 1,0000000012791883 1,0000000017095476 ), 0
( 0,9999999995840161 1,0000000012248953 1,000000001636679 ), 0
( 0,9999999993876705 1,0000000014798165 1,0000000017533057 ), 0
( 0,9999999994888378 1,0000000013700734 1,000000001733122 ), 0
( 0,9999999995634903 1,0000000012116885 1,0000000016866475 ), 0
( 0,9999999993261889 1,0000000012605015 1,0000000014706496 ), 0
( 0,9999999993991696 1,0000000010649026 1,0000000014018458 ), 0
( 0,9999999996016875 1,0000000010994348 1,0000000015395818 ), 0
( 0,9999999993964013 1,000000001362982 1,0000000018188555 ), 0
( 0,9999999991848093 1,000000001490203 1,0000000018293458 ), 0
( 0,9999999993831787 1,0000000010078234 1,000000001389078 ), 0
( 0,9999999995986584 1,0000000011198535 1,0000000014424966 ), 0
( 0,9999999994054809 1,000000001354885 1,000000001877539 ), 0
( 0,9999999995813605 1,0000000015550339 1,0000000016033772 ), 0
( 0,999999999348366 1,0000000010631176 1,0000000012521966 ), 0
( 0,9999999993365172 1,0000000013572925 1,0000000017652169 ), 0
( 0,999999999157374 1,0000000011116075 1,0000000016373258 ), 0
( 0,9999999994762906 1,0000000011585095 1,0000000016138146 ), 0
( 0,9999999993123247 1,0000000014200723 1,0000000018048723 ), 0
( 0,9999999995093151 1,000000001391231 1,0000000015570338 ), 0
( 0,9999999994590888 1,0000000013681771 1,0000000015229387 ), 0
( 0,9999999994686768 1,0000000013338461 1,0000000016866497 ), 0
( 0,9999999996543606 1,0000000011446797 1,0000000015954362 ), 0
( 0,9999999994937585 1,0000000011007923 1,0000000016734132 ), 0
( 0,999999999401252 1,0000000011900507 1,0000000016544148 ), 0
( 0,9999999994302088 1,0000000012238583 1,0000000015471777 ), 0
( 0,9999999996278573 1,0000000011684567 1,0000000015527633 ), 0
( 0,9999999993048044 1,0000000013806003 1,000000001905163 ), 0
( 0,9999999993444076 1,0000000010555832 1,000000001266282 ), 0
( 0,9999999998053682 1,0000000013125803 1,0000000011043493 ), 0
( 0,9999999993110353 1,000000001096941 1,0000000015578827 ), 0
( 0,9999999994995823 1,0000000010983638 1,0000000012847712 ), 0
( 0,9999999995065394 1,0000000012913268 1,0000000015897537 ), 0
( 0,9999999993637633 1,0000000013369954 1,0000000013452923 ), 0
( 0,9999999995610296 1,0000000013138433 1,000000001314632 ), 0
( 0,9999999996555033 1,000000001383488 1,0000000016360624 ), 0
( 0,9999999996572544 1,0000000011345496 1,0000000016069406 ), 0
( 0,9999999995168765 1,0000000010986163 1,0000000016724673 ), 0
( 0,9999999994221277 1,0000000010495271 1,0000000017538104 ), 0
( 0,9999999991725139 1,000000001328239 1,0000000014420194 ), 0
( 0,9999999995895171 1,000000001263675 1,0000000013200332 ), 0
( 0,9999999994627962 1,0000000012835621 1,000000001286259 ), 0
( 0,9999999995286801 1,0000000012483645 1,00000000146861 ), 0
( 0,9999999993999954 1,0000000011603785 1,0000000015362347 ), 0
( 0,999999999393233 1,0000000011551926 1,000000001347078 ), 0
( 0,9999999993832608 1,0000000013434882 1,0000000017768111 ), 0
( 0,9999999994867771 1,0000000014247385 1,0000000014912704 ), 0
( 0,9999999993314076 1,0000000010686882 1,0000000014165173 ), 0
( 0,99999999930835 1,000000001385129 1,0000000018989335 ), 0
( 0,9999999995002561 1,0000000017098745 1,0000000018110808 ), 0
( 0,999999999421305 1,000000001439989 1,0000000016025006 ), 0
( 0,9999999994589793 1,0000000013771484 1,000000001736017 ), 0
( 0,9999999993576131 1,0000000013555026 1,0000000016909516 ), 0
( 0,9999999995281511 1,0000000013236998 1,000000001759875 ), 0
( 0,9999999993707077 1,000000001490264 1,0000000016949586 ), 0
( 0,9999999994596039 1,0000000012987764 1,0000000015677393 ), 0
( 0,9999999994460015 1,0000000012257673 1,000000001720614 ), 0
( 0,9999999990413782 1,0000000016742463 1,00000000203303 ), 0
( 0,9999999993323802 1,0000000013173616 1,000000001474927 ), 0
( 0,9999999995829612 1,0000000014946517 1,0000000014407722 ), 0
( 0,9999999995353832 1,0000000011373955 1,0000000014196524 ), 0
( 0,9999999991710904 1,0000000011512944 1,0000000015765533 ), 0
( 0,9999999994622217 1,0000000011791403 1,0000000014959736 ), 0
( 0,9999999995060878 1,0000000011898738 1,000000001764112 ), 0
( 0,9999999995806612 1,0000000012195671 1,0000000017944335 ), 0
( 0,9999999994580296 1,0000000014432782 1,0000000016485426 ), 0
( 0,9999999994994792 1,0000000013329027 1,0000000018651198 ), 0
( 0,9999999994813082 1,0000000014933945 1,0000000017003685 ), 0
( 0,9999999995082586 1,0000000015280617 1,0000000017805009 ), 0
( 0,9999999996140209 1,0000000010558252 1,0000000012930463 ), 0
( 0,9999999995466953 1,0000000014961303 1,0000000016695636 ), 0
( 0,9999999993422883 1,000000001426655 1,0000000017800468 ), 0
( 0,9999999993187385 1,0000000013780201 1,000000001876738 ), 0
( 0,9999999994418978 1,000000001274958 1,0000000016387676 ), 0
( 0,9999999993962729 1,0000000014062884 1,0000000017689525 ), 0
( 0,9999999993889891 1,0000000010525427 1,0000000015705754 ), 0
( 0,999999999643745 1,0000000011521735 1,000000001307445 ), 0
( 0,999999999203504 1,000000001341032 1,0000000016044626 ), 0
( 0,9999999995030131 1,0000000012224357 1,0000000016566852 ), 0
( 0,9999999995959631 1,000000001160552 1,0000000014882129 ), 0
( 0,9999999994338356 1,000000001418274 1,0000000016258375 ), 0
( 0,9999999994473915 1,0000000012839736 1,000000001919777 ), 0
( 0,999999999504781 1,0000000012780814 1,0000000017254096 ), 0
( 0,999999999483183 1,0000000014307115 1,0000000017436457 ), 0
( 0,9999999994702861 1,0000000013329997 1,0000000015047532 ), 0
( 0,9999999995385279 1,0000000014035695 1,0000000015803763 ), 0
( 0,9999999993726044 1,0000000008932408 1,0000000009500063 ), 0
( 0,9999999997467993 1,0000000011438637 1,00000000158916 ), 0
( 0,9999999993351434 1,000000001270662 1,0000000017324067 ), 0
( 0,999999999427815 1,0000000012881263 1,0000000015321653 ), 0
( 0,9999999995471908 1,000000001423373 1,000000001590288 ), 0
( 0,9999999994344084 1,0000000013935106 1,0000000016636463 ), 0
( 0,9999999995375146 1,0000000011888646 1,0000000015522308 ), 0
( 0,9999999994656575 1,0000000011102863 1,0000000015795245 ), 0
( 0,999999999507706 1,0000000014593078 1,0000000016726618 ), 0
( 0,9999999993625706 1,0000000013856494 1,0000000016543562 ), 0
( 0,9999999995458807 1,0000000016265287 1,0000000019740274 ), 0
( 0,9999999994222678 1,0000000008837455 1,0000000014225796 ), 0
( 0,9999999995133309 1,0000000014218355 1,0000000017799322 ), 0
( 0,9999999994869265 1,0000000013753436 1,0000000016808157 ), 0
( 0,9999999994794918 1,0000000015250257 1,000000001748314 ), 0
( 0,9999999995312273 1,0000000014774715 1,0000000017058068 ), 0
( 0,9999999993390836 1,0000000010730783 1,000000001467034 ), 0
( 0,9999999993695915 1,000000001295193 1,0000000016826547 ), 0
( 0,9999999992385666 1,0000000009563483 1,0000000014650852 ), 0
( 0,9999999995580002 1,0000000012571788 1,0000000016532318 ), 0
( 0,9999999993662191 1,000000001362937 1,0000000016796686 ), 0
( 0,9999999995134405 1,0000000013444184 1,000000001531096 ), 0
( 0,9999999994528559 1,000000001089402 1,0000000014786834 ), 0
( 0,9999999993583207 1,000000001274913 1,0000000017005306 ), 0
( 0,9999999995209214 1,0000000012491248 1,0000000016083517 ), 0
( 0,9999999995188581 1,0000000013638302 1,000000001541468 ), 0
( 0,9999999993897288 1,0000000013587107 1,000000001808808 ), 0
( 0,9999999994230734 1,0000000010482362 1,0000000012827217 ), 0
( 0,9999999994398575 1,000000001433429 1,000000001683049 ), 0
( 0,9999999993073693 1,0000000012270445 1,000000001460924 ), 0
( 0,9999999994890358 1,0000000012253285 1,0000000017120843 ), 0
( 0,9999999994274584 1,0000000010214538 1,0000000015273514 ), 0
( 0,999999999751158 1,0000000011046697 1,000000001530907 ), 0
( 0,9999999995434377 1,0000000011928583 1,0000000015851516 ), 0
( 0,9999999996405052 1,0000000011030203 1,0000000014525678 ), 0
( 0,9999999994066122 1,000000001446838 1,0000000013968575 ), 0
( 0,999999999588939 1,0000000011521664 1,000000001506595 ), 0
( 0,999999999308229 1,0000000012823864 1,0000000016389452 ), 0
( 0,9999999994998134 1,0000000012132348 1,0000000011901917 ), 0
( 0,9999999994562656 1,0000000012486878 1,000000001570116 ), 0
( 0,9999999994414728 1,0000000012247874 1,000000001584091 ), 0
( 0,9999999993575962 1,0000000014007686 1,0000000013071217 ), 0
( 0,999999999368274 1,0000000011049461 1,0000000016788957 ), 0
( 0,9999999997904114 1,0000000010981698 1,0000000012395258 ), 0
( 0,9999999994201694 1,0000000011133456 1,0000000016451742 ), 0
( 0,9999999994874962 1,0000000009713659 1,0000000019365727 ), 0
( 0,9999999994283771 1,0000000010671743 1,0000000012201262 ), 0
( 0,9999999996921739 1,0000000009083854 1,0000000010244 ), 0
( 0,9999999995000952 1,000000001254269 1,0000000017263182 ), 0
( 0,9999999994339577 1,0000000011593868 1,0000000014372907 ), 0
( 0,9999999992040383 1,0000000012679837 1,0000000016608113 ), 0
( 0,9999999996090565 1,0000000012202928 1,000000001604017 ), 0
( 0,9999999994017021 1,0000000012429997 1,0000000017584523 ), 0
( 0,9999999992920464 1,0000000012443884 1,0000000014897898 ), 0
( 0,9999999994833519 1,0000000014932973 1,0000000018580997 ), 0
( 0,9999999996960088 1,00000000133464 1,0000000016176644 ), 0
( 0,9999999994397253 1,0000000013163648 1,0000000015084136 ), 0
( 0,9999999993790274 1,0000000013350094 1,0000000015657178 ), 0
( 0,999999999246337 1,0000000014304256 1,0000000017490527 ), 0
( 0,9999999994886337 1,000000000967647 1,0000000015219745 ), 0
( 0,9999999994549169 1,0000000010535202 1,0000000012730332 ), 0
( 0,9999999996677008 1,0000000014859243 1,0000000014778077 ), 0
( 0,9999999994151489 1,0000000013645483 1,000000001619332 ), 0
( 0,9999999992869777 1,000000001167808 1,0000000015182349 ), 0
( 0,9999999994110291 1,0000000015671693 1,0000000017270214 ), 0
( 0,9999999995224179 1,0000000014801296 1,0000000017601118 ), 0
( 0,9999999999620665 1,0000000016781148 1,000000001565247 ), 0
( 0,999999999378949 1,000000001301654 1,0000000015188495 ), 0
( 0,9999999995903492 1,000000001246357 1,000000001443835 ), 0
( 0,9999999995850409 1,0000000011386943 1,0000000015896866 ), 0
( 0,9999999995439851 1,0000000015080204 1,0000000017068607 ), 0
( 0,999999999400148 1,0000000011859813 1,0000000015953336 ), 0
( 0,9999999994303865 1,000000001428887 1,000000001606839 ), 0
( 0,9999999994862 1,0000000012658836 1,0000000014897796 ), 0
( 0,9999999996368091 1,0000000014131145 1,0000000018083977 ), 0
( 0,9999999996489028 1,000000001281278 1,0000000016460115 ), 0
( 0,9999999993551615 1,0000000013288848 1,0000000015718455 ), 0
( 0,9999999995467687 1,0000000013817818 1,000000001530063 ), 0
( 0,9999999992806361 1,0000000013863442 1,0000000018678334 ), 0
( 0,9999999993484296 1,000000001393143 1,000000001898186 ), 0
( 0,9999999994727257 1,0000000013336807 1,0000000018095498 ), 0
( 0,9999999995459128 1,0000000014195922 1,0000000016509507 ), 0
( 0,999999999501533 1,0000000011461172 1,0000000014162351 ), 0
( 0,9999999993363768 1,000000001342358 1,0000000016297677 ), 0
( 0,999999999471806 1,0000000011335421 1,0000000013179404 ), 0
( 0,9999999993282179 1,0000000010593217 1,0000000015622375 ), 0
( 0,9999999994272671 1,0000000012581032 1,0000000014982007 ), 0
( 0,9999999993053925 1,0000000010369463 1,000000001355351 ), 0
( 0,9999999994828217 1,0000000013666732 1,0000000012959114 ), 0
( 0,9999999996304582 1,0000000012074566 1,0000000017714012 ), 0
( 0,9999999994493011 1,000000001476432 1,0000000015685835 ), 0
( 0,9999999995536829 1,000000001356928 1,0000000014381036 ), 0
( 0,9999999994436903 1,0000000011795747 1,0000000015596995 ), 0
( 0,9999999994171107 1,0000000011691694 1,000000001636576 ), 0
( 0,9999999997389327 1,000000000928343 1,0000000010352406 ), 0
( 0,9999999993625283 1,0000000009809127 1,0000000010182462 ), 0
( 0,9999999996241438 1,0000000010859496 1,0000000015375872 ), 0
( 0,9999999993533015 1,0000000012392207 1,0000000014817574 ), 0
( 0,9999999991652031 1,00000000122526 1,0000000013820116 ), 0
( 0,9999999996970172 1,0000000011838093 1,0000000015998076 ), 0
( 0,9999999994692388 1,0000000009716175 1,0000000011944397 ), 0
( 0,9999999994417719 1,0000000010345893 1,0000000016557846 ), 0
( 0,999999999657166 1,0000000008573862 1,0000000013969879 ), 0
( 0,9999999995134345 1,0000000013860129 1,000000001705795 ), 0
( 0,9999999996360851 1,0000000012581223 1,0000000016335582 ), 0
( 0,9999999993891167 1,0000000011846941 1,0000000014707786 ), 0
( 0,9999999994757832 1,000000001572612 1,0000000018602901 ), 0
( 0,9999999995658547 1,000000001335013 1,0000000015243287 ), 0
( 0,9999999993289628 1,0000000016074548 1,0000000019069644 ), 0
( 0,9999999995956744 1,0000000014887012 1,0000000016918025 ), 0
( 0,9999999995161374 1,0000000012223116 1,0000000016696582 ), 0
( 0,9999999993308444 1,00000000124036 1,0000000017210915 ), 0
( 0,9999999991155578 1,0000000012728185 1,0000000014792014 ), 0
( 0,9999999994938086 1,0000000015076773 1,0000000015460362 ), 0
( 0,9999999993800133 1,000000001267136 1,0000000017024866 ), 0
( 0,9999999995725957 1,0000000015403887 1,0000000015693402 ), 0
( 0,9999999994431685 1,0000000012421493 1,0000000018345476 ), 0
( 0,9999999993079949 1,0000000012778598 1,000000001821322 ), 0
( 0,9999999994239532 1,0000000013565828 1,000000001703877 ), 0
( 0,9999999996572349 1,0000000014989694 1,000000001606437 ), 0
( 0,9999999994589645 1,000000001274995 1,0000000018564108 ), 0
( 0,9999999994639748 1,0000000007457355 1,000000001385868 ), 0
( 0,9999999994971682 1,0000000013228887 1,0000000017286514 ), 0
( 0,9999999992764356 1,0000000012210382 1,0000000016746657 ), 0
( 0,9999999994526649 1,000000001321986 1,0000000015295616 ), 0
( 0,9999999994690704 1,0000000010719705 1,0000000012388284 ), 0
( 0,9999999993953026 1,000000001289577 1,0000000016552069 ), 0
( 0,9999999996642542 1,0000000012219266 1,0000000019522606 ), 0
( 0,9999999995459689 1,0000000013683523 1,0000000016341823 ), 0
( 0,9999999993850731 1,0000000012419328 1,0000000017154087 ), 0
( 0,9999999994939242 1,000000001026839 1,000000001399831 ), 0
( 0,999999999424336 1,000000001294039 1,0000000016441737 ), 0
( 0,9999999993799261 1,0000000014271124 1,0000000016592792 ), 0
( 0,9999999993727704 1,0000000013989014 1,000000001724352 ), 0
( 0,9999999994223908 1,0000000012452948 1,0000000015982389 ), 0
( 0,9999999994138183 1,0000000013285513 1,000000001629781 ), 0
( 0,9999999994930425 1,0000000013400085 1,0000000018156872 ), 0
( 0,9999999995326309 1,0000000010869452 1,0000000017233766 ), 0
( 0,999999999343696 1,0000000013528176 1,000000001818695 ), 0
( 0,9999999992912831 1,0000000014441712 1,0000000019264317 ), 0
( 0,9999999994614939 1,0000000013340193 1,0000000016363024 ), 0
( 0,9999999993398371 1,000000001088049 1,0000000013435975 ), 0
( 0,9999999995380703 1,0000000013098926 1,0000000015791177 ), 0
( 0,9999999993257739 1,0000000011745889 1,0000000015191852 ), 0
( 0,9999999995777744 1,000000001539033 1,0000000016947805 ), 0
( 0,9999999994795828 1,000000001198754 1,0000000016017185 ), 0
( 0,9999999996234179 1,0000000011989996 1,000000001567401 ), 0
( 0,9999999995224592 1,000000001317695 1,00000000172057 ), 0
( 0,9999999992550898 1,0000000007883296 1,0000000007763032 ), 0
( 0,9999999994889583 1,0000000016023394 1,0000000019479338 ), 0
( 0,9999999996125246 1,000000001328164 1,0000000016298884 ), 0
( 0,9999999994321709 1,0000000010125805 1,0000000012671164 ), 0
( 0,9999999993606519 1,0000000013289647 1,0000000017362045 ), 0
( 0,9999999995424174 1,0000000013007502 1,0000000015568509 ), 0
( 0,9999999994788383 1,0000000013912782 1,0000000015514932 ), 0
( 0,9999999993684905 1,0000000012589114 1,000000001474689 ), 0
( 0,9999999995501402 1,0000000013368793 1,0000000017125774 ), 0
( 0,9999999993587632 1,0000000011642565 1,0000000016783648 ), 0
( 0,9999999996246167 1,0000000010249592 1,000000001696226 ), 0
( 0,9999999991446477 1,0000000013000068 1,0000000011068606 ), 0
( 0,9999999994413882 1,0000000012371861 1,0000000016182393 ), 0
( 0,9999999994998351 1,0000000014415373 1,0000000017022244 ), 0
( 0,9999999993380396 1,0000000012930865 1,0000000017284107 ), 0
( 0,9999999994731785 1,0000000013286954 1,000000001585124 ), 0
( 0,9999999996467507 1,0000000011447714 1,000000001460374 ), 0
( 0,9999999994144602 1,000000001426144 1,0000000018608906 ), 0
( 0,9999999993878613 1,000000001289119 1,0000000015541533 ), 0
( 0,9999999995597091 1,0000000013976016 1,0000000017495254 ), 0
( 0,9999999994795398 1,0000000013900092 1,0000000016916746 ), 0
( 0,9999999994160328 1,0000000012964754 1,0000000015847725 ), 0
( 0,9999999997575924 1,0000000009438277 1,0000000015233999 ), 0
( 0,9999999995281686 1,000000001598746 1,0000000018657613 ), 0
( 0,9999999993821193 1,0000000011501908 1,000000001542591 ), 0
( 0,9999999994373986 1,0000000013233479 1,0000000017589974 ), 0
( 0,9999999994624276 1,0000000013248782 1,0000000014470118 ), 0
( 0,9999999995558758 1,0000000011449135 1,000000001519678 ), 0
( 0,9999999993787791 1,0000000009583483 1,0000000013901507 ), 0
( 0,9999999993954729 1,0000000012438262 1,0000000016170383 ), 0
( 0,9999999995278988 1,0000000012465247 1,0000000016249115 ), 0
( 0,9999999995810637 1,0000000012716588 1,00000000192098 ), 0
( 0,9999999995489322 1,000000001153621 1,0000000016435435 ), 0
( 0,9999999994841424 1,0000000014797188 1,0000000015146995 ), 0
( 0,9999999996120874 1,0000000015519597 1,0000000016310766 ), 0
( 0,9999999994229581 1,0000000010082013 1,0000000013959296 ), 0
( 0,9999999996187396 1,0000000012571606 1,0000000016398598 ), 0
( 0,9999999994827312 1,0000000013169357 1,0000000016234027 ), 0
( 0,9999999995856469 1,0000000012191594 1,000000001475594 ), 0
( 0,9999999995349207 1,0000000016421753 1,0000000012335766 ), 0
( 0,9999999995894128 1,0000000011872894 1,0000000014931396 ), 0
( 0,9999999994177512 1,0000000013619486 1,0000000017541784 ), 0
( 0,99999999935711 1,0000000011928907 1,0000000013243813 ), 0
( 0,9999999995038175 1,000000000650568 1,0000000010194585 ), 0
( 0,999999999576046 1,0000000011156318 1,0000000013403814 ), 0
( 0,9999999994368269 1,0000000013406916 1,000000001851822 ), 0
( 0,9999999995041008 1,0000000011533139 1,000000001521242 ), 0
( 0,9999999996569726 1,0000000008456482 1,0000000011964638 ), 0
( 0,9999999995254716 1,0000000012068957 1,0000000013907893 ), 0
( 0,999999999634037 1,0000000013467876 1,0000000015717496 ), 0
( 0,9999999994485982 1,0000000012228998 1,0000000015964754 ), 0
( 0,9999999994920696 1,000000001161307 1,0000000016096708 ), 0
( 0,9999999994789415 1,0000000008842704 1,0000000012610017 ), 0
( 0,9999999995398046 1,0000000012045107 1,0000000015735835 ), 0
( 0,999999999347031 1,0000000013115509 1,00000000171885 ), 0
( 0,9999999995587073 1,0000000012952566 1,0000000011473285 ), 0
( 0,999999999471568 1,000000001453278 1,0000000016652522 ), 0
( 0,9999999994665802 1,0000000015158899 1,000000001825575 ), 0
( 0,999999999400965 1,0000000012973076 1,000000001640928 ), 0
( 0,9999999993460366 1,0000000012158268 1,0000000015083688 ), 0
( 0,9999999995974465 1,0000000007980205 1,0000000014925963 ), 0
( 0,9999999993537196 1,000000000868838 1,0000000012106005 ), 0
( 0,9999999994884522 1,0000000010207968 1,0000000013427908 ), 0
( 0,9999999993633993 1,0000000014021728 1,0000000015698534 ), 0
( 0,9999999994381674 1,0000000012068353 1,0000000013025263 ), 0
( 0,999999999436926 1,0000000013290617 1,000000001649353 ), 0
( 0,9999999995660382 1,0000000012977535 1,0000000015199264 ), 0
( 0,9999999994194803 1,0000000013558585 1,000000001540903 ), 0
( 0,9999999993858721 1,0000000013751584 1,000000001752491 ), 0
( 0,9999999993694156 1,0000000011730132 1,0000000017153454 ), 0
( 0,9999999993818084 1,0000000011928474 1,000000001741806 ), 0
( 0,9999999994996741 1,0000000015410462 1,000000001562581 ), 0
( 0,9999999993595968 1,0000000013579777 1,0000000015219206 ), 0
( 0,9999999995298979 1,0000000008985874 1,0000000014096528 ), 0
( 0,9999999995261069 1,0000000014220538 1,0000000016434394 ), 0
( 0,9999999993899003 1,0000000011833654 1,0000000015593542 ), 0
( 0,999999999605663 1,0000000012333712 1,0000000014493948 ), 0
( 0,9999999996197577 1,0000000010948562 1,0000000012833936 ), 0
( 0,9999999993315275 1,0000000013797912 1,000000001620844 ), 0
( 0,9999999993523571 1,0000000014601247 1,0000000016045862 ), 0
( 0,9999999996831381 1,0000000014165047 1,0000000013654031 ), 0
( 0,9999999995088692 1,0000000012863832 1,0000000015518533 ), 0
( 0,9999999994943573 1,0000000011754056 1,0000000015522381 ), 0
( 0,9999999993946216 1,0000000013620791 1,0000000016735227 ), 0
( 0,9999999992908891 1,0000000013621824 1,0000000015723138 ), 0
( 0,9999999994855049 1,0000000015271961 1,0000000015409571 ), 0
( 0,9999999996213196 1,0000000013492145 1,000000001675182 ), 0
( 0,9999999994297887 1,0000000011271286 1,0000000013294035 ), 0
( 0,9999999995328617 1,0000000012293075 1,0000000014511938 ), 0
( 0,9999999996858228 1,0000000011204186 1,0000000012592734 ), 0
( 0,9999999993830513 1,00000000139904 1,0000000017032298 ), 0
( 0,9999999993251707 1,0000000013211046 1,0000000018723434 ), 0
( 0,9999999996096538 1,0000000011520154 1,000000001480244 ), 0
( 0,9999999995528611 1,0000000008679941 1,000000001485913 ), 0
( 0,9999999996118635 1,000000001481463 1,0000000015994293 ), 0
( 0,999999999600557 1,0000000012701094 1,0000000015011425 ), 0
( 0,9999999994228301 1,00000000152071 1,0000000019441941 ), 0
( 0,9999999995071579 1,000000001376676 1,0000000014178347 ), 0
( 0,9999999992947124 1,0000000012535932 1,0000000019751298 ), 0
( 0,9999999996729442 1,000000001291551 1,0000000017302582 ), 0
( 0,9999999996010512 1,0000000013009827 1,0000000015677761 ), 0
( 0,9999999993982897 1,0000000013811499 1,0000000015873107 ), 0
( 0,9999999996268317 1,0000000012409815 1,0000000017886082 ), 0
( 0,9999999995660164 1,000000001118584 1,0000000011788157 ), 0
( 0,9999999996142689 1,0000000009080452 1,0000000016817312 ), 0
( 0,9999999994336689 1,000000001312642 1,000000001608911 ), 0
( 0,9999999993176127 1,000000001430554 1,0000000012108707 ), 0
( 0,9999999997408345 1,0000000010803265 1,0000000014424129 ), 0
( 0,9999999993738582 1,000000001286521 1,000000001473299 ), 0
( 0,9999999992714105 1,0000000013410322 1,0000000017635762 ), 0
( 0,9999999994806774 1,0000000013056742 1,0000000015925135 ), 0
( 0,9999999993919134 1,000000001380506 1,0000000016482162 ), 0
( 0,9999999993473645 1,0000000012600825 1,0000000015654413 ), 0
( 0,9999999992449323 1,0000000012883414 1,0000000017042563 ), 0
( 0,9999999996751783 1,000000001408513 1,000000001476512 ), 0
( 0,9999999996445423 1,0000000013074353 1,0000000014310648 ), 0
( 0,9999999993760695 1,0000000008753498 1,0000000012484356 ), 0
( 0,9999999994417582 1,0000000012059893 1,0000000015545598 ), 0
( 0,9999999996922201 1,0000000015449308 1,0000000015968553 ), 0
( 0,9999999993982571 1,000000001229452 1,0000000015047457 ), 0
( 0,9999999996800778 1,0000000014735166 1,000000001594754 ), 0
( 0,9999999995612422 1,00000000125707 1,000000001480472 ), 0
( 0,9999999992386108 1,0000000012342827 1,000000001741112 ), 0
( 0,9999999995354726 1,0000000011919092 1,0000000015659563 ), 0
( 0,9999999993954646 1,0000000014823598 1,0000000016449433 ), 0
( 0,9999999994027781 1,0000000012491828 1,0000000015766046 ), 0
( 0,9999999993520985 1,000000001453514 1,0000000017390007 ), 0
( 0,9999999995289479 1,000000001467011 1,0000000016923034 ), 0
( 0,9999999992100286 1,0000000012758417 1,0000000016451924 ), 0
( 0,9999999993941625 1,0000000015504151 1,0000000017310684 ), 0
( 0,9999999994282113 1,000000001276581 1,0000000015331125 ), 0
( 0,9999999995818417 1,0000000013190726 1,000000001704821 ), 0
( 0,9999999993595116 1,0000000011727206 1,0000000013744552 ), 0
( 0,9999999994035549 1,0000000013290693 1,0000000016141755 ), 0
( 0,999999999255394 1,0000000014470865 1,0000000017930273 ), 0
( 0,9999999994072091 1,0000000013304944 1,000000001638935 ), 0
( 0,9999999995213433 1,0000000012784693 1,0000000018235136 ), 0
( 0,9999999992920247 1,0000000011566668 1,0000000014080523 ), 0
( 0,9999999996171764 1,0000000012862154 1,0000000016867994 ), 0
( 0,9999999989721546 1,0000000010898038 1,000000001635282 ), 0
( 0,9999999995506326 1,000000001294582 1,000000001578087 ), 0
( 0,9999999994382535 1,00000000103437 1,000000001465835 ), 0
( 0,9999999994245165 1,000000001277558 1,0000000014927928 ), 0
( 0,9999999993965399 1,0000000013076997 1,0000000016136312 ), 0
( 0,9999999992295471 1,0000000011106112 1,0000000017532082 ), 0
( 0,9999999995031383 1,0000000012708379 1,0000000015232466 ), 0
( 0,9999999997178126 1,0000000010625791 1,000000001469724 ), 0
( 0,9999999992424822 1,0000000011255752 1,0000000016828832 ), 0
( 0,9999999995683526 1,0000000014576287 1,0000000016827413 ), 0
( 0,9999999995745297 1,0000000011313441 1,0000000013587829 ), 0
( 0,9999999994393998 1,0000000013478456 1,0000000015799402 ), 0
( 0,9999999994465983 1,000000001460521 1,000000001889713 ), 0
( 0,9999999996109171 1,0000000011585248 1,000000001707458 ), 0
( 0,9999999993460712 1,0000000012122376 1,0000000016504522 ), 0
( 0,9999999992676396 1,000000001123025 1,000000001414357 ), 0
( 0,9999999995120451 1,0000000015460955 1,0000000019438804 ), 0
( 0,9999999993282129 1,0000000012614705 1,000000001603141 ), 0
( 0,9999999995551913 1,0000000013062003 1,0000000016018604 ), 0
( 0,9999999996571012 1,0000000010781591 1,0000000013535901 ), 0
( 0,9999999994810153 1,000000001150454 1,0000000013951185 ), 0
( 0,9999999993017816 1,0000000014891104 1,0000000016051709 ), 0
( 0,9999999994789298 1,0000000014554655 1,0000000016668078 ), 0
( 0,9999999995309753 1,0000000012677746 1,0000000017334827 ), 0
( 0,9999999994187379 1,000000001117911 1,0000000015689987 ), 0
( 0,9999999994464575 1,0000000011910477 1,000000001319369 ), 0
( 0,9999999992979485 1,0000000011151005 1,000000001430794 ), 0
( 0,9999999994064952 1,000000001199454 1,00000000134508 ), 0
( 0,9999999995247687 1,0000000007724354 1,0000000013254093 ), 0
( 0,9999999995035712 1,0000000012665125 1,0000000016920405 ), 0
( 0,9999999993746739 1,0000000014177737 1,0000000018672164 ), 0
( 0,9999999994448606 1,0000000012342658 1,0000000014747148 ), 0
( 0,9999999996635481 1,0000000013336319 1,0000000017448951 ), 0
( 0,9999999996072766 1,0000000012606278 1,000000001450851 ), 0
( 0,9999999995498442 1,0000000010781516 1,000000001528216 ), 0
( 0,999999999430566 1,0000000011446835 1,000000001493028 ), 0
( 0,9999999995741093 1,0000000014104136 1,000000001224329 ), 0
( 0,9999999995492643 1,0000000012934136 1,0000000015402128 ), 0
( 0,9999999993911849 1,0000000013582873 1,0000000016376798 ), 0
( 0,9999999994404599 1,0000000015774977 1,0000000018562276 ), 0
( 0,9999999992960444 1,0000000012723886 1,000000001719134 ), 0
( 0,9999999994913779 1,0000000013422756 1,0000000015764006 ), 0
( 0,999999999603511 1,000000001250509 1,0000000016656825 ), 0
( 0,999999999682496 1,0000000014578307 1,000000001728553 ), 0
( 0,999999999476016 1,0000000013259185 1,0000000014967179 ), 0
( 0,9999999997009926 1,000000001299852 1,0000000013234436 ), 0
( 0,9999999994205195 1,0000000013313088 1,000000001750466 ), 0
( 0,9999999993922426 1,0000000012890438 1,0000000015311399 ), 0
( 0,9999999995615433 1,000000001118401 1,0000000013799022 ), 0
( 0,9999999993927793 1,0000000012068715 1,0000000015035828 ), 0
( 0,9999999993014639 1,0000000009034444 1,0000000009889813 ), 0
( 0,9999999993508114 1,000000000958037 1,0000000015715873 ), 0
( 0,9999999995010169 1,0000000010182248 1,0000000014074453 ), 0
( 0,9999999994715156 1,000000001467446 1,0000000017505506 ), 0
( 0,999999999524309 1,0000000013633308 1,00000000170557 ), 0
( 0,9999999993748105 1,0000000013621475 1,0000000017741777 ), 0
( 0,9999999995372588 1,0000000011992165 1,0000000016446744 ), 0
( 0,9999999994150571 1,0000000012435972 1,000000001388567 ), 0
( 0,9999999994371089 1,0000000015208323 1,0000000018425277 ), 0
( 0,999999999597341 1,0000000010752268 1,0000000015695822 ), 0
( 0,9999999994993986 1,0000000014470893 1,0000000019130388 ), 0
( 1,0000094441019471 1,0007135672204257 1,000702113078546 ), 0,00019883420481647818
Liczba wywoa funkcji celu: 105052
