Iteracja nr: 2
( 1,0846830114130084 0,954185261371266 0,9728984108615553 ), 1,948567556127557
( 1,0008021483339276 0,00035216685611416665 0,006341013573775478 ), 1,9947418866792432
( 1,000878894735411 9,038736922756252E-05 0,004999230797207321 ), 1,9949335039407359
( 1,0035889553777655 0,001174962269891694 0,007547000728682446 ), 1,9966830170272303
( 1,0028088778069604 0,008291554214834573 0,011245941756120259 ), 2,001207103176313
( 1,0024949312937095 -0,0027423536639725743 0,00546747438383044 ), 2,0032066419674983
( 1,0059442917389625 0,005735326845242361 0,013353791510562488 ), 2,010713635210351
( 1,0000191468795558 0,00017161540986904145 0,01464596107858429 ), 2,0128968226089157
( 1,0017106087081038 -0,00544101407527986 0,0007766391866832478 ), 2,0159016952697293
( 0,9924421903667415 -0,0037948687359019573 0,005774470154862987 ), 2,016842410653439
( 0,9938245093203735 0,006298172726636561 0,016490817874817987 ), 2,0237598231303906
( 0,9928424849275023 0,0009238925180584667 0,01605217930001296 ), 2,027456201162181
( 1,0128683624921564 0,008021372703750695 0,010128088059920215 ), 2,0296421673121046
( 1,000349526213247 -0,008165827969404746 0,012381061474177469 ), 2,0352162179293174
( 1,015111113141636 0,0033060813284715024 0,005980548710528624 ), 2,0359583119104556
( 1,0139835170723268 0,014079278708381486 0,005825890224051045 ), 2,0449920340394243
( 0,9946717507868956 -0,010837045336374685 -0,0023823705084234925 ), 2,0564872173964055
( 1,0068634392108384 -0,0066788225779284005 0,019227667501710233 ), 2,066352276749271
( 0,9868555900311391 -0,0074727531624509125 0,01355629508246034 ), 2,0696046339829195
( 0,993195367429138 -0,002755501953820863 0,022316820216061614 ), 2,0702147519502745
( 1,0141645472716785 0,0015222672767768973 -0,010246904227958648 ), 2,078510969035271
( 1,0028276011352524 0,02068230276484284 -0,009079620654766973 ), 2,0794767137631176
( 1,0189865868145758 -0,00484864786435598 0,0044085450998256875 ), 2,0808335892091208
( 1,0069161497261592 0,004907139239648561 -0,015339634216166534 ), 2,0817767084377543
( 0,9982387809137185 0,02681772596544635 0,009596801507707031 ), 2,08839857440492
( 1,0229862596425368 0,004878943926999876 0,008439056086827199 ), 2,0968547941433364
( 0,9838857099760481 -0,009890890435255562 -0,007702164037294434 ), 2,1178282987640706
( 1,0631317545255106 0,962746511423802 0,9259306294121709 ), 2,123565133535557
( 1,004544856718039 -0,0028187353729209885 0,029901570525704635 ), 2,128372836423509
( 1,02096986608265 0,02171883986646217 0,010833944551492752 ), 2,138724861682725
( 0,9972819404573926 -0,011604039712999423 -0,016944876574341794 ), 2,1421765241262527
( 1,0231192677078083 0,005695148900479841 -0,011197110385081643 ), 2,148156572120026
( 1,0265683000482824 0,010598973581931848 0,013296026055114117 ), 2,149257805848954
( 0,9974432674544524 -0,02237729232032848 -0,0022125029635753357 ), 2,1506283427505437
( 0,9746274566181916 0,01804782391846195 0,0057424119624517435 ), 2,1509622144712495
( 0,9910840698786506 1,97865126139568 -0,017164167139791305 ), 2,156075454535223
( 0,9817324217125464 -3,8528712910915544E-05 -0,017350379124371304 ), 2,16057440821681
( 0,9970084358550111 0,009253640032918176 0,034113014343944315 ), 2,162016032075865
( 0,9879598877495721 0,0010140012411338217 0,03364843440558207 ), 2,1834169342239207
( 0,9952735689711052 0,02804356301772004 -0,01655439699812078 ), 2,191395996440285
( 0,973818443343555 -0,0012156030271750669 0,026465323122091156 ), 2,2241196392773475
( 1,0108516423925549 0,011526104487365879 -0,02916093422322974 ), 2,253203737416495
( 0,9758773627492846 -0,008610641075164065 -0,020166316944967913 ), 2,2680595317303585
( 0,9791564966174453 0,035677881102749553 0,014195035716906263 ), 2,2777579434987985
( 1,0003195022280336 -0,026239318025619074 0,02685164104855775 ), 2,2777868937873045
( 1,0322107434760641 -0,01552853138231991 0,0029151827530783936 ), 2,279854267058816
( 1,0335889439763326 -0,013131815526627233 -0,0031626389424908585 ), 2,29176953878693
( 0,9897282477574769 -0,03158314532274087 0,015361456444869637 ), 2,2973974050807655
( 0,9455221541365363 0,06607501834356186 1,0020089715440774 ), 2,305602489740103
( 1,0248458312187831 -0,023865233329524747 0,018817243454585252 ), 2,3152697828100486
( 1,0216078803028554 -0,019444800983337722 -0,019392347413315185 ), 2,319597652876027
( 0,987779484745769 -0,03164699509140425 0,02075718748870109 ), 2,3347976567713538
( 0,9968029893462386 -0,03749687554780156 0,004181312392024039 ), 2,3497881487877876
( 0,9580441035656001 0,013931061728588934 0,008300774354561204 ), 2,3549028740808424
( 0,9718708420590074 0,03770769777808036 0,01900073183025075 ), 2,3954725143140863
( 1,0124153894853016 -0,021494587132972993 -0,030637740840642996 ), 2,4120052541699195
( 1,0073627036635067 0,021525276954301065 -0,03816757435688345 ), 2,4234554988415837
( 1,0211745739138482 0,04463761139207098 -0,009985566656278033 ), 2,4320206113293352
( 0,96708774389589 -0,016350861198357818 -0,022142259308958627 ), 2,441232420227159
( 1,0101702024313424 0,022939733242706373 0,0493440931398218 ), 2,459381443230072
( 0,9579763491060926 -0,006994936152224039 0,030355063814913305 ), 2,4935763792285925
( 0,9912667568355995 -0,013045528916648008 0,051599402883077294 ), 2,495395688644706
( 0,9943040482236187 -0,027166388960314418 -0,034162997711476184 ), 2,5058194766502524
( 1,0349844376073194 -0,02354296914332621 -0,02039509597117739 ), 2,521893727783315
( 0,9962627796691391 -0,04248281190966202 0,027526311067128523 ), 2,538578268943681
( 0,9539533136767266 -0,01729270187201526 0,024271384867617263 ), 2,579697772223412
( 1,0212113527029367 -0,0346731815178738 0,036431823831866605 ), 2,585367294351471
( 1,0162192882739847 -0,03956530770877009 -0,02465659123555286 ), 2,6099386873527735
( 0,9771204337483808 0,008490803295933269 0,05633195440975047 ), 2,611372769359299
( 0,9792641495189827 0,0024740418551805754 0,05798433380328394 ), 2,625203278636924
( 0,958516143392384 -0,03227294578010753 0,019511442849935667 ), 2,6463826297945268
( 0,948838036079803 -0,019700093353614112 -0,005468096620640572 ), 2,648031163105685
( 0,9824685053841716 -0,02990443206837163 -0,037674782358066566 ), 2,6532616615832723
( 0,943487572210145 0,0016120794566558128 -0,012403739511777367 ), 2,679606807598411
( 0,9707149528081865 -0,04580511804186458 -0,0046737315471538435 ), 2,6883551611425887
( 1,0161463243316196 -0,05168282015803014 -0,004713863888168537 ), 2,6941896602334054
( 1,0366030773047616 -0,04106763547339817 -0,008154292050611814 ), 2,7090269736287027
( 1,0528116385164208 0,03551286829284953 -0,0028659064454870462 ), 2,733805446023645
( 0,9663816631107651 -0,0334173009109886 -0,02975907565670255 ), 2,7456725598901244
( 1,0212753702372543 0,06327346510377907 0,01162037061887422 ), 2,7505724448320024
( 1,0010723054559665 -0,03541558308108199 -0,04425215629258907 ), 2,7933977389997118
( 0,9888040735874122 -0,034196207694512426 -0,04546642260150549 ), 2,8226402094403937
( 1,0269679894082768 0,041299711504454405 -0,04228339378835738 ), 2,835046324914984
( 1,9690871170813184 1,0741425942891323 0,9422530464700762 ), 2,852660812092367
( 1,0561399346284288 0,03437213102675985 0,025494538094435304 ), 2,861272714532703
( 0,9507207111236522 0,02463347592232512 -0,03502438393354623 ), 2,861289678291385
( 1,0366774609921856 -0,028291943928486843 -0,03987125646529682 ), 2,8741712438748053
( 0,9743410290986984 0,015917306231821263 -0,057829429522159234 ), 2,9206244355126714
( 1,0514306637111506 -0,03165261857508846 0,034440421987409285 ), 2,9471909439488186
( 1,0173021077767461 -0,062209709549955194 0,01321598723328421 ), 2,9500624681568297
( 0,9696220204999679 -0,05696783167102658 0,016413103452245628 ), 2,95407350198807
( 1,003424332465573 0,040496630097803216 -0,056274674368673144 ), 2,9792882206918208
( 0,985715992495135 -0,06583537388622396 0,002576490592094971 ), 3,016046103697967
( 1,044984921731723 -0,034760860272052996 0,046023735720688075 ), 3,032396214898178
( 1,047682617957121 -0,03487224338545347 0,04347076492285057 ), 3,04341691370227
( 0,9542344642254061 -0,030311768975062936 -0,03988417773674513 ), 3,0487676979646814
( 0,9698731395204365 -0,0005669164644323196 -0,06540830323598534 ), 3,1484968253805476
( 1,0231722839311996 -0,025281352569708898 0,0719725988495925 ), 3,149869690189135
( 1,0083614849884794 -0,007346364076049661 -0,0707048782873958 ), 3,1563495168720195
( 1,9511272565851276 0,004624926250074296 0,9357242333767757 ), 3,1760311501552536
( 1,0402370427584473 -0,05453026593261058 -0,024335271834448113 ), 3,1787037335279678
( 1,0537396957380956 0,05631016727268613 0,031645031145525436 ), 3,2122290888773364
( 0,9498904829977304 0,03638542963490904 -0,048490500624502164 ), 3,2427053115756728
( 1,059980060298185 0,04381695915470485 -0,031967386452497415 ), 3,2622452367490666
( 0,9774344158467353 -0,027008822652176363 0,07580348066419275 ), 3,2663556161234197
( 1,0330310173956776 -0,05285082129238122 -0,0424483053202033 ), 3,3107553804555323
( 0,9568970878514887 -0,01935181894938782 -0,06393705800003238 ), 3,4073544797463704
( 1,0521475554000306 -0,05988091556897366 -0,016733777728307652 ), 3,446517067521903
( 1,0286670018142736 -0,042662762567730106 -0,06276136166798975 ), 3,5038381725460397
( 1,0124891489073584 0,017543338301901766 0,09244532438386646 ), 3,5205361592605477
( 1,0334052857946463 0,022851083484555 0,08683386981621188 ), 3,5639732667901782
( 1,9789243171900406 1,0352506656290892 0,8895768797058592 ), 3,615400297146955
( 0,9591862111340824 -0,06909851579970808 0,03882894501409176 ), 3,6193881742223724
( 0,963612657736475 0,019374909987719013 0,08877945638569029 ), 3,643375173186328
( 0,8888701832668818 0,04032428663455424 0,9803072558035411 ), 3,6697337521045768
( 1,0395759757534098 -0,0016621611672441028 -0,0790406501775926 ), 3,685398089868805
( 0,9353226169964435 -0,0198303721812165 -0,05722129526865563 ), 3,693283154814619
( 1,088263158101262 -0,013940802413752685 0,031831582369684586 ), 3,709646311575405
( 1,0356467446166473 0,08899801470486743 -0,03386155613244999 ), 3,8984752045339235
( 1,9858592423074584 -0,06108146063192785 -0,010749430814642278 ), 3,90913525323883
( 0,8997629638919102 -0,0018201301296564762 0,014738948987805367 ), 3,9465276122917388
( 1,0045589762921707 -0,09083524041522872 -0,030798478743362417 ), 4,028199070832542
( 1,9732435082989284 -0,033872621680490766 -0,05612191839010461 ), 4,113400831269459
( 1,0373213594720652 0,8580118387149467 0,9762008246379517 ), 4,129908776043713
( 0,8955865968401191 0,013366782744145655 -0,010632474156537924 ), 4,139193235695913
( 0,9322797513330523 -0,06783890313079333 0,04447646232694172 ), 4,232250327723328
( 1,0980583754272755 0,022869801594000372 0,046416844950278924 ), 4,237790173944006
( 1,0620806092189912 -0,05507477107008522 -0,0601628748553439 ), 4,290926766402471
( 0,9388060544689534 0,00542255343695811 -0,08565857063574045 ), 4,3212165960981075
( 1,0461635593012812 -0,06920280302950843 0,07174922968983966 ), 4,354278794457695
( 1,0940760699908847 -0,053427456389347615 -0,00859220939487695 ), 4,405273550877496
( 1,02459183343733 0,00652135688284345 -0,10552040464491771 ), 4,455843563402997
( 0,9683679719282823 -0,05663027694272049 0,09589648300344766 ), 4,519099118318547
( 1,0380269743720512 -0,09013038117598773 0,05573096563868454 ), 4,533520087205368
( 0,9140340245747187 0,0661723514057766 -0,04237425932638861 ), 4,593903042749837
( 1,020937271052106 -0,0674474782901197 -0,08253468292381445 ), 4,597544221843961
( 0,9946101036859342 -0,06559177565829225 -0,08705661094865799 ), 4,619300089706879
( 0,983446001132875 -0,11091999034899974 0,020718095306170414 ), 4,663904968860365
( 1,1181571541237973 -0,008118465312917766 0,007776075722441698 ), 4,671253710271433
( 2,0759646369274156 0,051927185951271215 0,009946258440925747 ), 4,70143382187787
( 1,0488193690288055 -0,07727802038795728 0,07741126063533477 ), 4,79641666053918
( 0,997975922989877 -0,11733042699891556 0,0014133820673152692 ), 4,843332193409687
( 0,8797819913580192 -0,004650573862617052 0,029606829764492137 ), 4,861932795433127
( 1,8831574689535393 0,9770128390079476 -0,045066516703650694 ), 4,95096230682995
( 1,1093423506148443 0,0026564111157124023 -0,05432059711813323 ), 4,965046984492371
( 1,9788884795865929 1,0315427513235216 -0,11459994873389309 ), 4,967441251308166
( 1,0596896029347729 -0,09022376504291192 -0,046481311344287526 ), 4,970055175122262
( 0,9674879259065347 -0,02343057079904102 0,12300740477442629 ), 4,974639974314815
( 1,0442124301981752 -0,04217634304210005 -0,10195668365708077 ), 5,017552660868759
( 1,0165793674705674 -0,07547521055163202 -0,09302792771509924 ), 5,169554700763435
( 1,078054590518897 -0,08534413590118621 -0,040755369519604026 ), 5,175626194150368
( 0,935304080268292 1,0184887984813014 -0,945438965804144 ), 5,253427962151516
( 0,9797530967067414 -0,10615128025780851 0,07200038966437028 ), 5,314923443739335
( 1,0765078971444315 -0,10243000338081823 0,008411897961606851 ), 5,352276960391642
( 0,9105881174692082 1,094549103028449 -0,07303633015217187 ), 5,4532230792970395
( 0,9470310333619048 0,07736480270632007 -0,09661864454655844 ), 5,550524128694377
( 1,0709045204682863 2,1210926102137195 0,9436443808534538 ), 5,618991119254815
( 1,0668136009946318 -0,02564936409340524 -0,1112134319495778 ), 5,632791407273359
( 1,0659344057278486 -0,008044942459311241 -0,11603582865355577 ), 5,666827192148734
( 1,0443556101405078 -0,9495705531772058 0,002192051162757558 ), 5,683015606207363
( 2,961086958916571 -0,04432877146854575 0,9730375654345557 ), 5,7631596745511615
( 1,123145264326931 -0,03219023645044176 0,06425464346927678 ), 5,811010039935631
( 0,9083934703187924 -0,053786090714995724 -0,08816643561539265 ), 5,975381849057953
( 1,067557610105103 -0,11368676419021687 -0,044492160048308874 ), 6,0560717936439445
( 0,8879485653340002 0,08893881152431984 0,04658555205970845 ), 6,075768388586937
( 1,1056044401133387 0,04644428697902392 -0,08744156160048588 ), 6,119190080701536
( 0,8784614000417501 -0,07828414187596877 -0,004170832785963641 ), 6,151596943673621
( 0,9399828194843594 0,09949702903918944 0,10195935804407497 ), 6,19771577948697
( 1,0951257801417886 0,07544435962262361 -0,08616293437092351 ), 6,309890296248746
( 1,0756445803796395 0,09215525329368202 -0,09120532198042097 ), 6,356623348575106
( 1,0081496959386176 0,10770556427115063 0,11685705834675342 ), 6,369644368501973
( 1,0887665015175974 -0,025562681773554863 -0,11511526565819485 ), 6,450976593655849
( 0,06427531882595605 0,8594446666802207 0,03209873835940853 ), 6,492009339710428
( 0,8482440705207646 -0,028594406290850916 0,02552489823720297 ), 6,531690474742938
( 1,059472017190319 -0,0016456395357733467 -0,13862692951801736 ), 6,5534348513457985
( 1,037734063473584 -0,08602242864877874 -0,11334679341691256 ), 6,556214736476825
( 0,06460903323558576 1,8711270428096354 2,007946750841013 ), 6,578043254130407
( 0,8643075614295643 -0,05981171662731875 0,047148779468943885 ), 6,60260878529634
( 0,9534442296089259 0,0793431230737772 0,13535892592872742 ), 6,6431133519364955
( 0,9223212677325304 0,00797597691848604 0,14337159106908803 ), 6,694522969312857
( -0,15348801876364765 2,0089863807908466 1,0126570256023963 ), 6,697138014326157
( 0,049586933064829974 0,016008851221261694 0,13891951431811733 ), 6,718573651437872
( 0,8708866362796862 -0,07891453134181281 0,0400882210021305 ), 6,736011791746037
( 0,8590513457975223 -0,06891638821212417 0,007281492519771369 ), 6,75315287193661
( 1,904938623377042 0,9012722401268155 -0,0785517811288814 ), 6,779860410761074
( 1,040606643318522 0,04379592909363861 -0,14505911956743883 ), 6,800949784454687
( 0,0295779785609748 0,15397033534070564 0,94175819152305 ), 6,820982614889253
( 1,9521023609610928 1,9499193685266654 -0,9608645110683237 ), 6,895085848780276
( 0,9028900779766809 2,9933392155362006 0,030582421802787474 ), 6,9198430610748005
( 1,0327956423009457 0,8211183054995589 -0,0003965376550294983 ), 6,92418905351925
( 0,9876742645889615 0,027370075625922672 -0,1569843508344877 ), 6,944974939214937
( 0,8600096716921685 -0,057370362236697496 -0,047996467956185604 ), 6,9551900945923215
( 1,1380654691309584 -0,02144796572078688 -0,0776551115964213 ), 7,013910180071612
( -0,9063912461298411 0,9605202367073628 2,0423669078694964 ), 7,061105290287671
( 1,0306288971361366 0,002354808576071059 -0,1590080419786437 ), 7,114449142134561
( 0,8730405951041273 -0,04737887115586688 0,09506552501397626 ), 7,119891357967816
( 0,8641773862258711 -0,0629344785477295 -0,0590896005601331 ), 7,148704156635702
( -1,005776624765791 -0,05243902632677413 1,0898263585877643 ), 7,2342086156424585
( 0,9604302589271501 0,13144610141393454 -0,09613469757232451 ), 7,255467157457527
( 1,813647352056368 1,0111518922957827 0,9510406293131695 ), 7,265178247795362
( 1,9365983024562636 0,03452917173126124 3,0402014919904223 ), 7,306552668948928
( 1,1004189343703434 0,9183461282819005 0,13392364133673967 ), 7,315940086678008
( 0,9854221005879316 -0,15495066713673145 -0,04977271889840984 ), 7,339700240823959
( 0,9388188898858586 0,16004684813969186 -0,03517809596160784 ), 7,398165192468106
( 0,9343742116839242 0,151375565311183 0,06281084342202692 ), 7,401919330199938
( 1,012012388957979 1,9897877013992717 3,101441933428325 ), 7,408345336144791
( 0,8645487526092419 0,027733628200627608 0,1047299596186877 ), 7,412836089060185
( 1,0768696853694049 -0,14645599863210307 0,012282479336824345 ), 7,412971853972941
( 0,9139703235688607 0,15326432850234384 -0,016607093258557165 ), 7,527240292363018
( 0,9765962185093755 0,1185242818978253 -0,1218083722589755 ), 7,579643971760198
( 1,1429649789426315 -0,09090151326723962 0,017222429268828658 ), 7,592456631926314
( 1,0508733105244932 -0,16194688588556766 -0,0007095770047339522 ), 7,606175930269654
( 1,1349285090348962 0,1036821400012583 -0,03876759924537593 ), 7,627314455641628
( 0,9018971318179616 -0,13128713202053577 2,0359638282088053 ), 7,670925853890587
( 1,9354623571755494 -0,9630514164632064 0,9008656979948662 ), 7,695692687349634
( -0,8798054607161728 0,9472087812570766 1,999811462934189 ), 7,799861256842362
( 1,075826115529472 0,1297369749010755 -0,09221384346154793 ), 7,844217805043925
( 2,904559648172112 0,9293452786395563 2,0476555218668633 ), 7,888968439669892
( 1,0522236136533316 -0,06142940710296341 0,1637985267449109 ), 7,9425533761086875
( 1,1612864407824894 -0,0653813244672875 2,036495486560634 ), 8,039282520851831
( 0,8609974225565322 0,06679971315499333 0,09991092788229317 ), 8,052432926702174
( 2,148487867337135 -0,05442707384426865 -0,0033668977158102104 ), 8,064432070175862
( 0,8888185118504532 -0,12643342277699776 -0,04328165741861684 ), 8,072453965330375
( 1,033835545965433 -0,12617185521086183 -0,11176459124987048 ), 8,077761786677527
( 0,8440808675837694 0,084683880965835 -0,04086059627173278 ), 8,082772656810327
( 0,8440770822457568 0,08467579630271249 -0,040867555185726934 ), 8,0828539422073
( 1,097538917202571 0,14781784180379276 0,057093783911185914 ), 8,093057705748933
( 1,025969100960215 -0,09256211994969565 0,155573510666902 ), 8,093323671223182
( 0,9106869697715377 2,0267584124735727 1,838786389336146 ), 8,146716229592528
( 0,8882709701649482 0,041686517044759175 -0,13460165332627538 ), 8,29193075263235
( 1,8592202348337503 -0,069463001138709 -0,06036950778212628 ), 8,318202898141497
( 0,08775726147730623 0,07899977395450958 -0,9851446396240924 ), 8,353642087085753
( 0,8885278305185874 -1,0158142687869542 -0,062306170876554406 ), 8,364461501445358
( 1,0144141737649683 -0,8572833918415653 0,03919449402069 ), 8,473747140726765
( 0,9665485360963173 -0,1731529656284094 -0,04816073459130431 ), 8,507476434295668
( 1,131972964750211 0,09004655555637209 0,10392470942376097 ), 8,50931177254774
( 1,1272207013703375 -0,022457253012314778 -0,9464329188420926 ), 8,538947333830723
( 1,0551096545713028 0,94850151843564 0,19803692185359134 ), 8,554074085659135
( 2,8881528047569356 0,9496541611462413 0,08159264143961989 ), 8,562245509246903
( 0,0710156350175552 0,9712494464374108 1,1937358327644347 ), 8,581170687901235
( 0,14351218927407938 0,10869262522087181 -0,00924040212696045 ), 8,60351620682512
( 0,9022463435231294 0,14417622764277604 -0,0744224339409616 ), 8,62768350411254
( 1,1143633852374026 0,003946713660804374 0,1564023277727925 ), 8,644688050282667
( 1,057022389134948 1,1190990643003849 -1,072694178244309 ), 8,645270328884273
( 1,9625036837445822 1,8069611470705225 1,042799867226996 ), 8,712036059910208
( 1,0913203786320094 -0,08369108782109524 0,14517421889651594 ), 8,745506454125433
( 1,1182670997060573 -1,0062086794291583 0,8961914952058069 ), 8,746244661890085
( 1,003286934010155 -0,11289970109707337 0,1550128352656044 ), 8,746800162161982
( 1,033152340239605 0,057098827796814224 -0,1777919838387208 ), 8,747291974028826
( 1,1248418381639769 0,1372708848186455 -0,04908768724179896 ), 8,748837991470896
( 1,0409055261305151 -0,9716053741154895 -0,12989354200505354 ), 8,802416005785492
( 0,1764101976205701 1,1148763567356483 1,030344596847355 ), 8,906599282720478
( 2,0682528317752045 0,8421711463582167 0,08800943216508594 ), 8,920755174440316
( 1,0371799839438443 0,15955807767105146 0,11932477218551218 ), 9,05458575752142
( 3,036472041160292 1,0109541049647435 3,0493066526593706 ), 9,108161168792034
( -1,0070244609900567 -0,04355719273437514 -0,11400423712912128 ), 9,197729935220632
( 0,09949128330328733 1,0236633536329955 0,8083079477895878 ), 9,267442134630745
( 2,1280499023039106 -0,061971686437851614 -0,10048699365351582 ), 9,353483674507793
( 0,042600211784445285 1,1341816164825873 0,8382786169260554 ), 9,398624117536695
( 1,1507648755592375 0,029453712238731517 0,13473308684453345 ), 9,41953680953958
( 1,972813613436406 0,0024233665972236695 0,19704678089937694 ), 9,466854256436438
( 2,112322306525361 -0,1102183980927833 -0,07740468892711533 ), 9,482505625777232
( 1,8698504567479772 1,1773435199572788 1,0041786655931662 ), 9,544717009085453
( 2,8907851512284655 0,03774192965907658 1,116680308433712 ), 9,627125027840929
( -0,0185571425741226 0,07261223245581042 1,1952108004706004 ), 9,651426974737223
( 0,8404020223948243 0,0310889448179745 -0,11804097817595005 ), 9,651483274392852
( 1,1044538773398462 0,16235162244942059 0,08070990665011535 ), 9,660701302310212
( 0,9373452981331112 -0,032847582535931785 0,20259302236829702 ), 9,748894032262243
( -0,03794660844044173 -1,0302263873694955 2,965088705525965 ), 9,763036675536608
( 1,057373537012696 -0,1141855346433042 -0,14941712696266415 ), 9,766318620556813
( 1,8758574334358697 1,104341705209785 -0,9726987416329489 ), 9,780428022819226
( 1,0751295631054818 -0,1312550734629474 -0,12531364112299714 ), 9,800454038614536
( 0,9834890376542542 -0,05084768589126587 0,21052320493008647 ), 9,832574333610577
( 2,2042198515850098 0,9231379114747371 0,9703668691830032 ), 9,936475981648115
( 1,092455298968893 0,8206449988718865 0,8827194394930266 ), 9,994845059938172
( 0,8681737762874338 1,086961450984244 -1,0727886946591938 ), 10,043702738019654
( 3,0716785684845274 1,121028891276072 1,9234153030937098 ), 10,046632713011853
( 1,9171700583999642 0,8951168612900976 1,181263002653638 ), 10,117128696625127
( 1,8882760065037028 0,004725007424560779 -0,1608966540045066 ), 10,185444270319923
( 0,8390517633586841 -0,11874691260882975 0,06116488983224347 ), 10,237112828070718
( 1,0658363859094195 0,2020872665789284 0,06599543774176198 ), 10,239107894208278
( 2,054445528641819 -1,1198284261865599 0,914710889856096 ), 10,297029654655393
( 1,2028850652727472 0,02916912918902545 0,07963728658198727 ), 10,306928532322573
( 1,8214940073637447 1,010180384855668 -0,9849188143107065 ), 10,337629909336886
( 0,08272952242433346 0,024027007120359878 2,859463976755949 ), 10,337837937495589
( 1,1779507071040414 -0,09411852567321005 0,06962009833855884 ), 10,360207911956564
( 0,8867464243512976 -0,16570825818151885 -0,058117869702385895 ), 10,525384298813545
( 0,8217823281388017 1,110646046819687 -0,08553002809009438 ), 10,59391222078267
( 1,0402989817503059 -0,20979842234615206 -0,03520789656222215 ), 10,600274625688172
( 1,0394888570089298 -0,03611696116002651 -0,21078803598755433 ), 10,6648084659697
( 1,107178556158947 -0,16286443871055628 -0,07803934595188713 ), 10,681797423444461
( 1,218268003563239 1,0079222016609455 1,1184503692842303 ), 10,737531733881525
( 3,0396330342099533 0,9380933566279613 0,16391084369388514 ), 10,769244041875861
( 1,9025945329452594 -1,0225802103192125 -0,9993884584418692 ), 10,818699337837337
( 2,9832060099500035 -1,081053098761471 0,04011176127990623 ), 10,82581262746811
( 1,1381809283693265 0,11936732838343803 -0,11695777799777382 ), 10,844277214342345
( 0,9030948915369142 0,8791003520038405 -0,8758631716310257 ), 10,979749099703135
( 0,8678496880758606 -0,016487324902332404 -0,17140725930481648 ), 10,99028915944914
( 0,9712655720973473 0,8236810381807352 2,905876001336458 ), 11,059287806134197
( -0,9800571165317309 -1,0092380767518145 -0,09862651039037518 ), 11,119295721985381
( -0,09052717860309967 -0,027431661956012127 -0,8576644371644897 ), 11,157980925704386
( 0,8771203076342244 0,14665433780430542 -0,11275906474762692 ), 11,176804308543595
( 2,824478572315805 0,9378713977881532 0,0638102671019436 ), 11,24366603112162
( 2,840374431920431 0,07371778865329806 -0,03680747644091385 ), 11,26171377836668
( 0,9384202840190432 0,22556272366637287 0,054362161843848594 ), 11,285286543683824
( 1,0667519596300574 -1,0996871815162177 -0,9638354628839247 ), 11,291866114524332
( 1,1042197654062973 -0,16458188939293977 0,10690305740439854 ), 11,292523993318525
( 2,22662295832741 0,9331383138001543 0,9536550226149911 ), 11,33819395833008
( 0,872578773246271 -0,1736786142284893 1,0887825853410984 ), 11,341216419103837
( 0,932742886268056 3,04336211933999 2,8857643583031822 ), 11,451733831551259
( 0,9170783604701458 -0,054430569746598545 0,21498697540790923 ), 11,458688494950096
( 0,9469192862000734 0,1259158913817414 -0,18152207210952903 ), 11,512537526709291
( 0,970540647351449 0,1590210521446591 -0,16150707445782994 ), 11,539853289121552
( 2,1602699558494995 1,0976649624285622 0,8581778893601618 ), 11,570795854415355
( 1,12808222462391 -0,11574413872402364 0,14746888845577566 ), 11,579414419186492
( 0,10535517978257214 -0,1013579376404372 3,0782880285785104 ), 11,59070279737692
( 1,9476008201671848 1,1370256139886386 -0,1719848948047636 ), 11,602374959248017
( -0,9467488376887893 -1,0061668476149865 0,11369288758626325 ), 11,606952744556214
( 0,9719866466656572 0,04802705087031378 0,2424014541846109 ), 11,610106536896428
( 1,0366073429323515 0,1471362440726019 -0,869630404812931 ), 11,636607055679413
( 2,149017754717999 0,8369758235985443 0,052226413137193894 ), 11,654140245076352
( -0,8994790506416828 -1,0612942088571005 0,03411903034521867 ), 11,680377678853837
( 0,9831420768379876 0,07561802004511377 -0,8085700173476132 ), 11,69180796134528
( 2,028191641292347 1,922455254607363 1,2253983364547514 ), 11,739417338747263
( 2,1099172182710606 1,1119962480890666 -0,890961543892321 ), 11,743668552775773
( 0,8384644067270779 -0,08505821195634589 -0,1298645691328444 ), 11,746253997955485
( 1,899776188011192 -0,9515285261252955 3,052592184125854 ), 11,750519278767612
( 2,0136014438115337 1,0911906967357523 0,7654280005599432 ), 11,75641424201849
( 1,0462801082922406 -1,1700732765115436 2,043048157828709 ), 11,769192180483245
( 1,1826123733566005 -0,12523635178038006 -0,05281720237090004 ), 11,784282524767555
( 0,9103905249616023 -0,17365241493199457 -0,1096111844670919 ), 11,824459507807262
( 1,1024405657324765 0,010405753231870448 0,22147847652222336 ), 11,835680711475106
( 1,2214885565382452 0,09763153414151171 0,00886487690971105 ), 11,902580469049965
( 2,8154704900670646 -0,004806172399435399 0,9090448677150196 ), 11,908837718219033
( 0,8758336547850365 -0,13862161734007045 -0,12571347858485213 ), 11,991069172168302
( 1,0496226975924527 0,15552971313526479 1,190865949120334 ), 12,010280115789158
( -2,0564452064226146 0,97331290270071 1,1009263889169407 ), 12,059528282592652
( 1,1325996731255241 0,22058307143832542 1,002293754186066 ), 12,062811331419915
( 2,85156477965242 0,9084270351662376 1,891009937058139 ), 12,13813205053145
( 1,7988229980751644 1,9585899392288464 2,1057331668142223 ), 12,223255571409783
( 1,9038148576627218 2,162281230379568 -0,11088442040791685 ), 12,266828711612334
( -1,0556023659302576 0,06775735433093624 2,895360110945163 ), 12,268283094030686
( 1,8897692291175252 0,9098669255036342 -0,848433226573889 ), 12,283914010719997
( 1,0283504839025752 -1,0824359086770146 0,18154891097411652 ), 12,307596366348562
( 1,105648753669604 -0,15379996192599 -0,13246026412623393 ), 12,3333739324259
( 0,8385934387575431 0,16886244304513096 0,06877629475064105 ), 12,33979174408589
( 1,0830774748776855 0,07420394501295813 -0,21226057848767255 ), 12,383555184068257
( 2,779509637712328 0,9941283533676679 -0,014422028023346606 ), 12,400034436613602
( 0,8147342079904101 0,01625658692634227 0,16065278334617217 ), 12,478959984703682
( 1,8082155706818002 0,03638807944514956 2,9534077649756965 ), 12,506474677283691
( 0,9939707582366503 0,7307552537186992 0,04177622728296304 ), 12,546660882682076
( 2,184112084992928 -1,0672567223196372 0,9866406483418679 ), 12,568128472949397
( -0,03615956283689936 -1,878689938056461 0,966163391068195 ), 12,61066695059495
( 1,0262155701334916 -0,04808911214275069 -0,2405617598210723 ), 12,633868611057533
( 0,9645369893872666 -0,19148650299303885 -0,13277510239115464 ), 12,639721231520355
( 1,1600701498965933 0,16473993726418046 -0,08060404879787175 ), 12,687249444604241
( -1,0585446526175013 -1,0849583522394646 2,0682135048100445 ), 12,690454982859507
( 0,8835596635800882 -0,21176748993949357 -0,009213688706746541 ), 12,697065090677409
( 1,8831765278837111 0,844310852490384 -0,9203915650741437 ), 12,707430529212381
( -0,9462033399437515 -0,9151902421717159 0,8672148870254062 ), 12,708779862254648
( -2,092366304462672 0,9740746269310149 0,9149174900558973 ), 12,735556809040666
( 0,8107201790211664 -0,04162652595855937 0,8326529871916875 ), 12,802692627759289
( -0,8760700355766681 -1,05492808986234 0,06223355805404318 ), 12,847799937247608
( -0,0046577984744593515 -0,15571142046429248 0,8146251744810714 ), 12,849990891823769
( 1,1553953747467673 0,04063681430444377 0,19459003695378718 ), 12,905533331252592
( 0,8035182908431184 -0,0507619195286233 2,1327286240309062 ), 12,910984543168638
( -1,9363866268855339 1,1372744851279768 1,0040021945149489 ), 12,927341001890383
( 1,9947168371802166 -0,9436668892292306 1,2096390176958338 ), 12,927794417119674
( 0,8538385653792411 -0,13098864949385286 0,14316437976964108 ), 12,943569114693688
( 2,8256159761058943 1,8738919781126777 0,9506192396718784 ), 12,980458771690131
( 1,1341945272094733 -0,15729430587464424 -0,11656454072121228 ), 13,016292160424289
( 2,1204124294602695 0,7816565921269922 0,0038390495873603225 ), 13,050368026932176
( -1,0360668198514338 2,9234455671031734 0,8557845123465873 ), 13,088437551087768
( 1,0792404791220715 0,9863624437377927 1,2783891779548664 ), 13,108998108071873
( 0,8509822917247329 -0,9552826844703333 -0,9234403867130083 ), 13,144260314249124
( 2,964446339771466 -1,0845428429309234 1,1336640688233925 ), 13,172859443561485
( 1,0510461837993037 -0,1892256369412517 0,1530905212468604 ), 13,197975479183768
( -0,04989324418159824 -1,0963975496386764 0,16233516911694845 ), 13,231261138455935
( 0,8196579423651317 1,849582945700445 1,116924042636559 ), 13,252398816614992
( 0,7591267905482622 0,9854033300973173 -0,11547748460494889 ), 13,29017471216613
( 1,0356488689974674 1,278219427045082 0,9210809383704848 ), 13,302931434410763
( -0,07251123479340528 -0,8132570393620048 -0,05609858174513291 ), 13,317622149013712
( 1,020997746002919 -0,25364593937809465 0,052582776632879386 ), 13,326466979886995
( 2,0387958739223757 -0,7708044951271948 0,9702560163658658 ), 13,382021207599166
( -2,013850698275621 0,027833897761856186 -0,10255572489426545 ), 13,439667798909277
( 0,7918912500524257 1,8749335557168834 1,1111557091601996 ), 13,49259745160596
( 1,1382679684591146 -0,19720714050903965 0,06803879049491496 ), 13,506634421787773
( 1,7926430461584162 1,9421883809476699 3,0035357591254837 ), 13,537724875626662
( 3,005924406960914 -1,1454564278067156 0,02050223982942102 ), 13,569531598373597
( 2,0086252739445576 -0,22924713838088873 -0,07936487023487442 ), 13,625612610329316
( 1,0167372953751108 0,2778806553469303 -0,04264198339057883 ), 13,763715570533687
( 3,000652785930016 0,9427536898185889 -1,9554875801932894 ), 13,76937808947875
( 2,9959566889226332 -1,1304183128927807 0,08006800015121335 ), 13,784731687505158
( 1,9842951796636805 1,9340640647021416 -2,0894436643850782 ), 13,818629814977264
( 0,019697817411556823 -2,0579495603726294 -0,0916073649345053 ), 13,84699278540758
( 0,9110916150284477 0,9866598494190312 -0,7620445440068182 ), 13,912100278140358
( 2,1485364559842206 -0,15075273934980896 0,10971799322853043 ), 13,928033531944518
( 1,0378209955084172 -0,09387734619582529 2,23783540641299 ), 13,93743532636159
( 2,1360075009785624 0,15113462811097372 1,1537326094614677 ), 13,962671562984973
( 0,7997301196840333 0,9651874991736662 0,18705568398368688 ), 14,013817748582968
( 0,9268800184176731 0,14709472089244002 -0,19953538219327793 ), 14,066142043978145
( 1,048300325622296 -1,005023972326444 -0,8094468769661912 ), 14,109600456357139
( 2,865910519213241 1,915155049606582 0,15469506418650458 ), 14,128702159289976
( 0,754224149332569 0,033980264234328844 -0,10173124731381533 ), 14,143332836132045
( 0,9237688860979503 -0,24847975578895254 0,058339498604821294 ), 14,145372217157787
( 0,11634278865543424 -1,9189806198758461 0,01708133912476084 ), 14,147884537767123
( 1,987577373486347 1,8843074217712765 -1,9166587434036608 ), 14,162386074549932
( -0,03829776572683813 -1,0294032755917555 -0,8301132289286096 ), 14,180379814507143
( 1,0985681156812384 -0,009620409509275174 0,26315171401497206 ), 14,272940755858677
( 0,1700702052736176 3,0337515874925662 1,8665817474670359 ), 14,29890378822919
( 1,922348048715428 -1,2051083427664793 1,0375767316879925 ), 14,375510045453609
( 2,085414178847144 -1,081769608698233 0,8118161213876485 ), 14,45709607000635
( 1,2517846118890996 -0,09391673146902438 -0,04058119940004659 ), 14,469429847074899
( 0,8255064238357068 -0,1905705474702497 0,040416219883705584 ), 14,473288283075174
( 1,8541852536140138 1,219233527131964 -0,05570699337998751 ), 14,48890756511623
( -1,201691936202981 -0,07350575087698522 0,9509234540823863 ), 14,532747346152977
( 0,885391007461823 0,2589892669447065 0,016093884293750957 ), 14,628564033701963
( 2,81331309741188 1,940535304661445 -0,11309962117788232 ), 14,648086690508592
( 0,9793362820278821 -0,13851087894911457 -0,22180976675932057 ), 14,665569217112909
( 1,0421526878574827 0,9337696588470558 0,2981211407967497 ), 14,6785996517209
( 0,9014262186607198 1,8922730055528776 1,7622163456896844 ), 14,682123904501879
( 0,7636919506068163 -0,12744323460248558 -0,025771926998900824 ), 14,68907914697741
( 3,197162967377472 2,0050140035693773 2,0714009691898956 ), 14,720797762573254
( 1,9121727638677486 -1,050780364531275 -1,1302046452137997 ), 14,728499064176933
( 1,1223986402682942 -0,06298152883548468 -0,22599247067098352 ), 14,73237673170194
( 0,07566671783234913 0,08017795129319927 -0,2364868372791603 ), 14,732683253099108
( 2,832048750977662 2,1231436960167342 1,9148746852314877 ), 14,768443492179756
( 2,019645211120542 0,21925188501075077 -0,14135211706605436 ), 14,799496290834055
( -0,11806922731615312 -0,1439425151018901 -1,0883982214761483 ), 14,869683900471479
( -1,114586408809903 1,8747034045435997 -1,0244783597287244 ), 14,876987956980464
( 1,1026142363046012 1,1972985773237272 -0,8835633773352084 ), 14,912475327642897
( 0,8862918138307825 0,22623748949476363 -0,10588760971996458 ), 14,925338473556655
( 0,01899164335523751 -0,8243042423176457 1,1673523393776515 ), 14,926027344547872
( 0,8437260347989247 -0,12625448102902925 0,17667179131015243 ), 14,955112799747294
( 0,28613004495730565 -0,005708988507972579 1,9626393048142745 ), 14,979099045823924
( 0,7063652489276503 -0,0052270671647748 -0,027888822762524967 ), 15,019221758328076
( 0,8182610469174143 -0,1940451567563214 -0,026332190111037504 ), 15,046243794857034
( 2,046749942572619 0,7529079432641776 -0,11308166174448844 ), 15,061034450601765
( 0,8078111798070919 2,143652355409454 0,8629811994931837 ), 15,097422155663317
( 0,1697364700885859 0,7886963057695062 0,9081601744006337 ), 15,122129887685915
( 1,088258304919464 1,2555367321272852 1,1313352498314488 ), 15,152667171963706
( -0,990879517986654 1,7802704208804196 1,1136754501072317 ), 15,155372724620289
( 2,01478061352452 1,8457796666968471 -1,9639122860883758 ), 15,16767720266612
( 2,8661760736232296 0,21188769414560107 1,0266930062270747 ), 15,204549865314512
( 1,8477503300507419 -0,8780054562066826 -0,9875343865352235 ), 15,260293552161615
( -0,22333084317136387 0,0072039316464394855 -0,9397380363633374 ), 15,295473471454368
( 0,8125201151968979 0,8422303507921343 0,1444318418681619 ), 15,330736575257703
( 1,278004117145055 -0,08322971208687585 0,007745338485559028 ), 15,334059203466811
( 0,9475563801321997 -0,7882768213297056 -0,9906327481479051 ), 15,336731682426716
( 1,8938783403572086 0,8770161597638444 0,7575048338425153 ), 15,38334681139101
( 0,9299769756876344 -0,7432420123209704 0,016638950147758055 ), 15,442228886061883
( 0,9088603996696691 -0,20635225039422458 -0,14327883081988224 ), 15,443600679133011
( -0,827981533303406 1,09164701470552 -0,9089064128330547 ), 15,494183226790081
( -0,19005226466868827 0,09284686491625382 0,8283731072050406 ), 15,516616729166532
( 0,09674178032407532 1,2784396614022606 0,025257967995663468 ), 15,537815771708996
( 0,7346403929026073 -0,0814016180483852 -0,0687908133767271 ), 15,545075072107812
( -0,015616745127994935 1,7991872370761754 -0,1756891322478002 ), 15,557680117879952
( 2,918773892069811 0,9418171609453314 -1,1720439032678933 ), 15,633365646939255
( 0,7055404148710066 0,09583381760132975 1,035561290432517 ), 15,670117191206948
( 1,8822755798168291 1,7218562562891266 0,9916056761237633 ), 15,68577158331631
( 1,0418725807111304 -0,0486046744327306 -1,2312472057499613 ), 15,711048141657667
( 1,0623434974503916 -0,2660046205414541 0,08936370373950303 ), 15,7326310577803
( 1,2020783339770162 0,10056500514950589 0,8165234782057853 ), 15,789368612047841
( 0,0805750846191985 0,2280820047329648 3,0399972356811915 ), 15,79851200026884
( -0,0024144117374342855 -0,9234228415138049 2,802900552385783 ), 15,82837672975926
( 0,7941506512395056 -0,044445822664504975 -0,8607213062922137 ), 15,835212573723002
( 0,1031975157303362 1,9063940787777511 -0,23431379256086637 ), 15,8751589953307
( 1,222162164901451 -0,07400883397106789 0,16054581909244203 ), 15,899890718855637
( 0,7880444200760748 -0,1284839295103194 -0,12058229031743106 ), 16,02721250205996
( 1,2275150438628288 0,8477380791035812 0,11096856627406398 ), 16,02876403166519
( 0,9945197929695386 -0,11049665878576997 -0,2641904876269725 ), 16,042568329375303
( 0,6913911422787682 -0,0013199349578667946 0,04840927065689002 ), 16,062610453547496
( 0,048602038743562836 0,2850346387509075 -0,06684178891212106 ), 16,069726790620177
( 1,9102835954206165 0,015528300252142649 -0,7559245371032484 ), 16,103653437024096
( 0,9991022646726195 0,6660219096031545 -0,009037718796429867 ), 16,18101977076288
( 0,8733628476943843 0,9253380079631159 -1,8530135613517231 ), 16,21367750648942
( 0,9864684197993151 0,7051736682407845 -0,10490710792293759 ), 16,218351549834882
( 1,1680524395931777 -0,1706710803231828 0,14357263553815802 ), 16,227542543738014
( -0,7710785019373132 -0,04707114763468062 1,1236385175689527 ), 16,230714602012082
( -0,04416601460736709 0,7315650916758101 0,12198935418703674 ), 16,267975245237775
( 1,8593251688033976 0,17487425232565446 1,1797862876861223 ), 16,29320068554528
( 2,0528856389510874 -1,8899141282971401 3,000189768440553 ), 16,306268785556355
( -1,0209230456273841 2,0626912555141077 2,797722061855814 ), 16,343609867019605
( 1,7394987366955836 -0,9747393599496194 -0,020510789372930605 ), 16,355849560644273
( 1,101913673606599 0,7829787932063074 1,1903717759297492 ), 16,357975622843853
( 0,9093870016005585 1,1448601633458164 0,735356659287803 ), 16,45941246456036
( -1,1945270642325625 0,8572962829550838 1,9559766908760297 ), 16,472573079573962
( 1,8574181668525505 -1,885161711098902 2,0270763311520095 ), 16,50233558427614
( 0,9168331376566503 -0,19688502308426836 -0,17814833931621343 ), 16,523525153692717
( 0,8210431216896692 -0,7913170725237217 1,0290432541626597 ), 16,52375512047029
( 2,974631317309904 1,0901788790937739 2,2409040138448404 ), 16,565452547334534
( 3,041319883960373 -0,20764432535327426 0,8684057620802643 ), 16,57574255297589
( 0,061749208834635194 1,9994188422617256 -0,2871398175380182 ), 16,59164517357413
( 0,8242256643060483 -0,21697406313288956 0,06331494834068828 ), 16,613500115945715
( 0,7855108096147742 -0,13092018308410758 1,1542868061629603 ), 16,67499719860651
( -0,009743302421004907 -0,2503972060763041 -1,021664807540418 ), 16,806399177028965
( 0,7459168278654138 -0,0387043006991384 0,15590865757414848 ), 16,833201440133806
( 0,9776462984756482 -0,7593477836706068 -1,026543152386043 ), 16,852901299641964
( 0,9180180881986385 0,25812477677292245 -0,9384865795900037 ), 16,86036600905475
( -1,2150712018894434 0,9786297330057279 2,1218122862049076 ), 16,867138566793784
( 2,1960183108999947 -1,1479051001424598 0,9701054256879478 ), 16,90979941844202
( 0,9446033685915984 0,9094451405002015 0,6726750415021399 ), 16,963101800159325
( 2,9741395213087385 -1,9694908706155112 -1,003682979023751 ), 17,047416328607465
( 1,9046915467166252 1,6883221935307287 1,0373753436832587 ), 17,08728575295713
( 1,04511934319356 -0,3141599348902092 -0,010628392192068459 ), 17,09485147691335
( 1,1982543210217322 -0,09021663016153192 0,19955775861648828 ), 17,12172398078036
( 0,9255148137669869 -0,2817786924638246 0,09104060823684001 ), 17,12541608814697
( 1,7559962951812187 0,11826509215699024 0,12158454191715139 ), 17,158886089403033
( 3,004000742744241 0,878095845777342 1,2543205429574282 ), 17,162885957901693
( 0,8943199988437718 1,949293496374326 -0,28193039317549157 ), 17,176441000848293
( -0,8946377344875115 2,1846026564387393 0,8510005255124354 ), 17,204583845564773
( 1,079892740465606 1,2486787930804972 -1,0932428414340896 ), 17,26820763992761
( 1,8433167606562835 0,04162590097097302 -0,7878019902469675 ), 17,28003123759866
( 2,6799325511706695 0,9770272449214078 1,0252236382306863 ), 17,314281420895853
( 0,7564867574448855 -0,02382213804071806 0,1817746709788588 ), 17,324714109500334
( 1,2391628907716963 -0,07942964028719862 -0,15279641668251487 ), 17,355837227707024
( 2,7125149013675216 0,005381829081150308 2,0195826621547432 ), 17,376381949495276
( 0,9439509768265011 0,014153746207763995 -0,3158810500563065 ), 17,3820407850563
( 3,0507957972632616 -2,1025326096664707 2,019731474540877 ), 17,4574655169018
( 0,8500254784955913 1,1199226988283333 0,741564935113824 ), 17,461247356172166
( 0,9427854128304262 -0,9795197588161271 -0,7530217119699583 ), 17,526924624664417
( -0,07671568353165714 -0,20746548181270968 1,1914749373658506 ), 17,55759782878018
( 1,1639897948390574 0,07607788491518168 -2,0807606899160684 ), 17,607610464058432
( 0,12974278893355765 -2,0795749679950104 -0,09725080047169632 ), 17,62145448866137
( 1,6925672758390116 -0,03441554425514451 1,1107267284148226 ), 17,649660402065784
( 1,043449260404835 -2,042715204860094 -0,8473764435947302 ), 17,657442440857338
( 2,708024991099146 -0,005910914747356583 0,922752235375097 ), 17,703907235521356
( 2,077339210427381 -0,872725451065671 0,7682462185621164 ), 17,765863427278003
( 1,0388452409372666 0,05466080437272969 0,345388121950301 ), 17,845052477857827
( 2,2262828540662305 2,177651704842371 1,0667602604636022 ), 17,88651623386391
( 0,9616993280031821 -1,8522172816232154 1,8373517742572532 ), 17,91890634664125
( 2,184129454981031 1,8228741277661085 -0,9469662041072622 ), 17,977917257769956
( -0,11827336951001799 2,0963439319012136 1,2671874275813095 ), 18,015145858042068
( -0,06121909344283605 -1,0197992856708114 -0,7671756665088392 ), 18,05958497670627
( 0,7036587625688011 -0,0023172134368049657 -1,0166769753566909 ), 18,08608991484294
( 0,9344420521165604 1,3550412932046245 -0,0024872464302956865 ), 18,10410725780263
( 1,6375936057299103 1,0790697162093967 1,0066025541854193 ), 18,120355988674373
( 1,0778359502906008 0,1983105990727827 -0,21924857320876923 ), 18,19645580274578
( -1,0911685983588544 0,9326845101731437 0,26283387274347575 ), 18,203927577579357
( 1,1925735999027327 -0,21064388249761284 -0,08898659353642649 ), 18,233293312175284
( 2,24364079892185 2,0137937258296565 -1,093218173379856 ), 18,26084765885306
( 0,7076265648277349 0,9520726838547583 0,831667963519714 ), 18,288064616245197
( 0,8129401745810787 0,1847762993194968 -0,14969706572376595 ), 18,2913978884506
( 3,004452271899747 -1,2198246289341368 0,9202951855165857 ), 18,299093190511535
( 0,8368145328615009 -0,8796911918922061 0,7950891349907363 ), 18,34196307430195
( 1,1005559695315947 0,13075180756637472 -0,26464996077300773 ), 18,403680371908372
( 0,6691681716725784 0,0760933311774783 0,05353120640813391 ), 18,403791986464128
( -0,3008051921778733 1,1385817761628454 0,9910186123306848 ), 18,422897899565406
( 0,9061389553267363 -0,26629997443060804 -1,0179557234981584 ), 18,4595944729949
( 2,7376817250825827 1,9418849127125217 -0,10093961118357374 ), 18,49592302326285
( 1,0148346221433937 2,07403902494294 -2,939196750151695 ), 18,49807685105069
( 0,8342312640167856 -0,265889959984849 0,0050934338401074815 ), 18,572873911755412
( 1,2698013429939836 -0,034971975073397665 0,1716432465757025 ), 18,584726416360798
( 3,0670488091208 1,9909715881532175 0,2809771172097588 ), 18,59621679361237
( 0,03417143724477323 1,662232220968399 2,057200279490665 ), 18,596900480015055
( 1,0199821935584437 -0,35440533699541077 0,9444154157629938 ), 18,619817989305986
( 1,0874501096100961 -0,07097495962443767 0,6683669415304614 ), 18,621755676079733
( 0,2703865167785035 -0,07695558489281536 2,1320025378131744 ), 18,644200256938774
( 1,2700411124450433 -0,033575875581501824 0,17306611114949483 ), 18,654786610407832
( 0,2471029278369654 0,21240872786845832 0,9970528365080495 ), 18,666829193823197
( 1,154307756691146 -0,2925558160137568 0,9927709887187846 ), 18,690236095404316
( -0,9927916379542687 1,1772249944484257 -2,011618516866419 ), 18,694460011759695
( -0,24156197302854787 1,111541757680118 -1,0746342229138426 ), 18,76459715477492
( 1,3182646777614997 0,08026528610179243 -0,08042306393485188 ), 18,768149166626458
( -1,226346216919648 0,041369090229764455 3,0077602346891226 ), 18,773750345670393
( 1,1724285022799712 0,2717009241880439 0,05782208237422892 ), 18,776602884936764
( 1,821906129444045 0,9021230325011259 0,7408745322264498 ), 18,79160446234136
( 1,7701625482700947 -0,8796694896138302 0,8691331561311983 ), 18,79884850460979
( 0,7625127259588349 0,16384070752981283 -0,9981874482556438 ), 18,810600618234027
( -2,0102575252951933 0,0848745133156237 3,1262372503742197 ), 18,813435370757045
( 1,8551570442332568 1,8531971918385315 -1,9291709654133609 ), 18,83727272847603
( -2,1318364418406417 0,8375934993315955 -0,015041754770483896 ), 18,918815258037963
( 1,1017837023091497 -1,2679234472550525 0,9417170300243681 ), 18,920292058190768
( -0,9848513183479781 1,8289503375684353 -1,9615717325473876 ), 18,973408149701648
( 0,8848952818966069 -0,08446820068636685 -0,2876892656342369 ), 19,07234019125518
( 2,045287626391225 1,8569262762396324 -2,1324590607233636 ), 19,08508900464862
( 0,9707259314444389 -1,8458494034844324 1,1923100886966465 ), 19,094579344415955
( -0,8922192779992645 1,2370087649856532 -1,0127666528853883 ), 19,11143076839203
( 1,0654494082088886 -1,8050551965095862 1,1444334711263893 ), 19,179383831277413
( 1,730249566529921 0,9558580804500763 -0,17829115443586757 ), 19,18882089741462
( 3,7662459460099442 0,9106990910547013 -0,010472810909742059 ), 19,21706351283276
( 0,6482224079293996 -0,044343416174555075 0,06305851947312727 ), 19,22042890210747
( 1,0947578986102782 0,14733468996690458 -0,26929333108571374 ), 19,264540148322542
( 1,0566596961310895 0,3794381318568006 -0,0032771030549264453 ), 19,289493730221743
( 3,036710131872298 0,00524613199594981 3,8160383391882187 ), 19,306793435965627
( 0,13024134533303644 0,1293695440295627 0,265424247728149 ), 19,312994083145476
( 0,17707885674809493 0,10992466787774677 -2,057042450473206 ), 19,319090452583794
( -1,1280679745350777 -1,040613275756419 -1,1208450073000757 ), 19,327887698819886
( 0,2470904400342504 2,1600761018606045 1,8931832765896037 ), 19,342318093930828
( 2,771268497742732 1,910391746100733 2,1470572464768587 ), 19,466712254486367
( 1,8388657401902975 1,71409906517483 2,036795038383806 ), 19,493315296620423
( 2,158743715670868 -1,001174061779389 0,7574604729778275 ), 19,51315136246845
( 1,1558287646097827 1,7443678271632033 3,02070209674104 ), 19,52219813652301
( 0,3565700691812985 1,0984048102868327 0,9264278841968103 ), 19,53670638512141
( 1,9832318378889164 0,33240202377810113 -0,10003831963474918 ), 19,538449795298956
( -0,9504973308730278 -0,8441698363176577 -1,1255211160481424 ), 19,577573529081107
( 3,8074579616363105 2,9843804068564213 0,047611344952015244 ), 19,6866012149029
( 1,9149788799118188 -1,0489869671513963 0,7064500498780616 ), 19,687224066375236
( 0,8770216908700083 0,6540862113466711 -0,013585602250489173 ), 19,706457504050785
( 2,0897642706837654 0,0309987667972779 -1,7795796822965657 ), 19,742621223729408
( 1,1789232076624883 -0,16426236829708074 -0,1914786115835545 ), 19,763268913139548
( 2,137451684681233 3,923009169968464 2,9070858851112016 ), 19,78162585381019
( -0,19987250923404876 0,7450177765586776 2,013999417897569 ), 19,786769321827023
( 1,1936558588193296 -0,2190831640184716 -0,1147831167632698 ), 19,859204904872815
( -1,110719992904386 -0,9960781297438115 -1,1571276634676126 ), 19,909718395148115
( 2,037638328880958 -0,8984993615178103 1,2976368909240352 ), 19,962147224490533
( 1,9532949107124757 -2,011547682336667 -2,0413258659072597 ), 20,01688896898686
( 2,709963922473618 1,116153959746671 1,9206420635447263 ), 20,038748962169613
( 1,9213937471852334 1,2481721081205746 -0,1952459390380028 ), 20,046567212729457
( -2,0678360694039366 -0,8066858244965589 0,9965979063432335 ), 20,08585632017724
( 0,8377780038574096 -0,2908936958985345 0,029606700721198816 ), 20,108289293694952
( 0,9727728140093883 0,2787636568800741 -0,18885987956334266 ), 20,129980846132106
( 0,1516368550005307 0,8617116839511112 1,731769791218049 ), 20,166189923456763
( 3,7961973372282074 2,9764977418096015 0,04531714245230267 ), 20,28608133687747
( 0,1149152803964855 0,03317050346085498 -0,7010791286340129 ), 20,34919087085909
( 1,1818153678789014 0,9598140838221778 -0,7313038497208173 ), 20,36686773836965
( 0,9971640715211184 0,26638119976867386 0,22113321271653308 ), 20,37004478069033
( 1,7575256698566664 3,9131985999700047 0,9556812002498862 ), 20,425815649272238
( 2,0262926995705226 -1,094409970689585 1,7071232466684412 ), 20,445970819015727
( 1,0473133121956577 -0,08650200049422807 2,6742664796677555 ), 20,44644480613994
( 4,196012266806328 0,030900974955952676 -0,08098776185746148 ), 20,44960652528747
( 1,1539934736587019 0,24472507211222583 0,17101446767191164 ), 20,515388523467788
( 1,8942330441547963 -0,781286965958585 1,1903927093799886 ), 20,525488813308684
( 0,11763909752377177 0,334535030051595 0,9081100276284444 ), 20,525612197637933
( -0,04885350235443092 -0,66551163343713 0,9237528380549297 ), 20,535758632411255
( 2,1081765161660493 1,2951127561102287 0,13784393165187253 ), 20,599483875261523
( 0,6745898613435075 -0,02527236346318678 0,14817689803647405 ), 20,601199984071332
( 2,041899131052632 2,030736222498885 1,6115423026317628 ), 20,695389400901924
( 3,1190921115178805 1,7715045154936926 -1,0309806271685256 ), 20,72383420105015
( 2,027763840554707 0,3220046859791823 1,8532467332341724 ), 20,725542924988833
( 2,134678644409761 -2,026576630879022 3,110806353211818 ), 20,74127323559247
( 1,7946857104293827 0,8066525968727638 0,8104304652160528 ), 20,74263137066601
( -0,34821525982972823 2,094672971125122 0,9652973848948341 ), 20,758395942090637
( -1,8888246424107105 -1,092026017377123 3,011754481054025 ), 20,764061467694326
( 0,04203801697083498 -0,8330925938627157 -0,24352723210346713 ), 20,777607959566335
( 1,7325233628328867 1,089121825570936 2,848521368588952 ), 20,782294304880963
( 1,051152816650709 -0,2873750514368323 0,17827043673070453 ), 20,818208410798093
( 1,0135988749271156 -0,16401843558947904 0,3173869551259221 ), 20,8228328361068
( -0,8731322343084746 3,9858107405949124 -1,0752055779745286 ), 20,87809012991196
( 2,7902933940004218 2,084112497412537 -0,8479404204593042 ), 20,882241307292382
( 1,934845169007453 0,9783440571473849 0,5749951928396486 ), 20,88398775779586
( 2,312606789124717 0,9738807134638408 -0,9090342103922426 ), 20,924816410472665
( 1,3782669426506287 1,0527960496295876 0,8726816501180268 ), 20,954666050079094
( -2,108287818443221 1,8564474294860593 2,934292113839145 ), 21,002714578953526
( 0,9463064601871218 1,8579658948363265 -2,182236061331336 ), 21,023820636999268
( 0,9304577471747468 1,4379342256613254 0,9428763529421045 ), 21,025835662647474
( 0,72197369273894 1,1747152058713055 -0,11526240888977106 ), 21,05745370271461
( 0,7143451720579255 -0,026675062629641755 0,2012835742707464 ), 21,121934731875527
( 0,676158983614548 0,1315403666103774 1,1169092251276365 ), 21,151823241089705
( 1,2800779071879407 -0,8601382243899285 -0,07069507145381185 ), 21,153048339552875
( 1,724921652285992 -0,1580426587681083 0,8694614349439469 ), 21,170358369698697
( 1,8481261192152592 1,0430291013783504 0,6516504455954966 ), 21,21721656751692
( 2,129369635663226 1,007066905900354 -0,684700877660696 ), 21,23803015003265
( -1,9464897458006956 -1,1706624685787506 0,08002591392014402 ), 21,256525699926918
( 1,830462221889569 1,1142575916523703 -0,2715042733278704 ), 21,291647934399684
( 2,0248985130678636 -0,6632172634933571 0,08287201775216574 ), 21,29174993642586
( 0,14669693022503882 0,8973829799863107 0,31775836113666656 ), 21,297137075155074
( -0,2642129345538219 -0,08159889615933383 1,189988135833499 ), 21,29985824929407
( 0,8244445239128035 -0,7479969252913282 2,085815487862505 ), 21,301157140575985
( 0,11515188361999024 -1,1790228043398405 0,7894950903078078 ), 21,311186113300927
( -2,0263388328545946 0,8383149040780533 0,7941776235945204 ), 21,35502895430174
( 0,68636436944704 1,0903484543968822 1,8313862173341047 ), 21,365186080083333
( 0,21100487344092808 -0,9298533392730564 0,21646765555265574 ), 21,399385497466653
( 2,0078474386603964 0,5647921486595052 0,015675374119502483 ), 21,417399218560163
( 0,9152977721642962 0,5891231583059229 0,04977598779238265 ), 21,419757171615437
( 0,2946382521209994 -0,02916362602697912 -0,8631576873656766 ), 21,437714979449183
( 1,2848291121900144 0,025130899415559814 0,2099975256552314 ), 21,463910942101542
( 2,874464858248328 3,8172284463417196 2,02771295740319 ), 21,51096539737342
( 1,918282861402759 -1,291331428476897 1,9406030851139633 ), 21,52378780849368
( 2,7416292051246636 1,1442361474696539 3,020791770097333 ), 21,58167397453199
( 1,0306915857746004 -3,0540711246686967 -0,9416751336406204 ), 21,62748759925917
( 2,18233941216928 2,231383351503584 -0,9724439961196453 ), 21,662888603570757
( 2,137221466614634 -1,9755789541024815 0,20636396988510602 ), 21,67940236115981
( 0,9361199890261669 1,09968643907097 -2,848751919415466 ), 21,705678385208827
( 3,125934493302553 0,7629872266003628 0,8336071094338139 ), 21,744035345954853
( -1,043039390184398 0,7130125344461552 -1,0559324026335766 ), 21,76098024613752
( 2,035903524547268 3,9720242392335603 2,7767378307673365 ), 21,798189257353496
( 0,8727480276806262 -0,24671948448809622 -0,18505230584219823 ), 21,82997189638479
( 1,0715004291323615 0,005021642661243289 0,5392551266586008 ), 21,901993104604927
( 0,8605524028029152 0,7586634095456575 1,7793685243895077 ), 21,905265676609837
( 3,196536106928672 1,143838525309099 1,8175588729624703 ), 21,912365416380545
( -3,050607275901421 1,055516719344249 2,1299840536855066 ), 21,94469843367352
( 1,9227112887996505 0,8421996807458659 1,667634438927008 ), 21,950972710537798
( 1,1112834051870943 -0,14736539874069887 -0,7288937933611095 ), 21,975718909060365
( 2,2016559194546335 -0,9713468353885283 -2,037110877709796 ), 21,99542020220815
( 2,739439924739596 -0,19577821058051492 0,9552369815029357 ), 22,172149287973895
( 2,8879584263842144 -0,9785388513533857 1,720704431167643 ), 22,296778785960058
( -0,0003942819609381587 1,5226363891193537 1,0760077247895194 ), 22,297629437891693
( 2,382572634252537 0,9651872008325003 1,8990866956291383 ), 22,30242373623605
( 1,889191361520757 0,8163806964956227 -0,7472273662357348 ), 22,3277897304865
( -0,15739816143320517 -1,1452776184148554 0,20794057137398803 ), 22,346271610729076
( 1,0063792916840388 0,24835285573257737 0,27180028496362985 ), 22,36530259176635
( 1,7331824892282974 -0,20634143617345568 0,07917955694697434 ), 22,398777284814155
( 1,9693144989620195 2,1715616131081363 2,722797152589325 ), 22,435018118958055
( 2,761379211969413 2,912326911280864 -1,059209536114547 ), 22,448779204883845
( 0,5438891133564664 1,0657611711801993 0,06864825323900546 ), 22,459400039791547
( 0,24226788381416986 -1,177021461307695 0,8961785042502362 ), 22,465636626961313
( 2,077857759565299 -1,0244772213880404 -2,9797964200583094 ), 22,470445123407647
( 0,17236531652524342 0,8313968812127145 3,8700448089317665 ), 22,522002543528057
( 2,6316441429581916 2,019107657907233 1,9232793717561483 ), 22,534606549385316
( 0,7089856661838476 1,064817971957722 0,7654475494928072 ), 22,541326274358244
( 1,9143171789824502 1,0233094634434026 0,47989564855360367 ), 22,548906818066975
( 0,790835704531534 2,99889454448886 2,784202805683054 ), 22,55270405008523
( 0,38396699320999517 -0,09747410983575888 -0,0556803044027771 ), 22,57976211757359
( 1,2131500984344625 -0,08144759041596017 -0,2629200548332642 ), 22,607225460538395
( 2,802234034461315 1,818974149746302 -1,0954722602099758 ), 22,63293669462957
( 2,3458636354665128 1,1536114580803132 0,9337761851151594 ), 22,665448316474766
( 3,9557319191263103 3,9581463110137625 -1,0414737700174088 ), 22,72033217441808
( 0,052686229877245284 -1,9741555932339976 -1,848432846883893 ), 22,733165677139965
( 0,9609609835977588 -0,7949157695071878 0,7192098175573393 ), 22,73914945540027
( -0,10981348285931453 -1,1220381563573731 -1,2034290019412366 ), 22,79124400584906
( 1,0315658600768454 0,46429686248205065 0,8834947480316038 ), 22,808790235502435
( 1,7654675545220282 -0,026181845404349653 -1,205060710060115 ), 22,879713968290204
( 0,2718891821346812 0,1954166799313727 1,8740545110967368 ), 22,920806112479973
( 3,976026461039695 -0,9370081252451301 -2,033970163715084 ), 22,926939109399157
( 1,863358963142206 -0,7091576749241773 0,867904855775516 ), 22,937840748546968
( 0,8430117937105885 3,2003852082335316 2,869770922445654 ), 22,943193080446644
( 1,0301976702662388 0,868712107705535 1,4419736703028974 ), 22,949392190073393
( -0,8878431336136047 1,363213793509129 1,042036962788611 ), 22,95490730957478
( 1,9192668148397332 -0,7787133916807463 -0,21832446267676275 ), 22,980942078351777
( 1,3589735301007877 -0,01035418227858802 0,1630055239936023 ), 22,997928581732914
( 2,917587151295006 -1,0589787748222097 0,29254490043045817 ), 23,04825728671963
( 0,9045155545890661 -0,7684659770758094 0,7615639093569563 ), 23,05618968942654
( 0,7609764346786667 -0,04615793402425261 0,27663393021555827 ), 23,06898852822388
( 1,1235135315430196 3,0236581815415797 -2,960875592814943 ), 23,073095271808214
( -0,947466826447255 -1,2402883177893496 -1,0320828057787785 ), 23,073366573582977
( -1,0358415385299693 0,9244636030899076 2,348449013838242 ), 23,125195400914446
( 1,7866887911258484 2,081541867663942 -1,847592949663337 ), 23,141721122255042
( 0,9379112306360713 -0,6165014021462132 -0,07814293070015843 ), 23,150382495773357
( -2,050855306806538 0,776158530600237 1,1651782899651086 ), 23,174318115427415
( 0,8384743253561865 -0,20790597664325877 -0,2194811393320415 ), 23,175232322611695
( -0,10008666962460211 -1,724632590949774 -0,012106758853132164 ), 23,187265395270927
( 2,114536937100641 -0,21750575826834212 0,7507831694072862 ), 23,189575576191736
( -1,246454470712955 -0,11372318020534933 0,8395819660638246 ), 23,19992224800953
( 1,174950208653986 -0,9946713891898297 1,6971469882709533 ), 23,218398152595356
( 1,9605644580043577 2,088674763021099 -1,7196083086914804 ), 23,21995490823657
( 1,5916665034759259 0,09711245867619417 0,9013504480093939 ), 23,226491545510676
( -1,980045800663837 2,9175299439697673 -1,159939369148542 ), 23,252693626341774
( 3,0654583430374878 -0,30452586058537723 1,8888853462326711 ), 23,2909851400437
( 0,9800380817741987 -1,6676870470024994 -0,029503768135668684 ), 23,371091566916718
( 1,2361121337515668 0,2311317836013359 -0,13717405257353615 ), 23,37578888671086
( 2,5269394780122396 0,9724951529602149 1,9786382257003663 ), 23,38601970969477
( 0,7174675077002157 0,23270673725151192 -0,05880314236183348 ), 23,409883797841275
( 0,9532678783828563 0,8191245786164372 -2,200569722172208 ), 23,442476009581284
( 0,8858073915088918 -0,0877139175417444 0,5984235227127463 ), 23,45148573756245
( 0,16505125432988244 -0,179284654561515 -0,7894174829064577 ), 23,45237457365876
( 1,965101783570721 2,390445761678316 1,9017710941248516 ), 23,485269364558402
( 2,098224333014222 -1,1590301570627712 -0,7814115856361252 ), 23,51521294029873
( -0,12453151816465213 2,2695274313090987 0,8066331655150843 ), 23,561931665716052
( 0,12583573697460615 0,37304262675061395 0,09219088002046982 ), 23,562366588821614
( 1,956160440953196 -0,5156475181542682 1,0174923181030544 ), 23,6007587462353
( -1,1290512956713765 2,2547920998796283 -0,9602100067252554 ), 23,672930089778195
( 1,9406606004942208 -0,7766250884161529 -1,8901869625643735 ), 23,70372875430431
( 1,989931451841879 0,724942622998539 -0,2429261075654141 ), 23,7440760523699
( 3,013614226161539 -2,878022876984878 1,929730908097051 ), 23,749521058281687
( 1,7150221867405662 0,08467581638047164 -1,9791228934664589 ), 23,872459888013392
( 0,6665713387840968 0,013528101411564353 -1,131994020301634 ), 23,917383970474678
( 2,6676502195322342 -0,9827811096373664 2,074209802441344 ), 23,938762708512925
( 0,5897084741089708 0,9745328485819822 0,8302289012303161 ), 23,948505569806986
( 0,029480441273057878 3,0047899496368418 0,5839074822130839 ), 23,951975603527238
( 1,2843913007561156 0,11665029421390383 -0,8329208742690728 ), 23,955199722678373
( 3,049691013714516 -0,028021784205358436 1,6099627275891129 ), 23,974791326314076
( 0,8886152784048693 1,1923787869509117 0,32745858970016906 ), 23,98747217469021
( 1,2770842988474154 -0,23317562381297258 0,06831563207166784 ), 24,011125377772128
( -0,023572960179293074 1,3032751997718017 -1,9313998717620189 ), 24,042116666082602
( 1,9991734607633431 -0,8028969364010893 2,273084830274934 ), 24,05228722041833
( -1,0184658129964728 0,9449099438362705 4,233885529563758 ), 24,184824852504367
( 2,0032349665229945 0,4957897996329404 1,894204847955804 ), 24,18804728403764
( -0,03847611894628929 -2,87651101664654 0,8347604805324907 ), 24,208539988949468
( -0,1837634583849902 -0,31740419990292057 -0,0037933165708430305 ), 24,21428526174291
( -0,67585643873733 0,015300071091958922 1,1833121133892606 ), 24,281213020137773
( 0,5312544344463591 1,0920913411228088 -0,0864582616739625 ), 24,283831469465742
( 0,20617325829870203 -1,841295369107021 1,873897452586524 ), 24,29904847626244
( 2,9105117532435303 -2,2011566413536894 2,0645583458522694 ), 24,36077502030554
( 1,2094595044332912 0,6866740513474907 -0,09422064606093089 ), 24,39608478811259
( 1,4103658850389298 -0,025277844637230595 -0,13392290873536272 ), 24,423082685954036
( -0,16520669794554887 1,0160476308984308 0,602629204415174 ), 24,479396777733868
( 0,9005522584162193 1,3069728761850063 1,232931471778585 ), 24,481216651504468
( 3,045553978159661 -0,9906609541413784 -2,9654093664195726 ), 24,53079073935331
( 1,200789663007648 -0,07223086834237791 0,33211873532441283 ), 24,539178041147366
( 0,8577101775237677 1,1657440733667195 0,6537510760256537 ), 24,540323662909547
( 0,0982710405104199 0,6370081700465773 2,9065673147247013 ), 24,618524177918868
( 2,0532958154829224 -0,5797054820363037 1,0939966932716323 ), 24,635090185329936
( 1,3466166117486327 2,0852561619719636 -1,0982013394434973 ), 24,649630306181347
( 0,8387436395081513 0,37598363054081313 0,09140035823654016 ), 24,66832929891112
( 1,3052570140029511 0,9470211486284157 -0,23599206133883932 ), 24,696159851112352
( -0,09112715204966515 -0,3071249474321556 -0,17372677879203724 ), 24,77330483972167
( 3,092661770947985 1,6955277420733645 -1,0600428226507832 ), 24,813667655264602
( 1,963371052068373 1,1112024393416133 -2,2602646812879295 ), 24,821192896709434
( 1,156461452678321 -0,6997084479140225 -0,9461593020528398 ), 24,83072948460314
( -0,4706372501337426 1,0431280096955693 1,114612318743856 ), 24,855782258116147
( 2,7947153509349048 0,056752592821315506 0,28833441725978337 ), 24,858919127308653
( 0,10921544914927264 -0,6675153302995951 0,8503323519386966 ), 24,91906068320396
( 2,0470342906746817 -0,10715329484515872 -0,6180273701283547 ), 24,929652325375216
( -0,2659103322884812 2,8312125420403778 -0,11861743596499336 ), 24,972149500985665
( -1,3030897243809925 -0,894898962022086 1,0601399720070057 ), 24,980507518496882
( 0,573373566809269 -1,0563651308334192 1,988404070446733 ), 24,99070714294362
( 0,8219907554031624 0,37373695257320483 0,8995359717524227 ), 25,005082239226525
( 1,2562046216823295 0,010718987336689842 0,30016273705242513 ), 25,046403133421343
( 0,020376832290179454 2,220725427062194 1,68591078099263 ), 25,092027464713105
( 4,948125890615817 3,0287835468789748 0,14764847150275673 ), 25,122998153077802
( 4,009830095316345 1,787368512898441 1,2138623803701498 ), 25,166278647288657
( 2,672752313596079 -0,10207527478576628 0,14300483687821014 ), 25,171911468936806
( 0,8141587701892068 0,2379421584605632 -0,21464412070311578 ), 25,207573710476805
( 0,8755591946555252 1,2204033306217061 0,6832104190732919 ), 25,294056745201374
( -2,8784582008774677 0,07899527246163629 0,16271564561279567 ), 25,361969795490754
( -1,1442656023865216 2,3154604012528552 1,9551325352517088 ), 25,46787760271144
( 2,9139229954653842 -1,2564585689511465 1,8482913912176149 ), 25,516557335989784
( 0,2876318993632574 -0,9995922523223482 0,7707872528663642 ), 25,598528805154317
( 0,937033797056392 -0,9336220783829869 1,4960206064369528 ), 25,615405170967914
( 3,0193997137303623 -0,13823028606574977 0,35714116967711373 ), 25,636301510573137
( 0,7684925876861297 0,7155200739125125 -1,0445067688772292 ), 25,693215329815708
( 0,3489819441717903 0,20813699163400723 0,05192615163442915 ), 25,703122474906728
( -0,9289836921720892 2,0908855245294053 -0,3601273657336927 ), 25,70712651981776
( -0,10773274246764078 -0,1615081123713703 -1,2682925248400636 ), 25,79497368993777
( 2,2166879306888507 -0,08792329488228681 -1,8181663419725993 ), 25,862417612649935
( 1,3478398174062982 0,8332278565744335 0,15235782097990824 ), 25,883192205216528
( 0,8967483163422149 -0,8721581994811252 0,6225100741020442 ), 25,926869022047278
( 1,0022599196503854 -1,9693355698542032 -3,051352222034704 ), 25,93249019720581
( 1,219885280345471 0,9692477201474501 -0,3484139602538094 ), 25,96965695058156
( -0,9261823234131413 2,0018947701750833 1,5188980490432984 ), 25,96997730880757
( 3,8025682545632504 -0,13617227148032163 -0,8705867691255824 ), 25,971150352501965
( 2,0735444491742383 4,872112793799652 0,8209240367877442 ), 25,974721306519275
( 0,09821190849230099 4,944929523132756 2,1806038430919124 ), 25,98308155692623
( -0,965143042822548 0,6417850259967106 -1,0790968762384523 ), 26,04878478457483
( 4,993219522157353 -0,9125372701127636 0,8342817342638753 ), 26,060995047979894
( 0,046990583483013104 -1,6980732867500457 -1,0259810018384048 ), 26,06315384020355
( -0,80377168324217 -0,8181327927803992 -0,17753808602753662 ), 26,082540267871995
( 1,0589509469794753 -0,5759362298190472 -1,007049420704189 ), 26,086483227355323
( 1,6923596546436777 -1,1043172149981022 -0,8969980470257989 ), 26,14346852999515
( -0,19203628279532656 -2,02535126394336 -0,8200952798603269 ), 26,18784315155963
( -0,41107322407512126 -0,09913896769112507 0,8817395963945955 ), 26,20651639686378
( 1,9410227584557793 2,2512120979995967 0,29120239524392266 ), 26,268380574685583
( -1,1434399388092378 -2,903022048688601 0,9313414294055837 ), 26,342253479741423
( 4,065172511552644 2,0853327653092335 0,6938911092207405 ), 26,349789066883552
( -0,10568664012697514 -0,3767989381893114 -1,0007910957403185 ), 26,396911841432082
( -0,1987604042232789 -2,080690257356758 -0,8528095917777526 ), 26,434595550540376
( 1,4436976779835489 0,018037329405420577 0,817214131777706 ), 26,54068918753645
( -1,404769536286126 0,05731347272699912 1,0724947163946552 ), 26,60048938277801
( 2,2307124533789344 1,2663767735817888 1,842745810454906 ), 26,610959812978336
( 1,2294095035707262 -0,8734001364272665 0,7295620388869559 ), 26,626257220780175
( 3,2454094097845987 1,9943894065883967 -2,0845061369795252 ), 26,639495007687273
( 0,014618515578702862 -0,7675716651192974 0,3023815176713058 ), 26,754422573528082
( 0,20708396346984642 -0,829820893721404 0,24510030854441306 ), 26,767418395170267
( 1,0076085832496222 -0,35585253911071846 -0,2079341258628341 ), 26,86782158891318
( 0,5820182147463391 -0,932824740582316 0,11876728460702146 ), 26,92346672282916
( 2,703443553043909 1,845117181406116 0,8132544594478208 ), 27,03699578186372
( 1,6139600747094318 1,073218368726338 -0,19718469216257464 ), 27,14148163190256
( 0,04931981110975869 -0,5956068240333985 -0,917906377544805 ), 27,154810984948927
( 3,003671044038124 0,24727403146059354 0,7067345044442348 ), 27,183782059633703
( 3,0063901444635057 2,538382146425577 2,0241191117015602 ), 27,274320577441014
( -0,7236881945697755 -1,024265484470602 1,783886159931408 ), 27,331850077205992
( 0,2909403027955558 -2,1348788281754922 1,970189289532049 ), 27,371656312499713
( 0,05222937858409127 -0,8305501901795402 0,6181203961836796 ), 27,450886508228066
( 0,9235560427246235 0,514870931708617 -0,16321950194566526 ), 27,495756389940276
( -0,8115219230558317 1,9272819875844598 0,6478132157175496 ), 27,509725035195075
( 0,41447555480285336 -0,87048204429867 -0,0662929772985334 ), 27,556624538832047
( 3,198429611427059 1,041807934233209 -0,7059744111955508 ), 27,63543911317708
( 0,8629028899082293 0,7739549675804296 3,7836803113954467 ), 27,705163951727627
( 1,6606898844973856 0,24122022954011957 0,07501154580784497 ), 27,72837501180085
( -1,116084459355934 1,3657190738869995 -0,9736471514093068 ), 27,834683013512358
( 0,7840506162424532 -0,09925068386733657 0,3621670370432466 ), 27,89944250525889
( 2,6425730410095323 1,0405254762233007 0,7727159206484757 ), 27,900180541189634
( 1,1369836084925282 3,0828244791139032 2,6465982475843215 ), 27,92230876342869
( 2,3714157871946626 0,13189179873376045 -1,0676392353693236 ), 27,950801322574005
( -0,6987584187210443 -0,8413826588011446 -0,9807878880736327 ), 28,00561300850106
( 0,28497199176949417 -0,8776277412298321 -2,0003903368234504 ), 28,031991976884402
( 3,824844551553645 1,289729248654131 1,921744337558093 ), 28,03718044403582
( 0,8039464129005618 0,37300730055783327 -0,1210640395859417 ), 28,101545883401382
( 0,7195184140742956 0,3078550677423334 -0,07077374962658053 ), 28,135963473276288
( -2,0651898867745198 -0,13060165773993815 -0,7429541390375161 ), 28,163431996889265
( 2,307687111097681 2,7948626993667567 0,8852740472817668 ), 28,196370966012488
( 1,8659706500363211 -0,613227955187533 1,1475498685107033 ), 28,288016585100163
( 1,3883147148593942 0,22270320004187405 -0,05355509657320778 ), 28,356277669537487
( -2,0545059538088433 -1,9789121391295628 -2,0382960739897067 ), 28,391640337327694
( 2,08534900155321 -2,0419146886674846 4,938966866569845 ), 28,42156429780961
( -1,135005713235131 1,0465221406378404 1,5126507777592155 ), 28,60298503705036
( 1,762164233161392 1,1107805852498003 -0,6906150573865173 ), 28,659298225963248
( 1,7625076153481525 0,8255591688861399 -0,2785560410191371 ), 28,674921502181146
( 2,9465715338369254 -0,9589915829174427 0,5114136077911856 ), 28,728125701841883
( 0,5811438391404402 0,1503531922197241 -1,0682161320730543 ), 28,947766832703678
( 0,6429392529874768 -0,9131059842065934 0,7912532218678638 ), 28,95258233133198
( 2,6736321659462265 -2,037952109727211 1,9217482810377708 ), 28,963645077488383
( 1,625627848319704 1,7994530059439524 -0,9953762291078427 ), 29,001934477549774
( -0,9033621576492216 1,695599418256728 -2,0533958025569 ), 29,126793542328663
( 0,9574271693638007 0,389701332662425 0,25276413949081067 ), 29,15509702882473
( 0,15185976496856046 -2,039564968581225 2,721291730173533 ), 29,23965957192845
( 0,9833513828485546 1,7519980296980335 2,6468648256319143 ), 29,243137036201095
( 1,66573648320187 2,2207161438717686 -0,9657569088955127 ), 29,24905613238638
( -0,8544182747654183 0,1672160961700646 4,186502654028938 ), 29,3313191042169
( -0,05920744177044934 1,750990697283704 1,6343442092393785 ), 29,354042149027656
( 0,025189629942138136 -2,0051251878954237 0,5680045295212739 ), 29,398766560107777
( 4,861721737229916 -2,055637045174703 0,9260250856863532 ), 29,463770801733535
( -0,09820072493433063 -2,940345784054731 0,7475590743765359 ), 29,4876154269771
( 2,831062459353826 1,759430316595151 3,8787107114404438 ), 29,514400297788622
( 0,12597300837994396 0,20645745530864623 -1,7419862109834194 ), 29,68586671119351
( 2,779891701348009 1,6938828136409372 -0,9367644832659925 ), 29,765744638830327
( 1,2557939529829993 -0,3495850277651127 -0,054749275214028004 ), 29,805877086570497
( -0,39504357895663533 0,9235533078915419 1,7783575872999395 ), 29,82028132519862
( -0,9259685194804732 -2,083033505265794 2,291366386904216 ), 29,84485386602514
( 0,9813064022133962 1,2718415158996517 2,3623388680050663 ), 29,853931966957923
( 1,3188523609346017 0,7495128762224661 -1,0812482182388576 ), 29,994034099629637
( 1,978055328739695 1,5554442002042033 -2,0261704156566345 ), 30,05192976031136
( 1,277965811607622 0,36691091675965726 0,9233573746675798 ), 30,07202392002963
( -0,013302427502707381 -1,4467997935557073 1,1391501375565063 ), 30,099101119208477
( -0,6191918564575494 -1,0595205381729027 2,1463861135153204 ), 30,133124444789466
( 1,8169511287549955 2,3862525982212484 -1,0217187758017845 ), 30,23865583312959
( 1,4673302551110368 -1,167977246207471 0,9500213078310616 ), 30,271584282084856
( 2,124517387671656 -0,8405793882180985 -1,7402702621755277 ), 30,290863191848732
( 3,885055379130855 0,9826382630557706 -1,316303280667449 ), 30,291634012129318
( 1,7690263817869591 3,2043627830025883 -1,153769209097198 ), 30,383759293489806
( 0,7267636348030262 -1,1226957047323485 -1,1966410046984095 ), 30,397640165258085
( 0,13445999588928412 0,24462598331583443 -2,9483035044734835 ), 30,455637158887086
( 1,2564031085466523 -2,973227124606888 -1,0195342455356395 ), 30,549387974446223
( 2,19401657192571 2,32236846997092 -1,103514520390374 ), 30,587213099185703
( 1,0442618628525633 -1,6377457757473444 2,175700926093686 ), 30,708271232130606
( 3,0228627008548985 2,581364271646739 -0,9064784486993877 ), 30,729134132884774
( -1,748592035585117 -0,9837738013777777 4,015498051772517 ), 30,771109375899005
( -1,0902775809571217 -1,0505451181983854 1,4933461604032066 ), 30,874801673083933
( 0,6819993110282341 0,12734109584525433 1,299504124691252 ), 31,190384635414645
( -2,0429972218647605 3,2676053487522565 -0,9017496073193736 ), 31,330860794757363
( -0,8605834133071197 -0,7428012399512255 3,1860124588204006 ), 31,414476538037963
( 1,983799747920894 -2,2207670939585524 1,7263420278272574 ), 31,57509456217264
( 2,0447981661088166 -1,5104930706590507 0,8562263108393421 ), 31,59688592839308
( 2,1533707078041777 -3,901028309286078 0,9793559048777158 ), 31,601589900111254
( 1,6623538533548075 -1,0318635328481975 -1,1977842059290271 ), 31,607716474143427
( 3,827771631190316 1,2483274096119146 0,7767756417385148 ), 31,633885072092124
( 0,2903995744655128 0,0008212905209294586 -0,3490443867862676 ), 31,662324116565884
( 0,38291869293649694 0,9006800590634173 -1,2038286131661753 ), 31,68578022368802
( 0,08924394465432339 -0,8326030012759947 -0,42481885034793276 ), 31,694066053707758
( 4,1252615009849505 4,104196646637421 -1,1249422161203542 ), 31,853214446702964
( 0,9509002275932105 0,51880666125028 -0,24558387037042556 ), 31,910372633087004
( 1,0436144884722884 -0,3818376483910386 0,2839616685614237 ), 32,283184081069635
( 2,476603766633769 0,8006700566204572 1,1362875976802096 ), 32,448410564347704
( 0,08828245754054576 0,6685544101906216 0,6652531423548652 ), 32,526177878734096
( 1,1697107476877413 5,09275142865713 4,002081774729892 ), 32,60992154496127
( -0,5354128722065226 -1,9056839631893485 0,9569644368812753 ), 32,62429506526991
( 1,1788560681945448 -0,601575407801324 -1,1060989171340894 ), 32,88251823602168
( 0,6551313513085195 1,6410624376774454 1,0514003735224475 ), 32,98619850195105
( 0,2051296169528034 -1,5958788555952692 1,0310654024634638 ), 33,01881408891539
( -0,022184569115004105 -1,3887592202451597 2,8282983887423114 ), 33,12232961260995
( 0,3968145890328789 -0,1409405247646922 -0,8039536933308331 ), 33,23669478514187
( 2,1169564430486485 1,4355841171153942 -0,801925352606091 ), 33,25207380807346
( 0,30677817037975164 0,6704008285020902 0,14067110797753274 ), 33,27368321834428
( 0,22935788480871966 -0,9683835529880614 1,5405961177606247 ), 33,3404320866216
( 0,148772178186654 -0,4781029496030169 -0,8729453437892385 ), 33,40352005736296
( -0,16834910336784015 4,124034558696272 4,15588791738488 ), 33,48765082074728
( -0,8990539397211518 -1,297374291419461 1,2448823222815943 ), 33,50056942457631
( 3,0115878340163 -2,657811172966143 0,9392411662159404 ), 33,65002240420121
( 2,9609927723994263 -1,9953722420128956 -0,41696326349087487 ), 33,79816056475379
( -0,015052417622113179 -0,4447319180409881 -0,2455492923137339 ), 33,837144453738134
( -0,16659412420684885 -0,6020424481279658 2,8637680106201167 ), 33,85638476891686
( -0,9122570609598877 0,43406763761102796 -2,027388886997229 ), 33,92550584308285
( -0,06566130629143885 -1,6416839116834323 -0,8205867603444856 ), 34,2689383404568
( -0,9609788274757262 -0,6692200800797468 2,267804868478642 ), 34,51492162695021
( 0,5828324119296211 0,1672388607417275 0,7506675637457578 ), 34,59485806284575
( 3,3518399581339864 3,212069713490026 0,9426379227084705 ), 34,68044672198647
( 4,775186341953966 -1,1234890524268335 1,160367532868769 ), 34,7344141830906
( 1,2201716956734547 0,6889967054046283 -0,2690665111156496 ), 34,82741806248151
( 2,1538046121287526 0,72716210578269 -0,35439483201357247 ), 35,08630501093806
( 1,3710116607819112 0,2803894361749171 0,16925666491935154 ), 35,27672353899814
( -0,8675270310306725 -1,988193255046077 -2,235953262550943 ), 35,30303493735733
( -0,30402915647183004 1,0803773428622778 0,5726699333781015 ), 35,4434395473054
( 1,9991478058697514 5,003444415016528 -1,7350576484681206 ), 35,4463659692415
( 0,20724486952390334 -2,2700316446707545 2,8971206574582604 ), 35,53923711098572
( 2,2022986692204616 -0,1498814402031154 -0,5622670388057183 ), 35,61644543503591
( 0,5563839924591373 0,07164660396622821 0,6824904263612679 ), 35,65039912634979
( 2,9268843831421996 -1,1840578678010305 0,48913568819666675 ), 35,73175680530631
( 1,212041501829372 -0,6104050697016805 -1,1332098364303014 ), 35,81830778925824
( 1,655753610280509 0,9116011643133132 2,362187832992842 ), 35,85778680845345
( 2,8330251651151226 -0,7968249613367149 -2,8923758702155506 ), 36,05666590450536
( 1,3492558148418563 0,9403220948294283 -3,114491161852434 ), 36,06712741900028
( -1,679711736636555 -0,7404154101289357 2,044592465288962 ), 36,56705281407297
( 0,8079087434676693 2,9542502236471035 -1,4675524531070692 ), 36,5892559525811
( 0,9514543523513866 0,3717097458035231 0,4211255772645749 ), 36,91409846753618
( 2,5646868705870243 -0,9147197784145426 -2,071563758420991 ), 37,129798609823936
( -0,9053363726858183 -3,2514106915202627 1,143049518863256 ), 37,30578787669549
( 0,2551609388329102 -1,9164663688900623 5,041540467839219 ), 37,40356306236644
( 3,9404822585443444 3,372913684972506 3,0799258513950107 ), 37,5068301565226
( 0,049204521022991 2,2914398952073407 2,495560916053889 ), 37,85317549791257
( 0,010562206864781154 -1,3869229249085797 1,3125662646703347 ), 38,20724106460739
( -0,4029364426974751 1,0764660477034438 0,3642186082514935 ), 38,283872881650154
( -1,280241896994898 1,988171985991082 -2,8208126861703433 ), 38,386999979418064
( -1,2274703970974759 4,7936844669861545 -0,9605305615359312 ), 39,3819830990997
( -2,121840694075125 -0,8576738464301282 3,711088939705852 ), 39,496438002174344
( -0,6491277998556164 -2,079841087907236 -0,799526550750203 ), 39,53570198967043
( 3,1016948150297443 4,92665208235747 -3,0639489869871124 ), 40,16399633787012
( 1,3717320011135916 -0,18216897720035008 0,35671196303851316 ), 40,95353895364938
( 2,734269017539805 3,1969909270368855 0,6517722179652311 ), 41,46050443273115
( 2,2888018223909476 -3,1880840177557492 2,995513859512683 ), 41,808109375342895
( 0,8372215669194405 -0,435286085137212 0,34612943686493847 ), 42,16808397188575
( 1,5352138499654195 2,0328793850954865 -1,6762725969479242 ), 42,953106137728795
( 0,24745167838158566 -0,8613617672663452 -1,4552724076462014 ), 43,06701553839908
( -0,04795059695974768 3,6916656730937536 -2,2546797625973536 ), 43,26437144141654
( 4,334779096879564 0,20459458376610026 4,031765076720614 ), 43,407631958352624
( 3,0392040762199866 -3,4274134315499545 2,078081373895386 ), 45,38183216753848
( 3,322052424243848 0,9760797706108817 -1,4718872459470576 ), 45,83397794556842
( -3,0531604611259198 0,5623409642731136 -0,2352269358472494 ), 47,01383851426177
( 5,820629905598557 -1,707393823963553 0,012888260519408945 ), 49,92720779636015
( 4,896470640870304 -2,8521160376130434 3,768055834264298 ), 52,60862613865022
Liczba wywoa funkcji celu: 7003
