Iteracja nr: 95
( 0,9999999994665466 1,000000001267896 1,0000000016017752 ), 0
( 0,9999999994665054 1,000000001267878 1,0000000016018604 ), 0
( 0,999999999466573 1,0000000012679042 1,0000000016017483 ), 0
( 0,9999999994665926 1,0000000012677683 1,0000000016017345 ), 0
( 0,9999999994667309 1,0000000012678105 1,0000000016014372 ), 0
( 0,9999999994665896 1,000000001268001 1,0000000016017545 ), 0
( 0,9999999994665609 1,0000000012679964 1,0000000016018873 ), 0
( 0,9999999994666018 1,000000001268166 1,0000000016016382 ), 0
( 0,9999999994663732 1,0000000012678019 1,0000000016017885 ), 0
( 0,9999999994665179 1,0000000012677634 1,0000000016017052 ), 0
( 0,9999999994665002 1,0000000012676447 1,0000000016011326 ), 0
( 0,9999999994666389 1,0000000012675674 1,000000001601268 ), 0
( 0,9999999994667901 1,0000000012675285 1,0000000016011428 ), 0
( 0,9999999994665877 1,0000000012679169 1,0000000016020087 ), 0
( 0,9999999994666233 1,0000000012678203 1,0000000016015131 ), 0
( 0,9999999994666408 1,0000000012677928 1,0000000016015076 ), 0
( 0,9999999994666992 1,0000000012674808 1,0000000016009787 ), 0
( 0,9999999994666038 1,0000000012678292 1,0000000016014563 ), 0
( 0,9999999994665929 1,0000000012675772 1,0000000016012482 ), 0
( 0,9999999994664713 1,0000000012675294 1,0000000016011124 ), 0
( 0,9999999994665799 1,000000001267857 1,0000000016013846 ), 0
( 0,9999999994666615 1,0000000012678576 1,0000000016015282 ), 0
( 0,9999999994663047 1,0000000012679282 1,0000000016016062 ), 0
( 0,9999999994665396 1,0000000012678147 1,0000000016017292 ), 0
( 0,9999999994665771 1,0000000012678767 1,0000000016012631 ), 0
( 0,9999999994665992 1,0000000012677914 1,000000001601414 ), 0
( 0,999999999466591 1,0000000012678747 1,0000000016013957 ), 0
( 0,9999999994663122 1,0000000012680799 1,0000000016015136 ), 0
( 0,9999999994667564 1,0000000012677963 1,0000000016014547 ), 0
( 0,9999999994667458 1,000000001267815 1,000000001601666 ), 0
( 0,9999999994666765 1,000000001267745 1,0000000016015016 ), 0
( 0,9999999994665583 1,0000000012679926 1,0000000016018311 ), 0
( 0,9999999994666842 1,0000000012678048 1,000000001601442 ), 0
( 0,999999999466592 1,0000000012677472 1,0000000016015138 ), 0
( 0,9999999994669077 1,0000000012679486 1,0000000016012116 ), 0
( 0,9999999994667995 1,0000000012677597 1,0000000016013515 ), 0
( 0,9999999994666079 1,0000000012680164 1,0000000016016501 ), 0
( 0,999999999466302 1,0000000012679082 1,000000001601591 ), 0
( 0,999999999466734 1,0000000012681378 1,000000001601546 ), 0
( 0,9999999994666375 1,0000000012677501 1,000000001601502 ), 0
( 0,99999999946671 1,0000000012677812 1,0000000016013804 ), 0
( 0,9999999994669652 1,000000001267943 1,0000000016013801 ), 0
( 0,9999999994665649 1,0000000012676067 1,000000001601513 ), 0
( 0,9999999994665971 1,0000000012679295 1,0000000016016628 ), 0
( 0,9999999994665572 1,0000000012678019 1,0000000016013029 ), 0
( 0,9999999994665754 1,000000001267757 1,0000000016014061 ), 0
( 0,9999999994665633 1,0000000012678762 1,0000000016013895 ), 0
( 0,9999999994664727 1,000000001267714 1,0000000016018427 ), 0
( 0,9999999994668506 1,0000000012674557 1,0000000016009056 ), 0
( 0,999999999466749 1,0000000012676844 1,0000000016014692 ), 0
( 0,9999999994666494 1,0000000012677879 1,000000001601319 ), 0
( 0,9999999994666613 1,0000000012676444 1,0000000016015849 ), 0
( 0,9999999994666949 1,0000000012678025 1,0000000016014545 ), 0
( 0,9999999994664189 1,000000001267724 1,0000000016014428 ), 0
( 0,999999999466715 1,0000000012676944 1,0000000016012698 ), 0
( 0,9999999994666275 1,000000001267848 1,000000001601588 ), 0
( 0,9999999994664728 1,0000000012679149 1,0000000016016808 ), 0
( 0,9999999994665648 1,000000001267906 1,0000000016017818 ), 0
( 0,9999999994665683 1,0000000012683699 1,0000000016022805 ), 0
( 0,9999999994666289 1,000000001267769 1,0000000016015647 ), 0
( 0,9999999994663916 1,0000000012679517 1,000000001601877 ), 0
( 0,9999999994664099 1,0000000012674342 1,000000001601408 ), 0
( 0,9999999994665285 1,00000000126786 1,0000000016015187 ), 0
( 0,999999999466702 1,0000000012679244 1,000000001601441 ), 0
( 0,9999999994664782 1,0000000012676988 1,0000000016015365 ), 0
( 0,9999999994664279 1,0000000012675345 1,0000000016014214 ), 0
( 0,9999999994666264 1,0000000012679044 1,0000000016015664 ), 0
( 0,9999999994666079 1,000000001267925 1,0000000016014896 ), 0
( 0,9999999994666606 1,0000000012678578 1,000000001601494 ), 0
( 0,9999999994666905 1,000000001267788 1,0000000016012924 ), 0
( 0,9999999994665861 1,0000000012679369 1,0000000016015294 ), 0
( 0,9999999994667532 1,0000000012679964 1,0000000016016424 ), 0
( 0,9999999994666289 1,0000000012678514 1,0000000016017812 ), 0
( 0,9999999994666082 1,0000000012677157 1,0000000016015371 ), 0
( 0,9999999994667406 1,0000000012677392 1,0000000016013235 ), 0
( 0,9999999994662961 1,0000000012673813 1,0000000016013233 ), 0
( 0,9999999994666422 1,0000000012678665 1,0000000016015234 ), 0
( 0,9999999994666618 1,0000000012680446 1,0000000016015362 ), 0
( 0,9999999994666532 1,0000000012679604 1,0000000016015411 ), 0
( 0,999999999466855 1,0000000012677075 1,0000000016012254 ), 0
( 0,9999999994666675 1,0000000012680876 1,0000000016016368 ), 0
( 0,9999999994665134 1,0000000012676822 1,0000000016015962 ), 0
( 0,9999999994666744 1,0000000012677255 1,0000000016013453 ), 0
( 0,9999999994665052 1,0000000012677897 1,0000000016017738 ), 0
( 0,999999999466656 1,000000001267818 1,000000001601627 ), 0
( 0,9999999994666809 1,0000000012674757 1,0000000016013133 ), 0
( 0,9999999994666742 1,0000000012678472 1,0000000016015094 ), 0
( 0,9999999994665622 1,0000000012678703 1,0000000016016408 ), 0
( 0,9999999994664808 1,000000001267719 1,0000000016016357 ), 0
( 0,9999999994665596 1,000000001267905 1,0000000016014972 ), 0
( 0,9999999994667323 1,0000000012676178 1,000000001601388 ), 0
( 0,9999999994667476 1,0000000012678407 1,0000000016016048 ), 0
( 0,9999999994665585 1,0000000012672186 1,000000001600898 ), 0
( 0,9999999994664609 1,0000000012678147 1,0000000016016024 ), 0
( 0,9999999994666656 1,0000000012679915 1,000000001601592 ), 0
( 0,9999999994667019 1,0000000012676717 1,0000000016012882 ), 0
( 0,9999999994666685 1,0000000012677592 1,0000000016013522 ), 0
( 0,9999999994664728 1,000000001267881 1,0000000016017332 ), 0
( 0,9999999994665575 1,0000000012678065 1,000000001601358 ), 0
( 0,9999999994665422 1,0000000012677914 1,000000001601392 ), 0
( 0,9999999994664633 1,0000000012679497 1,0000000016016646 ), 0
( 0,9999999994667021 1,0000000012677566 1,0000000016013548 ), 0
( 0,9999999994667383 1,0000000012677395 1,000000001601306 ), 0
( 0,9999999994667412 1,0000000012677706 1,0000000016017454 ), 0
( 0,9999999994667106 1,0000000012675345 1,000000001601399 ), 0
( 0,9999999994666149 1,0000000012673702 1,0000000016010804 ), 0
( 0,9999999994664666 1,0000000012677466 1,0000000016020787 ), 0
( 0,999999999466465 1,0000000012678918 1,0000000016016453 ), 0
( 0,9999999994665556 1,000000001267568 1,0000000016015942 ), 0
( 0,9999999994666322 1,0000000012676598 1,0000000016010708 ), 0
( 0,9999999994666855 1,000000001267574 1,000000001601283 ), 0
( 0,9999999994666119 1,0000000012677281 1,000000001601304 ), 0
( 0,9999999994665196 1,0000000012674402 1,0000000016011197 ), 0
( 0,9999999994665475 1,0000000012676833 1,0000000016014554 ), 0
( 0,9999999994666045 1,0000000012680272 1,0000000016018145 ), 0
( 0,9999999994665827 1,0000000012679118 1,0000000016015085 ), 0
( 0,9999999994665025 1,0000000012677357 1,0000000016015416 ), 0
( 0,9999999994666872 1,000000001267615 1,0000000016015107 ), 0
( 0,9999999994665288 1,0000000012678123 1,000000001601064 ), 0
( 0,9999999994665532 1,0000000012677228 1,0000000016016057 ), 0
( 0,9999999994665422 1,0000000012677888 1,0000000016019135 ), 0
( 0,9999999994665281 1,0000000012677377 1,0000000016012829 ), 0
( 0,9999999994666934 1,0000000012677353 1,0000000016013362 ), 0
( 0,9999999994666001 1,000000001268092 1,0000000016015427 ), 0
( 0,9999999994666114 1,0000000012680337 1,0000000016018882 ), 0
( 0,9999999994665882 1,0000000012675452 1,0000000016014752 ), 0
( 0,9999999994672328 1,0000000012679173 1,0000000016009458 ), 0
( 0,999999999466433 1,0000000012678025 1,0000000016021062 ), 0
( 0,9999999994666199 1,0000000012677852 1,0000000016012764 ), 0
( 0,9999999994665585 1,000000001267567 1,000000001601237 ), 0
( 0,9999999994667869 1,00000000126805 1,0000000016016517 ), 0
( 0,9999999994666676 1,0000000012679502 1,0000000016014141 ), 0
( 0,9999999994665858 1,0000000012677426 1,0000000016013266 ), 0
( 0,9999999994668016 1,000000001267665 1,0000000016012909 ), 0
( 0,9999999994666238 1,0000000012677128 1,000000001601649 ), 0
( 0,9999999994666655 1,000000001267693 1,0000000016011314 ), 0
( 0,9999999994665827 1,0000000012678834 1,0000000016014992 ), 0
( 0,9999999994665444 1,0000000012678139 1,0000000016015316 ), 0
( 0,9999999994665001 1,0000000012677646 1,0000000016019144 ), 0
( 0,999999999466602 1,0000000012678387 1,000000001601414 ), 0
( 0,9999999994665735 1,0000000012677561 1,0000000016016575 ), 0
( 0,99999999946674 1,0000000012679222 1,000000001601538 ), 0
( 0,99999999946679 1,0000000012678185 1,000000001601328 ), 0
( 0,9999999994666866 1,000000001267786 1,0000000016013781 ), 0
( 0,9999999994665598 1,0000000012677963 1,0000000016013277 ), 0
( 0,9999999994665318 1,0000000012679715 1,0000000016016455 ), 0
( 0,9999999994666235 1,0000000012681107 1,0000000016017818 ), 0
( 0,9999999994663277 1,000000001267942 1,0000000016015578 ), 0
( 0,9999999994665284 1,0000000012679793 1,0000000016018937 ), 0
( 0,9999999994667912 1,0000000012678003 1,0000000016012625 ), 0
( 0,9999999994665485 1,000000001268151 1,0000000016015262 ), 0
( 0,9999999994664536 1,0000000012679362 1,0000000016016475 ), 0
( 0,9999999994666393 1,0000000012676058 1,0000000016009036 ), 0
( 0,9999999994665085 1,0000000012678367 1,0000000016015274 ), 0
( 0,9999999994666574 1,000000001267744 1,000000001601264 ), 0
( 0,9999999994667422 1,0000000012677581 1,000000001601372 ), 0
( 0,9999999994666535 1,0000000012678782 1,0000000016016817 ), 0
( 0,9999999994666338 1,0000000012678136 1,000000001601692 ), 0
( 0,9999999994664888 1,000000001267498 1,000000001601381 ), 0
( 0,9999999994665033 1,000000001267693 1,0000000016015793 ), 0
( 0,9999999994667095 1,0000000012674912 1,000000001600986 ), 0
( 0,9999999994666986 1,0000000012677768 1,0000000016013493 ), 0
( 0,9999999994662707 1,000000001268373 1,00000000160185 ), 0
( 0,9999999994665877 1,0000000012678105 1,0000000016014443 ), 0
( 0,9999999994666776 1,0000000012678016 1,0000000016013915 ), 0
( 0,9999999994665311 1,0000000012679964 1,0000000016018298 ), 0
( 0,9999999994666516 1,0000000012679797 1,0000000016016044 ), 0
( 0,999999999466611 1,0000000012677126 1,0000000016015032 ), 0
( 0,9999999994666294 1,0000000012676067 1,0000000016013575 ), 0
( 0,9999999994666041 1,0000000012677703 1,0000000016012267 ), 0
( 0,9999999994665832 1,0000000012671098 1,0000000016007518 ), 0
( 0,9999999994666929 1,00000000126765 1,0000000016014032 ), 0
( 0,999999999466698 1,0000000012677552 1,0000000016014499 ), 0
( 0,9999999994662919 1,0000000012679064 1,000000001601839 ), 0
( 0,9999999994666278 1,0000000012680732 1,0000000016016837 ), 0
( 0,99999999946656 1,0000000012678691 1,0000000016015336 ), 0
( 0,9999999994665448 1,0000000012677506 1,0000000016015809 ), 0
( 0,9999999994664968 1,0000000012681522 1,0000000016019988 ), 0
( 0,999999999466527 1,0000000012677173 1,0000000016014907 ), 0
( 0,9999999994666208 1,0000000012680452 1,0000000016017536 ), 0
( 0,9999999994667255 1,0000000012675334 1,0000000016010895 ), 0
( 0,9999999994665355 1,0000000012679404 1,0000000016016402 ), 0
( 0,9999999994667164 1,0000000012676815 1,0000000016013724 ), 0
( 0,999999999466652 1,000000001267987 1,00000000160143 ), 0
( 0,9999999994665216 1,000000001267557 1,000000001601126 ), 0
( 0,9999999994666294 1,0000000012678443 1,0000000016014279 ), 0
( 0,9999999994667517 1,0000000012677777 1,0000000016013801 ), 0
( 0,9999999994665499 1,0000000012677093 1,0000000016014579 ), 0
( 0,999999999466389 1,0000000012674646 1,0000000016012953 ), 0
( 0,9999999994665865 1,0000000012678023 1,0000000016012889 ), 0
( 0,9999999994667044 1,0000000012676902 1,0000000016013209 ), 0
( 0,9999999994666654 1,0000000012677246 1,0000000016009203 ), 0
( 0,9999999994666775 1,00000000126773 1,000000001601319 ), 0
( 0,9999999994666358 1,0000000012677321 1,0000000016014046 ), 0
( 0,9999999994667179 1,0000000012677115 1,0000000016013855 ), 0
( 0,9999999994666156 1,000000001267607 1,0000000016011226 ), 0
( 0,999999999466356 1,0000000012677388 1,0000000016019501 ), 0
( 0,9999999994666109 1,0000000012679482 1,000000001601555 ), 0
( 0,9999999994666261 1,000000001268064 1,00000000160186 ), 0
( 0,9999999994665265 1,0000000012678558 1,0000000016015764 ), 0
( 0,9999999994666938 1,0000000012679573 1,0000000016014061 ), 0
( 0,9999999994665694 1,0000000012673764 1,0000000016010486 ), 0
( 0,9999999994669027 1,0000000012679682 1,000000001601418 ), 0
( 0,9999999994663448 1,000000001267814 1,0000000016018504 ), 0
( 0,9999999994666404 1,0000000012679011 1,0000000016016901 ), 0
( 0,9999999994665474 1,0000000012677466 1,0000000016012505 ), 0
( 0,999999999466598 1,00000000126765 1,0000000016015316 ), 0
( 0,9999999994666692 1,0000000012676622 1,000000001601536 ), 0
( 0,999999999466647 1,0000000012678179 1,0000000016014274 ), 0
( 0,9999999994667362 1,000000001267689 1,0000000016013457 ), 0
( 0,9999999994665905 1,0000000012678834 1,0000000016016481 ), 0
( 0,9999999994666281 1,0000000012677106 1,0000000016016541 ), 0
( 0,9999999994666829 1,0000000012677217 1,0000000016009851 ), 0
( 0,9999999994667417 1,0000000012673014 1,0000000016014952 ), 0
( 0,9999999994666208 1,000000001267592 1,0000000016012096 ), 0
( 0,9999999994665338 1,0000000012679302 1,0000000016014885 ), 0
( 0,9999999994665727 1,0000000012678871 1,0000000016014767 ), 0
( 0,9999999994667002 1,0000000012678163 1,000000001601664 ), 0
( 0,9999999994666382 1,0000000012677546 1,0000000016015715 ), 0
( 0,9999999994665589 1,0000000012677386 1,0000000016015762 ), 0
( 0,999999999466745 1,0000000012678822 1,0000000016015085 ), 0
( 0,9999999994665343 1,0000000012677852 1,0000000016019162 ), 0
( 0,9999999994664928 1,0000000012678327 1,0000000016014599 ), 0
( 0,9999999994667027 1,0000000012677037 1,0000000016012922 ), 0
( 0,999999999466731 1,0000000012678962 1,000000001601594 ), 0
( 0,9999999994665114 1,0000000012681551 1,0000000016021806 ), 0
( 0,999999999466483 1,0000000012677974 1,0000000016017214 ), 0
( 0,9999999994666497 1,000000001267822 1,0000000016014639 ), 0
( 0,9999999994664933 1,0000000012678205 1,0000000016019093 ), 0
( 0,9999999994665411 1,000000001267733 1,0000000016012711 ), 0
( 0,9999999994665622 1,0000000012678452 1,0000000016014734 ), 0
( 0,9999999994665112 1,0000000012678734 1,000000001601532 ), 0
( 0,9999999994666339 1,0000000012677135 1,000000001601404 ), 0
( 0,9999999994665408 1,0000000012674821 1,00000000160145 ), 0
( 0,9999999994668057 1,0000000012673596 1,0000000016008583 ), 0
( 0,9999999994664887 1,0000000012677683 1,0000000016016126 ), 0
( 0,9999999994667028 1,000000001267935 1,0000000016013246 ), 0
( 0,9999999994666517 1,0000000012679915 1,0000000016015043 ), 0
( 0,9999999994666675 1,0000000012678476 1,000000001601591 ), 0
( 0,9999999994665213 1,0000000012677357 1,0000000016013046 ), 0
( 0,9999999994664966 1,0000000012675971 1,000000001601577 ), 0
( 0,9999999994666041 1,0000000012678303 1,0000000016017216 ), 0
( 0,9999999994666792 1,0000000012679604 1,0000000016017077 ), 0
( 0,9999999994665808 1,0000000012681045 1,0000000016018191 ), 0
( 0,9999999994666002 1,000000001267736 1,0000000016016817 ), 0
( 0,9999999994667859 1,0000000012677737 1,0000000016011896 ), 0
( 0,9999999994666541 1,0000000012675985 1,0000000016011512 ), 0
( 0,9999999994669279 1,0000000012680679 1,000000001601519 ), 0
( 0,9999999994666837 1,000000001268001 1,0000000016016144 ), 0
( 0,9999999994665769 1,0000000012678663 1,0000000016018034 ), 0
( 0,9999999994665462 1,0000000012684356 1,000000001602333 ), 0
( 0,9999999994667427 1,0000000012679364 1,0000000016016646 ), 0
( 0,9999999994664672 1,0000000012678845 1,0000000016014148 ), 0
( 0,9999999994666023 1,0000000012676022 1,000000001601256 ), 0
( 0,9999999994664961 1,0000000012679389 1,0000000016015298 ), 0
( 0,9999999994667386 1,0000000012677466 1,0000000016011776 ), 0
( 0,999999999466841 1,0000000012677137 1,0000000016012414 ), 0
( 0,9999999994665909 1,0000000012676482 1,0000000016012744 ), 0
( 0,9999999994665728 1,0000000012679844 1,0000000016019215 ), 0
( 0,9999999994666126 1,000000001267677 1,0000000016014645 ), 0
( 0,9999999994666903 1,0000000012678103 1,0000000016014674 ), 0
( 0,9999999994664661 1,0000000012675943 1,000000001601018 ), 0
( 0,9999999994667097 1,0000000012677055 1,0000000016012738 ), 0
( 0,9999999994665845 1,0000000012675605 1,0000000016014021 ), 0
( 0,9999999994665711 1,0000000012676387 1,0000000016016235 ), 0
( 0,9999999994666097 1,0000000012678176 1,0000000016013535 ), 0
( 0,9999999994665171 1,000000001267842 1,000000001601646 ), 0
( 0,9999999994665807 1,0000000012677608 1,0000000016013557 ), 0
( 0,9999999994666815 1,000000001267862 1,000000001601424 ), 0
( 0,999999999466492 1,000000001267948 1,0000000016016548 ), 0
( 0,9999999994665129 1,000000001267882 1,0000000016015909 ), 0
( 0,9999999994667498 1,0000000012677375 1,000000001601366 ), 0
( 0,9999999994665892 1,0000000012679924 1,000000001601192 ), 0
( 0,9999999994667295 1,0000000012675074 1,0000000016011565 ), 0
( 0,9999999994666425 1,0000000012676609 1,0000000016013935 ), 0
( 0,9999999994667327 1,0000000012680756 1,0000000016016073 ), 0
( 0,9999999994666159 1,0000000012680335 1,0000000016015833 ), 0
( 0,9999999994666345 1,000000001267691 1,0000000016013184 ), 0
( 0,9999999994666849 1,0000000012676258 1,000000001601079 ), 0
( 0,9999999994668398 1,0000000012678198 1,0000000016012547 ), 0
( 0,9999999994665433 1,0000000012676369 1,0000000016013844 ), 0
( 0,9999999994666153 1,0000000012676962 1,000000001601748 ), 0
( 0,9999999994665684 1,0000000012674395 1,000000001601115 ), 0
( 0,9999999994664156 1,00000000126795 1,000000001601762 ), 0
( 0,9999999994666168 1,0000000012676213 1,0000000016015733 ), 0
( 0,9999999994665848 1,0000000012675163 1,000000001601398 ), 0
( 0,9999999994666734 1,000000001267694 1,000000001601305 ), 0
( 0,9999999994666602 1,0000000012677064 1,0000000016012027 ), 0
( 0,9999999994662441 1,0000000012676635 1,0000000016018442 ), 0
( 0,9999999994665241 1,0000000012676915 1,00000000160156 ), 0
( 0,9999999994665655 1,0000000012676702 1,000000001601383 ), 0
( 0,9999999994667103 1,0000000012678516 1,0000000016014898 ), 0
( 0,9999999994666733 1,0000000012676686 1,0000000016013888 ), 0
( 0,9999999994665887 1,0000000012681318 1,0000000016017 ), 0
( 0,9999999994666481 1,0000000012676293 1,0000000016013648 ), 0
( 0,9999999994666374 1,0000000012678323 1,0000000016014732 ), 0
( 0,9999999994665774 1,0000000012679506 1,0000000016016846 ), 0
( 0,9999999994667738 1,0000000012676515 1,000000001601118 ), 0
( 0,9999999994666271 1,00000000126782 1,000000001601439 ), 0
( 0,99999999946661 1,0000000012676802 1,0000000016018475 ), 0
( 0,9999999994666378 1,0000000012678616 1,0000000016015664 ), 0
( 0,9999999994667629 1,0000000012679207 1,0000000016016328 ), 0
( 0,9999999994666424 1,0000000012668975 1,0000000016005932 ), 0
( 0,9999999994663517 1,0000000012678898 1,0000000016016504 ), 0
( 0,9999999994665556 1,000000001267851 1,0000000016015078 ), 0
( 0,9999999994665958 1,0000000012677828 1,0000000016015087 ), 0
( 0,9999999994667351 1,00000000126803 1,000000001601473 ), 0
( 0,9999999994666663 1,0000000012677546 1,0000000016016193 ), 0
( 0,9999999994666028 1,000000001267785 1,0000000016013402 ), 0
( 0,999999999466743 1,0000000012676653 1,0000000016013224 ), 0
( 0,9999999994663636 1,0000000012674677 1,0000000016012784 ), 0
( 0,9999999994668018 1,0000000012676233 1,0000000016014157 ), 0
( 0,999999999466708 1,000000001267794 1,0000000016015809 ), 0
( 0,9999999994665424 1,0000000012679753 1,0000000016020587 ), 0
( 0,9999999994667678 1,0000000012678156 1,0000000016014206 ), 0
( 0,9999999994666351 1,0000000012677357 1,0000000016013955 ), 0
( 0,9999999994667347 1,0000000012677803 1,0000000016014785 ), 0
( 0,9999999994665939 1,0000000012678676 1,0000000016016728 ), 0
( 0,9999999994665608 1,0000000012677588 1,000000001601674 ), 0
( 0,9999999994666123 1,0000000012677512 1,000000001601396 ), 0
( 0,9999999994667718 1,0000000012678314 1,0000000016013781 ), 0
( 0,9999999994665466 1,0000000012677426 1,0000000016016002 ), 0
( 0,9999999994664625 1,0000000012679287 1,0000000016018649 ), 0
( 0,9999999994666696 1,000000001267899 1,0000000016015038 ), 0
( 0,9999999994667415 1,000000001267838 1,0000000016014032 ), 0
( 0,9999999994666258 1,0000000012671877 1,0000000016008863 ), 0
( 0,9999999994665935 1,0000000012678745 1,000000001601527 ), 0
( 0,9999999994666449 1,0000000012677084 1,0000000016015902 ), 0
( 0,9999999994667023 1,0000000012677277 1,0000000016013615 ), 0
( 0,9999999994665344 1,0000000012679022 1,0000000016018429 ), 0
( 0,999999999466545 1,0000000012671337 1,0000000016009554 ), 0
( 0,9999999994665749 1,0000000012677968 1,0000000016014077 ), 0
( 0,9999999994666452 1,000000001267956 1,0000000016014836 ), 0
( 0,9999999994667136 1,0000000012677386 1,0000000016014445 ), 0
( 0,9999999994666476 1,0000000012674262 1,0000000016010693 ), 0
( 0,9999999994667087 1,0000000012678052 1,000000001601424 ), 0
( 0,9999999994666776 1,0000000012677794 1,0000000016015445 ), 0
( 0,9999999994665579 1,0000000012680883 1,0000000016019235 ), 0
( 0,9999999994666178 1,0000000012678771 1,000000001601692 ), 0
( 0,9999999994666521 1,000000001267746 1,000000001601368 ), 0
( 0,9999999994666758 1,00000000126785 1,0000000016017685 ), 0
( 0,9999999994667376 1,0000000012679031 1,0000000016017598 ), 0
( 0,9999999994665619 1,0000000012676804 1,0000000016015962 ), 0
( 0,9999999994666751 1,0000000012680312 1,0000000016015678 ), 0
( 0,9999999994665636 1,0000000012675292 1,0000000016016712 ), 0
( 0,9999999994665386 1,0000000012678376 1,0000000016015225 ), 0
( 0,9999999994665966 1,0000000012677142 1,0000000016013644 ), 0
( 0,9999999994666832 1,000000001267544 1,0000000016010975 ), 0
( 0,9999999994665965 1,0000000012679897 1,0000000016016193 ), 0
( 0,9999999994666039 1,0000000012676684 1,0000000016013224 ), 0
( 0,999999999466525 1,0000000012675965 1,0000000016014148 ), 0
( 0,9999999994664799 1,0000000012677723 1,000000001601465 ), 0
( 0,9999999994667839 1,000000001267816 1,0000000016014474 ), 0
( 0,9999999994666481 1,0000000012677233 1,0000000016014745 ), 0
( 0,9999999994667399 1,0000000012678911 1,000000001601581 ), 0
( 0,9999999994666172 1,0000000012680195 1,0000000016016186 ), 0
( 0,9999999994665515 1,0000000012681096 1,0000000016019788 ), 0
( 0,9999999994665372 1,0000000012682053 1,0000000016018096 ), 0
( 0,9999999994666268 1,0000000012678132 1,0000000016013533 ), 0
( 0,9999999994666051 1,0000000012681132 1,0000000016018011 ), 0
( 0,9999999994663998 1,0000000012680132 1,0000000016014794 ), 0
( 0,9999999994666938 1,0000000012677122 1,0000000016013915 ), 0
( 0,9999999994666083 1,0000000012679109 1,0000000016015782 ), 0
( 0,9999999994666388 1,0000000012682357 1,0000000016020156 ), 0
( 0,9999999994666385 1,000000001267833 1,0000000016017692 ), 0
( 0,9999999994666937 1,0000000012679127 1,000000001601563 ), 0
( 0,9999999994666415 1,0000000012676946 1,0000000016013573 ), 0
( 0,9999999994666583 1,0000000012673613 1,0000000016012764 ), 0
( 0,9999999994666912 1,0000000012676666 1,0000000016011976 ), 0
( 0,9999999994666571 1,0000000012676473 1,000000001601641 ), 0
( 0,9999999994666402 1,000000001267913 1,000000001601533 ), 0
( 0,9999999994665886 1,0000000012677794 1,000000001601543 ), 0
( 0,999999999466669 1,0000000012678893 1,000000001601729 ), 0
( 0,9999999994666414 1,0000000012677965 1,0000000016016497 ), 0
( 0,9999999994666406 1,0000000012678427 1,0000000016014738 ), 0
( 0,9999999994665225 1,0000000012679662 1,0000000016019186 ), 0
( 0,9999999994666758 1,0000000012676598 1,0000000016016475 ), 0
( 0,9999999994665449 1,0000000012678276 1,0000000016012758 ), 0
( 0,9999999994666736 1,0000000012676682 1,0000000016013075 ), 0
( 0,9999999994665231 1,0000000012677768 1,000000001601982 ), 0
( 0,9999999994666099 1,0000000012679795 1,000000001601733 ), 0
( 0,9999999994665678 1,0000000012678367 1,0000000016015025 ), 0
( 0,9999999994664668 1,000000001267645 1,0000000016016677 ), 0
( 0,9999999994666576 1,0000000012677628 1,0000000016012283 ), 0
( 0,9999999994667222 1,0000000012679167 1,0000000016013366 ), 0
( 0,999999999466724 1,0000000012679944 1,000000001601624 ), 0
( 0,9999999994665396 1,0000000012679797 1,0000000016018824 ), 0
( 0,9999999994664803 1,000000001267932 1,0000000016019575 ), 0
( 0,9999999994666912 1,000000001268037 1,0000000016013748 ), 0
( 0,9999999994667026 1,0000000012678776 1,0000000016014317 ), 0
( 0,9999999994666888 1,0000000012679433 1,0000000016015285 ), 0
( 0,9999999994668652 1,000000001267568 1,0000000016010244 ), 0
( 0,9999999994664833 1,0000000012676367 1,0000000016013812 ), 0
( 0,9999999994666228 1,0000000012677712 1,0000000016017216 ), 0
( 0,9999999994665603 1,000000001268174 1,0000000016019335 ), 0
( 0,9999999994665119 1,0000000012677872 1,0000000016013864 ), 0
( 0,9999999994665772 1,000000001267698 1,0000000016011905 ), 0
( 0,999999999466626 1,0000000012678936 1,0000000016014992 ), 0
( 0,9999999994666506 1,000000001268004 1,0000000016015098 ), 0
( 0,9999999994665337 1,0000000012674928 1,0000000016009376 ), 0
( 0,9999999994665157 1,000000001267709 1,000000001601406 ), 0
( 0,9999999994665962 1,0000000012678585 1,0000000016014932 ), 0
( 0,9999999994665847 1,0000000012677674 1,0000000016019401 ), 0
( 0,9999999994668437 1,000000001267737 1,000000001601299 ), 0
( 0,9999999994666535 1,000000001267807 1,0000000016015163 ), 0
( 0,9999999994666301 1,0000000012676993 1,0000000016014712 ), 0
( 0,9999999994667029 1,000000001267897 1,000000001601538 ), 0
( 0,999999999466507 1,0000000012677674 1,0000000016014388 ), 0
( 0,9999999994666361 1,0000000012676726 1,000000001601472 ), 0
( 0,9999999994664079 1,0000000012674737 1,00000000160142 ), 0
( 0,9999999994665374 1,000000001267646 1,000000001601363 ), 0
( 0,9999999994667454 1,00000000126771 1,0000000016011439 ), 0
( 0,9999999994665723 1,0000000012677284 1,000000001601159 ), 0
( 0,9999999994664918 1,0000000012679608 1,0000000016016888 ), 0
( 0,9999999994666805 1,000000001267902 1,0000000016014612 ), 0
( 0,9999999994665543 1,0000000012678751 1,0000000016016277 ), 0
( 0,9999999994665746 1,0000000012676644 1,0000000016010164 ), 0
( 0,9999999994666128 1,0000000012674737 1,0000000016012596 ), 0
( 0,9999999994666878 1,0000000012680266 1,0000000016013855 ), 0
( 0,9999999994666815 1,0000000012676955 1,0000000016012272 ), 0
( 0,9999999994666298 1,0000000012678179 1,0000000016012962 ), 0
( 0,9999999994664018 1,0000000012679597 1,000000001601541 ), 0
( 0,9999999994665091 1,000000001267832 1,0000000016015054 ), 0
( 0,999999999466786 1,0000000012676997 1,00000000160146 ), 0
( 0,9999999994668688 1,0000000012679646 1,000000001601497 ), 0
( 0,9999999994666132 1,0000000012677535 1,0000000016013593 ), 0
( 0,9999999994665734 1,0000000012679326 1,0000000016016348 ), 0
( 0,9999999994665941 1,0000000012677586 1,0000000016011388 ), 0
( 0,9999999994665907 1,000000001267888 1,0000000016014892 ), 0
( 0,9999999994665018 1,0000000012679964 1,0000000016016788 ), 0
( 0,9999999994666712 1,000000001267675 1,0000000016016957 ), 0
( 0,9999999994665794 1,000000001267886 1,0000000016016235 ), 0
( 0,9999999994669603 1,0000000012680208 1,000000001601315 ), 0
( 0,9999999994666533 1,000000001267826 1,000000001601482 ), 0
( 0,9999999994666338 1,0000000012678183 1,0000000016016368 ), 0
( 0,9999999994665364 1,000000001267636 1,000000001601494 ), 0
( 0,9999999994665695 1,0000000012677632 1,0000000016014983 ), 0
( 0,9999999994664697 1,0000000012676986 1,0000000016011685 ), 0
( 0,9999999994666828 1,0000000012678079 1,0000000016014616 ), 0
( 0,9999999994666368 1,000000001267813 1,0000000016017356 ), 0
( 0,9999999994667306 1,0000000012676509 1,0000000016009876 ), 0
( 0,9999999994666463 1,0000000012675225 1,0000000016009507 ), 0
( 0,9999999994667518 1,000000001267819 1,0000000016013397 ), 0
( 0,9999999994666282 1,0000000012676717 1,0000000016011161 ), 0
( 0,9999999994665651 1,0000000012676054 1,0000000016012407 ), 0
( 0,9999999994666288 1,0000000012679078 1,0000000016014179 ), 0
( 0,9999999994667175 1,0000000012677637 1,0000000016013457 ), 0
( 0,9999999994666405 1,0000000012672048 1,000000001600739 ), 0
( 0,9999999994665659 1,0000000012678791 1,000000001601555 ), 0
( 0,9999999994667309 1,000000001267829 1,0000000016015527 ), 0
( 0,9999999994666053 1,000000001267763 1,000000001601291 ), 0
( 0,99999999946703 1,0000000012679324 1,0000000016013826 ), 0
( 0,999999999466634 1,0000000012678083 1,0000000016015473 ), 0
( 0,9999999994666966 1,0000000012677512 1,0000000016014883 ), 0
( 0,9999999994666344 1,0000000012677817 1,0000000016015131 ), 0
( 0,9999999994665355 1,0000000012676709 1,0000000016017463 ), 0
( 0,9999999994666479 1,0000000012678412 1,0000000016015924 ), 0
( 0,9999999994665736 1,0000000012677839 1,0000000016017252 ), 0
( 0,9999999994665801 1,0000000012678159 1,0000000016013493 ), 0
( 0,9999999994665928 1,0000000012678092 1,000000001601398 ), 0
( 0,9999999994664642 1,0000000012679071 1,0000000016016743 ), 0
( 0,9999999994665543 1,0000000012676271 1,000000001601232 ), 0
( 0,9999999994666225 1,0000000012678545 1,000000001601553 ), 0
( 0,9999999994663955 1,0000000012678099 1,0000000016022155 ), 0
( 0,9999999994667746 1,0000000012676171 1,0000000016011825 ), 0
( 0,9999999994666202 1,000000001267709 1,0000000016013286 ), 0
( 0,9999999994666028 1,0000000012677341 1,000000001601454 ), 0
( 0,9999999994666929 1,0000000012676904 1,0000000016015433 ), 0
( 0,9999999994667552 1,0000000012677046 1,0000000016014556 ), 0
( 0,9999999994666985 1,000000001268011 1,0000000016013704 ), 0
( 0,9999999994665202 1,000000001267096 1,000000001600729 ), 0
( 0,9999999994665687 1,0000000012677597 1,0000000016015094 ), 0
( 0,9999999994666486 1,0000000012679564 1,0000000016017512 ), 0
( 0,9999999994665898 1,0000000012679373 1,000000001601505 ), 0
( 0,9999999994667867 1,00000000126779 1,0000000016013988 ), 0
( 0,9999999994666396 1,000000001267796 1,000000001601463 ), 0
( 0,9999999994667692 1,0000000012679635 1,0000000016015451 ), 0
( 0,9999999994668374 1,0000000012678363 1,0000000016011261 ), 0
( 0,9999999994666185 1,0000000012678363 1,0000000016016468 ), 0
( 0,9999999994664518 1,0000000012680732 1,0000000016015493 ), 0
( 0,9999999994665759 1,0000000012674413 1,000000001601158 ), 0
( 0,9999999994666761 1,0000000012678745 1,0000000016013884 ), 0
( 0,9999999994664196 1,0000000012674815 1,0000000016013926 ), 0
( 0,9999999994665478 1,0000000012674197 1,0000000016011035 ), 0
( 0,9999999994666927 1,0000000012678785 1,0000000016015582 ), 0
( 0,9999999994664978 1,0000000012680978 1,0000000016019281 ), 0
( 0,9999999994665885 1,0000000012674692 1,0000000016011543 ), 0
( 0,99999999946673 1,0000000012677464 1,0000000016011912 ), 0
( 0,9999999994665651 1,0000000012679637 1,0000000016019717 ), 0
( 0,9999999994666693 1,0000000012676071 1,000000001600986 ), 0
( 0,9999999994664152 1,0000000012680355 1,000000001601597 ), 0
( 0,9999999994666259 1,0000000012678523 1,00000000160167 ), 0
( 0,999999999466775 1,0000000012676205 1,0000000016012454 ), 0
( 0,9999999994666773 1,000000001267714 1,0000000016013864 ), 0
( 0,999999999466597 1,0000000012681927 1,0000000016016932 ), 0
( 0,9999999994664275 1,000000001267959 1,0000000016015893 ), 0
( 0,9999999994667514 1,0000000012679138 1,0000000016014796 ), 0
( 0,9999999994665644 1,000000001267942 1,0000000016015307 ), 0
( 0,9999999994667 1,0000000012677965 1,0000000016014816 ), 0
( 0,9999999994665179 1,000000001267724 1,0000000016013189 ), 0
( 0,9999999994665648 1,000000001267631 1,0000000016014234 ), 0
( 0,9999999994665979 1,0000000012676704 1,000000001601427 ), 0
( 0,9999999994668817 1,0000000012678936 1,0000000016015669 ), 0
( 0,9999999994666242 1,00000000126748 1,0000000016010056 ), 0
( 0,9999999994665689 1,0000000012678498 1,000000001601425 ), 0
( 0,9999999994666606 1,000000001267751 1,0000000016015818 ), 0
( 0,9999999994666732 1,0000000012679038 1,0000000016012642 ), 0
( 0,9999999994664347 1,000000001267691 1,000000001601573 ), 0
( 0,9999999994664577 1,000000001267606 1,000000001601461 ), 0
( 0,9999999994664317 1,0000000012677128 1,0000000016016184 ), 0
( 0,99999999946662 1,0000000012678492 1,0000000016014101 ), 0
( 0,9999999994667139 1,0000000012677608 1,000000001601344 ), 0
( 0,9999999994666477 1,0000000012676045 1,0000000016014177 ), 0
( 0,9999999994664928 1,0000000012679082 1,0000000016017068 ), 0
( 0,9999999994665967 1,000000001267888 1,0000000016014738 ), 0
( 0,9999999994667521 1,0000000012677475 1,000000001601368 ), 0
( 0,9999999994665837 1,000000001267597 1,0000000016014106 ), 0
( 0,9999999994665254 1,0000000012679637 1,0000000016017516 ), 0
( 0,9999999994664541 1,0000000012678116 1,0000000016021948 ), 0
( 0,9999999994664377 1,0000000012675703 1,000000001601476 ), 0
( 0,9999999994666611 1,0000000012678139 1,00000000160172 ), 0
( 0,9999999994665436 1,0000000012679662 1,000000001601633 ), 0
( 0,9999999994666297 1,0000000012676264 1,0000000016013442 ), 0
( 0,9999999994666824 1,0000000012680128 1,000000001601446 ), 0
( 0,9999999994665297 1,0000000012677315 1,0000000016015087 ), 0
( 0,9999999994666235 1,0000000012679817 1,0000000016014956 ), 0
( 0,999999999466814 1,0000000012675603 1,0000000016010833 ), 0
( 0,9999999994667997 1,0000000012677428 1,0000000016013386 ), 0
( 0,9999999994666422 1,0000000012677797 1,0000000016014685 ), 0
( 0,999999999466559 1,000000001267941 1,0000000016015445 ), 0
( 0,9999999994667084 1,000000001268039 1,000000001601703 ), 0
( 0,9999999994664905 1,0000000012676598 1,0000000016016466 ), 0
( 0,9999999994667436 1,000000001268301 1,0000000016018256 ), 0
( 0,9999999994665817 1,000000001268058 1,00000000160172 ), 0
( 0,9999999994666485 1,0000000012678452 1,000000001601318 ), 0
( 0,999999999466502 1,000000001267497 1,0000000016016615 ), 0
( 0,9999999994666161 1,0000000012678418 1,0000000016016917 ), 0
( 0,999999999466559 1,0000000012677073 1,0000000016013413 ), 0
( 0,9999999994666449 1,000000001268285 1,0000000016021289 ), 0
( 0,999999999466584 1,0000000012681167 1,0000000016018185 ), 0
( 0,9999999994666632 1,0000000012681016 1,00000000160189 ), 0
( 0,9999999994665213 1,0000000012676737 1,0000000016014217 ), 0
( 0,9999999994666415 1,0000000012679153 1,000000001601519 ), 0
( 0,9999999994666278 1,000000001267874 1,0000000016016921 ), 0
( 0,9999999994667145 1,0000000012678272 1,0000000016015107 ), 0
( 0,9999999994666134 1,000000001267813 1,000000001601419 ), 0
( 0,9999999994664612 1,0000000012678836 1,0000000016015382 ), 0
( 0,9999999994666872 1,000000001267787 1,0000000016013522 ), 0
( 0,9999999994666585 1,0000000012680008 1,0000000016013664 ), 0
( 0,9999999994667137 1,0000000012674497 1,000000001601011 ), 0
( 0,9999999994665704 1,0000000012678103 1,0000000016019812 ), 0
( 0,999999999466646 1,0000000012677106 1,0000000016015822 ), 0
( 0,9999999994666326 1,0000000012678028 1,0000000016012833 ), 0
( 0,9999999994666431 1,0000000012680534 1,0000000016015955 ), 0
( 0,9999999994667266 1,000000001267645 1,0000000016013002 ), 0
( 0,9999999994668268 1,000000001267815 1,0000000016015302 ), 0
( 0,9999999994665998 1,0000000012678079 1,0000000016014081 ), 0
( 0,9999999994666592 1,0000000012676782 1,0000000016012747 ), 0
( 0,999999999466904 1,0000000012678838 1,0000000016012673 ), 0
( 0,9999999994666439 1,0000000012679358 1,0000000016015065 ), 0
( 0,9999999994664438 1,0000000012676853 1,0000000016014785 ), 0
( 0,9999999994665792 1,0000000012680073 1,0000000016017425 ), 0
( 0,9999999994665846 1,0000000012677481 1,000000001601481 ), 0
( 0,9999999994663719 1,000000001267904 1,0000000016016042 ), 0
( 0,9999999994666091 1,0000000012677976 1,0000000016015504 ), 0
( 0,9999999994665558 1,000000001267749 1,0000000016014365 ), 0
( 0,9999999994664245 1,0000000012676673 1,0000000016015504 ), 0
( 0,9999999994665137 1,0000000012677197 1,0000000016014379 ), 0
( 0,9999999994666888 1,0000000012676387 1,0000000016013695 ), 0
( 0,9999999994665837 1,000000001267239 1,00000000160092 ), 0
( 0,9999999994667691 1,0000000012674808 1,0000000016009827 ), 0
( 0,9999999994666302 1,00000000126751 1,0000000016011714 ), 0
( 0,9999999994665782 1,0000000012675259 1,0000000016015116 ), 0
( 0,9999999994665711 1,0000000012677697 1,0000000016013937 ), 0
( 0,9999999994664572 1,0000000012677663 1,0000000016018173 ), 0
( 0,9999999994667449 1,0000000012678747 1,0000000016016117 ), 0
( 0,999999999466589 1,0000000012675128 1,0000000016010813 ), 0
( 0,9999999994666035 1,0000000012677277 1,0000000016013546 ), 0
( 0,9999999994667925 1,000000001267772 1,0000000016012855 ), 0
( 0,9999999994666207 1,0000000012677555 1,0000000016015833 ), 0
( 0,9999999994666602 1,0000000012679284 1,0000000016015367 ), 0
( 0,9999999994664113 1,0000000012680994 1,0000000016017738 ), 0
( 0,9999999994666522 1,0000000012678412 1,0000000016015091 ), 0
( 0,9999999994666409 1,0000000012677979 1,000000001601421 ), 0
( 0,999999999466336 1,0000000012676893 1,0000000016015704 ), 0
( 0,9999999994667221 1,0000000012680805 1,0000000016015858 ), 0
( 0,9999999994664726 1,0000000012676735 1,0000000016013102 ), 0
( 0,9999999994665332 1,0000000012677133 1,0000000016019346 ), 0
( 0,9999999994665322 1,000000001267879 1,000000001601456 ), 0
( 0,9999999994665936 1,0000000012680317 1,000000001601633 ), 0
( 0,9999999994666849 1,0000000012679338 1,0000000016014525 ), 0
( 0,9999999994665733 1,0000000012680712 1,0000000016017834 ), 0
( 0,9999999994665772 1,0000000012677055 1,0000000016014297 ), 0
( 0,9999999994666207 1,000000001267759 1,0000000016012487 ), 0
( 0,9999999994666591 1,0000000012676689 1,0000000016011543 ), 0
( 0,9999999994666783 1,0000000012675403 1,000000001601307 ), 0
( 0,9999999994666368 1,0000000012677412 1,0000000016014223 ), 0
( 0,999999999466448 1,0000000012678008 1,0000000016017017 ), 0
( 0,9999999994666771 1,0000000012680461 1,000000001601465 ), 0
( 0,9999999994666645 1,0000000012679722 1,0000000016015083 ), 0
( 0,9999999994665819 1,0000000012679169 1,0000000016016932 ), 0
( 0,9999999994663787 1,0000000012677408 1,0000000016017743 ), 0
( 0,9999999994665495 1,0000000012676364 1,0000000016013721 ), 0
( 0,9999999994664911 1,0000000012678543 1,0000000016017137 ), 0
( 0,9999999994664901 1,0000000012675914 1,0000000016014747 ), 0
( 0,9999999994665907 1,0000000012677555 1,000000001601489 ), 0
( 0,999999999466704 1,0000000012678372 1,0000000016011827 ), 0
( 0,999999999466647 1,000000001267837 1,0000000016016397 ), 0
( 0,9999999994665871 1,0000000012677261 1,0000000016011341 ), 0
( 0,9999999994665941 1,0000000012675567 1,0000000016014 ), 0
( 0,9999999994667527 1,000000001267775 1,0000000016015531 ), 0
( 0,9999999994666757 1,0000000012677306 1,0000000016013781 ), 0
( 0,9999999994666265 1,0000000012677692 1,0000000016015314 ), 0
( 0,999999999466469 1,000000001267926 1,0000000016015116 ), 0
( 0,9999999994665717 1,000000001268 1,0000000016015007 ), 0
( 0,9999999994666606 1,0000000012672565 1,0000000016009853 ), 0
( 0,9999999994666664 1,0000000012676722 1,0000000016013961 ), 0
( 0,9999999994666694 1,0000000012678114 1,0000000016011998 ), 0
( 0,999999999466597 1,000000001267875 1,0000000016015094 ), 0
( 0,999999999466767 1,0000000012676904 1,0000000016012234 ), 0
( 0,9999999994666245 1,0000000012678354 1,0000000016014046 ), 0
( 0,9999999994665834 1,0000000012676877 1,0000000016013442 ), 0
( 0,999999999466735 1,0000000012679888 1,0000000016016448 ), 0
( 0,9999999994665738 1,0000000012680021 1,0000000016016741 ), 0
( 0,9999999994666091 1,0000000012678 1,0000000016014101 ), 0
( 0,9999999994666005 1,0000000012682129 1,000000001601712 ), 0
( 0,9999999994666171 1,0000000012681511 1,0000000016019592 ), 0
( 0,9999999994666346 1,0000000012678059 1,0000000016015291 ), 0
( 0,9999999994665563 1,000000001267789 1,0000000016014068 ), 0
( 0,999999999466574 1,0000000012679455 1,0000000016018236 ), 0
( 0,9999999994668483 1,0000000012678716 1,0000000016012978 ), 0
( 0,9999999994667349 1,00000000126794 1,0000000016015387 ), 0
( 0,999999999466587 1,000000001267689 1,0000000016017496 ), 0
( 0,9999999994666098 1,0000000012678296 1,000000001601371 ), 0
( 0,9999999994664501 1,000000001267643 1,0000000016015316 ), 0
( 0,9999999994667067 1,000000001267593 1,0000000016013415 ), 0
( 0,9999999994666555 1,0000000012677122 1,0000000016013544 ), 0
( 0,9999999994665919 1,0000000012676955 1,0000000016013437 ), 0
( 0,9999999994665936 1,0000000012678456 1,0000000016015715 ), 0
( 0,9999999994667333 1,000000001267636 1,0000000016012245 ), 0
( 0,9999999994666628 1,0000000012677408 1,0000000016014223 ), 0
( 0,9999999994664889 1,0000000012679333 1,0000000016016148 ), 0
( 0,9999999994667864 1,0000000012677808 1,0000000016009476 ), 0
( 0,9999999994666771 1,0000000012676542 1,0000000016014186 ), 0
( 0,9999999994666863 1,0000000012679697 1,0000000016014712 ), 0
( 0,999999999466653 1,0000000012676922 1,0000000016014678 ), 0
( 0,9999999994666416 1,000000001267769 1,0000000016015667 ), 0
( 0,9999999994666029 1,000000001267769 1,0000000016014867 ), 0
( 0,9999999994666486 1,0000000012680783 1,0000000016015762 ), 0
( 0,9999999994665919 1,0000000012679238 1,0000000016013553 ), 0
( 0,9999999994663682 1,0000000012680281 1,0000000016020338 ), 0
( 0,9999999994666098 1,0000000012675836 1,00000000160145 ), 0
( 0,9999999994665836 1,000000001267836 1,0000000016014678 ), 0
( 0,9999999994666448 1,0000000012677082 1,0000000016016088 ), 0
( 0,9999999994667254 1,0000000012677603 1,0000000016015425 ), 0
( 0,9999999994665663 1,0000000012674728 1,0000000016010444 ), 0
( 0,9999999994664828 1,0000000012675476 1,0000000016011792 ), 0
( 0,999999999466757 1,0000000012677284 1,0000000016013944 ), 0
( 0,9999999994667466 1,000000001267544 1,000000001601145 ), 0
( 0,9999999994666395 1,0000000012676398 1,000000001601487 ), 0
( 0,9999999994666373 1,000000001267701 1,0000000016013646 ), 0
( 0,9999999994665829 1,0000000012679726 1,0000000016015511 ), 0
( 0,9999999994666173 1,000000001267623 1,0000000016016244 ), 0
( 0,9999999994665971 1,0000000012677452 1,0000000016014285 ), 0
( 0,9999999994666623 1,000000001267553 1,0000000016012727 ), 0
( 0,9999999994664788 1,0000000012677601 1,0000000016013695 ), 0
( 0,999999999466699 1,0000000012680426 1,0000000016014692 ), 0
( 0,9999999994665991 1,00000000126801 1,0000000016017438 ), 0
( 0,9999999994665547 1,0000000012681012 1,0000000016018646 ), 0
( 0,9999999994665256 1,0000000012676196 1,0000000016011947 ), 0
( 0,9999999994666349 1,0000000012677168 1,0000000016013169 ), 0
( 0,9999999994665726 1,0000000012678643 1,0000000016017505 ), 0
( 0,999999999466753 1,0000000012678547 1,0000000016015287 ), 0
( 0,9999999994665287 1,0000000012677432 1,0000000016014305 ), 0
( 0,9999999994666329 1,0000000012673875 1,0000000016008594 ), 0
( 0,999999999466574 1,0000000012677788 1,0000000016014978 ), 0
( 0,9999999994665925 1,0000000012674168 1,000000001601027 ), 0
( 0,9999999994666315 1,0000000012680723 1,0000000016014565 ), 0
( 0,9999999994667783 1,0000000012680055 1,0000000016014863 ), 0
( 0,9999999994665785 1,0000000012678605 1,0000000016014983 ), 0
( 0,9999999994665941 1,000000001267626 1,0000000016015562 ), 0
( 0,9999999994666289 1,0000000012678074 1,0000000016014787 ), 0
( 0,9999999994665164 1,0000000012677066 1,0000000016012773 ), 0
( 0,9999999994664859 1,0000000012676755 1,0000000016015311 ), 0
( 0,999999999466622 1,0000000012675 1,0000000016012747 ), 0
( 0,9999999994664382 1,0000000012680283 1,000000001601539 ), 0
( 0,9999999994665346 1,0000000012674692 1,0000000016011767 ), 0
( 0,9999999994667883 1,0000000012674195 1,0000000016009283 ), 0
( 0,9999999994666037 1,0000000012675845 1,0000000016014665 ), 0
( 0,9999999994665429 1,0000000012677177 1,0000000016011372 ), 0
( 0,9999999994666581 1,0000000012678527 1,0000000016014743 ), 0
( 0,9999999994666509 1,0000000012678247 1,0000000016015418 ), 0
( 0,9999999994666482 1,000000001267589 1,0000000016014505 ), 0
( 0,9999999994665301 1,000000001267661 1,0000000016013892 ), 0
( 0,9999999994665181 1,0000000012680927 1,0000000016020985 ), 0
( 0,9999999994667065 1,0000000012677865 1,0000000016011719 ), 0
( 0,9999999994667003 1,0000000012679835 1,0000000016014463 ), 0
( 0,9999999994669554 1,0000000012677959 1,0000000016012633 ), 0
( 0,9999999994664397 1,000000001267839 1,000000001601693 ), 0
( 0,999999999466641 1,0000000012679848 1,0000000016014698 ), 0
( 0,9999999994668929 1,0000000012678953 1,0000000016013202 ), 0
( 0,9999999994666726 1,0000000012675265 1,0000000016014248 ), 0
( 0,9999999994667038 1,000000001267568 1,0000000016017052 ), 0
( 0,9999999994666872 1,0000000012676074 1,000000001601094 ), 0
( 0,9999999994666 1,0000000012675228 1,000000001601198 ), 0
( 0,9999999994666454 1,000000001267935 1,0000000016015183 ), 0
( 0,9999999994664799 1,000000001267677 1,000000001601458 ), 0
( 0,9999999994666515 1,0000000012675703 1,0000000016010602 ), 0
( 0,9999999994665669 1,000000001267734 1,000000001601398 ), 0
( 0,9999999994665514 1,0000000012677939 1,000000001601511 ), 0
( 0,9999999994667091 1,0000000012676828 1,0000000016015849 ), 0
( 0,9999999994666199 1,0000000012676282 1,0000000016015058 ), 0
( 0,9999999994665302 1,0000000012678434 1,0000000016014532 ), 0
( 0,9999999994665837 1,0000000012678607 1,0000000016014396 ), 0
( 0,999999999466685 1,0000000012679326 1,0000000016015214 ), 0
( 0,999999999466637 1,0000000012677088 1,0000000016013637 ), 0
( 0,9999999994665888 1,000000001267976 1,0000000016014194 ), 0
( 0,9999999994666311 1,000000001267872 1,0000000016015935 ), 0
( 0,9999999994667029 1,0000000012678274 1,000000001601256 ), 0
( 0,9999999994665851 1,0000000012675778 1,0000000016014718 ), 0
( 0,9999999994667509 1,0000000012676595 1,000000001601489 ), 0
( 0,9999999994664397 1,000000001267944 1,0000000016016328 ), 0
( 0,9999999994666893 1,000000001267526 1,0000000016012096 ), 0
( 0,9999999994665218 1,000000001267392 1,0000000016010104 ), 0
( 0,999999999466565 1,0000000012678343 1,0000000016015156 ), 0
( 0,9999999994665191 1,0000000012679466 1,0000000016014772 ), 0
( 0,9999999994666324 1,000000001267655 1,000000001601124 ), 0
( 0,999999999466588 1,0000000012678942 1,0000000016016395 ), 0
( 0,9999999994665855 1,0000000012679073 1,000000001601607 ), 0
( 0,9999999994666285 1,0000000012677233 1,0000000016011363 ), 0
( 0,999999999466574 1,000000001267797 1,000000001601709 ), 0
( 0,9999999994666198 1,0000000012677845 1,0000000016014738 ), 0
( 0,9999999994666687 1,000000001267852 1,0000000016015984 ), 0
( 0,999999999466715 1,0000000012678913 1,000000001601574 ), 0
( 0,9999999994667061 1,000000001267731 1,0000000016013073 ), 0
( 0,9999999994663847 1,0000000012679884 1,000000001601824 ), 0
( 0,9999999994666917 1,0000000012677108 1,0000000016012776 ), 0
( 0,99999999946655 1,0000000012679722 1,0000000016016946 ), 0
( 0,9999999994666035 1,0000000012679775 1,0000000016015465 ), 0
( 0,9999999994666062 1,0000000012679033 1,0000000016015391 ), 0
( 0,9999999994666162 1,000000001267867 1,0000000016014394 ), 0
( 0,9999999994666424 1,0000000012674872 1,0000000016015755 ), 0
( 0,9999999994666133 1,0000000012679584 1,0000000016014998 ), 0
( 0,9999999994665916 1,000000001267862 1,000000001601458 ), 0
( 0,9999999994666345 1,000000001267729 1,000000001601458 ), 0
( 0,9999999994667144 1,000000001267741 1,0000000016013473 ), 0
( 0,9999999994664518 1,0000000012680383 1,0000000016018449 ), 0
( 0,9999999994669978 1,000000001267927 1,0000000016011785 ), 0
( 0,9999999994664797 1,0000000012677255 1,0000000016012647 ), 0
( 0,9999999994666435 1,0000000012679648 1,0000000016014416 ), 0
( 0,9999999994666079 1,0000000012677737 1,0000000016014434 ), 0
( 0,999999999466733 1,000000001267435 1,0000000016013042 ), 0
( 0,9999999994667534 1,0000000012674872 1,0000000016011519 ), 0
( 0,9999999994665846 1,0000000012675399 1,0000000016010209 ), 0
( 0,9999999994665273 1,0000000012678933 1,000000001601623 ), 0
( 0,9999999994666284 1,0000000012678294 1,0000000016014972 ), 0
( 0,9999999994667431 1,0000000012676356 1,000000001601388 ), 0
( 0,9999999994666489 1,0000000012679182 1,0000000016016168 ), 0
( 0,9999999994665586 1,0000000012677528 1,0000000016014776 ), 0
( 0,999999999466523 1,0000000012680583 1,0000000016019865 ), 0
( 0,999999999466615 1,0000000012679127 1,000000001601556 ), 0
( 0,9999999994665716 1,0000000012677919 1,000000001601468 ), 0
( 0,9999999994665891 1,000000001267932 1,0000000016015775 ), 0
( 0,9999999994666816 1,0000000012677095 1,0000000016012196 ), 0
( 0,9999999994666753 1,000000001268085 1,0000000016016815 ), 0
( 0,9999999994665599 1,0000000012678478 1,0000000016019341 ), 0
( 0,9999999994665332 1,0000000012678565 1,0000000016016422 ), 0
( 0,999999999466797 1,0000000012677395 1,0000000016014645 ), 0
( 0,9999999994666283 1,000000001267774 1,0000000016014547 ), 0
( 0,9999999994666362 1,0000000012677277 1,0000000016014576 ), 0
( 0,9999999994665202 1,0000000012675483 1,0000000016010309 ), 0
( 0,9999999994665922 1,000000001267896 1,0000000016015715 ), 0
( 0,9999999994666259 1,0000000012679295 1,0000000016015398 ), 0
( 0,9999999994665622 1,000000001267663 1,000000001601163 ), 0
( 0,9999999994666098 1,000000001267347 1,0000000016009358 ), 0
( 0,9999999994665688 1,0000000012678558 1,0000000016015675 ), 0
( 0,9999999994666703 1,0000000012678587 1,0000000016016335 ), 0
( 0,9999999994666093 1,0000000012679542 1,000000001601521 ), 0
( 0,9999999994665331 1,0000000012675274 1,0000000016010528 ), 0
( 0,9999999994665643 1,0000000012678654 1,0000000016018258 ), 0
( 0,9999999994665226 1,0000000012678223 1,0000000016016106 ), 0
( 0,9999999994665558 1,0000000012674202 1,0000000016012858 ), 0
( 0,9999999994666259 1,0000000012678345 1,0000000016016735 ), 0
( 0,9999999994666434 1,0000000012675767 1,000000001601157 ), 0
( 0,999999999466597 1,000000001267578 1,000000001601357 ), 0
( 0,999999999466636 1,0000000012678656 1,000000001601515 ), 0
( 0,9999999994667197 1,0000000012678572 1,0000000016014892 ), 0
( 0,999999999466747 1,0000000012681123 1,000000001601596 ), 0
( 0,9999999994665609 1,0000000012674248 1,0000000016010708 ), 0
( 0,9999999994665714 1,0000000012677612 1,000000001601661 ), 0
( 0,9999999994666287 1,0000000012678207 1,000000001601765 ), 0
( 0,9999999994665838 1,0000000012677543 1,0000000016013733 ), 0
( 0,999999999466671 1,000000001267806 1,0000000016015136 ), 0
( 0,9999999994665355 1,0000000012674497 1,0000000016012331 ), 0
( 0,999999999466525 1,0000000012677084 1,000000001601269 ), 0
( 0,9999999994665524 1,0000000012677417 1,000000001601469 ), 0
( 0,9999999994667873 1,0000000012678094 1,0000000016013517 ), 0
( 0,9999999994664712 1,000000001267644 1,0000000016015287 ), 0
( 0,999999999466431 1,0000000012678283 1,0000000016015702 ), 0
( 0,9999999994667093 1,000000001267771 1,0000000016011914 ), 0
( 0,9999999994666408 1,0000000012678782 1,000000001601664 ), 0
( 0,999999999466346 1,0000000012681625 1,000000001601775 ), 0
( 0,9999999994666031 1,0000000012678947 1,0000000016017132 ), 0
( 0,999999999466539 1,0000000012678691 1,0000000016014956 ), 0
( 0,9999999994664759 1,0000000012675376 1,000000001601555 ), 0
( 0,999999999466669 1,0000000012676353 1,0000000016012838 ), 0
( 0,99999999946658 1,000000001267635 1,0000000016017379 ), 0
( 0,9999999994666161 1,0000000012678314 1,0000000016014343 ), 0
( 0,9999999994664746 1,0000000012675438 1,0000000016011326 ), 0
( 0,9999999994666219 1,000000001267878 1,0000000016017938 ), 0
( 0,9999999994665271 1,0000000012678936 1,0000000016015402 ), 0
( 0,9999999994666405 1,0000000012677515 1,0000000016013428 ), 0
( 0,999999999466557 1,0000000012682548 1,0000000016021484 ), 0
( 0,9999999994666589 1,0000000012678665 1,0000000016015862 ), 0
( 0,9999999994663986 1,0000000012674166 1,0000000016013133 ), 0
( 0,9999999994666557 1,0000000012678627 1,0000000016015613 ), 0
( 0,9999999994664625 1,0000000012679897 1,0000000016018438 ), 0
( 0,9999999994667214 1,0000000012676555 1,0000000016014159 ), 0
( 0,9999999994667222 1,0000000012677102 1,000000001601319 ), 0
( 0,9999999994665257 1,000000001267726 1,0000000016015456 ), 0
( 0,9999999994665663 1,0000000012678363 1,0000000016014419 ), 0
( 0,99999999946659 1,0000000012677253 1,0000000016011565 ), 0
( 0,9999999994666303 1,0000000012678036 1,0000000016015729 ), 0
( 0,9999999994666411 1,0000000012676837 1,0000000016012345 ), 0
( 0,9999999994665515 1,000000001268002 1,0000000016015944 ), 0
( 0,9999999994667211 1,0000000012678785 1,000000001601425 ), 0
( 0,9999999994666021 1,000000001267764 1,0000000016014194 ), 0
( 0,9999999994663964 1,0000000012678263 1,0000000016013364 ), 0
( 0,9999999994666129 1,000000001267938 1,0000000016016573 ), 0
( 0,9999999994665668 1,0000000012677637 1,00000000160168 ), 0
( 0,9999999994666621 1,0000000012675183 1,000000001601159 ), 0
( 0,9999999994667154 1,0000000012677195 1,0000000016013202 ), 0
( 0,9999999994665995 1,0000000012677488 1,0000000016014372 ), 0
( 0,9999999994665458 1,0000000012679207 1,0000000016014028 ), 0
( 0,9999999994665983 1,0000000012677688 1,0000000016014567 ), 0
( 0,9999999994666448 1,0000000012678194 1,000000001601238 ), 0
( 0,9999999994666476 1,000000001267626 1,000000001601215 ), 0
( 0,9999999994666637 1,0000000012678978 1,000000001601494 ), 0
( 0,9999999994666848 1,000000001267944 1,0000000016014916 ), 0
( 0,9999999994664196 1,0000000012681534 1,0000000016017887 ), 0
( 0,9999999994665446 1,0000000012679646 1,0000000016016404 ), 0
( 0,9999999994665647 1,0000000012678478 1,000000001601352 ), 0
( 0,999999999466523 1,0000000012676462 1,000000001601164 ), 0
( 0,9999999994666433 1,0000000012676713 1,0000000016013846 ), 0
( 0,9999999994663491 1,000000001267687 1,0000000016018535 ), 0
( 0,9999999994665386 1,0000000012676302 1,000000001601432 ), 0
( 0,9999999994665796 1,0000000012678385 1,0000000016015727 ), 0
( 0,9999999994665326 1,0000000012677992 1,0000000016013602 ), 0
( 0,9999999994664989 1,0000000012679433 1,0000000016023025 ), 0
( 0,9999999994666461 1,0000000012677177 1,0000000016016275 ), 0
( 0,9999999994665993 1,0000000012676755 1,000000001601259 ), 0
( 0,9999999994666288 1,0000000012679313 1,000000001601537 ), 0
( 0,9999999994667389 1,0000000012678378 1,000000001601473 ), 0
( 0,9999999994665688 1,0000000012677437 1,0000000016015558 ), 0
( 0,999999999466615 1,0000000012679071 1,0000000016016142 ), 0
( 0,9999999994665598 1,00000000126771 1,0000000016011363 ), 0
( 0,9999999994667249 1,0000000012677925 1,0000000016014248 ), 0
( 0,9999999994667657 1,0000000012677022 1,0000000016014625 ), 0
( 0,9999999994665828 1,0000000012678398 1,000000001601817 ), 0
( 0,9999999994665699 1,000000001267945 1,0000000016017232 ), 0
( 0,9999999994664924 1,000000001267756 1,0000000016014006 ), 0
( 0,9999999994665808 1,0000000012678179 1,0000000016015735 ), 0
( 0,9999999994665639 1,000000001267916 1,0000000016016668 ), 0
( 0,9999999994666701 1,000000001267771 1,0000000016013706 ), 0
( 0,9999999994665728 1,0000000012675843 1,0000000016013746 ), 0
( 0,9999999994666033 1,000000001267811 1,0000000016015094 ), 0
( 0,9999999994665109 1,0000000012676933 1,000000001601488 ), 0
( 0,9999999994666229 1,0000000012679606 1,0000000016015378 ), 0
( 0,9999999994667336 1,0000000012676629 1,000000001601669 ), 0
( 0,9999999994666664 1,0000000012669223 1,000000001600683 ), 0
( 0,9999999994665424 1,000000001268139 1,0000000016018544 ), 0
( 0,9999999994666684 1,000000001267893 1,0000000016015866 ), 0
( 0,9999999994664612 1,0000000012679626 1,0000000016015476 ), 0
( 0,9999999994665768 1,000000001267711 1,0000000016012374 ), 0
( 0,9999999994666809 1,000000001267724 1,0000000016014683 ), 0
( 0,9999999994665902 1,000000001267877 1,0000000016016188 ), 0
( 0,9999999994665898 1,000000001268035 1,000000001601511 ), 0
( 0,9999999994666069 1,0000000012679002 1,0000000016014419 ), 0
( 0,9999999994667197 1,0000000012678063 1,0000000016015649 ), 0
( 0,9999999994667005 1,000000001267965 1,0000000016015835 ), 0
( 0,9999999994665936 1,0000000012678312 1,00000000160174 ), 0
( 0,9999999994666204 1,0000000012677404 1,0000000016014423 ), 0
( 0,9999999994666906 1,0000000012676387 1,0000000016012152 ), 0
( 0,9999999994664851 1,0000000012677837 1,0000000016017034 ), 0
( 0,9999999994666421 1,0000000012676398 1,0000000016015247 ), 0
( 0,9999999994666181 1,0000000012676988 1,0000000016013515 ), 0
( 0,999999999466671 1,0000000012675212 1,0000000016015305 ), 0
( 0,9999999994666172 1,0000000012672088 1,0000000016008597 ), 0
( 0,9999999994666247 1,0000000012676529 1,0000000016014692 ), 0
( 0,9999999994666222 1,0000000012677983 1,0000000016013328 ), 0
( 0,9999999994666527 1,0000000012677621 1,0000000016014645 ), 0
( 0,9999999994667101 1,0000000012674444 1,0000000016013937 ), 0
( 0,9999999994667115 1,0000000012676673 1,000000001601253 ), 0
( 0,9999999994666445 1,0000000012677686 1,0000000016014992 ), 0
( 0,9999999994666663 1,0000000012677723 1,0000000016014747 ), 0
( 0,999999999466429 1,0000000012677195 1,0000000016016133 ), 0
( 0,9999999994667574 1,0000000012678267 1,00000000160112 ), 0
( 0,9999999994666577 1,0000000012675918 1,0000000016012187 ), 0
( 0,9999999994667002 1,000000001267732 1,0000000016014312 ), 0
( 0,9999999994664517 1,0000000012678592 1,0000000016017312 ), 0
( 0,9999999994666111 1,0000000012679577 1,0000000016017798 ), 0
( 0,9999999994666954 1,0000000012677819 1,0000000016015667 ), 0
( 0,999999999466695 1,0000000012676384 1,000000001601033 ), 0
( 0,9999999994666008 1,0000000012679717 1,000000001601466 ), 0
( 0,999999999466555 1,000000001267947 1,0000000016015034 ), 0
( 0,9999999994666294 1,0000000012680448 1,0000000016016068 ), 0
( 0,9999999994666874 1,0000000012678543 1,0000000016017507 ), 0
( 0,999999999466463 1,000000001267842 1,0000000016015937 ), 0
( 0,9999999994666477 1,0000000012677401 1,0000000016013995 ), 0
( 0,9999999994665891 1,0000000012678967 1,000000001601415 ), 0
( 0,9999999994665524 1,000000001268013 1,0000000016017427 ), 0
( 0,9999999994666897 1,0000000012680013 1,0000000016016242 ), 0
( 0,999999999466597 1,0000000012674362 1,0000000016019344 ), 0
( 0,9999999994667387 1,0000000012682864 1,0000000016018127 ), 0
( 0,9999999994666173 1,000000001267869 1,0000000016014652 ), 0
( 0,9999999994665287 1,0000000012678332 1,0000000016016273 ), 0
( 0,9999999994668087 1,0000000012678572 1,000000001601422 ), 0
( 0,9999999994666827 1,00000000126773 1,0000000016012116 ), 0
( 0,9999999994666395 1,0000000012677053 1,0000000016011719 ), 0
( 0,9999999994666429 1,0000000012677885 1,0000000016013495 ), 0
( 0,9999999994666278 1,0000000012677763 1,0000000016014607 ), 0
( 0,9999999994667323 1,000000001267561 1,0000000016014337 ), 0
( 0,9999999994665942 1,0000000012675918 1,0000000016013766 ), 0
( 0,9999999994666113 1,0000000012676442 1,0000000016013035 ), 0
( 0,999999999466669 1,0000000012678334 1,000000001601577 ), 0
( 0,9999999994666022 1,0000000012677885 1,0000000016014854 ), 0
( 0,9999999994667356 1,0000000012678998 1,0000000016013728 ), 0
( 0,9999999994666338 1,000000001267789 1,000000001601404 ), 0
( 0,9999999994666647 1,0000000012678854 1,0000000016016442 ), 0
( 0,9999999994665977 1,0000000012678507 1,0000000016014594 ), 0
( 0,9999999994666526 1,0000000012677068 1,0000000016014359 ), 0
( 0,9999999994665874 1,0000000012680674 1,0000000016017225 ), 0
( 0,9999999994666483 1,000000001267888 1,000000001601486 ), 0
( 0,9999999994664931 1,0000000012677464 1,0000000016014674 ), 0
( 0,9999999994666493 1,0000000012674926 1,0000000016011434 ), 0
( 0,9999999994666445 1,0000000012676227 1,0000000016011912 ), 0
( 0,999999999466517 1,0000000012675576 1,0000000016014328 ), 0
( 0,9999999994667068 1,0000000012679373 1,0000000016014834 ), 0
( 0,9999999994665898 1,0000000012677195 1,000000001601307 ), 0
( 0,9999999994665885 1,0000000012677785 1,0000000016014008 ), 0
( 0,9999999994666243 1,000000001267699 1,0000000016011894 ), 0
( 0,9999999994666275 1,000000001267851 1,00000000160138 ), 0
( 0,9999999994665912 1,0000000012677714 1,0000000016014443 ), 0
( 0,9999999994665708 1,0000000012674781 1,000000001601069 ), 0
( 0,9999999994665437 1,0000000012678476 1,0000000016014963 ), 0
( 0,9999999994665637 1,0000000012675299 1,0000000016010762 ), 0
( 0,9999999994666559 1,0000000012677202 1,0000000016015236 ), 0
( 0,9999999994665935 1,000000001267639 1,0000000016014572 ), 0
( 0,9999999994666336 1,0000000012680141 1,0000000016015926 ), 0
( 0,9999999994666265 1,0000000012678165 1,0000000016015107 ), 0
( 0,9999999994665589 1,0000000012678298 1,0000000016015722 ), 0
( 0,9999999994666381 1,0000000012679156 1,000000001601675 ), 0
( 0,9999999994666898 1,0000000012679282 1,0000000016015673 ), 0
( 0,9999999994665763 1,000000001267643 1,0000000016011343 ), 0
( 0,9999999994666069 1,0000000012678365 1,0000000016013375 ), 0
( 0,9999999994665177 1,0000000012681265 1,0000000016019488 ), 0
( 0,9999999994665926 1,000000001267928 1,0000000016017958 ), 0
( 0,9999999994666183 1,0000000012677617 1,0000000016013708 ), 0
( 0,9999999994666436 1,000000001267724 1,0000000016011306 ), 0
( 0,9999999994665132 1,00000000126789 1,0000000016017268 ), 0
( 0,9999999994666265 1,0000000012675379 1,0000000016009953 ), 0
( 0,9999999994664884 1,0000000012674164 1,0000000016010022 ), 0
( 0,9999999994667053 1,0000000012677772 1,000000001601154 ), 0
( 0,9999999994666674 1,000000001267713 1,0000000016014658 ), 0
( 0,9999999994665644 1,0000000012679529 1,0000000016020323 ), 0
( 0,9999999994666832 1,0000000012676695 1,0000000016013149 ), 0
( 0,9999999994667002 1,0000000012678791 1,000000001601597 ), 0
( 0,9999999994665058 1,0000000012678145 1,0000000016016795 ), 0
( 0,9999999994666222 1,000000001267723 1,0000000016013924 ), 0
( 0,9999999994666215 1,0000000012677226 1,00000000160127 ), 0
( 0,9999999994664633 1,000000001267864 1,0000000016015058 ), 0
( 0,9999999994668088 1,0000000012677768 1,0000000016013277 ), 0
( 0,9999999994666318 1,0000000012676915 1,0000000016013728 ), 0
( 0,999999999466675 1,0000000012678445 1,0000000016015653 ), 0
( 0,9999999994665334 1,0000000012679633 1,0000000016016342 ), 0
( 0,9999999994666524 1,0000000012678738 1,00000000160154 ), 0
( 0,9999999994665326 1,0000000012679964 1,0000000016015917 ), 0
( 0,999999999466661 1,0000000012677448 1,0000000016014539 ), 0
( 0,9999999994664533 1,0000000012678603 1,000000001601566 ), 0
( 0,9999999994665704 1,0000000012678396 1,0000000016015416 ), 0
( 0,9999999994666863 1,000000001267714 1,0000000016017976 ), 0
( 0,9999999994665191 1,000000001267972 1,0000000016015564 ), 0
( 0,9999999994665908 1,0000000012677035 1,0000000016012642 ), 0
( 0,999999999466647 1,0000000012677583 1,0000000016013886 ), 0
( 0,9999999994666047 1,0000000012679142 1,00000000160165 ), 0
( 0,9999999994666382 1,000000001267683 1,0000000016011552 ), 0
( 0,9999999994666211 1,00000000126812 1,000000001601799 ), 0
( 0,9999999994666344 1,0000000012676473 1,0000000016011736 ), 0
( 0,9999999994665192 1,0000000012679444 1,000000001601658 ), 0
( 0,9999999994667045 1,0000000012677257 1,0000000016017054 ), 0
( 0,9999999994666683 1,000000001267719 1,0000000016013941 ), 0
( 0,9999999994664776 1,0000000012677026 1,0000000016015436 ), 0
( 0,99999999946684 1,0000000012678714 1,000000001601062 ), 0
( 0,999999999466642 1,0000000012678003 1,0000000016015531 ), 0
( 0,9999999994665658 1,0000000012679258 1,0000000016016113 ), 0
( 0,9999999994667161 1,0000000012678993 1,0000000016014974 ), 0
( 0,9999999994664843 1,0000000012677457 1,0000000016015815 ), 0
( 0,9999999994664235 1,000000001267976 1,0000000016019273 ), 0
( 0,9999999994668861 1,0000000012679386 1,0000000016012789 ), 0
( 0,9999999994666657 1,0000000012675565 1,0000000016012032 ), 0
Liczba wywoa funkcji celu: 193096
