Iteracja nr: 64
( 0,9999999994946694 1,000000001275054 1,0000000016116426 ), 0
( 0,9999999994876182 1,0000000012986918 1,0000000015778712 ), 0
( 0,9999999994705742 1,000000001270985 1,0000000015920258 ), 0
( 0,9999999994523856 1,0000000012493233 1,0000000016001998 ), 0
( 0,9999999994725081 1,0000000012367791 1,0000000015879522 ), 0
( 0,9999999994562708 1,0000000012467807 1,0000000015698287 ), 0
( 0,9999999994526638 1,0000000012870451 1,0000000016022708 ), 0
( 0,9999999994625339 1,0000000012563328 1,0000000016030415 ), 0
( 0,9999999994579666 1,0000000012351327 1,0000000015716612 ), 0
( 0,999999999441621 1,0000000012545913 1,0000000016008488 ), 0
( 0,9999999994734254 1,0000000012873682 1,0000000016441914 ), 0
( 0,9999999994592182 1,000000001284405 1,0000000016118549 ), 0
( 0,9999999994788586 1,0000000012534556 1,0000000015867692 ), 0
( 0,9999999994817518 1,0000000012757502 1,0000000016086783 ), 0
( 0,9999999994833165 1,0000000012600594 1,0000000015685027 ), 0
( 0,9999999994816292 1,0000000012404011 1,0000000016049924 ), 0
( 0,9999999995058786 1,0000000012519452 1,0000000016095856 ), 0
( 0,9999999994789203 1,0000000013015495 1,0000000016118054 ), 0
( 0,9999999994815296 1,0000000012378183 1,0000000015714594 ), 0
( 0,9999999994535032 1,000000001239409 1,0000000015962265 ), 0
( 0,9999999994646992 1,0000000012842272 1,0000000015979607 ), 0
( 0,9999999994685734 1,0000000012872554 1,000000001617278 ), 0
( 0,9999999994689378 1,0000000012414614 1,0000000015512895 ), 0
( 0,9999999994811084 1,0000000012485846 1,000000001581935 ), 0
( 0,999999999455624 1,0000000012487869 1,0000000015944703 ), 0
( 0,9999999994387566 1,0000000012813601 1,0000000015636736 ), 0
( 0,9999999994307426 1,00000000129834 1,000000001618205 ), 0
( 0,9999999994819808 1,0000000013621158 1,0000000016510644 ), 0
( 0,9999999994782022 1,0000000012871257 1,0000000016483823 ), 0
( 0,9999999994667903 1,000000001269054 1,0000000016208999 ), 0
( 0,9999999994507892 1,0000000012978738 1,0000000016155544 ), 0
( 0,9999999994627002 1,0000000012796235 1,0000000016282038 ), 0
( 0,9999999994772439 1,0000000012272645 1,0000000015686024 ), 0
( 0,999999999463081 1,000000001279931 1,0000000016169568 ), 0
( 0,9999999994799084 1,0000000012542898 1,000000001592648 ), 0
( 0,9999999994707092 1,0000000013216026 1,0000000016469 ), 0
( 0,9999999994685672 1,0000000012129715 1,0000000016116242 ), 0
( 0,9999999994805818 1,0000000012641965 1,0000000015889505 ), 0
( 0,999999999476018 1,0000000013162764 1,0000000016649782 ), 0
( 0,9999999994644986 1,0000000012650123 1,0000000015794328 ), 0
( 0,9999999994612567 1,0000000012917025 1,0000000015677428 ), 0
( 0,9999999994224388 1,000000001266407 1,0000000015872916 ), 0
( 0,9999999994696464 1,0000000012503716 1,00000000158652 ), 0
( 0,9999999994477914 1,0000000012709587 1,0000000015839656 ), 0
( 0,9999999994606741 1,000000001270929 1,0000000016179675 ), 0
( 0,9999999994704872 1,0000000012635375 1,0000000015764297 ), 0
( 0,9999999994502902 1,0000000012867671 1,0000000016082053 ), 0
( 0,9999999994473302 1,0000000012808612 1,0000000015986932 ), 0
( 0,9999999994739267 1,0000000012483559 1,0000000016054311 ), 0
( 0,9999999994824442 1,0000000012698769 1,0000000015964057 ), 0
( 0,9999999994725984 1,0000000012835712 1,0000000016311175 ), 0
( 0,9999999994611144 1,0000000012996797 1,000000001632778 ), 0
( 0,9999999994894778 1,0000000013072543 1,0000000016376656 ), 0
( 0,9999999994666853 1,000000001263142 1,0000000015770045 ), 0
( 0,999999999430492 1,000000001302328 1,0000000016746982 ), 0
( 0,9999999994611559 1,0000000012669668 1,0000000016619421 ), 0
( 0,9999999994613434 1,00000000130536 1,0000000016038397 ), 0
( 0,9999999994579434 1,000000001273323 1,0000000015792005 ), 0
( 0,9999999994472402 1,0000000012702193 1,0000000015826627 ), 0
( 0,9999999994439341 1,0000000012787287 1,0000000016016883 ), 0
( 0,9999999994534297 1,0000000012859742 1,0000000015663744 ), 0
( 0,9999999994741595 1,000000001299157 1,000000001619107 ), 0
( 0,9999999994576515 1,0000000012672279 1,000000001579847 ), 0
( 0,9999999994596894 1,0000000012411088 1,0000000015856283 ), 0
( 0,9999999994649639 1,0000000012574957 1,000000001597618 ), 0
( 0,999999999466673 1,0000000012893686 1,000000001614151 ), 0
( 0,9999999994735495 1,0000000012537062 1,0000000016172137 ), 0
( 0,9999999994642274 1,0000000012434167 1,0000000015726302 ), 0
( 0,9999999994927082 1,0000000012628276 1,0000000015867667 ), 0
( 0,9999999994365241 1,0000000012576824 1,0000000016547617 ), 0
( 0,9999999994677811 1,000000001266049 1,000000001598654 ), 0
( 0,9999999994445282 1,000000001229983 1,0000000015948722 ), 0
( 0,9999999994490167 1,0000000012580919 1,0000000016078758 ), 0
( 0,9999999994464375 1,0000000012304275 1,0000000015796284 ), 0
( 0,9999999994733845 1,0000000011941172 1,000000001556857 ), 0
( 0,9999999994671951 1,000000001262793 1,0000000016136206 ), 0
( 0,9999999994716003 1,0000000012893964 1,000000001605733 ), 0
( 0,9999999994608294 1,0000000012816717 1,0000000015778567 ), 0
( 0,9999999994404775 1,0000000012569545 1,000000001597454 ), 0
( 0,9999999995024466 1,0000000012098935 1,0000000015593375 ), 0
( 0,9999999994764052 1,00000000126251 1,000000001561578 ), 0
( 0,9999999994555666 1,00000000126684 1,0000000016075024 ), 0
( 0,9999999994232848 1,000000001225114 1,0000000015785544 ), 0
( 0,9999999994644393 1,0000000012883616 1,0000000016353843 ), 0
( 0,9999999994405733 1,0000000012601922 1,0000000015961734 ), 0
( 0,9999999994933354 1,0000000012988632 1,0000000015661912 ), 0
( 0,9999999994693832 1,0000000012674712 1,0000000015742028 ), 0
( 0,9999999994626422 1,0000000012406676 1,000000001604369 ), 0
( 0,999999999453881 1,0000000012880497 1,0000000016212842 ), 0
( 0,9999999994664719 1,0000000012760915 1,0000000015976542 ), 0
( 0,9999999994492019 1,0000000012703216 1,000000001602277 ), 0
( 0,9999999994574239 1,0000000012711028 1,0000000016308779 ), 0
( 0,9999999994635409 1,000000001247709 1,00000000161515 ), 0
( 0,9999999994741353 1,0000000013098138 1,0000000016223043 ), 0
( 0,9999999994691744 1,0000000012791137 1,0000000015921908 ), 0
( 0,9999999994473447 1,000000001271192 1,0000000016235728 ), 0
( 0,9999999994528572 1,0000000012847305 1,000000001583853 ), 0
( 0,9999999994785403 1,000000001282587 1,000000001623622 ), 0
( 0,999999999460294 1,000000001256542 1,0000000015986312 ), 0
( 0,9999999994781619 1,0000000012693044 1,0000000015717105 ), 0
( 0,999999999462564 1,0000000012818882 1,000000001631367 ), 0
( 0,999999999470312 1,000000001289872 1,0000000016094577 ), 0
( 0,9999999994756604 1,0000000012694028 1,0000000016028838 ), 0
( 0,9999999994976435 1,000000001253569 1,0000000015651878 ), 0
( 0,9999999994424451 1,0000000012601378 1,0000000015571344 ), 0
( 0,9999999994406595 1,0000000012602974 1,0000000015861839 ), 0
( 0,9999999994660312 1,0000000012615489 1,0000000016208057 ), 0
( 0,9999999994647524 1,000000001281696 1,0000000016244688 ), 0
( 0,9999999994619481 1,000000001267202 1,0000000015938424 ), 0
( 0,9999999994712213 1,0000000012843528 1,0000000015968986 ), 0
( 0,9999999994731716 1,000000001248783 1,0000000015531783 ), 0
( 0,9999999994496404 1,0000000012840415 1,0000000015915023 ), 0
( 0,9999999994441267 1,000000001259094 1,0000000016096964 ), 0
( 0,9999999994870219 1,0000000012577437 1,000000001611544 ), 0
( 0,9999999994564084 1,0000000012745196 1,0000000016118407 ), 0
( 0,9999999994876292 1,0000000012334154 1,000000001587221 ), 0
( 0,9999999994800509 1,0000000012611865 1,0000000015789656 ), 0
( 0,99999999948175 1,0000000012484986 1,0000000016112907 ), 0
( 0,9999999994497141 1,0000000012978973 1,0000000016571517 ), 0
( 0,9999999994496375 1,000000001321219 1,0000000016219546 ), 0
( 0,9999999994934223 1,0000000012417074 1,000000001599384 ), 0
( 0,9999999994732455 1,0000000011994319 1,0000000015757744 ), 0
( 0,9999999994638781 1,0000000012519625 1,0000000016070654 ), 0
( 0,9999999994909631 1,0000000013044896 1,0000000015950832 ), 0
( 0,9999999994709396 1,0000000012744734 1,0000000016074906 ), 0
( 0,9999999994815733 1,0000000012861705 1,0000000016347086 ), 0
( 0,9999999994584857 1,0000000012519932 1,0000000015761519 ), 0
( 0,9999999994575621 1,0000000012748322 1,0000000015873955 ), 0
( 0,9999999994793046 1,0000000012487278 1,0000000015942614 ), 0
( 0,9999999994710372 1,0000000012950814 1,0000000016600572 ), 0
( 0,9999999994546629 1,000000001269451 1,0000000016220945 ), 0
( 0,99999999946327 1,0000000012844927 1,0000000016296131 ), 0
( 0,9999999994747923 1,0000000012215502 1,0000000015720478 ), 0
( 0,9999999994542219 1,0000000013032317 1,0000000016116162 ), 0
( 0,9999999994641846 1,000000001278699 1,0000000016120074 ), 0
( 0,999999999450943 1,0000000012997157 1,0000000016627888 ), 0
( 0,9999999994896844 1,0000000012861656 1,0000000015953787 ), 0
( 0,9999999994876551 1,0000000012515402 1,0000000016208812 ), 0
( 0,9999999994911186 1,0000000012523256 1,0000000015547623 ), 0
( 0,9999999994480817 1,0000000012631245 1,0000000016242148 ), 0
( 0,9999999994578248 1,0000000012882455 1,0000000015395756 ), 0
( 0,999999999489113 1,0000000012803092 1,0000000016143193 ), 0
( 0,9999999994535815 1,0000000012794856 1,000000001617504 ), 0
( 0,9999999994812084 1,0000000012865542 1,000000001607256 ), 0
( 0,9999999994721183 1,0000000012813899 1,0000000016263157 ), 0
( 0,99999999946712 1,0000000012972408 1,000000001621577 ), 0
( 0,9999999994578147 1,0000000012947063 1,0000000016300028 ), 0
( 0,9999999994728315 1,000000001263189 1,0000000016096695 ), 0
( 0,9999999994739287 1,00000000119723 1,0000000016154338 ), 0
( 0,9999999994669415 1,0000000012453776 1,0000000015837183 ), 0
( 0,9999999994291171 1,000000001260482 1,0000000016067274 ), 0
( 0,999999999510418 1,0000000012841266 1,0000000016000343 ), 0
( 0,9999999994529085 1,0000000012455168 1,0000000016245998 ), 0
( 0,9999999994554651 1,0000000012928942 1,000000001600508 ), 0
( 0,9999999994555413 1,0000000012713932 1,0000000016355657 ), 0
( 0,9999999994736035 1,0000000012777872 1,0000000016088917 ), 0
( 0,9999999994516168 1,0000000013041546 1,0000000016208122 ), 0
( 0,999999999472405 1,0000000012627395 1,0000000015673003 ), 0
( 0,9999999995228042 1,000000001302306 1,0000000016819917 ), 0
( 0,999999999442107 1,000000001278044 1,0000000015890345 ), 0
( 0,999999999488245 1,0000000012574437 1,000000001585604 ), 0
( 0,9999999994526884 1,000000001287003 1,000000001604786 ), 0
( 0,9999999994662844 1,0000000012740637 1,000000001593865 ), 0
( 0,999999999463081 1,000000001268506 1,0000000015963626 ), 0
( 0,999999999436966 1,0000000013172035 1,0000000016815094 ), 0
( 0,9999999994547069 1,0000000013168828 1,000000001610862 ), 0
( 0,9999999994487976 1,0000000012689398 1,0000000016309973 ), 0
( 0,9999999994710486 1,0000000012838444 1,0000000016354722 ), 0
( 0,999999999466986 1,0000000012810253 1,0000000016201103 ), 0
( 0,9999999994572786 1,0000000012574806 1,0000000015797106 ), 0
( 0,9999999994799273 1,000000001270849 1,0000000015793813 ), 0
( 0,9999999994439145 1,000000001259467 1,0000000015822903 ), 0
( 0,9999999994711666 1,0000000012584245 1,0000000015943726 ), 0
( 0,9999999994718406 1,0000000012561459 1,0000000015971309 ), 0
( 0,9999999994506172 1,0000000012775707 1,000000001620295 ), 0
( 0,9999999994615922 1,0000000012578507 1,000000001607962 ), 0
( 0,9999999994517715 1,000000001271356 1,000000001599102 ), 0
( 0,9999999994513149 1,0000000012982853 1,0000000016047914 ), 0
( 0,999999999447205 1,0000000012836716 1,0000000015867456 ), 0
( 0,9999999994653426 1,0000000012689736 1,0000000015895354 ), 0
( 0,9999999994661478 1,0000000012428176 1,0000000015955 ), 0
( 0,9999999994495962 1,0000000012685435 1,0000000016084394 ), 0
( 0,9999999994602692 1,0000000012668075 1,0000000015936843 ), 0
( 0,9999999994468644 1,0000000012999306 1,0000000016479953 ), 0
( 0,9999999994638651 1,000000001235599 1,0000000015696708 ), 0
( 0,9999999994737071 1,0000000012536883 1,0000000015850894 ), 0
( 0,9999999994656698 1,0000000012838137 1,000000001622819 ), 0
( 0,9999999994427501 1,0000000013111332 1,0000000016400605 ), 0
( 0,9999999994581127 1,0000000012754542 1,0000000016017834 ), 0
( 0,9999999994680989 1,0000000012838042 1,0000000016303072 ), 0
( 0,9999999994827162 1,000000001249873 1,000000001600001 ), 0
( 0,9999999994436555 1,0000000012878554 1,0000000015932724 ), 0
( 0,9999999994623915 1,0000000012763217 1,0000000015809594 ), 0
( 0,9999999994658905 1,000000001271349 1,000000001595638 ), 0
( 0,9999999994554086 1,000000001251891 1,0000000016000172 ), 0
( 0,9999999994949909 1,0000000012424566 1,000000001597919 ), 0
( 0,999999999492099 1,0000000012535206 1,0000000015866886 ), 0
( 0,9999999994673823 1,0000000012689332 1,0000000015720498 ), 0
( 0,9999999994735269 1,000000001263084 1,000000001608336 ), 0
( 0,999999999482899 1,0000000013159722 1,000000001660668 ), 0
( 0,9999999994787365 1,0000000012856245 1,0000000016073103 ), 0
( 0,9999999994853385 1,0000000012809371 1,0000000016053059 ), 0
( 0,9999999994527499 1,0000000012989052 1,0000000016311945 ), 0
( 0,9999999994906542 1,0000000012460197 1,0000000015950659 ), 0
( 0,999999999469623 1,0000000012520704 1,0000000015911203 ), 0
( 0,9999999994862412 1,000000001245785 1,0000000015961834 ), 0
( 0,9999999994486996 1,0000000012769221 1,0000000016452555 ), 0
( 0,999999999450546 1,0000000012915295 1,0000000016224013 ), 0
( 0,9999999994661692 1,0000000012642274 1,0000000015934347 ), 0
( 0,9999999994413852 1,0000000012805332 1,000000001601034 ), 0
( 0,999999999489101 1,0000000013109784 1,0000000016321189 ), 0
( 0,9999999994817442 1,000000001260618 1,0000000015850492 ), 0
( 0,9999999994710436 1,0000000012548111 1,0000000015824202 ), 0
( 0,9999999994494274 1,0000000012895134 1,0000000016252009 ), 0
( 0,9999999994585738 1,0000000009066428 1,0000000012481436 ), 0
( 0,9999999994538085 1,0000000012755648 1,0000000016324144 ), 0
( 0,9999999994894674 1,0000000012918548 1,0000000015837849 ), 0
( 0,9999999994732908 1,0000000012967107 1,0000000016011197 ), 0
( 0,9999999994843985 1,0000000012645693 1,0000000015759236 ), 0
( 0,9999999994650965 1,0000000012675652 1,0000000016150672 ), 0
( 0,999999999459996 1,000000001261671 1,0000000016233674 ), 0
( 0,9999999994407518 1,0000000013021317 1,0000000016113548 ), 0
( 0,9999999994714861 1,00000000124232 1,000000001583859 ), 0
( 0,9999999994825024 1,0000000013075798 1,0000000016352162 ), 0
( 0,999999999462117 1,0000000012816024 1,0000000015778217 ), 0
( 0,9999999994703125 1,0000000012560193 1,00000000159348 ), 0
( 0,9999999994934442 1,0000000012566967 1,0000000016114765 ), 0
( 0,9999999994170516 1,000000001236689 1,0000000016189434 ), 0
( 0,9999999994608958 1,000000001288523 1,0000000016138948 ), 0
( 0,9999999995054668 1,0000000012718449 1,000000001532792 ), 0
( 0,9999999994512427 1,0000000012706605 1,0000000015959967 ), 0
( 0,9999999994802342 1,0000000012906962 1,0000000016197066 ), 0
( 0,9999999994856786 1,0000000012162544 1,0000000015478265 ), 0
( 0,999999999478696 1,0000000012572396 1,000000001607812 ), 0
( 0,9999999994680113 1,0000000012416963 1,0000000015787642 ), 0
( 0,9999999994787032 1,000000001260298 1,0000000015908441 ), 0
( 0,9999999994682512 1,000000001240441 1,000000001558867 ), 0
( 0,9999999994662063 1,0000000012371375 1,0000000015910844 ), 0
( 0,9999999994679207 1,0000000012643264 1,000000001604466 ), 0
( 0,999999999453695 1,000000001260783 1,0000000016112565 ), 0
( 0,9999999994733185 1,0000000012746393 1,0000000016093173 ), 0
( 0,9999999994569481 1,0000000012639179 1,0000000016030983 ), 0
( 0,9999999994571692 1,000000001225349 1,0000000015748924 ), 0
( 0,9999999994828179 1,0000000012834103 1,0000000016104844 ), 0
( 0,9999999994396545 1,000000001233438 1,0000000015625978 ), 0
( 0,9999999994955066 1,0000000012734362 1,0000000015972887 ), 0
( 0,9999999994602657 1,000000001281861 1,000000001617275 ), 0
( 0,9999999994636969 1,0000000012769037 1,000000001610733 ), 0
( 0,9999999994586691 1,000000001306941 1,0000000016557518 ), 0
( 0,9999999994794905 1,0000000012855477 1,0000000015882584 ), 0
( 0,9999999994627208 1,0000000012626804 1,000000001617823 ), 0
( 0,999999999485407 1,0000000012806272 1,000000001634934 ), 0
( 0,9999999994657787 1,0000000012738188 1,0000000016273005 ), 0
( 0,9999999994751302 1,0000000012654633 1,0000000016244577 ), 0
( 0,9999999995025856 1,000000001252827 1,0000000016124702 ), 0
( 0,9999999994451373 1,000000001302786 1,0000000016418145 ), 0
( 0,9999999994539698 1,0000000013172015 1,0000000016203074 ), 0
( 0,9999999994756479 1,0000000012662116 1,0000000016026327 ), 0
( 0,9999999994506008 1,0000000012931185 1,000000001622257 ), 0
( 0,9999999994685878 1,0000000012626329 1,0000000016203228 ), 0
( 0,9999999994779001 1,0000000012872117 1,0000000016117583 ), 0
( 0,9999999994435578 1,0000000013673442 1,0000000016497572 ), 0
( 0,9999999994513333 1,000000001258159 1,00000000156054 ), 0
( 0,9999999994669018 1,000000001264822 1,000000001582691 ), 0
( 0,9999999994904133 1,0000000012588288 1,0000000016204584 ), 0
( 0,9999999994598354 1,0000000012617072 1,0000000016066979 ), 0
( 0,999999999470717 1,0000000012619659 1,0000000015669166 ), 0
( 0,9999999994803391 1,000000001258128 1,000000001592771 ), 0
( 0,9999999994673768 1,0000000012857604 1,0000000016318276 ), 0
( 0,9999999994737232 1,0000000012569281 1,0000000015960167 ), 0
( 0,9999999994545089 1,000000001276786 1,0000000016303563 ), 0
( 0,9999999994766602 1,000000001264116 1,0000000016025046 ), 0
( 0,9999999994745834 1,000000001261732 1,0000000015892392 ), 0
( 0,9999999994685065 1,0000000013019013 1,0000000016104833 ), 0
( 0,9999999994701603 1,0000000012685637 1,0000000016026431 ), 0
( 0,999999999467134 1,0000000012507353 1,0000000015723933 ), 0
( 0,9999999994706957 1,0000000012598542 1,000000001581474 ), 0
( 0,9999999994709234 1,0000000012383818 1,0000000015769632 ), 0
( 0,9999999995037753 1,0000000012041548 1,0000000015517108 ), 0
( 0,9999999994697575 1,0000000012736254 1,0000000016008979 ), 0
( 0,9999999994593547 1,0000000012646175 1,0000000016179373 ), 0
( 0,9999999994844939 1,0000000012528227 1,0000000015978185 ), 0
( 0,9999999994783924 1,0000000013004775 1,0000000015902484 ), 0
( 0,999999999477688 1,0000000012634807 1,0000000015604953 ), 0
( 0,9999999994720747 1,0000000012619445 1,000000001598367 ), 0
( 0,9999999994867118 1,0000000012697567 1,0000000016140818 ), 0
( 0,9999999994648341 1,0000000012600583 1,0000000016124808 ), 0
( 0,9999999994724958 1,0000000012721972 1,00000000158344 ), 0
( 0,9999999994817118 1,0000000012714463 1,0000000016009571 ), 0
( 0,9999999994816953 1,0000000012502055 1,0000000015574422 ), 0
( 0,9999999994756185 1,0000000012546866 1,0000000015841166 ), 0
( 0,9999999994707383 1,0000000011993344 1,000000001557613 ), 0
( 0,9999999994599752 1,0000000012647652 1,00000000160528 ), 0
( 0,9999999994578216 1,000000001306814 1,0000000016388966 ), 0
( 0,9999999994650483 1,0000000012980188 1,0000000016335926 ), 0
( 0,9999999994523487 1,0000000012763925 1,0000000016273864 ), 0
( 0,9999999994757244 1,0000000012569243 1,0000000015874355 ), 0
( 0,999999999489017 1,0000000012720005 1,0000000016108828 ), 0
( 0,9999999994605018 1,0000000012770638 1,000000001612828 ), 0
( 0,9999999994754654 1,0000000013127615 1,000000001658965 ), 0
( 0,9999999994751544 1,0000000012863888 1,0000000016320363 ), 0
( 0,9999999994596175 1,000000001270128 1,0000000016181092 ), 0
( 0,9999999994623356 1,000000001293362 1,000000001620134 ), 0
( 0,9999999994440574 1,0000000012952643 1,0000000016299988 ), 0
( 0,9999999994351135 1,0000000012557975 1,0000000016318233 ), 0
( 0,9999999994776696 1,000000001248851 1,0000000015890598 ), 0
( 0,9999999994659101 1,0000000012609194 1,0000000015996628 ), 0
( 0,9999999994733255 1,0000000012630526 1,0000000015875614 ), 0
( 0,9999999994719744 1,0000000013217 1,0000000016711448 ), 0
( 0,9999999994940729 1,000000001241179 1,0000000015922903 ), 0
( 0,9999999994324825 1,0000000012523418 1,0000000016093809 ), 0
( 0,9999999994832067 1,0000000012684174 1,0000000015981039 ), 0
( 0,9999999994667813 1,000000001295737 1,0000000016516586 ), 0
( 0,9999999994383625 1,0000000012499854 1,0000000015769945 ), 0
( 0,9999999994529309 1,0000000013033414 1,000000001613937 ), 0
( 0,9999999994693363 1,000000001199637 1,0000000015829635 ), 0
( 0,9999999994676599 1,0000000012810228 1,0000000015851642 ), 0
( 0,9999999994781195 1,0000000012663397 1,000000001611244 ), 0
( 0,9999999994628063 1,000000001243632 1,0000000015584845 ), 0
( 0,9999999994966158 1,0000000012828723 1,0000000015714428 ), 0
( 0,9999999994588461 1,000000001237215 1,0000000015721924 ), 0
( 0,99999999946339 1,0000000012579575 1,0000000015936636 ), 0
( 0,9999999994815437 1,0000000012784194 1,0000000016062558 ), 0
( 0,9999999994778903 1,0000000012635508 1,0000000016118376 ), 0
( 0,9999999994831712 1,0000000012836616 1,000000001639437 ), 0
( 0,9999999994861767 1,0000000012701538 1,0000000016240491 ), 0
( 0,9999999994812002 1,0000000012236476 1,0000000016062385 ), 0
( 0,99999999946918 1,0000000012705161 1,0000000016054653 ), 0
( 0,9999999994717805 1,0000000012604389 1,0000000015923936 ), 0
( 0,9999999994779961 1,0000000007051542 1,0000000010250822 ), 0
( 0,9999999994665787 1,000000001252952 1,0000000016026498 ), 0
( 0,9999999994735342 1,0000000012830512 1,0000000016295634 ), 0
( 0,9999999994741027 1,0000000012360553 1,000000001582319 ), 0
( 0,9999999994429493 1,0000000012863128 1,0000000016391644 ), 0
( 0,9999999994387708 1,0000000012531831 1,0000000015905461 ), 0
( 0,9999999994557393 1,0000000012624404 1,0000000016128372 ), 0
( 0,9999999994904905 1,0000000012471002 1,000000001600145 ), 0
( 0,9999999994877465 1,0000000012555208 1,000000001587737 ), 0
( 0,9999999994895965 1,0000000012919887 1,0000000016306199 ), 0
( 0,9999999994617391 1,0000000012758024 1,0000000015915387 ), 0
( 0,9999999994392907 1,0000000012355375 1,0000000015704125 ), 0
( 0,9999999994759255 1,0000000013126 1,000000001610771 ), 0
( 0,9999999994637525 1,0000000012609556 1,0000000016034214 ), 0
( 0,9999999994453667 1,0000000012641994 1,0000000016118271 ), 0
( 0,99999999945719 1,0000000012390313 1,0000000015819503 ), 0
( 0,9999999994617225 1,0000000012808503 1,0000000016048478 ), 0
( 0,9999999994711533 1,0000000012571841 1,000000001562292 ), 0
( 0,9999999994680618 1,0000000012504753 1,0000000015969477 ), 0
( 0,99999999945101 1,0000000012869672 1,0000000016237676 ), 0
( 0,9999999994743786 1,0000000012790216 1,0000000016389698 ), 0
( 0,9999999994786775 1,0000000013046966 1,000000001663325 ), 0
( 0,9999999994662886 1,0000000012990737 1,0000000016180617 ), 0
( 0,9999999994649792 1,0000000012932706 1,0000000016128017 ), 0
( 0,9999999994535056 1,0000000013196764 1,0000000015963872 ), 0
( 0,9999999994800056 1,0000000012996084 1,0000000016009736 ), 0
( 0,9999999994518517 1,0000000012989565 1,000000001658537 ), 0
( 0,9999999994795434 1,0000000012841352 1,0000000016152508 ), 0
( 0,999999999408684 1,0000000012635057 1,0000000016111719 ), 0
( 0,9999999994888784 1,0000000012515688 1,0000000015762478 ), 0
( 0,9999999994620273 1,0000000012790673 1,0000000015944395 ), 0
( 0,9999999994693901 1,000000001316324 1,0000000016540933 ), 0
( 0,9999999994736107 1,0000000012464507 1,0000000016039923 ), 0
( 0,9999999994683836 1,00000000127507 1,0000000015785757 ), 0
( 0,9999999994665302 1,0000000013072559 1,000000001649626 ), 0
( 0,9999999994987574 1,0000000012684018 1,0000000016135286 ), 0
( 0,9999999994506863 1,0000000013096604 1,0000000016387327 ), 0
( 0,9999999994671227 1,0000000012776387 1,0000000015771695 ), 0
( 0,9999999994699228 1,000000001274731 1,000000001610638 ), 0
( 0,9999999994547787 1,0000000013232795 1,0000000016285728 ), 0
( 0,9999999994773118 1,000000001243135 1,0000000015700015 ), 0
( 0,999999999496118 1,0000000012843033 1,0000000016125623 ), 0
( 0,9999999994550046 1,0000000012810792 1,000000001624212 ), 0
( 0,9999999994851099 1,000000001336761 1,0000000015997226 ), 0
( 0,9999999994681502 1,0000000012470893 1,0000000015566688 ), 0
( 0,9999999994607 1,0000000012894505 1,000000001608814 ), 0
( 0,9999999994602272 1,0000000012927 1,000000001612875 ), 0
( 0,9999999994469251 1,0000000013281156 1,0000000016321433 ), 0
( 0,9999999994642473 1,0000000013014045 1,0000000016546682 ), 0
( 0,9999999994541524 1,0000000013023882 1,0000000016095256 ), 0
( 0,9999999994886952 1,0000000013113675 1,000000001617009 ), 0
( 0,9999999994976314 1,0000000012792103 1,000000001548762 ), 0
( 0,9999999994537182 1,0000000012425792 1,000000001592856 ), 0
( 0,9999999994734365 1,00000000128094 1,0000000016315351 ), 0
( 0,9999999994781001 1,0000000012347254 1,0000000015885089 ), 0
( 0,9999999995017943 1,0000000012969956 1,0000000016164527 ), 0
( 0,999999999468795 1,000000001280472 1,000000001586618 ), 0
( 0,9999999994587276 1,0000000013108292 1,0000000016237998 ), 0
( 0,9999999994650897 1,0000000012810346 1,0000000016202155 ), 0
( 0,9999999994555421 1,0000000012630916 1,0000000015762713 ), 0
( 0,9999999994508774 1,0000000012806838 1,0000000015798158 ), 0
( 0,9999999994658284 1,0000000012715047 1,000000001564588 ), 0
( 0,9999999994614633 1,0000000013043464 1,0000000016415227 ), 0
( 0,9999999994703456 1,0000000012622858 1,0000000015799533 ), 0
( 0,9999999994585803 1,000000001271318 1,000000001607631 ), 0
( 0,9999999994797028 1,000000001294095 1,0000000016107498 ), 0
( 0,999999999473469 1,0000000012774515 1,000000001605796 ), 0
( 0,9999999994774728 1,0000000012892711 1,0000000015970412 ), 0
( 0,9999999994753033 1,0000000012578452 1,0000000015889088 ), 0
( 0,9999999994726427 1,000000001281339 1,0000000015915427 ), 0
( 0,9999999994500871 1,0000000012590777 1,0000000016452026 ), 0
( 0,9999999994649913 1,0000000012682466 1,0000000015942616 ), 0
( 0,9999999994742176 1,0000000012687957 1,000000001610588 ), 0
( 0,9999999994775275 1,0000000012456853 1,0000000015500494 ), 0
( 0,9999999994531891 1,0000000012689112 1,0000000015873332 ), 0
( 0,999999999488166 1,0000000012588397 1,0000000015922579 ), 0
( 0,9999999994549014 1,000000001316958 1,000000001624259 ), 0
( 0,9999999994298119 1,0000000012741046 1,000000001594194 ), 0
( 0,9999999994718385 1,0000000012695447 1,0000000015821906 ), 0
( 0,9999999994216973 1,0000000012442172 1,0000000015920587 ), 0
( 0,9999999994654387 1,0000000012804064 1,0000000015925683 ), 0
( 0,9999999994558973 1,000000001298778 1,0000000016022033 ), 0
( 0,9999999994879686 1,0000000012220487 1,0000000016095627 ), 0
( 0,9999999994511207 1,0000000012581196 1,0000000016684734 ), 0
( 0,9999999994619211 1,0000000012840171 1,0000000016289163 ), 0
( 0,9999999994466786 1,0000000012946662 1,0000000016263333 ), 0
( 0,9999999994495832 1,0000000012464327 1,0000000015493948 ), 0
( 0,9999999994808648 1,0000000012826513 1,0000000016114365 ), 0
( 0,9999999994573082 1,00000000124456 1,000000001640482 ), 0
( 0,9999999994569264 1,0000000012958628 1,0000000016290171 ), 0
( 0,9999999994633643 1,000000001235678 1,0000000016124415 ), 0
( 0,9999999994875443 1,0000000012579962 1,0000000015784851 ), 0
( 0,9999999994669627 1,0000000012522892 1,0000000015772028 ), 0
( 0,9999999994552898 1,0000000012654329 1,0000000016255617 ), 0
( 0,9999999994704314 1,0000000012655421 1,0000000015934474 ), 0
( 0,9999999994694634 1,0000000012644576 1,0000000016123731 ), 0
( 0,9999999994677767 1,0000000012823858 1,0000000015966293 ), 0
( 0,9999999994599066 1,0000000012649273 1,0000000016169794 ), 0
( 0,9999999994584835 1,0000000012545618 1,000000001593119 ), 0
( 0,9999999994662987 1,0000000012542791 1,000000001594504 ), 0
( 0,9999999994675972 1,0000000012719956 1,0000000015727966 ), 0
( 0,9999999994553089 1,0000000012704027 1,000000001598452 ), 0
( 0,9999999994711425 1,0000000012829116 1,0000000015988295 ), 0
( 0,9999999994736513 1,000000001244484 1,0000000015369532 ), 0
( 0,9999999994480409 1,0000000012593993 1,0000000016224246 ), 0
( 0,9999999994624635 1,0000000012960484 1,000000001624622 ), 0
( 0,9999999994727656 1,0000000012788417 1,0000000016089665 ), 0
( 0,9999999994673321 1,000000001265038 1,000000001598188 ), 0
( 0,9999999994454913 1,0000000012645835 1,0000000016123032 ), 0
( 0,9999999994452752 1,0000000012611117 1,0000000016195585 ), 0
( 0,999999999449622 1,0000000012256862 1,0000000015682422 ), 0
( 0,9999999994566239 1,0000000012612364 1,0000000015877502 ), 0
( 0,999999999476466 1,0000000012049017 1,0000000015766706 ), 0
( 0,9999999994547706 1,000000001261938 1,0000000015917363 ), 0
( 0,9999999994433518 1,0000000012898285 1,000000001659693 ), 0
( 0,9999999994700348 1,0000000012983994 1,0000000016101693 ), 0
( 0,9999999994611174 1,0000000012722066 1,0000000015915376 ), 0
( 0,9999999994979097 1,0000000012569497 1,0000000016243622 ), 0
( 0,9999999994604621 1,0000000012870711 1,0000000015995822 ), 0
( 0,9999999994636629 1,0000000012729617 1,000000001591247 ), 0
( 0,9999999994650555 1,0000000012352133 1,0000000015582693 ), 0
( 0,9999999994609831 1,0000000012577903 1,0000000016178607 ), 0
( 0,9999999994872584 1,0000000012844061 1,0000000016008077 ), 0
( 0,9999999994405334 1,0000000012811427 1,0000000016142117 ), 0
( 0,9999999994513529 1,0000000012894215 1,0000000016285662 ), 0
( 0,9999999994618604 1,0000000012626804 1,0000000016183013 ), 0
( 0,9999999994532233 1,0000000012677799 1,0000000015870567 ), 0
( 0,9999999994421964 1,000000001259574 1,0000000015977364 ), 0
( 0,9999999994759627 1,0000000012820225 1,000000001613063 ), 0
( 0,9999999994661305 1,0000000012758417 1,0000000015681467 ), 0
( 0,9999999994617984 1,000000001268915 1,0000000016160835 ), 0
( 0,9999999994613847 1,0000000012767827 1,0000000016314052 ), 0
( 0,9999999995052624 1,000000001270948 1,000000001576975 ), 0
( 0,9999999994625091 1,0000000012766421 1,0000000015875417 ), 0
( 0,999999999457224 1,0000000012955255 1,000000001593449 ), 0
( 0,999999999465533 1,0000000012188097 1,0000000015573525 ), 0
( 0,9999999994713602 1,0000000012837538 1,0000000015954893 ), 0
( 0,9999999994230261 1,000000001274605 1,0000000016386048 ), 0
( 0,9999999994655767 1,000000001277736 1,0000000016407204 ), 0
( 0,9999999994954917 1,0000000010061691 1,000000001342355 ), 0
( 0,9999999994795857 1,0000000012564354 1,000000001610242 ), 0
( 0,999999999445076 1,0000000012273271 1,0000000016169315 ), 0
( 0,9999999994736595 1,0000000012841748 1,000000001613563 ), 0
( 0,9999999994749318 1,0000000012508101 1,0000000016093031 ), 0
( 0,9999999994684275 1,0000000012434493 1,0000000015654862 ), 0
( 0,9999999994592637 1,0000000012644297 1,0000000015741122 ), 0
( 0,9999999994782216 1,0000000012648236 1,0000000015698418 ), 0
( 0,999999999462941 1,0000000013274892 1,000000001676508 ), 0
( 0,9999999994551506 1,0000000012964565 1,0000000016777246 ), 0
( 0,9999999994790087 1,0000000012584276 1,000000001566407 ), 0
( 0,9999999994917774 1,0000000012829728 1,0000000016383568 ), 0
( 0,999999999456414 1,000000001270412 1,0000000015880044 ), 0
( 0,9999999994427298 1,0000000012204666 1,0000000015936967 ), 0
( 0,9999999994615538 1,0000000012969072 1,00000000160459 ), 0
( 0,9999999994491583 1,0000000012806232 1,0000000015981168 ), 0
( 0,9999999994622355 1,0000000012898027 1,0000000016233437 ), 0
( 0,9999999994520904 1,0000000012586374 1,00000000159316 ), 0
( 0,9999999994472788 1,0000000012872272 1,000000001618451 ), 0
( 0,9999999994867218 1,0000000012838888 1,0000000015521497 ), 0
( 0,9999999994408613 1,0000000012790822 1,0000000016325175 ), 0
( 0,9999999994660524 1,0000000012794623 1,000000001610401 ), 0
( 0,999999999456026 1,000000001266591 1,0000000016155886 ), 0
( 0,999999999489544 1,0000000012380932 1,0000000015794561 ), 0
( 0,999999999474537 1,0000000012609112 1,0000000015965855 ), 0
( 0,999999999462798 1,0000000012703982 1,0000000015752477 ), 0
( 0,9999999994704514 1,000000001265742 1,0000000016158448 ), 0
( 0,9999999994890308 1,0000000012590762 1,00000000156626 ), 0
( 0,9999999994713378 1,0000000012842458 1,0000000016373718 ), 0
( 0,9999999994518529 1,0000000012560661 1,0000000015606596 ), 0
( 0,9999999994724804 1,0000000012722963 1,0000000016080204 ), 0
( 0,9999999994484533 1,0000000012519978 1,0000000015760564 ), 0
( 0,9999999994897947 1,00000000127025 1,0000000016116772 ), 0
( 0,9999999994636014 1,0000000012826902 1,000000001589754 ), 0
( 0,9999999994851133 1,0000000012743042 1,000000001569286 ), 0
( 0,999999999468493 1,0000000012513592 1,0000000016037667 ), 0
( 0,9999999994711457 1,0000000013140704 1,0000000016383517 ), 0
( 0,9999999994743399 1,0000000013031827 1,0000000016138961 ), 0
( 0,9999999994755597 1,0000000012412513 1,0000000015875739 ), 0
( 0,9999999994755404 1,0000000012991783 1,0000000016498658 ), 0
( 0,9999999994704144 1,0000000012546573 1,0000000016008221 ), 0
( 0,9999999994575707 1,0000000012464676 1,0000000016020585 ), 0
( 0,9999999994621916 1,0000000012587449 1,0000000015942818 ), 0
( 0,9999999994899903 1,0000000012564467 1,000000001543351 ), 0
( 0,9999999994844809 1,0000000013511043 1,000000001646971 ), 0
( 0,9999999994441423 1,000000001263225 1,0000000016347654 ), 0
( 0,9999999994758209 1,0000000012628836 1,0000000015992168 ), 0
( 0,9999999994544142 1,0000000013068078 1,0000000016485227 ), 0
( 0,9999999994710707 1,0000000012936072 1,0000000016179333 ), 0
( 0,9999999994723981 1,000000001285284 1,0000000016113604 ), 0
( 0,9999999994566193 1,0000000012444297 1,0000000015944497 ), 0
( 0,9999999994900898 1,0000000012814854 1,0000000016035864 ), 0
( 0,9999999994603131 1,0000000012896177 1,0000000016343227 ), 0
( 0,9999999994613608 1,0000000012576045 1,0000000016228603 ), 0
( 0,9999999994521185 1,0000000012888992 1,000000001622725 ), 0
( 0,9999999994529546 1,00000000125403 1,000000001611005 ), 0
( 0,9999999994680197 1,00000000126021 1,000000001591945 ), 0
( 0,9999999994515696 1,0000000012562305 1,0000000016085104 ), 0
( 0,9999999994322163 1,0000000012599306 1,0000000015667132 ), 0
( 0,9999999994527209 1,0000000012969001 1,0000000016143928 ), 0
( 0,9999999994707174 1,000000001308082 1,0000000016114272 ), 0
( 0,9999999994726481 1,0000000012705925 1,000000001552919 ), 0
( 0,9999999994653265 1,0000000012543426 1,0000000016139827 ), 0
( 0,9999999994599076 1,0000000013025534 1,0000000016495623 ), 0
( 0,9999999994697696 1,0000000012968986 1,0000000016327926 ), 0
( 0,9999999994644112 1,0000000012515435 1,0000000015963402 ), 0
( 0,9999999994627274 1,0000000012983965 1,0000000016365713 ), 0
( 0,9999999994500712 1,0000000012895678 1,0000000015777832 ), 0
( 0,9999999994785977 1,0000000012501065 1,0000000015534614 ), 0
( 0,9999999994655221 1,0000000012559882 1,0000000015907031 ), 0
( 0,999999999459279 1,0000000012433345 1,0000000016098114 ), 0
( 0,9999999994605042 1,000000001231199 1,0000000016117805 ), 0
( 0,9999999994696298 1,0000000012685377 1,0000000016103459 ), 0
( 0,9999999994833547 1,0000000012454449 1,0000000015763726 ), 0
( 0,9999999994723936 1,000000001272806 1,000000001640344 ), 0
( 0,9999999994612793 1,000000001258301 1,000000001607782 ), 0
( 0,999999999486695 1,0000000012886396 1,000000001600153 ), 0
( 0,999999999478743 1,0000000012500012 1,0000000015789954 ), 0
( 0,9999999994611739 1,00000000132017 1,0000000016395214 ), 0
( 0,9999999994614779 1,0000000012726447 1,0000000016081994 ), 0
( 0,9999999994502862 1,0000000012410817 1,0000000015919253 ), 0
( 0,9999999994732712 1,0000000012833878 1,0000000015916832 ), 0
( 0,9999999994242137 1,000000001224778 1,000000001620484 ), 0
( 0,9999999994896217 1,0000000012640597 1,0000000016014023 ), 0
( 0,9999999994684895 1,000000001257682 1,0000000015763866 ), 0
( 0,9999999994641512 1,0000000013011086 1,0000000015967818 ), 0
( 0,9999999994708201 1,0000000012207462 1,0000000015638775 ), 0
( 0,9999999994887612 1,0000000012454806 1,0000000015760662 ), 0
( 0,9999999994650355 1,0000000012783683 1,0000000016074284 ), 0
( 0,9999999994498339 1,0000000012816117 1,0000000016364663 ), 0
( 0,999999999448809 1,0000000012762276 1,0000000017026123 ), 0
( 0,9999999994727149 1,0000000012650754 1,0000000015576187 ), 0
( 0,9999999994503157 1,0000000012698287 1,0000000016258557 ), 0
( 0,9999999994604053 1,0000000012911374 1,0000000016150163 ), 0
( 0,999999999454918 1,000000001265999 1,0000000016027553 ), 0
( 0,9999999994589285 1,000000001301091 1,000000001614221 ), 0
( 0,9999999994597185 1,0000000012782264 1,0000000016217563 ), 0
( 0,9999999994696397 1,000000001280411 1,0000000016097859 ), 0
( 0,9999999994645137 1,0000000012393062 1,0000000015714585 ), 0
( 0,9999999994706582 1,0000000012725874 1,0000000015614092 ), 0
( 0,9999999994610794 1,0000000012473425 1,000000001611915 ), 0
( 0,9999999994756933 1,0000000012512673 1,0000000015919805 ), 0
( 0,9999999994657941 1,0000000012577959 1,0000000016250212 ), 0
( 0,9999999995028988 1,0000000012673538 1,0000000015300465 ), 0
( 0,9999999994651245 1,0000000012694334 1,0000000016024435 ), 0
( 0,9999999994553165 1,0000000013017882 1,000000001633355 ), 0
( 0,9999999994751171 1,0000000012828438 1,0000000016191708 ), 0
( 0,9999999994753436 1,0000000012893082 1,0000000016123665 ), 0
( 0,9999999994559314 1,0000000012413013 1,000000001599734 ), 0
( 0,999999999456861 1,0000000012856998 1,0000000015977264 ), 0
( 0,9999999994709035 1,0000000013042822 1,0000000016126886 ), 0
( 0,9999999994841506 1,0000000012734926 1,0000000016074615 ), 0
( 0,9999999994729749 1,000000001250427 1,0000000016211552 ), 0
( 0,9999999994627643 1,0000000013080521 1,0000000016322104 ), 0
( 0,9999999994618562 1,0000000012592993 1,000000001618638 ), 0
( 0,9999999994434349 1,000000001218894 1,0000000015638624 ), 0
( 0,9999999994400255 1,000000001324205 1,00000000167875 ), 0
( 0,9999999994530262 1,0000000012874444 1,0000000016629 ), 0
( 0,9999999994732546 1,0000000012428687 1,0000000015671593 ), 0
( 0,999999999465418 1,0000000012837527 1,0000000015966888 ), 0
( 0,9999999994717815 1,000000001265614 1,0000000015638275 ), 0
( 0,9999999994552656 1,0000000012021388 1,0000000015926032 ), 0
( 0,9999999994675849 1,000000001275002 1,0000000015410968 ), 0
( 0,999999999465349 1,0000000012873782 1,0000000016184079 ), 0
( 0,9999999994641527 1,00000000128076 1,0000000015877637 ), 0
( 0,9999999994295092 1,0000000012189645 1,0000000015797292 ), 0
( 0,9999999994819759 1,0000000012454309 1,000000001575754 ), 0
( 0,9999999994704379 1,0000000012643597 1,0000000016269839 ), 0
( 0,9999999994672619 1,0000000012500392 1,0000000016323072 ), 0
( 0,999999999452696 1,0000000012418453 1,000000001597844 ), 0
( 0,9999999994772307 1,000000001256911 1,000000001572066 ), 0
( 0,9999999994686082 1,0000000012726726 1,0000000016076886 ), 0
( 0,9999999994620554 1,0000000012579058 1,000000001581308 ), 0
( 0,9999999994869799 1,0000000012635306 1,0000000016046218 ), 0
( 0,9999999994594128 1,0000000012592818 1,0000000016180683 ), 0
( 0,9999999994218178 1,0000000012424166 1,0000000015690673 ), 0
( 0,9999999994812924 1,0000000012902859 1,0000000016061923 ), 0
( 0,9999999994556484 1,0000000012835912 1,000000001621184 ), 0
( 0,9999999994648063 1,0000000013095358 1,00000000162421 ), 0
( 0,9999999994699525 1,0000000012798178 1,00000000159103 ), 0
( 0,9999999994682217 1,0000000012408312 1,000000001617328 ), 0
( 0,9999999994622348 1,0000000012549786 1,000000001596143 ), 0
( 0,9999999994518964 1,0000000012677557 1,00000000162356 ), 0
( 0,9999999994647417 1,000000001298907 1,0000000016130266 ), 0
( 0,9999999994734652 1,0000000011725891 1,0000000015482344 ), 0
( 0,9999999994757652 1,0000000012647579 1,0000000016111619 ), 0
( 0,9999999994842961 1,0000000012977708 1,000000001561714 ), 0
( 0,9999999994787787 1,0000000012707442 1,0000000015620332 ), 0
( 0,9999999994646701 1,0000000012810186 1,0000000015904396 ), 0
( 0,9999999994453272 1,000000001316256 1,000000001617692 ), 0
( 0,9999999994647549 1,0000000012449366 1,0000000016007564 ), 0
( 0,9999999994761437 1,0000000012638661 1,0000000016139103 ), 0
( 0,9999999994628569 1,0000000012928199 1,0000000015996695 ), 0
( 0,9999999994280981 1,0000000012649608 1,000000001566299 ), 0
( 0,9999999994259574 1,0000000012511223 1,000000001603727 ), 0
( 0,9999999994680734 1,0000000012594783 1,0000000015775927 ), 0
( 0,9999999994567857 1,0000000012456445 1,0000000015734654 ), 0
( 0,9999999994551155 1,0000000012850858 1,0000000016380635 ), 0
( 0,9999999994419035 1,0000000012812293 1,0000000016110533 ), 0
( 0,9999999995090075 1,0000000012032482 1,0000000015555024 ), 0
( 0,9999999994840513 1,0000000012556043 1,000000001622826 ), 0
( 0,9999999994525531 1,0000000012750427 1,0000000016348956 ), 0
( 0,9999999994518914 1,0000000012571177 1,00000000158953 ), 0
( 0,9999999994882742 1,00000000127021 1,0000000015579003 ), 0
( 0,9999999994683388 1,000000001254919 1,0000000015764836 ), 0
( 0,9999999994675044 1,0000000012705765 1,000000001616914 ), 0
( 0,999999999461859 1,000000001272941 1,0000000016163373 ), 0
( 0,9999999994727653 1,0000000012787513 1,000000001610958 ), 0
( 0,9999999994626856 1,0000000012948893 1,0000000016247368 ), 0
( 0,9999999994840361 1,0000000012789878 1,0000000015749033 ), 0
( 0,9999999994609269 1,0000000012584933 1,0000000016057844 ), 0
( 0,9999999994499531 1,0000000012358126 1,0000000015867587 ), 0
( 0,9999999994567007 1,0000000012957624 1,0000000016253712 ), 0
( 0,9999999994443536 1,0000000012845975 1,0000000016217996 ), 0
( 0,9999999994458844 1,000000001263737 1,0000000015961192 ), 0
( 0,9999999994771388 1,0000000012843557 1,0000000016150323 ), 0
( 0,9999999994626693 1,000000001299384 1,0000000016151496 ), 0
( 0,9999999994550716 1,00000000123639 1,0000000015895874 ), 0
( 0,9999999994743387 1,000000001255144 1,0000000016128563 ), 0
( 0,9999999994788425 1,0000000012847257 1,0000000015809591 ), 0
( 0,9999999994182573 1,0000000012480301 1,0000000016028925 ), 0
( 0,9999999994783327 1,0000000012911947 1,000000001588409 ), 0
( 0,9999999994773919 1,0000000012886332 1,0000000016097528 ), 0
( 0,9999999994560098 1,0000000013054757 1,000000001611009 ), 0
( 0,9999999994924367 1,0000000012799926 1,0000000015747932 ), 0
( 0,9999999994649932 1,0000000012557184 1,000000001600346 ), 0
( 0,9999999994694553 1,0000000012754535 1,000000001565455 ), 0
( 0,9999999994505634 1,0000000012801828 1,0000000015568171 ), 0
( 0,9999999994852964 1,0000000012580577 1,0000000015786978 ), 0
( 0,9999999994761349 1,0000000012739807 1,000000001598408 ), 0
( 0,9999999994798947 1,0000000012650152 1,0000000015823625 ), 0
( 0,9999999994773763 1,0000000012861343 1,0000000015896664 ), 0
( 0,999999999470295 1,0000000012849382 1,0000000016162232 ), 0
( 0,9999999994589197 1,000000001273284 1,0000000015761283 ), 0
( 0,9999999994503235 1,0000000012023504 1,0000000015759536 ), 0
( 0,9999999994475273 1,0000000012781929 1,0000000016283264 ), 0
( 0,999999999510013 1,0000000012437487 1,0000000015697257 ), 0
( 0,9999999994604367 1,0000000012683898 1,0000000015844213 ), 0
( 0,9999999994793013 1,0000000012890489 1,0000000016565407 ), 0
( 0,9999999994905169 1,0000000012410304 1,0000000015868094 ), 0
( 0,9999999994728606 1,000000001303589 1,0000000016154706 ), 0
( 0,999999999457397 1,0000000012178099 1,0000000015749384 ), 0
( 0,9999999994547887 1,0000000012931785 1,0000000016081287 ), 0
( 0,9999999994739079 1,0000000012722519 1,0000000016114576 ), 0
( 0,9999999994924821 1,0000000012468666 1,0000000015666304 ), 0
( 0,999999999449383 1,0000000012890118 1,000000001606817 ), 0
( 0,9999999994641493 1,0000000012802532 1,0000000016400998 ), 0
( 0,9999999994628873 1,0000000012625192 1,0000000015567259 ), 0
( 0,9999999995093651 1,0000000012247716 1,0000000015795516 ), 0
( 0,999999999461454 1,0000000013264827 1,0000000016743937 ), 0
( 0,9999999994480733 1,0000000012610302 1,0000000015921438 ), 0
( 0,9999999994802415 1,0000000013014232 1,0000000016158468 ), 0
( 0,9999999994483202 1,0000000013105992 1,0000000016659403 ), 0
( 0,9999999994754487 1,000000001278807 1,0000000015921748 ), 0
( 0,9999999994649178 1,0000000013183519 1,0000000016676063 ), 0
( 0,9999999994627121 1,0000000012418495 1,0000000016007284 ), 0
( 0,9999999994823604 1,00000000131145 1,0000000016580082 ), 0
( 0,9999999994606914 1,0000000012805206 1,0000000016193027 ), 0
( 0,9999999994413717 1,0000000012184997 1,0000000015938735 ), 0
( 0,999999999472777 1,0000000012505668 1,000000001578238 ), 0
( 0,9999999994758147 1,0000000012458603 1,000000001582704 ), 0
( 0,9999999994769391 1,00000000126146 1,0000000016172654 ), 0
( 0,9999999994825399 1,0000000012325096 1,0000000016066124 ), 0
( 0,9999999994858486 1,0000000012801833 1,0000000015956332 ), 0
( 0,9999999994502959 1,0000000012432109 1,0000000016050006 ), 0
( 0,99999999945423 1,0000000012949277 1,0000000016007673 ), 0
( 0,9999999994551058 1,000000001258469 1,0000000015914399 ), 0
( 0,9999999994858351 1,000000001221847 1,000000001605594 ), 0
( 0,9999999994940206 1,0000000012451 1,0000000015501371 ), 0
( 0,9999999994778506 1,0000000012290875 1,0000000015687853 ), 0
( 0,9999999994599928 1,000000001276434 1,0000000016077044 ), 0
( 0,99999999947965 1,0000000012545929 1,0000000015919397 ), 0
( 0,9999999994834313 1,00000000122286 1,0000000015766382 ), 0
( 0,9999999994477001 1,0000000012824588 1,0000000016151829 ), 0
( 0,9999999994508512 1,000000001302616 1,0000000016362476 ), 0
( 0,999999999469945 1,0000000012994257 1,000000001644211 ), 0
( 0,9999999994740404 1,0000000012581185 1,000000001564198 ), 0
( 0,9999999994707087 1,0000000012768013 1,0000000016050214 ), 0
( 0,9999999994621129 1,0000000012783414 1,0000000016382113 ), 0
( 0,9999999994523774 1,0000000012862946 1,0000000016016066 ), 0
( 0,9999999994515699 1,0000000012335255 1,0000000015807013 ), 0
( 0,9999999994747609 1,0000000012462484 1,0000000015606907 ), 0
( 0,9999999994552964 1,000000001287184 1,000000001638505 ), 0
( 0,9999999994733196 1,0000000013057233 1,0000000015971207 ), 0
( 0,999999999463486 1,0000000012447177 1,0000000015692594 ), 0
( 0,99999999946635 1,0000000012685968 1,0000000016109123 ), 0
( 0,9999999994851669 1,0000000012523573 1,0000000015994674 ), 0
( 0,9999999994782329 1,0000000012962853 1,000000001628505 ), 0
( 0,999999999475146 1,0000000012564554 1,000000001591789 ), 0
( 0,999999999466235 1,0000000012616024 1,000000001600398 ), 0
( 0,9999999994575759 1,000000001279968 1,000000001618647 ), 0
( 0,9999999994763196 1,0000000012392172 1,000000001601778 ), 0
( 0,9999999994579154 1,0000000012767218 1,0000000016029866 ), 0
( 0,9999999994603531 1,0000000012570336 1,0000000015978552 ), 0
( 0,9999999994587728 1,000000001307873 1,0000000016404862 ), 0
( 0,9999999994825987 1,000000001249927 1,0000000015895167 ), 0
( 0,9999999994675316 1,000000001270818 1,0000000016261688 ), 0
( 0,9999999994698164 1,0000000012828372 1,00000000161981 ), 0
( 0,9999999994882157 1,00000000127136 1,0000000015870412 ), 0
( 0,9999999994354992 1,0000000012972632 1,00000000166618 ), 0
( 0,9999999994545631 1,0000000012677206 1,0000000015922648 ), 0
( 0,9999999994580152 1,0000000012631296 1,0000000016213304 ), 0
( 0,999999999419313 1,0000000012487866 1,0000000016091466 ), 0
( 0,9999999994774428 1,0000000012690424 1,00000000162457 ), 0
( 0,99999999945552 1,0000000013144603 1,0000000016595876 ), 0
( 0,999999999465511 1,0000000012399386 1,0000000015937938 ), 0
( 0,9999999994812823 1,000000001313943 1,000000001634314 ), 0
( 0,9999999994716153 1,0000000012742434 1,0000000015709731 ), 0
( 0,9999999994745615 1,00000000128301 1,0000000016219515 ), 0
( 0,9999999994596275 1,0000000012291697 1,000000001575471 ), 0
( 0,9999999994621368 1,000000001240521 1,0000000015792698 ), 0
( 0,9999999994947998 1,0000000012683055 1,0000000015954171 ), 0
( 0,9999999994588715 1,0000000012417203 1,000000001610112 ), 0
( 0,9999999994699769 1,0000000012791024 1,00000000158475 ), 0
( 0,9999999994921119 1,0000000012601469 1,0000000015629464 ), 0
( 0,9999999994643757 1,0000000012898151 1,0000000015617605 ), 0
( 0,9999999994639983 1,0000000012667338 1,000000001615473 ), 0
( 0,9999999994985027 1,0000000013081083 1,0000000016379516 ), 0
( 0,9999999994589429 1,0000000012459114 1,0000000015889396 ), 0
( 0,9999999994576563 1,0000000012926045 1,0000000016227086 ), 0
( 0,9999999994552301 1,0000000013221166 1,0000000015934298 ), 0
( 0,999999999465218 1,000000001263964 1,000000001602983 ), 0
( 0,9999999994589138 1,000000001264647 1,0000000016464548 ), 0
( 0,9999999994717539 1,0000000012699102 1,0000000016049468 ), 0
( 0,999999999496408 1,0000000012625656 1,0000000015844523 ), 0
( 0,999999999457414 1,0000000012668162 1,0000000016092603 ), 0
( 0,9999999994714174 1,0000000012059098 1,000000001562685 ), 0
( 0,9999999994611163 1,0000000012529235 1,0000000015923585 ), 0
( 0,9999999994498873 1,0000000012921217 1,0000000016267192 ), 0
( 0,9999999994625032 1,0000000012731385 1,0000000015817994 ), 0
( 0,9999999994560735 1,0000000012938304 1,0000000016281738 ), 0
( 0,9999999994817037 1,0000000013126655 1,0000000015919428 ), 0
( 0,9999999994657444 1,000000001271807 1,0000000015931898 ), 0
( 0,9999999994676062 1,0000000012786756 1,0000000015730548 ), 0
( 0,9999999994702059 1,0000000012820063 1,0000000015919146 ), 0
( 0,9999999994712607 1,0000000012688077 1,0000000015983321 ), 0
( 0,9999999994609516 1,0000000012751926 1,000000001591112 ), 0
( 0,999999999482183 1,000000001335808 1,000000001644351 ), 0
( 0,9999999994710368 1,000000001238737 1,00000000157091 ), 0
( 0,9999999994843128 1,0000000012735015 1,0000000016149173 ), 0
( 0,9999999994679339 1,0000000012698056 1,0000000016097406 ), 0
( 0,9999999994739054 1,0000000012556525 1,0000000016308872 ), 0
( 0,9999999994554196 1,0000000013213848 1,0000000016164083 ), 0
( 0,9999999994526183 1,0000000012718355 1,0000000016106927 ), 0
( 0,9999999994491474 1,0000000012758339 1,000000001614129 ), 0
( 0,9999999994446577 1,000000001270014 1,000000001617418 ), 0
( 0,9999999994693911 1,000000001281398 1,0000000015856263 ), 0
( 0,9999999994610574 1,0000000012747292 1,0000000016101658 ), 0
( 0,999999999486309 1,000000001269909 1,000000001606276 ), 0
( 0,9999999994402872 1,0000000012964283 1,0000000016302493 ), 0
( 0,9999999995011875 1,0000000013084382 1,0000000015993047 ), 0
( 0,9999999994747931 1,0000000012521768 1,0000000016145807 ), 0
( 0,9999999994685919 1,0000000012570733 1,0000000015393444 ), 0
( 0,9999999994892059 1,0000000012432562 1,0000000016169308 ), 0
( 0,9999999995028473 1,0000000012992774 1,0000000016200314 ), 0
( 0,999999999479268 1,0000000012559491 1,0000000015916641 ), 0
( 0,9999999994555977 1,000000001301899 1,0000000016352448 ), 0
( 0,9999999994709364 1,0000000012937549 1,0000000016301616 ), 0
( 0,9999999994723158 1,0000000012551584 1,0000000016015063 ), 0
( 0,9999999994772195 1,0000000012618668 1,000000001607735 ), 0
( 0,9999999994800411 1,0000000012676886 1,0000000015947927 ), 0
( 0,9999999994450531 1,0000000013013026 1,0000000016254578 ), 0
( 0,9999999994804099 1,0000000012900432 1,0000000016161055 ), 0
( 0,9999999994510104 1,0000000012725692 1,000000001612607 ), 0
( 0,9999999994688069 1,0000000012610661 1,0000000015956603 ), 0
( 0,9999999994581398 1,0000000012927326 1,0000000016196986 ), 0
( 0,9999999994886427 1,0000000012851695 1,0000000016192319 ), 0
( 0,999999999457943 1,0000000012700252 1,0000000015966886 ), 0
( 0,9999999994952252 1,000000001253305 1,0000000015987975 ), 0
( 0,9999999994564738 1,0000000013018355 1,0000000016406603 ), 0
( 0,9999999994665004 1,0000000012541272 1,0000000016051833 ), 0
( 0,9999999994419788 1,0000000012555472 1,0000000015926187 ), 0
( 0,9999999994940878 1,0000000012841346 1,0000000016204946 ), 0
( 0,9999999994721896 1,000000001279841 1,0000000016077084 ), 0
( 0,9999999994596053 1,000000001252818 1,0000000016023054 ), 0
( 0,9999999994695765 1,0000000012454309 1,0000000015761594 ), 0
( 0,9999999994465727 1,0000000012466723 1,000000001595162 ), 0
( 0,999999999449279 1,0000000013029975 1,000000001613131 ), 0
( 0,9999999994602669 1,0000000012674164 1,0000000015975066 ), 0
( 0,9999999994562894 1,0000000012401098 1,0000000016068413 ), 0
( 0,9999999994629264 1,0000000012721824 1,000000001609353 ), 0
( 0,9999999994589517 1,0000000012647303 1,0000000016218855 ), 0
( 0,9999999994766319 1,0000000012697445 1,000000001596215 ), 0
( 0,9999999994554936 1,0000000012581727 1,0000000015803199 ), 0
( 0,9999999994693471 1,0000000012583081 1,000000001634663 ), 0
( 0,9999999994695891 1,0000000012880992 1,000000001608306 ), 0
( 0,9999999994616376 1,000000001302959 1,0000000016361918 ), 0
( 0,9999999994758205 1,0000000013384152 1,0000000016343529 ), 0
( 0,9999999994560529 1,0000000012781882 1,000000001614084 ), 0
( 0,9999999994606428 1,0000000012970136 1,0000000016113082 ), 0
( 0,9999999994545812 1,000000001296391 1,000000001625664 ), 0
( 0,9999999994674686 1,0000000012580779 1,0000000015934427 ), 0
( 0,9999999994017686 1,0000000012614443 1,0000000016158166 ), 0
( 0,9999999994294262 1,0000000012473158 1,000000001605157 ), 0
( 0,9999999994623803 1,000000001283882 1,000000001631694 ), 0
( 0,9999999994498195 1,0000000012467658 1,0000000016107584 ), 0
( 0,9999999994826083 1,0000000012789831 1,00000000159545 ), 0
( 0,9999999994440065 1,000000001271586 1,0000000015847001 ), 0
( 0,9999999994686483 1,0000000012931454 1,0000000015832988 ), 0
( 0,9999999994801053 1,0000000012412535 1,0000000015607042 ), 0
( 0,9999999994816575 1,0000000012879133 1,0000000016062045 ), 0
( 0,9999999994736828 1,0000000012727053 1,0000000015807573 ), 0
( 0,9999999994655728 1,0000000012745422 1,0000000015988202 ), 0
( 0,9999999994692547 1,000000001259395 1,0000000016120139 ), 0
( 0,9999999994700275 1,0000000012527337 1,0000000015538781 ), 0
( 0,9999999994680725 1,0000000012932861 1,0000000016209512 ), 0
( 0,9999999994741641 1,0000000012920167 1,0000000016408055 ), 0
( 0,999999999462856 1,000000001269256 1,0000000016216382 ), 0
( 0,9999999994495419 1,0000000012975085 1,0000000016206638 ), 0
( 0,9999999994760385 1,0000000012237686 1,0000000015629038 ), 0
( 0,9999999994948179 1,000000001260706 1,0000000015460786 ), 0
( 0,9999999994693558 1,0000000012992694 1,0000000016319899 ), 0
( 0,9999999995066767 1,0000000012018464 1,0000000015489368 ), 0
( 0,9999999994581235 1,0000000012616859 1,000000001602806 ), 0
( 0,9999999994674237 1,0000000012899626 1,0000000015880497 ), 0
( 0,9999999994694156 1,0000000012785928 1,0000000016150294 ), 0
( 0,9999999994860037 1,000000001255353 1,0000000015805552 ), 0
( 0,9999999994749843 1,0000000012474959 1,0000000015744601 ), 0
( 0,9999999994592156 1,0000000012648316 1,0000000015902892 ), 0
( 0,9999999994800957 1,0000000012709256 1,0000000015673653 ), 0
( 0,9999999994702693 1,0000000012666515 1,0000000016136803 ), 0
( 0,999999999461979 1,0000000012993209 1,0000000016189494 ), 0
( 0,9999999994597365 1,0000000012707253 1,000000001594968 ), 0
( 0,9999999994719059 1,0000000012858596 1,000000001613912 ), 0
( 0,9999999994784278 1,000000001263183 1,0000000016172128 ), 0
( 0,9999999994547414 1,000000001265295 1,0000000016208355 ), 0
( 0,9999999994631373 1,0000000012674113 1,000000001601208 ), 0
( 0,9999999994560397 1,0000000013053598 1,0000000016542845 ), 0
( 0,9999999994699135 1,0000000012691446 1,0000000015967563 ), 0
( 0,9999999994716586 1,0000000012565085 1,0000000015630273 ), 0
( 0,9999999994575416 1,000000001293623 1,0000000016085548 ), 0
( 0,9999999994645127 1,0000000012771055 1,0000000015834687 ), 0
( 0,9999999994555512 1,0000000013099224 1,0000000016655683 ), 0
( 0,9999999994686114 1,000000001302586 1,0000000016326878 ), 0
( 0,9999999994683196 1,0000000012308725 1,0000000015888786 ), 0
( 0,9999999994777019 1,0000000012670371 1,0000000015740376 ), 0
( 0,9999999994581401 1,0000000012532133 1,0000000016173158 ), 0
( 0,9999999994678593 1,00000000130809 1,0000000016020327 ), 0
( 0,9999999994814591 1,0000000012769843 1,000000001589866 ), 0
( 0,9999999994748333 1,0000000012686836 1,0000000015920492 ), 0
( 0,9999999994518514 1,0000000012922508 1,000000001625077 ), 0
( 0,999999999452071 1,0000000012332677 1,0000000015640327 ), 0
( 0,9999999994546422 1,0000000012635128 1,0000000015820518 ), 0
( 0,9999999994609126 1,0000000012633286 1,0000000016106603 ), 0
( 0,9999999994518659 1,0000000012523964 1,0000000015990087 ), 0
( 0,999999999466543 1,0000000013264887 1,0000000016527437 ), 0
( 0,9999999994827208 1,0000000012815904 1,0000000016165203 ), 0
( 0,9999999994764885 1,000000001249278 1,0000000015996056 ), 0
( 0,999999999463446 1,000000001192586 1,0000000015924 ), 0
( 0,9999999994736385 1,0000000012580903 1,000000001610386 ), 0
( 0,9999999994872784 1,000000001255004 1,000000001587851 ), 0
( 0,999999999485231 1,0000000012950543 1,0000000016209616 ), 0
( 0,9999999994985175 1,000000001270337 1,0000000015980322 ), 0
( 0,9999999994714158 1,0000000012544115 1,000000001606894 ), 0
( 0,9999999994704194 1,0000000013048687 1,0000000016294248 ), 0
( 0,9999999994847067 1,0000000012659247 1,0000000016140422 ), 0
( 0,9999999994675915 1,0000000012686818 1,0000000016133053 ), 0
( 0,9999999994526988 1,000000001260565 1,0000000015761048 ), 0
( 0,9999999994858286 1,000000001263259 1,000000001572237 ), 0
( 0,9999999994681309 1,0000000012949375 1,0000000016354862 ), 0
( 0,9999999994615183 1,0000000012855956 1,000000001633923 ), 0
( 0,9999999994779997 1,0000000012292256 1,0000000015652808 ), 0
( 0,9999999994733585 1,000000001238385 1,000000001573794 ), 0
( 0,9999999994736237 1,0000000012824586 1,0000000016075274 ), 0
( 0,9999999994722875 1,0000000012862884 1,0000000016156096 ), 0
( 0,9999999994543375 1,0000000012493642 1,0000000016042085 ), 0
( 0,9999999994476649 1,000000001290066 1,0000000016964365 ), 0
( 0,9999999994940825 1,0000000012653534 1,0000000016119475 ), 0
( 0,9999999994776587 1,000000001278139 1,0000000016083688 ), 0
( 0,9999999994200421 1,000000001253591 1,0000000016017114 ), 0
( 0,9999999994442933 1,0000000012645973 1,0000000015823276 ), 0
( 0,9999999994453472 1,000000001268859 1,00000000160883 ), 0
( 0,9999999994757891 1,000000001241652 1,0000000015790957 ), 0
( 0,9999999995029795 1,0000000012772814 1,0000000016229686 ), 0
( 0,9999999994528279 1,0000000012613846 1,0000000016141741 ), 0
( 0,9999999994775675 1,0000000012825836 1,000000001625595 ), 0
( 0,9999999994531372 1,000000001281387 1,0000000015980877 ), 0
( 0,9999999995249961 1,0000000012391423 1,0000000015313113 ), 0
( 0,9999999994727383 1,0000000012561379 1,0000000015976527 ), 0
( 0,9999999994670963 1,0000000012564116 1,0000000015920716 ), 0
( 0,9999999994610814 1,0000000012805808 1,00000000163977 ), 0
( 0,9999999994882427 1,0000000012744672 1,0000000015806545 ), 0
( 0,9999999994629472 1,0000000012553638 1,000000001594436 ), 0
( 0,9999999994662935 1,0000000012779178 1,0000000016061708 ), 0
( 0,9999999994628942 1,0000000013113963 1,0000000015965889 ), 0
( 0,9999999994798745 1,0000000012649575 1,000000001570549 ), 0
( 0,999999999468766 1,0000000012851897 1,0000000016373933 ), 0
( 0,9999999994657823 1,0000000012669161 1,0000000015937747 ), 0
( 0,9999999994692157 1,0000000012611547 1,000000001613704 ), 0
( 0,999999999482761 1,0000000012876415 1,0000000016388921 ), 0
( 0,999999999469933 1,0000000012612298 1,0000000016473722 ), 0
( 0,9999999994696397 1,0000000012475112 1,0000000015818158 ), 0
( 0,9999999994778885 1,0000000013288985 1,0000000016513992 ), 0
( 0,999999999459483 1,0000000012651722 1,0000000015822685 ), 0
( 0,9999999994650001 1,0000000012543984 1,0000000015757902 ), 0
( 0,9999999994759606 1,000000001250637 1,0000000015699129 ), 0
( 0,9999999994881006 1,0000000012536174 1,0000000015507382 ), 0
( 0,999999999471649 1,0000000012541297 1,0000000015844261 ), 0
( 0,9999999994835279 1,0000000013008425 1,0000000015796275 ), 0
( 0,9999999994635443 1,0000000012777397 1,0000000015899015 ), 0
( 0,9999999994745759 1,00000000124769 1,0000000015459907 ), 0
( 0,9999999995232377 1,0000000012327472 1,0000000015300758 ), 0
( 0,9999999994836802 1,0000000012701522 1,0000000015992885 ), 0
( 0,9999999994718907 1,0000000012621328 1,0000000016050556 ), 0
( 0,9999999994864065 1,0000000012791983 1,000000001603158 ), 0
( 0,9999999994713453 1,0000000012495105 1,0000000016062187 ), 0
( 0,9999999994294508 1,0000000012606318 1,0000000016067807 ), 0
( 0,9999999994425267 1,0000000012907286 1,0000000016533845 ), 0
( 0,9999999994588725 1,00000000130876 1,0000000016566684 ), 0
( 0,9999999994626999 1,0000000012606947 1,0000000015910213 ), 0
( 0,9999999994790801 1,0000000012541723 1,0000000016175024 ), 0
( 0,9999999994355279 1,000000001241104 1,0000000016066317 ), 0
( 0,9999999994502131 1,0000000012690893 1,0000000015860329 ), 0
( 0,9999999994668163 1,0000000012653916 1,0000000015839952 ), 0
( 0,9999999994829787 1,0000000012708647 1,0000000015958457 ), 0
( 0,9999999994820765 1,0000000012458086 1,0000000016256558 ), 0
( 0,9999999994652284 1,0000000012632513 1,0000000015756958 ), 0
( 0,9999999994776599 1,0000000012746104 1,0000000016144557 ), 0
( 0,9999999994595274 1,000000001240499 1,0000000015798582 ), 0
( 0,9999999994534221 1,0000000013025283 1,0000000016095678 ), 0
( 0,9999999994711001 1,0000000012609045 1,0000000016141448 ), 0
( 0,9999999994415981 1,000000001293385 1,000000001649645 ), 0
( 0,9999999994719029 1,0000000012522117 1,0000000015883441 ), 0
( 0,9999999994578643 1,0000000012621686 1,0000000016136537 ), 0
( 0,9999999994402323 1,0000000012811165 1,0000000016313515 ), 0
( 0,9999999994295905 1,0000000012655585 1,0000000015503572 ), 0
( 0,9999999994527426 1,0000000012729362 1,0000000015837498 ), 0
( 0,9999999994603368 1,0000000012603711 1,0000000016096235 ), 0
( 0,9999999994833986 1,0000000012877595 1,000000001601981 ), 0
( 0,9999999994771464 1,0000000012955848 1,000000001627818 ), 0
( 0,9999999994411655 1,0000000012947734 1,0000000016172075 ), 0
( 0,9999999994570287 1,0000000012449455 1,0000000015977495 ), 0
( 0,9999999994288298 1,0000000012768762 1,0000000016516406 ), 0
( 0,9999999994626902 1,0000000012354455 1,000000001577586 ), 0
( 0,999999999455963 1,0000000012753327 1,0000000016327644 ), 0
( 0,9999999994628593 1,0000000012497032 1,0000000015856603 ), 0
( 0,9999999994756178 1,0000000012614776 1,0000000015937818 ), 0
( 0,9999999994804696 1,0000000012588348 1,000000001621869 ), 0
( 0,9999999994703999 1,0000000012453656 1,0000000015969794 ), 0
( 0,9999999994617598 1,0000000012803263 1,000000001603039 ), 0
( 0,9999999994960221 1,0000000012725536 1,000000001557349 ), 0
( 0,9999999994686085 1,000000001275374 1,0000000015821546 ), 0
( 0,9999999994690709 1,000000001291488 1,0000000016069994 ), 0
( 0,9999999994640679 1,0000000012640335 1,000000001594577 ), 0
( 0,9999999994647033 1,0000000012769763 1,0000000015860642 ), 0
( 0,9999999994660836 1,0000000012810617 1,0000000015770738 ), 0
( 0,9999999994715533 1,000000001280352 1,0000000015804955 ), 0
( 0,9999999994611328 1,0000000012575423 1,000000001575286 ), 0
( 0,9999999994688619 1,0000000012659545 1,000000001611357 ), 0
( 0,9999999994646528 1,0000000012681953 1,000000001571981 ), 0
( 0,9999999994581755 1,0000000012784591 1,000000001606398 ), 0
( 0,9999999994711217 1,000000001258389 1,000000001595068 ), 0
( 0,9999999994537986 1,000000001286821 1,0000000016371258 ), 0
( 0,9999999994586555 1,0000000013077281 1,0000000016234676 ), 0
( 0,9999999994722161 1,0000000012421655 1,000000001596287 ), 0
( 0,99999999944505 1,0000000012802066 1,0000000016233 ), 0
( 0,9999999994748512 1,0000000012545431 1,0000000016100006 ), 0
( 0,9999999994710187 1,0000000012571049 1,0000000016038069 ), 0
( 0,9999999994667653 1,0000000012849117 1,0000000016120774 ), 0
( 0,9999999994551404 1,0000000012761887 1,0000000015680068 ), 0
( 0,9999999994585014 1,0000000012617436 1,0000000015823354 ), 0
( 0,999999999471339 1,0000000012852843 1,000000001595864 ), 0
( 0,9999999994809132 1,0000000013045731 1,0000000016072026 ), 0
( 0,999999999458118 1,0000000012722512 1,0000000015896957 ), 0
( 0,9999999994589834 1,0000000012829038 1,0000000015957684 ), 0
( 0,9999999994751656 1,0000000012655113 1,0000000015639288 ), 0
( 0,9999999994597087 1,000000001261153 1,0000000015914363 ), 0
( 0,9999999994746689 1,0000000012680237 1,0000000016041108 ), 0
( 0,9999999994797184 1,0000000013133634 1,0000000016374224 ), 0
( 0,999999999472133 1,0000000012672918 1,0000000015849362 ), 0
( 0,9999999994857217 1,0000000012548536 1,0000000015699668 ), 0
( 0,999999999466947 1,0000000008961352 1,0000000012299444 ), 0
Liczba wywoa funkcji celu: 131065
