Iteracja nr: 74
( 0,9999999994680128 1,0000000012769015 1,0000000016143265 ), 0
( 0,9999999994688687 1,0000000012640147 1,0000000015946604 ), 0
( 0,9999999994672227 1,0000000012774064 1,000000001608983 ), 0
( 0,9999999994673525 1,0000000012559058 1,0000000015815642 ), 0
( 0,9999999994668342 1,0000000012683479 1,0000000016005366 ), 0
( 0,9999999994645279 1,0000000012549877 1,0000000015840427 ), 0
( 0,9999999994687683 1,000000001272566 1,0000000016006254 ), 0
( 0,9999999994681626 1,0000000012660395 1,0000000015974468 ), 0
( 0,9999999994698392 1,000000001267235 1,0000000016016606 ), 0
( 0,9999999994702723 1,0000000012630754 1,0000000016002184 ), 0
( 0,9999999994638987 1,0000000012712515 1,000000001606057 ), 0
( 0,9999999994701864 1,0000000012610797 1,0000000015958896 ), 0
( 0,9999999994674409 1,0000000012733448 1,0000000015964683 ), 0
( 0,9999999994605312 1,000000001265969 1,0000000016043336 ), 0
( 0,9999999994613367 1,0000000012671284 1,0000000016024384 ), 0
( 0,9999999994649709 1,0000000012678303 1,0000000015937076 ), 0
( 0,9999999994638596 1,0000000012710437 1,0000000016072543 ), 0
( 0,9999999994657054 1,000000001275666 1,0000000016112272 ), 0
( 0,9999999994645541 1,000000001270627 1,0000000015945594 ), 0
( 0,9999999994695479 1,000000001267175 1,0000000015992796 ), 0
( 0,9999999994661292 1,000000001275866 1,0000000016123949 ), 0
( 0,999999999467421 1,0000000012636525 1,0000000016038233 ), 0
( 0,9999999994689379 1,0000000012710435 1,0000000016066823 ), 0
( 0,9999999994641312 1,0000000012710342 1,0000000016121464 ), 0
( 0,9999999994672804 1,0000000012635213 1,0000000015989028 ), 0
( 0,9999999994678727 1,000000001262955 1,0000000016044484 ), 0
( 0,9999999994684049 1,0000000012591026 1,0000000015865644 ), 0
( 0,9999999994595209 1,0000000012602208 1,000000001593981 ), 0
( 0,9999999994645455 1,000000001262661 1,0000000016020416 ), 0
( 0,9999999994654049 1,000000001255723 1,0000000015936272 ), 0
( 0,9999999994637472 1,0000000012726378 1,0000000016042891 ), 0
( 0,9999999994668285 1,0000000012700934 1,0000000016070725 ), 0
( 0,9999999994659029 1,0000000012782972 1,0000000016132118 ), 0
( 0,9999999994663571 1,000000001275267 1,0000000016066346 ), 0
( 0,9999999994634902 1,0000000012718326 1,0000000016016706 ), 0
( 0,9999999994662752 1,000000001273083 1,0000000016021882 ), 0
( 0,99999999946496 1,0000000012718233 1,0000000016035353 ), 0
( 0,9999999994580401 1,0000000012636245 1,0000000016087764 ), 0
( 0,9999999994638836 1,0000000012702193 1,000000001600439 ), 0
( 0,9999999994631278 1,0000000012667942 1,0000000015961783 ), 0
( 0,9999999994682497 1,0000000012681527 1,0000000015988575 ), 0
( 0,9999999994638461 1,000000001267291 1,000000001604319 ), 0
( 0,9999999994694692 1,000000001260829 1,0000000015892612 ), 0
( 0,9999999994649247 1,00000000126911 1,000000001605963 ), 0
( 0,9999999994687923 1,0000000012626338 1,0000000015957708 ), 0
( 0,9999999994604749 1,0000000012737986 1,0000000016035737 ), 0
( 0,9999999994687601 1,0000000012767236 1,0000000016125448 ), 0
( 0,9999999994672367 1,0000000012770967 1,000000001607275 ), 0
( 0,9999999994690684 1,0000000012730001 1,0000000016065715 ), 0
( 0,9999999994651586 1,0000000012630001 1,000000001605785 ), 0
( 0,9999999994669235 1,0000000012691383 1,000000001608598 ), 0
( 0,999999999469154 1,000000001257846 1,0000000015901094 ), 0
( 0,9999999994674459 1,0000000012634007 1,0000000015949908 ), 0
( 0,9999999994720578 1,0000000012726116 1,0000000016023312 ), 0
( 0,9999999994669402 1,000000001269041 1,000000001603914 ), 0
( 0,999999999464246 1,0000000012645553 1,0000000015973582 ), 0
( 0,9999999994656984 1,0000000012661365 1,000000001600991 ), 0
( 0,9999999994648123 1,000000001268754 1,0000000016034 ), 0
( 0,99999999946449 1,0000000012688348 1,000000001605687 ), 0
( 0,9999999994601154 1,0000000012663115 1,000000001604733 ), 0
( 0,999999999463538 1,000000001270581 1,00000000159897 ), 0
( 0,9999999994676712 1,0000000012742027 1,000000001613881 ), 0
( 0,9999999994668755 1,0000000012675805 1,000000001596086 ), 0
( 0,999999999463723 1,000000001266882 1,000000001600646 ), 0
( 0,9999999994596959 1,0000000012689008 1,0000000016065604 ), 0
( 0,9999999994683338 1,0000000012666728 1,0000000015967623 ), 0
( 0,9999999994652847 1,0000000012631214 1,0000000016064785 ), 0
( 0,9999999994634913 1,0000000012667345 1,0000000016036543 ), 0
( 0,9999999994635368 1,0000000012687453 1,0000000016003425 ), 0
( 0,9999999994728652 1,0000000012761934 1,0000000016092163 ), 0
( 0,9999999994626486 1,0000000012604937 1,000000001592474 ), 0
( 0,9999999994652509 1,0000000012716126 1,0000000016107748 ), 0
( 0,999999999463799 1,0000000012664283 1,0000000016079673 ), 0
( 0,9999999994637137 1,0000000012801928 1,0000000016072694 ), 0
( 0,9999999994645278 1,0000000012691173 1,0000000016036212 ), 0
( 0,9999999994622548 1,000000001271255 1,000000001604792 ), 0
( 0,9999999994667679 1,0000000012589987 1,000000001589318 ), 0
( 0,9999999994714993 1,0000000012705106 1,0000000016024462 ), 0
( 0,9999999994638323 1,0000000012697372 1,0000000016037085 ), 0
( 0,9999999994669321 1,0000000012726658 1,0000000016068487 ), 0
( 0,9999999994654718 1,000000001269267 1,0000000016145625 ), 0
( 0,9999999994715351 1,0000000012815538 1,0000000016121389 ), 0
( 0,9999999994673935 1,0000000012699948 1,000000001603446 ), 0
( 0,9999999994683539 1,0000000012210373 1,000000001558388 ), 0
( 0,999999999466021 1,0000000012668246 1,000000001598339 ), 0
( 0,9999999994662803 1,0000000012686394 1,0000000016073067 ), 0
( 0,9999999994654225 1,0000000012693837 1,0000000015984372 ), 0
( 0,9999999994662762 1,000000001269277 1,0000000016035027 ), 0
( 0,9999999994704312 1,0000000012752488 1,0000000016019377 ), 0
( 0,9999999994670952 1,000000001267979 1,0000000016076709 ), 0
( 0,9999999994665006 1,0000000012757617 1,00000000160571 ), 0
( 0,999999999467907 1,0000000012546757 1,0000000015922061 ), 0
( 0,9999999994687369 1,0000000012653913 1,0000000016006931 ), 0
( 0,9999999994685919 1,0000000012705423 1,0000000016023096 ), 0
( 0,9999999994635886 1,000000001266142 1,0000000016014094 ), 0
( 0,9999999994695766 1,0000000012720338 1,0000000016039818 ), 0
( 0,9999999994660284 1,0000000012659842 1,000000001593638 ), 0
( 0,9999999994724726 1,0000000012721546 1,0000000015997874 ), 0
( 0,9999999994628002 1,0000000012615302 1,000000001595151 ), 0
( 0,9999999994658695 1,000000001275604 1,0000000016047292 ), 0
( 0,9999999994672336 1,0000000012775485 1,0000000016149055 ), 0
( 0,9999999994682769 1,000000001247697 1,0000000015766966 ), 0
( 0,9999999994648686 1,0000000012672028 1,0000000016012487 ), 0
( 0,9999999994718386 1,000000001263811 1,0000000015929522 ), 0
( 0,9999999994648233 1,0000000012647325 1,0000000016072672 ), 0
( 0,999999999464456 1,0000000012668482 1,0000000016033546 ), 0
( 0,9999999994657262 1,0000000012753616 1,0000000016062829 ), 0
( 0,9999999994660652 1,0000000012678798 1,0000000015995234 ), 0
( 0,9999999994698292 1,0000000012785588 1,0000000016126656 ), 0
( 0,9999999994673829 1,0000000012711676 1,0000000016065989 ), 0
( 0,9999999994662434 1,0000000012655825 1,0000000015994184 ), 0
( 0,9999999994693566 1,0000000012646775 1,0000000015981696 ), 0
( 0,9999999994710235 1,0000000012336294 1,000000001569183 ), 0
( 0,9999999994672307 1,0000000012711738 1,0000000016061366 ), 0
( 0,9999999994678306 1,0000000012662427 1,0000000016035604 ), 0
( 0,9999999994641787 1,000000001256333 1,000000001601192 ), 0
( 0,9999999994615093 1,0000000012724783 1,0000000016062334 ), 0
( 0,9999999994674624 1,0000000012716515 1,0000000016053545 ), 0
( 0,9999999994710648 1,0000000012740995 1,000000001604091 ), 0
( 0,9999999994703289 1,0000000012668704 1,0000000015969486 ), 0
( 0,9999999994676396 1,0000000012680406 1,0000000016015917 ), 0
( 0,9999999994666677 1,0000000012690615 1,0000000015942803 ), 0
( 0,999999999465955 1,0000000012724612 1,0000000016000963 ), 0
( 0,9999999994725051 1,0000000012578798 1,000000001601753 ), 0
( 0,999999999466053 1,0000000012617294 1,0000000016010206 ), 0
( 0,9999999994661032 1,0000000012634909 1,0000000016001283 ), 0
( 0,9999999994621479 1,0000000012668706 1,000000001602355 ), 0
( 0,9999999994644467 1,0000000012695724 1,000000001607528 ), 0
( 0,9999999994666182 1,000000001274088 1,0000000016084192 ), 0
( 0,9999999994680233 1,0000000012660326 1,0000000016001962 ), 0
( 0,9999999994705567 1,000000001258191 1,0000000015917019 ), 0
( 0,9999999994711137 1,0000000012627939 1,0000000015969326 ), 0
( 0,9999999994675601 1,0000000012755634 1,0000000016028938 ), 0
( 0,9999999994654212 1,0000000012723351 1,0000000016020625 ), 0
( 0,999999999465366 1,0000000012646941 1,0000000016032486 ), 0
( 0,9999999994621049 1,0000000012669852 1,0000000015965558 ), 0
( 0,9999999994690937 1,0000000012744894 1,0000000016094175 ), 0
( 0,9999999994694544 1,000000001264274 1,0000000015965953 ), 0
( 0,9999999994594088 1,000000001262969 1,0000000015957613 ), 0
( 0,9999999994647467 1,000000001269097 1,0000000015999668 ), 0
( 0,9999999994688834 1,000000001270157 1,0000000016018329 ), 0
( 0,9999999994699871 1,0000000012637191 1,000000001594148 ), 0
( 0,9999999994649946 1,0000000012733543 1,0000000016017851 ), 0
( 0,9999999994607093 1,0000000012714485 1,000000001601627 ), 0
( 0,9999999994683088 1,0000000012688448 1,0000000015974226 ), 0
( 0,9999999994694371 1,0000000012698935 1,000000001605115 ), 0
( 0,9999999994730694 1,0000000012784103 1,0000000016047683 ), 0
( 0,9999999994667849 1,0000000012636132 1,000000001607505 ), 0
( 0,9999999994665767 1,000000001267155 1,0000000016012696 ), 0
( 0,999999999466747 1,0000000012727537 1,0000000016061703 ), 0
( 0,9999999994676604 1,0000000012707444 1,0000000016007025 ), 0
( 0,9999999994656633 1,0000000012741355 1,0000000016049346 ), 0
( 0,9999999994654377 1,0000000012729442 1,0000000015958965 ), 0
( 0,9999999994648584 1,0000000012709305 1,0000000016062316 ), 0
( 0,9999999994699063 1,0000000012621386 1,0000000015901376 ), 0
( 0,9999999994658536 1,0000000012696402 1,00000000160101 ), 0
( 0,9999999994659357 1,0000000012596229 1,0000000016124042 ), 0
( 0,9999999994672146 1,000000001271947 1,0000000016081945 ), 0
( 0,9999999994677233 1,0000000012699113 1,0000000016078945 ), 0
( 0,999999999467813 1,0000000012652699 1,000000001603068 ), 0
( 0,9999999994629433 1,0000000012639572 1,0000000015995114 ), 0
( 0,9999999994658997 1,0000000012714496 1,0000000016094488 ), 0
( 0,9999999994651085 1,0000000012675188 1,0000000015963588 ), 0
( 0,9999999994611131 1,0000000012733439 1,0000000016029966 ), 0
( 0,9999999994681492 1,000000001268654 1,0000000016049582 ), 0
( 0,9999999994704867 1,000000001271406 1,0000000015963202 ), 0
( 0,9999999994660995 1,0000000012692063 1,0000000015980992 ), 0
( 0,9999999994699096 1,0000000012725498 1,000000001605784 ), 0
( 0,9999999994711145 1,0000000012791854 1,0000000016014357 ), 0
( 0,9999999994674935 1,0000000012621917 1,0000000015984307 ), 0
( 0,9999999994683909 1,0000000012582875 1,000000001594459 ), 0
( 0,9999999994634299 1,0000000012679764 1,00000000159878 ), 0
( 0,9999999994681665 1,0000000012637151 1,0000000015975852 ), 0
( 0,9999999994649402 1,000000001267794 1,0000000015961517 ), 0
( 0,9999999994643183 1,0000000012732988 1,000000001607491 ), 0
( 0,9999999994653223 1,0000000012745804 1,000000001610179 ), 0
( 0,9999999994633313 1,0000000012772203 1,0000000016067516 ), 0
( 0,9999999994690237 1,0000000012749135 1,0000000016059138 ), 0
( 0,9999999994651472 1,0000000012566543 1,0000000016019632 ), 0
( 0,9999999994708044 1,0000000012700578 1,0000000016010124 ), 0
( 0,9999999994661509 1,0000000012474013 1,0000000015794923 ), 0
( 0,9999999994714939 1,0000000012707704 1,0000000016030155 ), 0
( 0,9999999994618556 1,0000000012677046 1,0000000015999542 ), 0
( 0,9999999994638001 1,0000000012316468 1,0000000015689057 ), 0
( 0,9999999994653226 1,0000000012687935 1,0000000016047599 ), 0
( 0,999999999469727 1,0000000012621573 1,0000000015966242 ), 0
( 0,9999999994591241 1,0000000012549017 1,0000000015956616 ), 0
( 0,9999999994706049 1,0000000012697525 1,000000001603838 ), 0
( 0,9999999994660189 1,0000000012688297 1,0000000016021329 ), 0
( 0,999999999472021 1,0000000012708272 1,0000000016019002 ), 0
( 0,9999999994646128 1,000000001256634 1,00000000159942 ), 0
( 0,9999999994601118 1,0000000012665897 1,000000001610691 ), 0
( 0,9999999994580281 1,000000001263131 1,0000000015949682 ), 0
( 0,9999999994710097 1,000000001261534 1,0000000015932577 ), 0
( 0,9999999994657406 1,000000001265573 1,0000000015988264 ), 0
( 0,9999999994676333 1,0000000012648746 1,000000001593188 ), 0
( 0,9999999994659095 1,0000000012735573 1,0000000016005883 ), 0
( 0,9999999994646466 1,0000000012684485 1,000000001598548 ), 0
( 0,9999999994627684 1,000000001264354 1,000000001600738 ), 0
( 0,9999999994655258 1,0000000012693055 1,000000001602179 ), 0
( 0,999999999464412 1,0000000012737527 1,000000001619176 ), 0
( 0,99999999947006 1,0000000012645192 1,0000000015991763 ), 0
( 0,9999999994565193 1,0000000012691834 1,000000001603138 ), 0
( 0,9999999994665505 1,000000001267232 1,0000000015979256 ), 0
( 0,9999999994663991 1,0000000012732833 1,0000000016018866 ), 0
( 0,9999999994665499 1,0000000012625658 1,0000000015994217 ), 0
( 0,9999999994708311 1,0000000012657175 1,000000001593742 ), 0
( 0,9999999994668632 1,0000000012443782 1,0000000015750394 ), 0
( 0,9999999994668797 1,0000000012621701 1,0000000015962436 ), 0
( 0,9999999994682579 1,0000000012647092 1,0000000016053618 ), 0
( 0,9999999994662356 1,0000000012762482 1,0000000016079156 ), 0
( 0,9999999994657216 1,000000001261456 1,0000000016103205 ), 0
( 0,9999999994718195 1,0000000012681736 1,0000000016011645 ), 0
( 0,9999999994654486 1,0000000012708379 1,0000000016008874 ), 0
( 0,999999999469297 1,0000000012642654 1,0000000015927137 ), 0
( 0,999999999469398 1,000000001263156 1,00000000159379 ), 0
( 0,9999999994615328 1,0000000012663746 1,000000001603554 ), 0
( 0,9999999994675621 1,0000000012661308 1,000000001602905 ), 0
( 0,9999999994673551 1,000000001264631 1,0000000015950172 ), 0
( 0,9999999994688761 1,0000000012674564 1,0000000016001764 ), 0
( 0,999999999468319 1,000000001270535 1,0000000016057076 ), 0
( 0,999999999459674 1,000000001263665 1,000000001598408 ), 0
( 0,9999999994658252 1,0000000012674353 1,0000000016049446 ), 0
( 0,9999999994673513 1,0000000012630055 1,000000001600376 ), 0
( 0,9999999994675445 1,0000000012749366 1,0000000016135457 ), 0
( 0,9999999994671557 1,0000000012691914 1,0000000015971464 ), 0
( 0,9999999994648738 1,0000000012747883 1,0000000016035502 ), 0
( 0,9999999994604979 1,0000000012702301 1,0000000015972565 ), 0
( 0,9999999994657512 1,0000000012644963 1,0000000015976878 ), 0
( 0,9999999994645996 1,0000000012694095 1,0000000016079995 ), 0
( 0,9999999994679629 1,0000000012654626 1,0000000016048236 ), 0
( 0,9999999994615238 1,0000000012712569 1,000000001607565 ), 0
( 0,9999999994651954 1,0000000012620585 1,0000000016007426 ), 0
( 0,9999999994699418 1,0000000012724435 1,0000000016037005 ), 0
( 0,9999999994656293 1,0000000012735204 1,0000000016046313 ), 0
( 0,9999999994662067 1,000000001271617 1,0000000016049588 ), 0
( 0,9999999994595151 1,000000001273323 1,0000000016094963 ), 0
( 0,9999999994645158 1,0000000012632055 1,0000000015998634 ), 0
( 0,9999999994674901 1,0000000012642256 1,000000001598073 ), 0
( 0,9999999994620268 1,0000000012754051 1,0000000016166521 ), 0
( 0,999999999468138 1,000000001259187 1,000000001602951 ), 0
( 0,999999999463274 1,0000000012682162 1,0000000016007464 ), 0
( 0,9999999994679782 1,000000001264183 1,0000000016030146 ), 0
( 0,9999999994674316 1,0000000012593915 1,0000000015985684 ), 0
( 0,9999999994675388 1,0000000012696482 1,0000000016039046 ), 0
( 0,9999999994645807 1,0000000012678527 1,0000000016018966 ), 0
( 0,9999999994700972 1,0000000012676955 1,0000000016089705 ), 0
( 0,9999999994576639 1,000000001256986 1,0000000015987354 ), 0
( 0,9999999994689529 1,000000001273578 1,0000000016080168 ), 0
( 0,9999999994658998 1,0000000012700476 1,0000000016011323 ), 0
( 0,9999999994683129 1,000000001258806 1,0000000015893944 ), 0
( 0,9999999994672655 1,0000000012736532 1,0000000016046608 ), 0
( 0,9999999994654213 1,0000000012483394 1,0000000015812194 ), 0
( 0,9999999994679158 1,0000000012620573 1,0000000015891015 ), 0
( 0,9999999994538905 1,000000001267233 1,0000000016050485 ), 0
( 0,9999999994675371 1,0000000012680783 1,0000000015953021 ), 0
( 0,9999999994661394 1,0000000012716928 1,0000000015970505 ), 0
( 0,9999999994642181 1,0000000012663108 1,0000000015953163 ), 0
( 0,9999999994656827 1,000000001269881 1,000000001609095 ), 0
( 0,9999999994644299 1,0000000012699743 1,0000000015991213 ), 0
( 0,9999999994661276 1,0000000012610744 1,0000000015960027 ), 0
( 0,9999999994662819 1,0000000012710626 1,0000000016056827 ), 0
( 0,9999999994686698 1,0000000012676555 1,000000001604725 ), 0
( 0,9999999994602924 1,0000000012773391 1,000000001602057 ), 0
( 0,9999999994638108 1,000000001269387 1,0000000016020676 ), 0
( 0,9999999994651163 1,000000001266422 1,000000001605155 ), 0
( 0,9999999994644779 1,0000000012661836 1,000000001600906 ), 0
( 0,9999999994647036 1,0000000012464658 1,0000000015759423 ), 0
( 0,9999999994637063 1,000000001276409 1,0000000015911297 ), 0
( 0,9999999994659307 1,0000000012688903 1,000000001612431 ), 0
( 0,9999999994693324 1,000000001255391 1,0000000016012152 ), 0
( 0,9999999994687746 1,0000000012684558 1,0000000016020383 ), 0
( 0,9999999994632076 1,000000001269915 1,0000000015999002 ), 0
( 0,9999999994658371 1,000000001271219 1,0000000016070103 ), 0
( 0,9999999994616626 1,0000000012678385 1,0000000015955548 ), 0
( 0,9999999994681488 1,000000001265553 1,0000000015983668 ), 0
( 0,9999999994639988 1,0000000012651507 1,0000000015984882 ), 0
( 0,9999999994702787 1,0000000012725845 1,0000000016078796 ), 0
( 0,9999999994634378 1,000000001265603 1,0000000015957295 ), 0
( 0,9999999994659844 1,0000000012630454 1,0000000015895716 ), 0
( 0,9999999994627192 1,0000000012768995 1,0000000016110133 ), 0
( 0,999999999464635 1,0000000012707693 1,0000000016086015 ), 0
( 0,9999999994638263 1,000000001271087 1,0000000016050528 ), 0
( 0,9999999994674412 1,000000001270856 1,0000000016000468 ), 0
( 0,9999999994646616 1,0000000012705885 1,000000001608153 ), 0
( 0,9999999994668657 1,0000000012674783 1,0000000016080528 ), 0
( 0,9999999994682982 1,0000000012611494 1,0000000015992478 ), 0
( 0,9999999994641052 1,0000000012622026 1,0000000016025037 ), 0
( 0,9999999994671686 1,0000000012700436 1,0000000016054456 ), 0
( 0,9999999994656862 1,000000001270098 1,000000001599303 ), 0
( 0,9999999994685085 1,00000000127079 1,000000001605989 ), 0
( 0,9999999994696885 1,0000000012647396 1,000000001602776 ), 0
( 0,9999999994676516 1,0000000012725494 1,0000000015957173 ), 0
( 0,999999999467013 1,00000000127164 1,00000000160564 ), 0
( 0,9999999994631327 1,0000000012685697 1,0000000015987387 ), 0
( 0,9999999994693441 1,0000000012678312 1,0000000016049175 ), 0
( 0,999999999468785 1,0000000012783588 1,0000000016089268 ), 0
( 0,9999999994671732 1,0000000012656731 1,0000000016054826 ), 0
( 0,999999999467541 1,0000000012676378 1,000000001593237 ), 0
( 0,9999999994674015 1,0000000012782213 1,0000000016077828 ), 0
( 0,9999999994657193 1,0000000012684778 1,0000000016039157 ), 0
( 0,9999999994721269 1,0000000012673487 1,0000000015988313 ), 0
( 0,9999999994629845 1,0000000012804007 1,000000001615382 ), 0
( 0,9999999994678064 1,0000000012584065 1,0000000015938206 ), 0
( 0,9999999994652722 1,000000001269009 1,0000000016036938 ), 0
( 0,9999999994713921 1,0000000012699657 1,0000000016029462 ), 0
( 0,9999999994642255 1,0000000012630956 1,0000000016002193 ), 0
( 0,9999999994641385 1,0000000012686063 1,0000000016041761 ), 0
( 0,9999999994616461 1,0000000012660315 1,0000000016169721 ), 0
( 0,9999999994666737 1,0000000012607908 1,0000000015985335 ), 0
( 0,999999999465549 1,0000000012731078 1,0000000016050001 ), 0
( 0,9999999994633453 1,0000000012733388 1,0000000016044213 ), 0
( 0,9999999994661999 1,0000000012709127 1,000000001609207 ), 0
( 0,9999999994647235 1,0000000012662948 1,0000000016027897 ), 0
( 0,9999999994677163 1,0000000012747017 1,0000000016079627 ), 0
( 0,9999999994669455 1,0000000012693424 1,0000000016023987 ), 0
( 0,9999999994634765 1,0000000012606556 1,000000001603618 ), 0
( 0,9999999994637906 1,0000000012650385 1,0000000016045179 ), 0
( 0,9999999994635558 1,0000000012779873 1,0000000016229598 ), 0
( 0,9999999994676475 1,0000000012674368 1,0000000016017516 ), 0
( 0,9999999994666093 1,0000000012632893 1,000000001597653 ), 0
( 0,9999999994700219 1,0000000012670205 1,0000000015958632 ), 0
( 0,9999999994661761 1,0000000012746069 1,0000000016046844 ), 0
( 0,9999999994639592 1,0000000012681096 1,0000000016027704 ), 0
( 0,9999999994685663 1,0000000012603012 1,000000001598525 ), 0
( 0,9999999994688488 1,000000001271834 1,0000000016045898 ), 0
( 0,9999999994673539 1,0000000012729966 1,0000000016048372 ), 0
( 0,9999999994663447 1,000000001265977 1,000000001599182 ), 0
( 0,999999999465837 1,0000000012623151 1,0000000015970727 ), 0
( 0,9999999994619757 1,000000001267576 1,0000000016048136 ), 0
( 0,9999999994668448 1,0000000012821328 1,0000000016104045 ), 0
( 0,9999999994662568 1,0000000012739516 1,0000000016036805 ), 0
( 0,9999999994681903 1,0000000012619705 1,0000000016007535 ), 0
( 0,9999999994719139 1,0000000012696353 1,000000001594872 ), 0
( 0,9999999994653455 1,0000000012669772 1,0000000016018067 ), 0
( 0,999999999466925 1,0000000012601242 1,0000000015974806 ), 0
( 0,9999999994609919 1,0000000012675279 1,0000000016012844 ), 0
( 0,9999999994600266 1,00000000125992 1,0000000015967097 ), 0
( 0,999999999466594 1,0000000012586754 1,000000001602851 ), 0
( 0,9999999994620516 1,0000000012663923 1,0000000016011197 ), 0
( 0,9999999994657534 1,000000001264095 1,0000000016007344 ), 0
( 0,9999999994709649 1,0000000012694141 1,0000000016026251 ), 0
( 0,999999999466872 1,0000000012609227 1,0000000015995085 ), 0
( 0,9999999994650537 1,0000000012663486 1,0000000015979078 ), 0
( 0,9999999994643445 1,0000000012776644 1,0000000016102752 ), 0
( 0,999999999466219 1,0000000012707218 1,0000000016005042 ), 0
( 0,9999999994631846 1,0000000012742218 1,0000000016080128 ), 0
( 0,9999999994660609 1,0000000012604395 1,0000000016030473 ), 0
( 0,9999999994688907 1,0000000012632748 1,0000000016012411 ), 0
( 0,9999999994686494 1,0000000012778525 1,0000000016138426 ), 0
( 0,9999999994675917 1,0000000012662458 1,0000000015949215 ), 0
( 0,9999999994652176 1,0000000012650747 1,0000000015960537 ), 0
( 0,9999999994705737 1,0000000012730563 1,0000000015997235 ), 0
( 0,9999999994651465 1,0000000012692596 1,0000000016048747 ), 0
( 0,9999999994654625 1,0000000012821828 1,0000000016138053 ), 0
( 0,9999999994667175 1,0000000012858596 1,0000000016152726 ), 0
( 0,999999999462931 1,0000000012758967 1,0000000016073716 ), 0
( 0,9999999994681525 1,000000001272002 1,0000000016005974 ), 0
( 0,999999999466026 1,0000000012718726 1,0000000016057646 ), 0
( 0,9999999994677756 1,0000000012753554 1,0000000016066994 ), 0
( 0,9999999994673127 1,0000000012702703 1,0000000016000814 ), 0
( 0,9999999994648917 1,0000000012671861 1,0000000015980015 ), 0
( 0,9999999994674017 1,0000000012709143 1,0000000016061295 ), 0
( 0,9999999994648999 1,0000000012703483 1,000000001592808 ), 0
( 0,9999999994688548 1,0000000012759167 1,0000000016076556 ), 0
( 0,9999999994677946 1,0000000012706525 1,0000000015980288 ), 0
( 0,9999999994623288 1,0000000012730577 1,0000000016003898 ), 0
( 0,9999999994669114 1,000000001281049 1,0000000016109565 ), 0
( 0,9999999994686933 1,0000000012684656 1,0000000015991968 ), 0
( 0,9999999994711783 1,0000000012670893 1,0000000016038348 ), 0
( 0,999999999463207 1,0000000012658687 1,0000000015933037 ), 0
( 0,999999999462321 1,0000000012640928 1,000000001597147 ), 0
( 0,9999999994672255 1,0000000012709618 1,0000000016039687 ), 0
( 0,9999999994685964 1,000000001265491 1,0000000015944517 ), 0
( 0,9999999994677478 1,0000000012671928 1,0000000015995418 ), 0
( 0,9999999994667198 1,0000000012726615 1,0000000016040809 ), 0
( 0,9999999994608494 1,0000000012462464 1,0000000015983301 ), 0
( 0,9999999994664786 1,0000000012687658 1,000000001599392 ), 0
( 0,9999999994657736 1,0000000012712036 1,0000000015992856 ), 0
( 0,9999999994686077 1,000000001258807 1,0000000015904214 ), 0
( 0,9999999994678894 1,0000000012729673 1,0000000016045292 ), 0
( 0,9999999994697525 1,0000000012823167 1,00000000162629 ), 0
( 0,9999999994699927 1,000000001271139 1,000000001601423 ), 0
( 0,9999999994698022 1,0000000012790142 1,0000000016132033 ), 0
( 0,9999999994648147 1,0000000012599137 1,000000001605795 ), 0
( 0,9999999994686934 1,000000001267741 1,0000000015988013 ), 0
( 0,9999999994708187 1,0000000012683654 1,0000000016117658 ), 0
( 0,9999999994714984 1,0000000012707047 1,0000000016043773 ), 0
( 0,9999999994679156 1,0000000012614256 1,000000001595208 ), 0
( 0,9999999994672051 1,000000001260555 1,0000000015929844 ), 0
( 0,9999999994676894 1,0000000012657304 1,0000000015990365 ), 0
( 0,999999999467029 1,0000000012667434 1,00000000159647 ), 0
( 0,9999999994640071 1,000000001272191 1,0000000015935788 ), 0
( 0,9999999994684081 1,000000001277718 1,0000000016141068 ), 0
( 0,9999999994667065 1,000000001265758 1,0000000016034547 ), 0
( 0,9999999994662571 1,00000000126545 1,0000000016026283 ), 0
( 0,9999999994666051 1,000000001266443 1,000000001598031 ), 0
( 0,9999999994638268 1,0000000012758434 1,0000000016073358 ), 0
( 0,9999999994633503 1,000000001266662 1,0000000016017399 ), 0
( 0,9999999994685287 1,0000000012564438 1,0000000015830852 ), 0
( 0,9999999994666623 1,0000000012707009 1,0000000016031143 ), 0
( 0,9999999994681611 1,000000001267122 1,0000000015996375 ), 0
( 0,9999999994671764 1,0000000012697197 1,0000000016066386 ), 0
( 0,9999999994669708 1,0000000012743917 1,0000000016040582 ), 0
( 0,9999999994699598 1,000000001265757 1,000000001601178 ), 0
( 0,999999999469323 1,0000000012718817 1,000000001602408 ), 0
( 0,9999999994698816 1,0000000012661299 1,0000000015907622 ), 0
( 0,9999999994699307 1,0000000012621615 1,0000000016026356 ), 0
( 0,9999999994708199 1,000000001267338 1,0000000015977444 ), 0
( 0,9999999994617942 1,000000001275451 1,0000000016055781 ), 0
( 0,9999999994624543 1,0000000012675536 1,0000000016103427 ), 0
( 0,9999999994644904 1,0000000012458374 1,0000000015801742 ), 0
( 0,9999999994661077 1,0000000012630368 1,0000000016020312 ), 0
( 0,9999999994668602 1,0000000012656527 1,0000000016013635 ), 0
( 0,9999999994662009 1,0000000012616608 1,000000001601066 ), 0
( 0,9999999994660672 1,0000000012724108 1,0000000015992776 ), 0
( 0,9999999994625134 1,0000000012707762 1,0000000016047739 ), 0
( 0,9999999994674689 1,0000000012730497 1,0000000016084365 ), 0
( 0,9999999994646868 1,0000000012654284 1,0000000016007746 ), 0
( 0,9999999994679172 1,0000000012601338 1,0000000015944304 ), 0
( 0,9999999994632537 1,0000000012678578 1,0000000016080737 ), 0
( 0,9999999994631074 1,0000000012647727 1,0000000016048411 ), 0
( 0,9999999994675797 1,0000000012737162 1,0000000016038333 ), 0
( 0,9999999994642197 1,0000000012715013 1,000000001599482 ), 0
( 0,9999999994653491 1,0000000012739443 1,00000000160743 ), 0
( 0,9999999994663652 1,0000000012711943 1,0000000016027346 ), 0
( 0,999999999466594 1,0000000012630188 1,0000000015958208 ), 0
( 0,99999999946876 1,0000000012639068 1,0000000016045407 ), 0
( 0,9999999994671083 1,000000001268063 1,0000000016027626 ), 0
( 0,9999999994620952 1,0000000012638124 1,000000001598309 ), 0
( 0,9999999994661581 1,000000001265959 1,0000000015962622 ), 0
( 0,9999999994651588 1,000000001265428 1,0000000016022403 ), 0
( 0,9999999994666369 1,0000000012631862 1,0000000016017925 ), 0
( 0,9999999994689371 1,0000000012666206 1,0000000016131074 ), 0
( 0,9999999994683542 1,000000001259985 1,0000000016015242 ), 0
( 0,9999999994676315 1,0000000012642198 1,0000000015912942 ), 0
( 0,9999999994683827 1,0000000012683807 1,0000000016019215 ), 0
( 0,999999999466694 1,0000000012577512 1,000000001591512 ), 0
( 0,9999999994680258 1,000000001272119 1,0000000016044648 ), 0
( 0,9999999994651463 1,000000001268037 1,0000000016004074 ), 0
( 0,9999999994673398 1,0000000012660684 1,0000000015995518 ), 0
( 0,9999999994672363 1,0000000012676338 1,0000000015939654 ), 0
( 0,9999999994661948 1,0000000012757868 1,0000000016055746 ), 0
( 0,9999999994664613 1,0000000012632304 1,000000001595584 ), 0
( 0,9999999994685159 1,000000001267352 1,0000000015953878 ), 0
( 0,9999999994698956 1,0000000012713817 1,000000001606276 ), 0
( 0,999999999467574 1,000000001269855 1,0000000015993924 ), 0
( 0,999999999465009 1,000000001274243 1,0000000016127817 ), 0
( 0,9999999994650147 1,0000000012689407 1,0000000016019095 ), 0
( 0,9999999994647928 1,000000001269088 1,0000000016007473 ), 0
( 0,9999999994646475 1,0000000012716812 1,0000000015984705 ), 0
( 0,9999999994664039 1,0000000012684573 1,000000001606933 ), 0
( 0,999999999471728 1,0000000012581067 1,0000000015927188 ), 0
( 0,9999999994661499 1,0000000012690373 1,0000000016065076 ), 0
( 0,9999999994660318 1,0000000012698549 1,0000000016021238 ), 0
( 0,9999999994711065 1,000000001274173 1,0000000016098762 ), 0
( 0,9999999994638151 1,000000001271202 1,0000000016067276 ), 0
( 0,9999999994679577 1,0000000012701242 1,0000000016031172 ), 0
( 0,9999999994677649 1,0000000012620032 1,000000001593364 ), 0
( 0,9999999994680547 1,0000000012724737 1,0000000016016004 ), 0
( 0,9999999994685681 1,000000001265127 1,0000000015995634 ), 0
( 0,9999999994650669 1,0000000012714658 1,0000000015994968 ), 0
( 0,9999999994678082 1,000000001269451 1,0000000016033617 ), 0
( 0,9999999994644917 1,0000000012775172 1,00000000161667 ), 0
( 0,9999999994653455 1,0000000012653445 1,0000000015928745 ), 0
( 0,9999999994673584 1,0000000012619203 1,0000000015927584 ), 0
( 0,9999999994690816 1,0000000012754078 1,0000000016069281 ), 0
( 0,9999999994663591 1,0000000012704044 1,000000001599348 ), 0
( 0,9999999994651305 1,0000000012742623 1,000000001609697 ), 0
( 0,999999999466616 1,0000000012683343 1,00000000160027 ), 0
( 0,9999999994601236 1,0000000012759174 1,0000000016090917 ), 0
( 0,9999999994640606 1,000000001271527 1,0000000016053225 ), 0
( 0,9999999994562453 1,0000000012664132 1,0000000016016402 ), 0
( 0,9999999994612014 1,0000000012589036 1,0000000015992303 ), 0
( 0,9999999994632598 1,0000000012711354 1,0000000016051547 ), 0
( 0,9999999994653761 1,0000000012712313 1,000000001606298 ), 0
( 0,9999999994615618 1,0000000012705963 1,0000000016034127 ), 0
( 0,9999999994657448 1,0000000012661543 1,0000000015942143 ), 0
( 0,9999999994684379 1,0000000012726997 1,0000000015995207 ), 0
( 0,9999999994659731 1,0000000012683115 1,000000001607876 ), 0
( 0,9999999994709399 1,0000000012708943 1,000000001593922 ), 0
( 0,9999999994663767 1,0000000012691987 1,000000001600014 ), 0
( 0,9999999994672008 1,0000000012633683 1,000000001596789 ), 0
( 0,9999999994657321 1,0000000012660768 1,0000000015975845 ), 0
( 0,9999999994643488 1,0000000012669772 1,0000000016050947 ), 0
( 0,9999999994657686 1,000000001269652 1,0000000015934634 ), 0
( 0,9999999994661224 1,0000000012612251 1,000000001598863 ), 0
( 0,9999999994666733 1,0000000012632237 1,0000000015956716 ), 0
( 0,9999999994678558 1,0000000012720314 1,0000000016060566 ), 0
( 0,9999999994637224 1,000000001260958 1,0000000015958521 ), 0
( 0,9999999994629958 1,0000000012689825 1,000000001602864 ), 0
( 0,9999999994685905 1,0000000012701789 1,0000000016028923 ), 0
( 0,9999999994657287 1,000000001267962 1,000000001602628 ), 0
( 0,9999999994660032 1,000000001260372 1,000000001596969 ), 0
( 0,9999999994716383 1,000000001265164 1,0000000016105344 ), 0
( 0,9999999994701051 1,0000000012692158 1,000000001604784 ), 0
( 0,9999999994725446 1,0000000012605195 1,00000000159497 ), 0
( 0,9999999994646708 1,0000000012716859 1,0000000016010036 ), 0
( 0,9999999994642444 1,0000000012554298 1,0000000015879364 ), 0
( 0,999999999469859 1,0000000012696393 1,0000000016050345 ), 0
( 0,9999999994707457 1,0000000012728627 1,0000000016001553 ), 0
( 0,9999999994683357 1,0000000012623778 1,0000000015934718 ), 0
( 0,9999999994659617 1,0000000012701822 1,0000000016006003 ), 0
( 0,9999999994689446 1,0000000012689338 1,0000000015983337 ), 0
( 0,9999999994674509 1,000000001256259 1,0000000015961852 ), 0
( 0,9999999994705059 1,0000000012754988 1,000000001612003 ), 0
( 0,9999999994685245 1,0000000012748629 1,0000000016062767 ), 0
( 0,9999999994667079 1,0000000012744714 1,0000000016088508 ), 0
( 0,999999999468867 1,0000000012707666 1,0000000016016488 ), 0
( 0,9999999994675248 1,0000000012708752 1,000000001604821 ), 0
( 0,9999999994667859 1,0000000012716854 1,000000001606239 ), 0
( 0,9999999994672968 1,000000001267167 1,0000000016008466 ), 0
( 0,9999999994659641 1,0000000012677628 1,0000000016004498 ), 0
( 0,9999999994621146 1,000000001262172 1,0000000015971275 ), 0
( 0,9999999994671527 1,0000000012612018 1,0000000016000623 ), 0
( 0,9999999994701241 1,0000000012735255 1,0000000016042236 ), 0
( 0,9999999994671268 1,0000000012662296 1,0000000016008566 ), 0
( 0,9999999994647348 1,0000000012698465 1,00000000159447 ), 0
( 0,9999999994647524 1,0000000012693373 1,0000000016045336 ), 0
( 0,9999999994704686 1,0000000012714283 1,0000000015947708 ), 0
( 0,9999999994679766 1,000000001262802 1,000000001597529 ), 0
( 0,9999999994669482 1,0000000012700339 1,000000001600548 ), 0
( 0,9999999994637411 1,0000000012684567 1,0000000015922335 ), 0
( 0,9999999994637392 1,0000000012732342 1,0000000016062078 ), 0
( 0,9999999994657032 1,0000000012721604 1,0000000016126493 ), 0
( 0,9999999994659284 1,000000001267939 1,0000000016050135 ), 0
( 0,9999999994667643 1,000000001269699 1,0000000015999126 ), 0
( 0,9999999994657326 1,000000001267796 1,0000000015971557 ), 0
( 0,9999999994643191 1,0000000012763048 1,0000000016071924 ), 0
( 0,999999999463426 1,0000000012694834 1,00000000160209 ), 0
( 0,9999999994664474 1,0000000012682393 1,0000000016010395 ), 0
( 0,9999999994676023 1,0000000012669827 1,000000001597458 ), 0
( 0,999999999469612 1,0000000012721906 1,0000000015992856 ), 0
( 0,9999999994672305 1,0000000012733945 1,0000000016014368 ), 0
( 0,999999999472311 1,0000000012596602 1,000000001595911 ), 0
( 0,9999999994664486 1,0000000012772938 1,000000001612337 ), 0
( 0,9999999994665256 1,000000001268402 1,0000000016062685 ), 0
( 0,9999999994674681 1,0000000012752475 1,0000000016055421 ), 0
( 0,9999999994677776 1,0000000012680303 1,000000001596735 ), 0
( 0,9999999994636665 1,0000000012658639 1,0000000016072725 ), 0
( 0,9999999994665144 1,000000001269946 1,0000000015929027 ), 0
( 0,9999999994702926 1,0000000012719394 1,00000000160064 ), 0
( 0,9999999994663247 1,0000000012667656 1,0000000016009523 ), 0
( 0,9999999994669915 1,0000000012693835 1,0000000016032358 ), 0
( 0,999999999465385 1,000000001275538 1,0000000016064876 ), 0
( 0,9999999994656148 1,0000000012711483 1,0000000016004946 ), 0
( 0,9999999994715061 1,0000000012798018 1,000000001609791 ), 0
( 0,9999999994680469 1,0000000012652954 1,0000000016026607 ), 0
( 0,9999999994642585 1,000000001271007 1,0000000016107706 ), 0
( 0,9999999994639874 1,0000000012679775 1,0000000015922197 ), 0
( 0,9999999994652692 1,0000000012616672 1,000000001601363 ), 0
( 0,9999999994679637 1,0000000012710923 1,000000001603723 ), 0
( 0,9999999994728005 1,000000001266246 1,0000000016011044 ), 0
( 0,9999999994693043 1,0000000012697767 1,0000000016048862 ), 0
( 0,9999999994654146 1,0000000012706942 1,0000000016023665 ), 0
( 0,999999999461166 1,0000000012712331 1,0000000016109265 ), 0
( 0,9999999994630919 1,0000000012718313 1,0000000016033994 ), 0
( 0,9999999994632711 1,0000000012683927 1,0000000016148054 ), 0
( 0,9999999994664126 1,0000000012683816 1,0000000016060324 ), 0
( 0,9999999994620627 1,0000000012738413 1,000000001606321 ), 0
( 0,9999999994694998 1,0000000012695431 1,0000000016020665 ), 0
( 0,9999999994641413 1,000000001264674 1,000000001597431 ), 0
( 0,9999999994656541 1,000000001263648 1,0000000016055655 ), 0
( 0,9999999994697589 1,0000000012707273 1,00000000160228 ), 0
( 0,9999999994694415 1,0000000012720738 1,0000000016050374 ), 0
( 0,9999999994686174 1,000000001268993 1,00000000159929 ), 0
( 0,9999999994649799 1,0000000012671508 1,0000000015975452 ), 0
( 0,9999999994663009 1,000000001272709 1,000000001605592 ), 0
( 0,9999999994679967 1,000000001272288 1,0000000016059971 ), 0
( 0,999999999466429 1,000000001271604 1,000000001606754 ), 0
( 0,999999999468425 1,0000000012666952 1,000000001597271 ), 0
( 0,9999999994695791 1,0000000012764265 1,0000000016086792 ), 0
( 0,9999999994669172 1,0000000012685444 1,0000000015975214 ), 0
( 0,9999999994616463 1,0000000012784114 1,000000001607792 ), 0
( 0,9999999994641426 1,000000001272448 1,0000000016037471 ), 0
( 0,9999999994647844 1,0000000012648953 1,0000000015982864 ), 0
( 0,9999999994663594 1,0000000012690218 1,0000000016017845 ), 0
( 0,9999999994680582 1,0000000012697285 1,0000000016042943 ), 0
( 0,9999999994691601 1,0000000012760981 1,0000000016127926 ), 0
( 0,9999999994677113 1,0000000012586188 1,000000001597864 ), 0
( 0,9999999994627827 1,0000000012702592 1,0000000016060988 ), 0
( 0,99999999946345 1,0000000012671089 1,000000001603106 ), 0
( 0,999999999471218 1,0000000012722488 1,0000000016048962 ), 0
( 0,9999999994661463 1,000000001274144 1,0000000016019983 ), 0
( 0,9999999994650599 1,000000001269554 1,00000000160088 ), 0
( 0,9999999994652856 1,0000000012724921 1,0000000016086557 ), 0
( 0,9999999994671492 1,000000001262132 1,0000000015976134 ), 0
( 0,9999999994618348 1,0000000012827586 1,0000000016170332 ), 0
( 0,9999999994630138 1,0000000012750143 1,0000000016112942 ), 0
( 0,9999999994674074 1,0000000012629495 1,0000000016007424 ), 0
( 0,9999999994632361 1,0000000012665993 1,0000000015973696 ), 0
( 0,9999999994702081 1,0000000012660897 1,0000000015972335 ), 0
( 0,999999999470415 1,0000000012660257 1,000000001594772 ), 0
( 0,9999999994653636 1,0000000012697372 1,0000000016163948 ), 0
( 0,9999999994607458 1,0000000012837942 1,000000001619337 ), 0
( 0,9999999994623754 1,0000000012610355 1,000000001592235 ), 0
( 0,9999999994711718 1,0000000012593135 1,000000001601301 ), 0
( 0,9999999994657677 1,0000000012672636 1,0000000015975197 ), 0
( 0,9999999994696891 1,0000000012688022 1,000000001598936 ), 0
( 0,9999999994676264 1,0000000012185077 1,0000000015489032 ), 0
( 0,999999999466533 1,0000000012648387 1,0000000016007315 ), 0
( 0,9999999994666977 1,0000000012560297 1,0000000015892285 ), 0
( 0,9999999994611528 1,0000000012711465 1,0000000016031363 ), 0
( 0,9999999994695663 1,0000000012750558 1,0000000016017634 ), 0
( 0,999999999469125 1,000000001179391 1,0000000015117871 ), 0
( 0,9999999994640374 1,0000000012707404 1,0000000016035882 ), 0
( 0,9999999994654046 1,000000001267657 1,0000000016054875 ), 0
( 0,9999999994657406 1,0000000012665 1,000000001600988 ), 0
( 0,999999999465401 1,0000000012665335 1,000000001600355 ), 0
( 0,9999999994640201 1,0000000012642773 1,0000000016025656 ), 0
( 0,9999999994645229 1,0000000012714463 1,000000001608859 ), 0
( 0,9999999994660251 1,0000000012677965 1,0000000016006145 ), 0
( 0,9999999994619609 1,000000001274752 1,000000001612241 ), 0
( 0,9999999994687706 1,0000000012694017 1,0000000016010189 ), 0
( 0,999999999469407 1,0000000012698513 1,000000001607512 ), 0
( 0,999999999466773 1,0000000012716836 1,0000000016025474 ), 0
( 0,9999999994648401 1,0000000012642614 1,0000000016026507 ), 0
( 0,9999999994695964 1,00000000126432 1,0000000015945631 ), 0
( 0,9999999994645541 1,0000000012669994 1,0000000016022463 ), 0
( 0,999999999467522 1,0000000012743848 1,000000001609226 ), 0
( 0,9999999994649497 1,0000000012664287 1,000000001600416 ), 0
( 0,9999999994678608 1,0000000012672077 1,0000000016033725 ), 0
( 0,9999999994673137 1,000000001269956 1,0000000016001211 ), 0
( 0,9999999994630265 1,0000000012670773 1,0000000015982893 ), 0
( 0,9999999994672829 1,000000001273296 1,0000000016092077 ), 0
( 0,9999999994682108 1,0000000012781392 1,000000001601779 ), 0
( 0,9999999994653136 1,000000001272117 1,0000000016006239 ), 0
( 0,9999999994666114 1,0000000012689692 1,0000000016042818 ), 0
( 0,999999999471531 1,0000000012755845 1,000000001605152 ), 0
( 0,9999999994618127 1,000000001273919 1,0000000016136275 ), 0
( 0,9999999994687726 1,0000000012743369 1,0000000016017645 ), 0
( 0,9999999994749004 1,0000000012713128 1,0000000016072836 ), 0
( 0,9999999994564576 1,0000000012688564 1,0000000016020185 ), 0
( 0,9999999994635332 1,0000000012745462 1,0000000016070927 ), 0
( 0,9999999994645971 1,000000001262318 1,0000000016064374 ), 0
( 0,9999999994675265 1,0000000012729038 1,00000000160192 ), 0
( 0,9999999994641927 1,0000000012619754 1,0000000015996098 ), 0
( 0,999999999465363 1,0000000012635997 1,0000000015996418 ), 0
( 0,9999999994640055 1,0000000012709314 1,0000000016066763 ), 0
( 0,9999999994659647 1,000000001269508 1,0000000016055481 ), 0
( 0,9999999994661611 1,000000001269517 1,000000001603749 ), 0
( 0,9999999994664821 1,0000000012691652 1,000000001604306 ), 0
( 0,9999999994676062 1,0000000012616654 1,000000001603003 ), 0
( 0,9999999994671755 1,0000000012645966 1,000000001597664 ), 0
( 0,9999999994673553 1,0000000012709562 1,0000000016040924 ), 0
( 0,9999999994666017 1,0000000012733148 1,000000001604988 ), 0
( 0,9999999994665281 1,0000000012771597 1,0000000016057247 ), 0
( 0,9999999994662049 1,0000000012624188 1,000000001592133 ), 0
( 0,9999999994648904 1,0000000012697183 1,0000000015947055 ), 0
( 0,9999999994687143 1,0000000012630188 1,0000000015969783 ), 0
( 0,9999999994699886 1,0000000012707662 1,0000000016046853 ), 0
( 0,999999999463728 1,0000000012747747 1,0000000015903365 ), 0
( 0,9999999994667722 1,0000000012711816 1,000000001602722 ), 0
( 0,9999999994684219 1,000000001279202 1,0000000016082342 ), 0
( 0,9999999994671579 1,0000000012670007 1,0000000015968424 ), 0
( 0,99999999946899 1,0000000012586985 1,0000000015897819 ), 0
( 0,9999999994692066 1,000000001259251 1,000000001589805 ), 0
( 0,9999999994674744 1,000000001270705 1,0000000015998554 ), 0
( 0,99999999946657 1,0000000012587211 1,0000000015989887 ), 0
( 0,9999999994677716 1,000000001265134 1,0000000015971122 ), 0
( 0,9999999994657075 1,0000000012689438 1,0000000015967727 ), 0
( 0,9999999994678693 1,0000000012696175 1,0000000016000192 ), 0
( 0,9999999994674421 1,0000000012684596 1,0000000015980317 ), 0
( 0,9999999994636583 1,000000001262629 1,0000000015996011 ), 0
( 0,9999999994653093 1,00000000126159 1,0000000015919084 ), 0
( 0,9999999994665402 1,0000000012646617 1,000000001601429 ), 0
( 0,999999999462475 1,000000001265603 1,0000000016030535 ), 0
( 0,9999999994673853 1,000000001270525 1,0000000015997121 ), 0
( 0,9999999994655757 1,0000000012726964 1,0000000016033674 ), 0
( 0,9999999994667 1,0000000012712171 1,0000000016049533 ), 0
( 0,9999999994657269 1,0000000012723407 1,0000000016088637 ), 0
( 0,9999999994636362 1,0000000012658974 1,0000000016055746 ), 0
( 0,9999999994617678 1,0000000012712815 1,0000000016037653 ), 0
( 0,9999999994674008 1,0000000012731196 1,000000001597623 ), 0
( 0,99999999947139 1,000000001258092 1,0000000016004826 ), 0
( 0,9999999994631539 1,0000000012631074 1,000000001601623 ), 0
( 0,9999999994687075 1,0000000012685692 1,0000000016013901 ), 0
( 0,9999999994644981 1,0000000012740033 1,0000000016047064 ), 0
( 0,9999999994670139 1,0000000012631258 1,000000001595459 ), 0
( 0,9999999994620941 1,0000000012690677 1,0000000016058614 ), 0
( 0,9999999994688935 1,0000000012735888 1,0000000016035655 ), 0
( 0,9999999994655999 1,0000000012684314 1,000000001602742 ), 0
( 0,9999999994655692 1,000000001259806 1,0000000015980177 ), 0
( 0,9999999994694934 1,000000001271127 1,0000000016006092 ), 0
( 0,9999999994674184 1,0000000012756607 1,0000000016067356 ), 0
( 0,9999999994672991 1,0000000012784753 1,0000000016123323 ), 0
( 0,9999999994659036 1,0000000012716523 1,0000000016053845 ), 0
( 0,9999999994650655 1,000000001265532 1,0000000016008912 ), 0
( 0,9999999994679909 1,0000000012700745 1,0000000016021917 ), 0
( 0,9999999994646925 1,00000000126047 1,00000000160549 ), 0
( 0,999999999467132 1,0000000012659076 1,000000001596064 ), 0
( 0,9999999994635173 1,0000000012708254 1,0000000016049286 ), 0
( 0,9999999994665425 1,000000001259401 1,0000000015988095 ), 0
( 0,9999999994697488 1,0000000012744434 1,0000000016046269 ), 0
( 0,9999999994689219 1,0000000012647474 1,0000000015982027 ), 0
( 0,9999999994665857 1,0000000012707075 1,0000000016109074 ), 0
( 0,9999999994632186 1,0000000012644257 1,000000001600985 ), 0
( 0,9999999994671265 1,0000000012699675 1,0000000016039603 ), 0
( 0,9999999994678062 1,0000000012679826 1,0000000016042485 ), 0
( 0,9999999994688238 1,0000000012753514 1,0000000016007724 ), 0
( 0,999999999465475 1,0000000012631738 1,0000000015953694 ), 0
( 0,9999999994627209 1,0000000012665002 1,0000000016018877 ), 0
( 0,9999999994649224 1,0000000012715584 1,0000000016045332 ), 0
( 0,9999999994638902 1,0000000012666745 1,000000001603322 ), 0
( 0,9999999994685657 1,000000001259938 1,0000000016032236 ), 0
( 0,9999999994698575 1,0000000012647559 1,0000000016076374 ), 0
( 0,9999999994683736 1,0000000012486026 1,0000000015879258 ), 0
( 0,9999999994658565 1,0000000012642165 1,0000000015968302 ), 0
( 0,9999999994668314 1,0000000012621875 1,0000000016001238 ), 0
( 0,9999999994682143 1,0000000012668073 1,0000000016025528 ), 0
( 0,9999999994679789 1,0000000012681498 1,0000000016052872 ), 0
( 0,9999999994674496 1,0000000012706505 1,000000001599939 ), 0
( 0,999999999466915 1,000000001268955 1,00000000160571 ), 0
( 0,9999999994695655 1,0000000012734125 1,0000000016049102 ), 0
( 0,9999999994660115 1,0000000012708765 1,0000000016039072 ), 0
( 0,9999999994704507 1,0000000012646906 1,00000000160384 ), 0
( 0,99999999946132 1,0000000012714318 1,0000000016020805 ), 0
( 0,9999999994666408 1,0000000012665262 1,0000000015982962 ), 0
( 0,9999999994677062 1,0000000012682084 1,000000001598676 ), 0
( 0,9999999994698417 1,0000000012657282 1,000000001605747 ), 0
( 0,9999999994633156 1,0000000012654051 1,000000001601861 ), 0
( 0,9999999994612382 1,0000000012678778 1,000000001610066 ), 0
( 0,9999999994644028 1,0000000012729002 1,000000001608129 ), 0
( 0,9999999994670082 1,0000000012731733 1,0000000016118877 ), 0
( 0,9999999994617028 1,0000000012661325 1,0000000016049417 ), 0
( 0,9999999994701284 1,0000000012592762 1,000000001591966 ), 0
( 0,9999999994658756 1,0000000012683394 1,0000000016065185 ), 0
( 0,9999999994640567 1,0000000012634016 1,0000000016012538 ), 0
( 0,9999999994673114 1,0000000012742998 1,0000000016026447 ), 0
( 0,9999999994693226 1,0000000012726218 1,000000001617791 ), 0
( 0,9999999994678553 1,0000000012614856 1,0000000016006836 ), 0
( 0,9999999994661025 1,0000000012680519 1,000000001604043 ), 0
( 0,9999999994731763 1,0000000012686199 1,0000000015974004 ), 0
( 0,9999999994667178 1,0000000012688994 1,0000000016021175 ), 0
( 0,9999999994687188 1,0000000012720254 1,0000000016025794 ), 0
( 0,9999999994648524 1,0000000012679784 1,0000000016040353 ), 0
( 0,9999999994666827 1,0000000012625434 1,0000000015984905 ), 0
( 0,9999999994637079 1,0000000012679986 1,0000000015944703 ), 0
( 0,9999999994647399 1,0000000012765162 1,000000001611819 ), 0
( 0,9999999994675715 1,0000000012780326 1,0000000016033301 ), 0
( 0,9999999994689045 1,0000000012635368 1,0000000016052148 ), 0
( 0,9999999994610165 1,0000000012647625 1,0000000015983945 ), 0
( 0,9999999994642346 1,0000000012696406 1,0000000016085473 ), 0
( 0,9999999994649033 1,000000001266923 1,0000000015939652 ), 0
( 0,9999999994727216 1,0000000012703867 1,0000000015978707 ), 0
( 0,9999999994634309 1,0000000012713852 1,0000000015986295 ), 0
( 0,9999999994664301 1,0000000012712658 1,0000000016074733 ), 0
( 0,9999999994671169 1,0000000012712922 1,0000000015967374 ), 0
( 0,9999999994633983 1,0000000012631112 1,0000000016061985 ), 0
( 0,9999999994673149 1,000000001268196 1,0000000015975143 ), 0
( 0,9999999994651476 1,0000000012727308 1,0000000016023942 ), 0
( 0,9999999994607652 1,0000000012693713 1,000000001598368 ), 0
( 0,9999999994661325 1,00000000126811 1,0000000016000326 ), 0
( 0,9999999994623576 1,0000000012707146 1,000000001599316 ), 0
( 0,9999999994659219 1,0000000012640526 1,0000000015934245 ), 0
( 0,9999999994721409 1,0000000012756547 1,000000001601821 ), 0
( 0,9999999994637839 1,0000000012686032 1,000000001603731 ), 0
( 0,9999999994674688 1,0000000012710455 1,0000000016071782 ), 0
( 0,9999999994697553 1,0000000012582233 1,0000000015890642 ), 0
( 0,9999999994680779 1,0000000012689383 1,0000000016026593 ), 0
( 0,999999999464291 1,0000000012806052 1,0000000016132051 ), 0
( 0,9999999994661908 1,0000000012744894 1,000000001622525 ), 0
( 0,9999999994668836 1,0000000012720303 1,0000000016064252 ), 0
( 0,9999999994681331 1,0000000012633719 1,000000001594637 ), 0
( 0,9999999994650319 1,0000000012577046 1,000000001592259 ), 0
( 0,999999999467197 1,0000000012643206 1,0000000015964592 ), 0
( 0,9999999994700296 1,000000001271288 1,0000000015996702 ), 0
( 0,9999999994619642 1,0000000012450776 1,0000000015786417 ), 0
( 0,99999999946577 1,0000000012640875 1,000000001603983 ), 0
( 0,9999999994691716 1,0000000012644417 1,0000000015966348 ), 0
( 0,9999999994703286 1,0000000012619337 1,0000000015986144 ), 0
( 0,9999999994700345 1,0000000012708454 1,000000001602875 ), 0
( 0,9999999994648415 1,000000001235721 1,0000000015686183 ), 0
( 0,9999999994684919 1,0000000012617138 1,0000000015994195 ), 0
( 0,9999999994686012 1,0000000012670234 1,000000001591995 ), 0
( 0,9999999994708192 1,0000000012744388 1,0000000016053927 ), 0
( 0,9999999994655032 1,0000000012718682 1,0000000016210255 ), 0
( 0,9999999994685558 1,0000000012693244 1,000000001610477 ), 0
( 0,9999999994654636 1,0000000012741759 1,000000001608335 ), 0
( 0,9999999994711575 1,0000000012720018 1,000000001598316 ), 0
( 0,9999999994648048 1,0000000012691321 1,0000000015927115 ), 0
( 0,9999999994674454 1,000000001267283 1,0000000015916712 ), 0
( 0,9999999994722039 1,0000000012506176 1,0000000016016148 ), 0
( 0,9999999994705804 1,0000000012619017 1,0000000016012707 ), 0
( 0,9999999994697641 1,000000001276128 1,0000000016085007 ), 0
( 0,9999999994697265 1,0000000012692143 1,0000000016098247 ), 0
( 0,9999999994581952 1,0000000012676369 1,0000000016038708 ), 0
( 0,9999999994631389 1,000000001253977 1,0000000015967379 ), 0
( 0,9999999994673262 1,000000001276412 1,000000001612567 ), 0
( 0,99999999946622 1,0000000012644688 1,000000001598545 ), 0
( 0,9999999994648117 1,0000000012631831 1,0000000015983308 ), 0
( 0,9999999994692251 1,0000000012755514 1,0000000016135837 ), 0
( 0,9999999994622232 1,0000000012756858 1,0000000016073372 ), 0
( 0,9999999994700305 1,0000000012631882 1,0000000016009423 ), 0
( 0,9999999994688286 1,000000001271286 1,00000000160285 ), 0
( 0,9999999994659107 1,0000000012704946 1,0000000016068327 ), 0
( 0,9999999994674983 1,0000000012756773 1,0000000016131365 ), 0
( 0,9999999994646758 1,000000001271185 1,000000001602113 ), 0
( 0,9999999994625823 1,0000000012749442 1,0000000016215114 ), 0
( 0,9999999994674491 1,0000000012699946 1,0000000016039292 ), 0
( 0,9999999994658471 1,000000001262679 1,0000000015992376 ), 0
( 0,9999999994689636 1,0000000012664003 1,0000000016000448 ), 0
( 0,9999999994668871 1,000000001268721 1,0000000016002053 ), 0
( 0,9999999994620707 1,000000001276802 1,0000000016184338 ), 0
( 0,9999999994685576 1,0000000012788979 1,000000001623031 ), 0
( 0,9999999994660479 1,0000000012341987 1,0000000015708166 ), 0
( 0,9999999994641309 1,0000000012718568 1,0000000015995465 ), 0
( 0,9999999994680953 1,0000000012644834 1,0000000015975476 ), 0
( 0,9999999994658613 1,0000000012525374 1,0000000015914534 ), 0
( 0,9999999994708106 1,0000000012669776 1,0000000015979718 ), 0
( 0,999999999469563 1,00000000126624 1,000000001600621 ), 0
( 0,9999999994674683 1,0000000012665187 1,0000000016016277 ), 0
( 0,9999999994661428 1,0000000012634462 1,0000000015992025 ), 0
( 0,9999999994661342 1,0000000012713015 1,0000000016020505 ), 0
( 0,9999999994665421 1,0000000012639159 1,0000000016004262 ), 0
( 0,9999999994703421 1,000000001276999 1,000000001606002 ), 0
( 0,9999999994675065 1,00000000127271 1,0000000015983026 ), 0
( 0,9999999994664363 1,0000000012694186 1,0000000016019999 ), 0
( 0,9999999994675005 1,0000000012692136 1,0000000016016175 ), 0
( 0,999999999467155 1,000000001265054 1,000000001606643 ), 0
( 0,9999999994709636 1,000000001267207 1,0000000016144677 ), 0
( 0,9999999994659918 1,0000000012626598 1,000000001599749 ), 0
( 0,9999999994687814 1,0000000012656451 1,0000000015975579 ), 0
( 0,9999999994685719 1,0000000012531218 1,0000000015832249 ), 0
( 0,9999999994675113 1,0000000012712291 1,0000000016075479 ), 0
( 0,9999999994665102 1,0000000012647223 1,0000000016024626 ), 0
( 0,9999999994669251 1,00000000126812 1,0000000015975585 ), 0
( 0,9999999994696237 1,0000000012717207 1,000000001605024 ), 0
( 0,9999999994697784 1,0000000012736314 1,0000000016032873 ), 0
( 0,9999999994642539 1,0000000012706922 1,0000000016073431 ), 0
( 0,9999999994660801 1,000000001271933 1,0000000016083053 ), 0
( 0,9999999994714701 1,000000001268835 1,0000000016046005 ), 0
( 0,9999999994704682 1,0000000012692376 1,0000000016044983 ), 0
( 0,999999999461948 1,0000000012699888 1,000000001602475 ), 0
( 0,9999999994653199 1,0000000012639985 1,000000001595268 ), 0
( 0,9999999994661607 1,000000001272965 1,0000000016075266 ), 0
( 0,9999999994652434 1,0000000012648265 1,0000000015949375 ), 0
( 0,9999999994670883 1,0000000012710841 1,0000000016081334 ), 0
( 0,999999999462891 1,0000000012712584 1,0000000016075812 ), 0
( 0,9999999994692078 1,0000000012631423 1,0000000015958668 ), 0
( 0,9999999994648786 1,0000000012703538 1,0000000016016968 ), 0
( 0,9999999994652512 1,0000000012747092 1,000000001602066 ), 0
( 0,9999999994691973 1,0000000012662487 1,0000000016017796 ), 0
( 0,9999999994757641 1,0000000012758812 1,000000001596567 ), 0
( 0,9999999994671012 1,0000000012713401 1,0000000016003374 ), 0
( 0,9999999994677697 1,0000000012732608 1,0000000015956663 ), 0
( 0,9999999994690018 1,0000000012649917 1,0000000015996067 ), 0
( 0,9999999994674749 1,0000000012753076 1,0000000016000847 ), 0
( 0,9999999994635517 1,0000000012719508 1,0000000016046224 ), 0
( 0,9999999994610608 1,000000001264857 1,000000001601164 ), 0
( 0,99999999946536 1,0000000012474228 1,0000000015805108 ), 0
( 0,9999999994677042 1,0000000012673527 1,0000000016028063 ), 0
( 0,9999999994659267 1,0000000012719215 1,0000000015996946 ), 0
( 0,9999999994678623 1,0000000012706962 1,0000000016022836 ), 0
( 0,9999999994648452 1,000000001263829 1,0000000016029513 ), 0
( 0,9999999994712894 1,000000001273989 1,0000000016055657 ), 0
( 0,9999999994667128 1,0000000012710801 1,0000000016017152 ), 0
( 0,9999999994651667 1,0000000012650607 1,0000000015937107 ), 0
( 0,9999999994703482 1,0000000012689143 1,0000000016055206 ), 0
( 0,9999999994635198 1,0000000012707513 1,000000001608293 ), 0
( 0,9999999994658292 1,0000000012718615 1,0000000016107757 ), 0
( 0,9999999994693003 1,0000000012763794 1,0000000016027442 ), 0
( 0,9999999994666722 1,0000000012717756 1,000000001603419 ), 0
( 0,9999999994630814 1,0000000012718602 1,0000000016090724 ), 0
( 0,9999999994686105 1,0000000012694565 1,0000000016035882 ), 0
( 0,999999999462755 1,0000000012476482 1,0000000015979003 ), 0
( 0,9999999994649901 1,0000000012729315 1,0000000016062083 ), 0
( 0,9999999994662068 1,0000000012693455 1,0000000016056156 ), 0
( 0,9999999994674978 1,0000000012481307 1,0000000015764139 ), 0
( 0,9999999994652585 1,0000000012751455 1,0000000016106407 ), 0
( 0,9999999994683971 1,0000000012640693 1,0000000015999504 ), 0
( 0,9999999994678708 1,0000000012693968 1,000000001599026 ), 0
( 0,9999999994703637 1,0000000012680677 1,0000000016036283 ), 0
( 0,9999999994660763 1,0000000012751873 1,000000001600203 ), 0
( 0,9999999994640907 1,0000000012725658 1,0000000016037796 ), 0
( 0,999999999470738 1,0000000012590005 1,0000000015868635 ), 0
( 0,9999999994718133 1,0000000012695738 1,0000000016023054 ), 0
( 0,9999999994686433 1,000000001271126 1,0000000016028363 ), 0
( 0,9999999994645377 1,0000000012653452 1,000000001600023 ), 0
( 0,9999999994627612 1,0000000012659451 1,0000000015963464 ), 0
( 0,9999999994663122 1,0000000012710033 1,000000001605547 ), 0
( 0,9999999994623557 1,0000000012704544 1,0000000016048083 ), 0
( 0,9999999994678378 1,0000000012708083 1,0000000016101247 ), 0
( 0,999999999466558 1,0000000012723935 1,0000000016079191 ), 0
( 0,999999999469425 1,0000000012712167 1,0000000016048298 ), 0
( 0,9999999994665225 1,0000000012720802 1,0000000016085078 ), 0
( 0,9999999994661926 1,000000001272461 1,0000000016047894 ), 0
( 0,9999999994642069 1,0000000012694408 1,0000000016034554 ), 0
( 0,9999999994635829 1,000000001270474 1,0000000016070414 ), 0
( 0,9999999994650461 1,0000000012563695 1,0000000015816328 ), 0
( 0,9999999994662819 1,0000000012745258 1,0000000016025914 ), 0
( 0,9999999994690321 1,000000001271589 1,0000000015995927 ), 0
( 0,999999999466176 1,0000000012612102 1,0000000015975554 ), 0
( 0,9999999994691671 1,0000000012675359 1,0000000015960726 ), 0
( 0,9999999994678713 1,0000000012699688 1,000000001600802 ), 0
( 0,9999999994693088 1,0000000012733188 1,0000000016000028 ), 0
( 0,9999999994669969 1,000000001275673 1,0000000016068047 ), 0
( 0,9999999994659625 1,0000000012700179 1,0000000016009587 ), 0
( 0,9999999994648933 1,0000000012682746 1,0000000016074808 ), 0
( 0,9999999994718982 1,000000001259086 1,000000001594721 ), 0
( 0,9999999994681464 1,0000000012697574 1,000000001602362 ), 0
( 0,9999999994687183 1,0000000012763492 1,0000000016057184 ), 0
( 0,9999999994703602 1,000000001274739 1,000000001604005 ), 0
( 0,9999999994704496 1,000000001271053 1,0000000015968182 ), 0
( 0,9999999994690435 1,000000001264221 1,000000001596422 ), 0
( 0,9999999994642995 1,0000000012767933 1,0000000016100092 ), 0
( 0,9999999994663589 1,0000000012700114 1,0000000016006818 ), 0
( 0,9999999994669813 1,0000000012677357 1,0000000016010862 ), 0
( 0,9999999994685178 1,000000001276499 1,000000001607618 ), 0
( 0,9999999994697545 1,0000000012668162 1,0000000015901185 ), 0
( 0,9999999994704025 1,0000000012732788 1,00000000160172 ), 0
( 0,999999999463639 1,0000000012679993 1,000000001601747 ), 0
( 0,9999999994657105 1,000000001272551 1,0000000016060864 ), 0
( 0,9999999994679604 1,000000001249386 1,000000001581094 ), 0
( 0,9999999994657147 1,0000000012725503 1,0000000016071264 ), 0
( 0,9999999994635114 1,000000001270699 1,0000000016029342 ), 0
( 0,9999999994682602 1,000000001266585 1,0000000015971953 ), 0
( 0,9999999994704362 1,0000000012657273 1,000000001607895 ), 0
( 0,9999999994668776 1,000000001262261 1,0000000015982549 ), 0
( 0,9999999994634172 1,0000000012672363 1,000000001597619 ), 0
( 0,9999999994668569 1,0000000012702708 1,0000000016000403 ), 0
( 0,9999999994655387 1,0000000012722232 1,0000000016032495 ), 0
( 0,999999999464532 1,0000000012654573 1,0000000015993513 ), 0
( 0,9999999994692576 1,0000000012701047 1,000000001597803 ), 0
( 0,999999999461582 1,000000001268215 1,0000000016073574 ), 0
( 0,9999999994688985 1,0000000012755839 1,00000000160989 ), 0
( 0,9999999994669222 1,0000000012677623 1,000000001598868 ), 0
( 0,999999999467509 1,0000000012696322 1,0000000016036676 ), 0
( 0,9999999994670905 1,0000000012725236 1,0000000016007005 ), 0
( 0,9999999994694945 1,0000000012393795 1,0000000015715358 ), 0
( 0,9999999994691063 1,0000000012652035 1,0000000016019437 ), 0
( 0,9999999994638076 1,0000000012689498 1,0000000016049362 ), 0
( 0,99999999946535 1,0000000012674155 1,000000001602399 ), 0
( 0,999999999463341 1,0000000012676102 1,0000000016043578 ), 0
( 0,9999999994655888 1,0000000012600567 1,0000000016039468 ), 0
( 0,9999999994582396 1,0000000012705081 1,0000000016091084 ), 0
( 0,9999999994703714 1,0000000012588923 1,000000001597638 ), 0
( 0,9999999994651627 1,0000000012687613 1,0000000016022625 ), 0
( 0,999999999466251 1,000000001267467 1,0000000016054935 ), 0
( 0,9999999994683353 1,000000001267403 1,0000000016002908 ), 0
( 0,9999999994643787 1,0000000012744839 1,0000000016115458 ), 0
( 0,9999999994695228 1,0000000012755654 1,0000000016096566 ), 0
( 0,9999999994665448 1,0000000012653587 1,0000000015997954 ), 0
( 0,9999999994616311 1,0000000012833516 1,0000000016107518 ), 0
( 0,9999999994680853 1,000000001265753 1,0000000016029595 ), 0
( 0,9999999994691475 1,000000001265214 1,0000000015991617 ), 0
( 0,9999999994663291 1,0000000012728336 1,0000000016028057 ), 0
( 0,9999999994644565 1,0000000012683088 1,0000000016038508 ), 0
( 0,9999999994706964 1,0000000012730903 1,0000000016013886 ), 0
( 0,9999999994673641 1,000000001262423 1,0000000016029826 ), 0
( 0,9999999994691376 1,0000000012650785 1,0000000015930628 ), 0
( 0,9999999994635125 1,0000000012755228 1,0000000016041062 ), 0
( 0,9999999994696778 1,000000001272552 1,0000000016147668 ), 0
( 0,9999999994679925 1,0000000012758026 1,0000000016126072 ), 0
( 0,9999999994682269 1,000000001263748 1,0000000015944628 ), 0
( 0,9999999994668537 1,0000000012734076 1,0000000016049662 ), 0
( 0,9999999994651032 1,0000000012722687 1,0000000016000081 ), 0
( 0,9999999994662822 1,0000000012747434 1,0000000016027635 ), 0
( 0,9999999994663576 1,0000000012665686 1,0000000015996073 ), 0
( 0,999999999463689 1,0000000012730317 1,0000000016128852 ), 0
( 0,999999999457066 1,0000000012668457 1,0000000016097113 ), 0
( 0,9999999994652049 1,0000000012717853 1,000000001598977 ), 0
( 0,999999999466067 1,000000001263292 1,0000000016019261 ), 0
( 0,9999999994641082 1,0000000012681183 1,000000001599771 ), 0
( 0,9999999994645511 1,000000001259245 1,0000000015845574 ), 0
( 0,9999999994688781 1,000000001265607 1,0000000015977077 ), 0
( 0,9999999994665787 1,0000000012691712 1,0000000016022594 ), 0
( 0,9999999994664585 1,0000000012717396 1,0000000016076247 ), 0
( 0,9999999994645488 1,0000000012743717 1,0000000016041217 ), 0
( 0,9999999994714567 1,0000000012744945 1,0000000016059596 ), 0
( 0,9999999994699195 1,0000000012611994 1,000000001589976 ), 0
( 0,9999999994658976 1,0000000012691483 1,0000000015956223 ), 0
( 0,9999999994705886 1,0000000012760766 1,0000000016072184 ), 0
( 0,9999999994670272 1,0000000012566697 1,0000000015920365 ), 0
( 0,9999999994656722 1,0000000012731574 1,0000000016039745 ), 0
( 0,9999999994680961 1,000000001269823 1,0000000016020607 ), 0
( 0,9999999994714889 1,0000000012714025 1,000000001606955 ), 0
( 0,9999999994678143 1,000000001270751 1,0000000016031028 ), 0
( 0,9999999994661044 1,0000000012663637 1,0000000016014514 ), 0
( 0,9999999994674508 1,000000001263451 1,0000000016020025 ), 0
( 0,9999999994651423 1,0000000012676251 1,0000000015941448 ), 0
( 0,9999999994663682 1,0000000012657229 1,0000000015969712 ), 0
( 0,999999999464277 1,000000001270616 1,0000000016064288 ), 0
( 0,9999999994659466 1,0000000012727197 1,000000001601757 ), 0
( 0,999999999467497 1,0000000012578736 1,0000000015930413 ), 0
( 0,9999999994674666 1,000000001257604 1,000000001586387 ), 0
( 0,9999999994683484 1,0000000012691206 1,000000001598649 ), 0
( 0,9999999994648362 1,000000001263611 1,0000000015981676 ), 0
( 0,9999999994668595 1,0000000012663435 1,0000000015976476 ), 0
( 0,9999999994717634 1,0000000012679942 1,0000000016002004 ), 0
( 0,9999999994688457 1,000000001275751 1,0000000016082293 ), 0
( 0,9999999994678397 1,000000001269943 1,0000000016078665 ), 0
( 0,9999999994625662 1,000000001268157 1,0000000016050958 ), 0
( 0,9999999994648229 1,000000001268865 1,0000000016031616 ), 0
( 0,9999999994646178 1,0000000012701589 1,0000000016043842 ), 0
( 0,9999999994660815 1,000000001269692 1,000000001608909 ), 0
( 0,9999999994652665 1,0000000012699637 1,0000000016022297 ), 0
( 0,999999999467945 1,0000000012655916 1,0000000016034616 ), 0
( 0,999999999467905 1,0000000012705905 1,0000000016013197 ), 0
( 0,999999999469314 1,0000000012572674 1,0000000015953312 ), 0
Liczba wywoa funkcji celu: 151075
