Iteracja nr: 69
( 0,9999999994675166 1,0000000012741077 1,0000000016047745 ), 0
( 0,9999999994737429 1,0000000012660082 1,0000000015910884 ), 0
( 0,9999999994708005 1,0000000012593697 1,0000000016107269 ), 0
( 0,9999999994702311 1,0000000012534356 1,0000000015831663 ), 0
( 0,9999999994667239 1,0000000012710353 1,0000000016050707 ), 0
( 0,9999999994584949 1,0000000012688326 1,0000000016090598 ), 0
( 0,9999999994638303 1,0000000012789094 1,0000000016013886 ), 0
( 0,9999999994710089 1,0000000012706547 1,0000000016022699 ), 0
( 0,9999999994608333 1,0000000012725114 1,0000000016056807 ), 0
( 0,9999999994691602 1,0000000012666417 1,0000000016099144 ), 0
( 0,9999999994600635 1,0000000012674084 1,0000000016052824 ), 0
( 0,9999999994589635 1,0000000012798953 1,00000000161217 ), 0
( 0,9999999994755205 1,0000000012642523 1,000000001603318 ), 0
( 0,9999999994629577 1,0000000012881654 1,0000000016151283 ), 0
( 0,9999999994572145 1,0000000012929657 1,000000001623026 ), 0
( 0,9999999994665019 1,0000000012814663 1,0000000016102142 ), 0
( 0,9999999994635145 1,0000000012764771 1,0000000016077903 ), 0
( 0,9999999994681716 1,0000000012725427 1,0000000016051387 ), 0
( 0,9999999994698106 1,0000000012634958 1,0000000015948323 ), 0
( 0,9999999994598668 1,0000000012771995 1,000000001607209 ), 0
( 0,9999999994621173 1,000000001272236 1,000000001601295 ), 0
( 0,9999999994711553 1,0000000012678347 1,0000000016035762 ), 0
( 0,9999999994749462 1,0000000012848238 1,0000000016178785 ), 0
( 0,9999999994723429 1,0000000012707781 1,0000000015903314 ), 0
( 0,9999999994602211 1,000000001266864 1,000000001597233 ), 0
( 0,9999999994628861 1,0000000012723205 1,0000000015971358 ), 0
( 0,9999999994515308 1,0000000012637382 1,0000000016082964 ), 0
( 0,9999999994613337 1,0000000012744048 1,0000000016085526 ), 0
( 0,9999999994855804 1,0000000012873869 1,0000000015936479 ), 0
( 0,9999999994707934 1,0000000012631276 1,0000000016100166 ), 0
( 0,9999999994578244 1,0000000012515027 1,0000000015869313 ), 0
( 0,9999999994619502 1,000000001277066 1,000000001622034 ), 0
( 0,9999999994779225 1,0000000012687829 1,0000000015986694 ), 0
( 0,9999999994723688 1,0000000012648884 1,0000000015990709 ), 0
( 0,9999999994649201 1,0000000012767658 1,0000000016078687 ), 0
( 0,9999999994675214 1,0000000012576105 1,0000000016042452 ), 0
( 0,999999999456884 1,000000001263972 1,0000000016417185 ), 0
( 0,9999999994774237 1,0000000012674788 1,0000000015933213 ), 0
( 0,9999999994711269 1,0000000012857404 1,000000001621555 ), 0
( 0,999999999465331 1,0000000012777939 1,00000000159834 ), 0
( 0,9999999994665691 1,000000001267153 1,0000000016132733 ), 0
( 0,9999999994523353 1,0000000012695913 1,0000000016230273 ), 0
( 0,9999999994560811 1,0000000012428893 1,0000000015705173 ), 0
( 0,9999999994567577 1,0000000012618044 1,000000001586967 ), 0
( 0,9999999994705191 1,0000000012741357 1,000000001593746 ), 0
( 0,9999999994663394 1,00000000127636 1,0000000016048307 ), 0
( 0,9999999994622115 1,0000000012872239 1,0000000016055215 ), 0
( 0,9999999994659773 1,0000000012848398 1,0000000016294643 ), 0
( 0,999999999460509 1,0000000012747867 1,0000000016052364 ), 0
( 0,9999999994692632 1,0000000012810661 1,000000001604104 ), 0
( 0,9999999994589014 1,000000001244578 1,0000000016150579 ), 0
( 0,9999999994633605 1,0000000012713712 1,000000001588699 ), 0
( 0,9999999994715525 1,000000001261864 1,0000000016066888 ), 0
( 0,9999999994689632 1,0000000012717036 1,0000000015865487 ), 0
( 0,999999999464566 1,0000000012720582 1,0000000016064061 ), 0
( 0,9999999994643795 1,0000000012714612 1,0000000016135888 ), 0
( 0,9999999994700678 1,0000000012715808 1,0000000016039554 ), 0
( 0,9999999994807975 1,0000000012757395 1,0000000016092179 ), 0
( 0,9999999994572508 1,000000001263582 1,0000000015857766 ), 0
( 0,9999999994658353 1,0000000012350538 1,0000000015580106 ), 0
( 0,9999999994661962 1,0000000012742059 1,0000000015956696 ), 0
( 0,9999999994594051 1,0000000012713233 1,0000000016263648 ), 0
( 0,9999999994588518 1,0000000012731034 1,0000000016035062 ), 0
( 0,9999999994665977 1,000000001258874 1,0000000015971908 ), 0
( 0,9999999994594239 1,000000001270389 1,0000000015999342 ), 0
( 0,9999999994736558 1,0000000012887311 1,0000000016196917 ), 0
( 0,9999999994740935 1,0000000012849177 1,0000000016156552 ), 0
( 0,9999999994612118 1,0000000012683345 1,0000000016088244 ), 0
( 0,9999999994612987 1,0000000012536425 1,0000000016032793 ), 0
( 0,9999999994526921 1,000000001273432 1,0000000016100137 ), 0
( 0,9999999994643184 1,0000000012637202 1,000000001602191 ), 0
( 0,9999999994691653 1,0000000012793693 1,0000000016182164 ), 0
( 0,9999999994538212 1,0000000012800772 1,000000001609017 ), 0
( 0,999999999468285 1,0000000012700934 1,0000000015989918 ), 0
( 0,9999999994708763 1,0000000012822046 1,000000001601187 ), 0
( 0,9999999994883015 1,0000000012687071 1,0000000015932726 ), 0
( 0,9999999994654013 1,0000000012636838 1,0000000015940858 ), 0
( 0,9999999994706157 1,0000000012771983 1,0000000015883466 ), 0
( 0,999999999464549 1,0000000012622148 1,000000001593604 ), 0
( 0,9999999994639758 1,0000000012555785 1,000000001598985 ), 0
( 0,9999999994667538 1,0000000012645718 1,0000000016150432 ), 0
( 0,9999999994539687 1,0000000012283976 1,000000001584218 ), 0
( 0,9999999994710128 1,0000000012766408 1,000000001600966 ), 0
( 0,9999999994717166 1,0000000012682522 1,000000001576348 ), 0
( 0,9999999994660436 1,0000000012824128 1,0000000016141863 ), 0
( 0,9999999994592693 1,0000000012603947 1,0000000015909045 ), 0
( 0,9999999994670938 1,000000001282536 1,0000000016039385 ), 0
( 0,9999999994644424 1,000000001274161 1,0000000015963895 ), 0
( 0,9999999994712031 1,0000000012838985 1,0000000016124384 ), 0
( 0,9999999994569212 1,0000000012744037 1,000000001607846 ), 0
( 0,9999999994768027 1,0000000012570704 1,0000000015798864 ), 0
( 0,9999999994711681 1,000000001264846 1,0000000016088173 ), 0
( 0,9999999994647509 1,0000000012843067 1,0000000016263026 ), 0
( 0,999999999468205 1,000000001300925 1,0000000016281354 ), 0
( 0,9999999994713804 1,0000000012601593 1,0000000015956971 ), 0
( 0,999999999455107 1,000000001276203 1,0000000016205024 ), 0
( 0,9999999994560245 1,0000000012798467 1,0000000016123165 ), 0
( 0,999999999472547 1,0000000012623813 1,0000000016114408 ), 0
( 0,9999999994604234 1,000000001263405 1,0000000015923538 ), 0
( 0,9999999994730535 1,0000000012910908 1,0000000016198367 ), 0
( 0,9999999994629156 1,0000000012570265 1,0000000015830255 ), 0
( 0,999999999470025 1,0000000012609045 1,0000000016037471 ), 0
( 0,9999999994555525 1,000000001268442 1,0000000015842765 ), 0
( 0,9999999994695913 1,0000000012642845 1,00000000161678 ), 0
( 0,9999999994621713 1,0000000012560293 1,0000000016019628 ), 0
( 0,9999999994645851 1,000000001275224 1,0000000015998227 ), 0
( 0,9999999994577132 1,0000000012701056 1,0000000016030186 ), 0
( 0,9999999994627798 1,0000000012761547 1,00000000161499 ), 0
( 0,9999999994600538 1,0000000012827044 1,0000000016258817 ), 0
( 0,9999999994575384 1,000000001265859 1,0000000016107606 ), 0
( 0,9999999994706891 1,0000000012520929 1,000000001584334 ), 0
( 0,9999999994686923 1,0000000012392303 1,0000000015826374 ), 0
( 0,9999999994752159 1,0000000012604295 1,000000001586714 ), 0
( 0,9999999994707954 1,0000000012884493 1,000000001628189 ), 0
( 0,999999999466678 1,000000001261748 1,0000000016134973 ), 0
( 0,999999999455336 1,0000000012775438 1,0000000016148296 ), 0
( 0,999999999468613 1,000000001248773 1,0000000015838548 ), 0
( 0,9999999994725468 1,000000001281483 1,0000000016345603 ), 0
( 0,9999999994641214 1,0000000012747927 1,0000000016070119 ), 0
( 0,9999999994745273 1,0000000012627348 1,0000000015916406 ), 0
( 0,9999999994763151 1,000000001257936 1,0000000016006931 ), 0
( 0,9999999994674369 1,0000000012745593 1,0000000016061945 ), 0
( 0,9999999994631649 1,0000000012778094 1,0000000016071733 ), 0
( 0,9999999994586095 1,0000000012886645 1,0000000016279655 ), 0
( 0,9999999994620408 1,0000000012544705 1,000000001602141 ), 0
( 0,9999999994636523 1,0000000012612904 1,0000000016011132 ), 0
( 0,9999999994682588 1,0000000012600379 1,0000000016171149 ), 0
( 0,9999999994626486 1,0000000012809467 1,0000000016270523 ), 0
( 0,9999999994680402 1,0000000012511774 1,0000000016014274 ), 0
( 0,9999999994666386 1,0000000012591013 1,000000001587894 ), 0
( 0,9999999994570387 1,0000000012768187 1,0000000016098165 ), 0
( 0,9999999994659241 1,000000001261485 1,00000000159452 ), 0
( 0,9999999994694913 1,0000000012618795 1,0000000015988093 ), 0
( 0,9999999994647895 1,0000000012802888 1,0000000015983614 ), 0
( 0,9999999994724578 1,0000000012685126 1,0000000015937909 ), 0
( 0,9999999994639004 1,0000000012751364 1,000000001619751 ), 0
( 0,9999999994565578 1,0000000012558288 1,000000001597855 ), 0
( 0,999999999469307 1,0000000012846524 1,0000000016005555 ), 0
( 0,9999999994573407 1,000000001260787 1,000000001594514 ), 0
( 0,999999999460776 1,000000001269939 1,0000000016192427 ), 0
( 0,9999999994668061 1,0000000012628552 1,0000000015793962 ), 0
( 0,9999999994859715 1,0000000012577033 1,0000000016064796 ), 0
( 0,9999999994550565 1,0000000012902661 1,0000000016231843 ), 0
( 0,9999999994668861 1,0000000012568893 1,0000000015978985 ), 0
( 0,9999999994671191 1,0000000012610648 1,000000001599768 ), 0
( 0,9999999994657371 1,0000000012668073 1,0000000015784711 ), 0
( 0,9999999994666882 1,0000000012515942 1,0000000015962174 ), 0
( 0,9999999994699339 1,000000001270597 1,000000001610665 ), 0
( 0,9999999994669796 1,000000001263725 1,0000000015948285 ), 0
( 0,9999999994546106 1,0000000012681187 1,0000000015957469 ), 0
( 0,999999999451567 1,000000001270225 1,0000000015853219 ), 0
( 0,9999999994558866 1,00000000126962 1,0000000016061272 ), 0
( 0,9999999994600429 1,0000000012744652 1,0000000015901132 ), 0
( 0,9999999994656377 1,0000000012632777 1,0000000015987462 ), 0
( 0,9999999994623597 1,0000000012658752 1,0000000015952828 ), 0
( 0,9999999994623687 1,0000000012602577 1,0000000016015624 ), 0
( 0,9999999994690899 1,0000000012692964 1,000000001604514 ), 0
( 0,9999999994704669 1,0000000012684092 1,000000001593431 ), 0
( 0,9999999994723312 1,0000000012915462 1,0000000016214767 ), 0
( 0,9999999994624149 1,000000001260981 1,0000000015918555 ), 0
( 0,9999999994491445 1,0000000012579133 1,000000001583939 ), 0
( 0,9999999994770294 1,0000000012676755 1,0000000016041783 ), 0
( 0,9999999994636184 1,0000000012840873 1,0000000016213921 ), 0
( 0,9999999994653835 1,0000000012782795 1,0000000016129469 ), 0
( 0,999999999451534 1,0000000012657042 1,0000000015816497 ), 0
( 0,9999999994617692 1,0000000012800274 1,0000000015942871 ), 0
( 0,9999999994688247 1,000000001258864 1,0000000016158752 ), 0
( 0,9999999994734541 1,0000000012628314 1,0000000016082666 ), 0
( 0,9999999994610999 1,0000000012614596 1,0000000015923132 ), 0
( 0,9999999994627905 1,0000000012545127 1,0000000016006456 ), 0
( 0,9999999994679821 1,0000000012485983 1,0000000016039277 ), 0
( 0,9999999994751683 1,0000000012690788 1,0000000015863746 ), 0
( 0,9999999994713443 1,000000001266527 1,0000000016156547 ), 0
( 0,9999999994643866 1,0000000012686798 1,0000000016090913 ), 0
( 0,9999999994659774 1,000000001268417 1,000000001612661 ), 0
( 0,9999999994702437 1,0000000012682368 1,000000001607016 ), 0
( 0,9999999994495333 1,0000000012819306 1,0000000016279214 ), 0
( 0,9999999994726896 1,0000000012796928 1,000000001602064 ), 0
( 0,9999999994543716 1,0000000012983872 1,0000000016052657 ), 0
( 0,999999999469958 1,000000001271096 1,0000000015921031 ), 0
( 0,9999999994879161 1,000000001257789 1,000000001589546 ), 0
( 0,9999999994825216 1,0000000012610124 1,0000000015934962 ), 0
( 0,99999999946774 1,0000000012779304 1,000000001595246 ), 0
( 0,9999999994746788 1,0000000012792831 1,0000000015849138 ), 0
( 0,9999999994643035 1,0000000012693928 1,0000000016056247 ), 0
( 0,9999999994544202 1,0000000012558798 1,0000000015885009 ), 0
( 0,9999999994625114 1,000000001280117 1,0000000015985249 ), 0
( 0,9999999994700978 1,0000000013103052 1,0000000016302684 ), 0
( 0,9999999994748275 1,0000000012617953 1,0000000016002173 ), 0
( 0,9999999994640766 1,0000000012828063 1,0000000016208768 ), 0
( 0,9999999994623705 1,0000000012839092 1,0000000016086366 ), 0
( 0,9999999994662256 1,0000000012612722 1,0000000016071229 ), 0
( 0,999999999455193 1,0000000012769013 1,0000000016176491 ), 0
( 0,9999999994667736 1,0000000012842298 1,0000000015934085 ), 0
( 0,9999999994594695 1,0000000012675565 1,0000000016190205 ), 0
( 0,999999999466399 1,0000000012682344 1,0000000016108903 ), 0
( 0,9999999994608043 1,0000000012641435 1,000000001605504 ), 0
( 0,9999999994708055 1,0000000012730954 1,0000000016090942 ), 0
( 0,999999999475053 1,0000000012631856 1,000000001586347 ), 0
( 0,9999999994686523 1,000000001272402 1,0000000016061716 ), 0
( 0,9999999994663296 1,0000000013031238 1,0000000016284243 ), 0
( 0,9999999994739709 1,0000000012641874 1,0000000016037052 ), 0
( 0,9999999994566551 1,0000000012691181 1,0000000016097617 ), 0
( 0,9999999994720683 1,0000000012355472 1,0000000015578379 ), 0
( 0,9999999994581482 1,000000001257512 1,0000000015950457 ), 0
( 0,9999999994585997 1,0000000012848136 1,0000000016026303 ), 0
( 0,9999999994645954 1,0000000012406483 1,0000000015835502 ), 0
( 0,9999999994701135 1,0000000012878254 1,0000000016086907 ), 0
( 0,9999999994632852 1,0000000012622745 1,0000000016110357 ), 0
( 0,9999999994598988 1,0000000012853583 1,0000000016149175 ), 0
( 0,9999999994686679 1,0000000012738472 1,000000001605651 ), 0
( 0,9999999994655258 1,0000000012476091 1,0000000016122519 ), 0
( 0,9999999994752253 1,000000001294339 1,0000000016332833 ), 0
( 0,9999999994720581 1,0000000012659467 1,0000000016063884 ), 0
( 0,9999999994678824 1,0000000012581765 1,0000000015938395 ), 0
( 0,9999999994671699 1,0000000012765116 1,0000000016117396 ), 0
( 0,9999999994667901 1,0000000012607817 1,000000001594078 ), 0
( 0,999999999460445 1,0000000012589603 1,0000000015789288 ), 0
( 0,9999999994654223 1,000000001270097 1,000000001597494 ), 0
( 0,9999999994593352 1,0000000012794041 1,000000001615032 ), 0
( 0,9999999994711619 1,0000000012766546 1,0000000016082555 ), 0
( 0,9999999994690952 1,0000000012599506 1,0000000015920838 ), 0
( 0,9999999994647435 1,000000001259817 1,00000000162028 ), 0
( 0,9999999994766494 1,0000000012716643 1,000000001610043 ), 0
( 0,9999999994662474 1,0000000012727093 1,0000000016013937 ), 0
( 0,9999999994656619 1,0000000012624781 1,0000000015943882 ), 0
( 0,9999999994591895 1,0000000012743768 1,0000000015962327 ), 0
( 0,99999999945618 1,0000000012562893 1,0000000016079114 ), 0
( 0,9999999994631346 1,0000000012672725 1,0000000016048771 ), 0
( 0,9999999994735866 1,0000000012631571 1,0000000015906874 ), 0
( 0,9999999994795279 1,0000000012498498 1,0000000016014372 ), 0
( 0,9999999994672338 1,0000000012838215 1,0000000016155262 ), 0
( 0,9999999994725749 1,0000000012627608 1,000000001581916 ), 0
( 0,9999999994541127 1,0000000012825563 1,0000000016104937 ), 0
( 0,9999999994623529 1,0000000012697894 1,0000000015948556 ), 0
( 0,9999999994641484 1,000000001257423 1,000000001593234 ), 0
( 0,9999999994620783 1,000000001266755 1,000000001603651 ), 0
( 0,9999999994763736 1,000000001254748 1,0000000015949153 ), 0
( 0,9999999994742158 1,0000000012579136 1,0000000015850687 ), 0
( 0,9999999994684554 1,0000000012679364 1,0000000016141373 ), 0
( 0,9999999994600031 1,0000000012684644 1,000000001597084 ), 0
( 0,9999999994656689 1,000000001276973 1,0000000016074109 ), 0
( 0,9999999994682733 1,0000000012770442 1,000000001610183 ), 0
( 0,9999999994757828 1,000000001299926 1,0000000016456492 ), 0
( 0,9999999994718838 1,0000000012462018 1,0000000015925279 ), 0
( 0,9999999994585815 1,0000000012718768 1,000000001604087 ), 0
( 0,9999999994609743 1,0000000012788821 1,0000000016082147 ), 0
( 0,9999999994587949 1,0000000012707064 1,0000000015852761 ), 0
( 0,9999999994688527 1,000000001291239 1,000000001616574 ), 0
( 0,9999999994699701 1,0000000012559673 1,0000000015981545 ), 0
( 0,9999999994681059 1,0000000012745764 1,0000000016030304 ), 0
( 0,9999999994671945 1,00000000127526 1,0000000015976958 ), 0
( 0,9999999994719202 1,0000000012741541 1,0000000016038495 ), 0
( 0,9999999994780501 1,0000000012620065 1,0000000015982768 ), 0
( 0,9999999994711875 1,00000000127206 1,0000000016131505 ), 0
( 0,9999999994715417 1,0000000012636794 1,0000000015868609 ), 0
( 0,999999999464066 1,000000001248904 1,000000001584202 ), 0
( 0,999999999468649 1,0000000012783792 1,0000000015905315 ), 0
( 0,9999999994706169 1,0000000012720267 1,0000000015911232 ), 0
( 0,9999999994615141 1,0000000012729031 1,0000000016292354 ), 0
( 0,9999999994745604 1,0000000012626002 1,0000000015852426 ), 0
( 0,9999999994671355 1,0000000012701868 1,0000000016026191 ), 0
( 0,9999999994645548 1,0000000012807129 1,0000000015980144 ), 0
( 0,9999999994600863 1,0000000012721166 1,000000001599289 ), 0
( 0,9999999994572987 1,00000000125895 1,0000000015988193 ), 0
( 0,9999999994592093 1,0000000012578822 1,0000000015964186 ), 0
( 0,9999999994688753 1,0000000012771302 1,0000000015985049 ), 0
( 0,9999999994513357 1,0000000012801202 1,0000000016264963 ), 0
( 0,9999999994728039 1,000000001274632 1,0000000015996957 ), 0
( 0,9999999994732833 1,000000001272898 1,0000000016230608 ), 0
( 0,9999999994605702 1,0000000012537034 1,0000000016049517 ), 0
( 0,9999999994717514 1,0000000012773038 1,0000000016028665 ), 0
( 0,9999999994449198 1,000000001281857 1,0000000016317772 ), 0
( 0,9999999994740382 1,0000000012636026 1,0000000015886206 ), 0
( 0,9999999994645425 1,0000000012511572 1,0000000016115638 ), 0
( 0,9999999994618465 1,0000000012525416 1,0000000016002328 ), 0
( 0,9999999994686236 1,000000001253715 1,0000000015751385 ), 0
( 0,9999999994718334 1,0000000012806909 1,0000000016272539 ), 0
( 0,9999999994707515 1,0000000012548476 1,0000000015910662 ), 0
( 0,9999999994778224 1,0000000012643386 1,0000000016093935 ), 0
( 0,9999999994658804 1,00000000128002 1,0000000016200576 ), 0
( 0,9999999994662181 1,0000000012659411 1,000000001586776 ), 0
( 0,9999999994720102 1,0000000012882855 1,0000000016084971 ), 0
( 0,9999999994694977 1,000000001276 1,000000001607807 ), 0
( 0,9999999994686024 1,000000001266972 1,0000000016101616 ), 0
( 0,9999999994682008 1,000000001268162 1,000000001607203 ), 0
( 0,9999999994724479 1,000000001254918 1,0000000015814743 ), 0
( 0,9999999994723036 1,0000000012831578 1,000000001638471 ), 0
( 0,9999999994738943 1,000000001234822 1,0000000015783825 ), 0
( 0,9999999994665831 1,0000000012627688 1,000000001593342 ), 0
( 0,9999999994617564 1,0000000012566579 1,0000000015822461 ), 0
( 0,9999999994684273 1,0000000012621006 1,000000001597804 ), 0
( 0,9999999994377743 1,0000000012664174 1,0000000015792418 ), 0
( 0,9999999994642007 1,0000000012614052 1,0000000016063975 ), 0
( 0,9999999994777059 1,000000001258122 1,0000000015791988 ), 0
( 0,9999999994717832 1,0000000012813004 1,0000000015983959 ), 0
( 0,9999999994776239 1,0000000013058878 1,000000001640021 ), 0
( 0,9999999994692481 1,0000000012827959 1,0000000016098776 ), 0
( 0,9999999994784416 1,0000000012925758 1,000000001608018 ), 0
( 0,9999999994643642 1,0000000012684769 1,0000000015939567 ), 0
( 0,9999999994652531 1,000000001263918 1,0000000016091406 ), 0
( 0,9999999994676839 1,0000000012608319 1,0000000016217818 ), 0
( 0,9999999994604277 1,000000001287374 1,0000000016183166 ), 0
( 0,999999999466108 1,0000000012619794 1,0000000016113884 ), 0
( 0,9999999994600908 1,0000000012629293 1,0000000015887267 ), 0
( 0,9999999994772751 1,0000000012816288 1,0000000015949904 ), 0
( 0,9999999994578592 1,00000000127445 1,000000001603243 ), 0
( 0,9999999994659201 1,0000000012813355 1,0000000016092 ), 0
( 0,9999999994563938 1,0000000012870616 1,0000000016130113 ), 0
( 0,9999999994537474 1,0000000012733967 1,0000000015926842 ), 0
( 0,999999999467171 1,0000000012645678 1,0000000015950639 ), 0
( 0,9999999994741156 1,000000001265888 1,0000000015984083 ), 0
( 0,9999999994656088 1,0000000012710875 1,0000000016080215 ), 0
( 0,9999999994731102 1,0000000012716752 1,0000000016072372 ), 0
( 0,9999999994597402 1,0000000012830714 1,0000000016015587 ), 0
( 0,9999999994648401 1,000000001290264 1,0000000016344535 ), 0
( 0,9999999994637078 1,0000000012755685 1,0000000016035249 ), 0
( 0,999999999480492 1,000000001266523 1,0000000015991144 ), 0
( 0,9999999994645877 1,0000000012616426 1,0000000015944548 ), 0
( 0,999999999460212 1,0000000011554973 1,0000000014930381 ), 0
( 0,9999999994691815 1,0000000012618238 1,0000000016089325 ), 0
( 0,999999999460185 1,0000000012840224 1,00000000161008 ), 0
( 0,9999999994719235 1,0000000012707142 1,0000000016012627 ), 0
( 0,999999999471598 1,000000001266591 1,00000000160283 ), 0
( 0,9999999994562061 1,000000001262278 1,0000000015954524 ), 0
( 0,9999999994650687 1,0000000012819297 1,0000000016156723 ), 0
( 0,9999999994709949 1,0000000012790544 1,000000001618185 ), 0
( 0,9999999994703492 1,0000000012668848 1,000000001595238 ), 0
( 0,9999999994729082 1,0000000012604608 1,0000000015943191 ), 0
( 0,9999999994688504 1,0000000012664578 1,000000001590133 ), 0
( 0,9999999994634696 1,0000000012634565 1,0000000016007589 ), 0
( 0,9999999994627926 1,000000001258984 1,0000000015919832 ), 0
( 0,9999999994763186 1,0000000012781538 1,0000000015974242 ), 0
( 0,9999999994725074 1,0000000012613124 1,0000000015852772 ), 0
( 0,999999999468696 1,000000001273856 1,0000000016150448 ), 0
( 0,9999999994549991 1,000000001241857 1,000000001567511 ), 0
( 0,9999999994700457 1,0000000012442705 1,0000000015658776 ), 0
( 0,9999999994638055 1,0000000012663006 1,000000001610572 ), 0
( 0,9999999994608602 1,0000000012787618 1,0000000016264763 ), 0
( 0,9999999994486457 1,0000000012538226 1,0000000016154498 ), 0
( 0,9999999994627059 1,0000000012644514 1,0000000016099166 ), 0
( 0,9999999994534902 1,0000000012804668 1,0000000016044386 ), 0
( 0,9999999994725819 1,0000000012929942 1,0000000016062514 ), 0
( 0,9999999994769788 1,0000000012544314 1,0000000015994077 ), 0
( 0,9999999994582375 1,0000000012517332 1,0000000015832349 ), 0
( 0,9999999994791602 1,0000000012725911 1,0000000015996324 ), 0
( 0,9999999994578697 1,0000000012814896 1,000000001603059 ), 0
( 0,9999999994681286 1,0000000012576402 1,0000000015994759 ), 0
( 0,9999999994737809 1,0000000012461432 1,0000000015843482 ), 0
( 0,9999999994674816 1,0000000012796522 1,0000000016064297 ), 0
( 0,9999999994653712 1,000000001270235 1,0000000016062742 ), 0
( 0,999999999467207 1,0000000012664778 1,0000000015947939 ), 0
( 0,9999999994609807 1,0000000012879713 1,0000000016273667 ), 0
( 0,999999999459514 1,0000000012784283 1,000000001618196 ), 0
( 0,9999999994639571 1,000000001276462 1,000000001614404 ), 0
( 0,9999999994680564 1,0000000012724817 1,0000000016173232 ), 0
( 0,9999999994597047 1,0000000012854215 1,0000000016205715 ), 0
( 0,9999999994567706 1,0000000012764796 1,0000000016245456 ), 0
( 0,9999999994751629 1,000000001273943 1,0000000015935924 ), 0
( 0,9999999994615916 1,0000000012671446 1,0000000015978177 ), 0
( 0,9999999994778477 1,0000000012805577 1,0000000016187864 ), 0
( 0,999999999469269 1,0000000012597683 1,0000000015942885 ), 0
( 0,999999999474143 1,0000000012864438 1,0000000016094286 ), 0
( 0,9999999994681891 1,0000000012704906 1,0000000016122388 ), 0
( 0,9999999994663179 1,0000000012731396 1,000000001605772 ), 0
( 0,99999999947354 1,0000000009950158 1,0000000013195982 ), 0
( 0,99999999946898 1,0000000012662102 1,000000001598109 ), 0
( 0,9999999994623773 1,0000000012580068 1,0000000015942507 ), 0
( 0,9999999994743133 1,000000001262351 1,0000000015860162 ), 0
( 0,9999999994704644 1,0000000012757218 1,0000000015995705 ), 0
( 0,9999999994688091 1,0000000012681793 1,0000000015942365 ), 0
( 0,9999999994619391 1,0000000012682693 1,0000000016011288 ), 0
( 0,9999999994764068 1,0000000012730388 1,000000001601053 ), 0
( 0,9999999994762572 1,00000000125985 1,000000001591412 ), 0
( 0,9999999994618388 1,0000000012854724 1,0000000016258634 ), 0
( 0,9999999994684505 1,00000000129036 1,0000000016225048 ), 0
( 0,9999999994658816 1,0000000012574466 1,0000000015978325 ), 0
( 0,9999999994629594 1,0000000012827905 1,0000000016104864 ), 0
( 0,999999999463404 1,0000000012716246 1,0000000015908996 ), 0
( 0,9999999994682297 1,0000000012672505 1,0000000016073343 ), 0
( 0,9999999994657565 1,0000000012618033 1,0000000015988266 ), 0
( 0,9999999994769216 1,000000001273539 1,000000001593938 ), 0
( 0,9999999994669589 1,0000000012606423 1,0000000015970674 ), 0
( 0,999999999470882 1,000000001267226 1,0000000016133788 ), 0
( 0,9999999994631654 1,0000000012616457 1,0000000015976145 ), 0
( 0,9999999994595543 1,0000000012771417 1,0000000016063046 ), 0
( 0,9999999994709623 1,0000000012805887 1,0000000016103152 ), 0
( 0,9999999994613721 1,000000001276477 1,000000001621408 ), 0
( 0,9999999994711373 1,0000000012816161 1,0000000016109536 ), 0
( 0,9999999994590402 1,0000000012775692 1,0000000016257176 ), 0
( 0,9999999994708886 1,0000000012607035 1,0000000015834043 ), 0
( 0,9999999994608895 1,0000000012693349 1,0000000015971677 ), 0
( 0,9999999994710199 1,0000000012583359 1,0000000015941923 ), 0
( 0,9999999994701901 1,0000000012383385 1,0000000015802597 ), 0
( 0,9999999994637399 1,0000000012704646 1,0000000015983586 ), 0
( 0,9999999994691481 1,00000000126726 1,000000001601506 ), 0
( 0,9999999994612225 1,0000000012714592 1,0000000016018964 ), 0
( 0,9999999994641144 1,0000000012727857 1,0000000015983241 ), 0
( 0,9999999994627276 1,0000000012474115 1,0000000015970387 ), 0
( 0,9999999994657417 1,0000000012550918 1,0000000016030524 ), 0
( 0,999999999462628 1,0000000012540726 1,0000000015915846 ), 0
( 0,9999999994728024 1,0000000012670942 1,0000000015883355 ), 0
( 0,9999999994635544 1,000000001264689 1,0000000015944395 ), 0
( 0,9999999994746342 1,0000000012689314 1,00000000159233 ), 0
( 0,9999999994603418 1,0000000012701253 1,0000000015975457 ), 0
( 0,9999999994658598 1,0000000012813353 1,0000000016168304 ), 0
( 0,9999999994504797 1,0000000012688532 1,0000000016139392 ), 0
( 0,9999999994696892 1,0000000012753165 1,0000000016064998 ), 0
( 0,9999999994783225 1,0000000012577155 1,0000000015858168 ), 0
( 0,9999999994738469 1,0000000012632089 1,0000000015858919 ), 0
( 0,9999999994608679 1,0000000012721868 1,0000000016052968 ), 0
( 0,9999999994664149 1,0000000012594596 1,000000001599258 ), 0
( 0,9999999994673526 1,0000000012798176 1,000000001599892 ), 0
( 0,9999999994670873 1,0000000012626413 1,0000000015971116 ), 0
( 0,9999999994640811 1,0000000012638544 1,0000000016088275 ), 0
( 0,9999999994630686 1,0000000012721366 1,000000001598308 ), 0
( 0,9999999994660784 1,0000000012731907 1,0000000016061767 ), 0
( 0,9999999994737485 1,0000000012802448 1,0000000016128627 ), 0
( 0,9999999994761133 1,0000000012762555 1,0000000016105166 ), 0
( 0,999999999459128 1,0000000012662242 1,0000000015955919 ), 0
( 0,999999999470288 1,0000000012780632 1,0000000016065493 ), 0
( 0,999999999458943 1,0000000012610735 1,000000001599181 ), 0
( 0,999999999471867 1,0000000012745616 1,0000000015989345 ), 0
( 0,9999999994738091 1,0000000012619674 1,0000000016000177 ), 0
( 0,9999999994668357 1,0000000012661676 1,0000000016016906 ), 0
( 0,9999999994759878 1,000000001274012 1,0000000015955532 ), 0
( 0,9999999994635678 1,0000000012794368 1,000000001595611 ), 0
( 0,999999999454599 1,0000000012705383 1,000000001597404 ), 0
( 0,9999999994753714 1,0000000012712356 1,000000001594676 ), 0
( 0,9999999994680939 1,0000000012570511 1,0000000015825166 ), 0
( 0,9999999994555467 1,0000000012694974 1,0000000016158366 ), 0
( 0,9999999994560405 1,0000000012691952 1,0000000015901367 ), 0
( 0,9999999994658492 1,00000000127578 1,0000000016141495 ), 0
( 0,9999999994639642 1,0000000012767498 1,000000001604857 ), 0
( 0,9999999994788733 1,0000000012655974 1,0000000015954027 ), 0
( 0,9999999994640538 1,0000000012645571 1,0000000016197645 ), 0
( 0,9999999994776232 1,000000001271389 1,000000001567562 ), 0
( 0,9999999994659311 1,0000000012508456 1,0000000015951365 ), 0
( 0,9999999994587018 1,0000000012580468 1,0000000015982966 ), 0
( 0,9999999994597094 1,000000001273461 1,0000000015841952 ), 0
( 0,9999999994609291 1,0000000012729962 1,0000000015958355 ), 0
( 0,9999999994665663 1,0000000012595667 1,0000000016101953 ), 0
( 0,9999999994665981 1,0000000012761732 1,0000000016059334 ), 0
( 0,9999999994696914 1,0000000012586279 1,0000000015915516 ), 0
( 0,9999999994696906 1,0000000012810717 1,0000000016066697 ), 0
( 0,9999999994625548 1,0000000012602814 1,0000000015935984 ), 0
( 0,9999999994734666 1,0000000012545 1,0000000016128905 ), 0
( 0,9999999994655627 1,0000000012694754 1,0000000015981536 ), 0
( 0,9999999994630638 1,0000000012724903 1,0000000016049153 ), 0
( 0,9999999994625666 1,00000000125907 1,0000000016010706 ), 0
( 0,9999999994712522 1,0000000012611066 1,0000000016081767 ), 0
( 0,9999999994683382 1,0000000012816694 1,000000001610434 ), 0
( 0,999999999463294 1,0000000012842205 1,0000000016131982 ), 0
( 0,999999999463597 1,0000000012677877 1,000000001627617 ), 0
( 0,9999999994624702 1,0000000012775787 1,0000000016168746 ), 0
( 0,9999999994681236 1,000000001264213 1,0000000015952466 ), 0
( 0,9999999994525873 1,0000000012314318 1,000000001550039 ), 0
( 0,9999999994603664 1,0000000012781654 1,000000001641168 ), 0
( 0,9999999994534101 1,000000001272444 1,0000000016007582 ), 0
( 0,9999999994692407 1,0000000012768062 1,0000000016015638 ), 0
( 0,9999999994589982 1,0000000012647765 1,0000000015998707 ), 0
( 0,9999999994681841 1,0000000012685262 1,0000000016033948 ), 0
( 0,9999999994558901 1,0000000012802597 1,0000000016158495 ), 0
( 0,9999999994665044 1,0000000012640737 1,0000000016016004 ), 0
( 0,9999999994663682 1,0000000012729047 1,0000000015977006 ), 0
( 0,9999999994588227 1,0000000012758714 1,0000000016192925 ), 0
( 0,999999999472417 1,000000001272011 1,0000000016011903 ), 0
( 0,9999999994809273 1,0000000012618033 1,0000000015939985 ), 0
( 0,9999999994817825 1,000000001153421 1,0000000014798043 ), 0
( 0,999999999469892 1,0000000012721135 1,0000000016077797 ), 0
( 0,9999999994564764 1,0000000012677257 1,0000000016089559 ), 0
( 0,9999999994701857 1,0000000012783237 1,0000000016171884 ), 0
( 0,999999999477136 1,000000001269086 1,0000000015959987 ), 0
( 0,9999999994655236 1,0000000012696955 1,0000000016017232 ), 0
( 0,9999999994681137 1,000000001262543 1,0000000015994797 ), 0
( 0,9999999994799519 1,0000000012715546 1,0000000015891484 ), 0
( 0,9999999994663848 1,0000000012672865 1,0000000016045665 ), 0
( 0,9999999994651674 1,0000000012721144 1,000000001607555 ), 0
( 0,9999999994595564 1,0000000012781365 1,0000000016079749 ), 0
( 0,9999999994755093 1,000000001256274 1,000000001595582 ), 0
( 0,9999999994728649 1,0000000012917796 1,0000000015942825 ), 0
( 0,9999999994639849 1,0000000012594374 1,0000000016092523 ), 0
( 0,9999999994663887 1,0000000012753203 1,000000001612685 ), 0
( 0,9999999994651753 1,0000000012687358 1,000000001594808 ), 0
( 0,9999999994669921 1,0000000012650232 1,0000000016120554 ), 0
( 0,9999999994674513 1,0000000012544934 1,0000000015985833 ), 0
( 0,9999999994722885 1,0000000012695158 1,0000000015945867 ), 0
( 0,9999999994709211 1,0000000012734271 1,0000000015944461 ), 0
( 0,9999999994531209 1,0000000012907508 1,0000000016283166 ), 0
( 0,9999999994770592 1,0000000012902361 1,0000000016269073 ), 0
( 0,9999999994579735 1,00000000127387 1,0000000016144954 ), 0
( 0,9999999994739822 1,0000000012789652 1,0000000016164847 ), 0
( 0,9999999994650605 1,0000000012808503 1,0000000016112556 ), 0
( 0,9999999994549212 1,0000000012680152 1,0000000015948844 ), 0
( 0,9999999994597639 1,000000001255249 1,0000000015939565 ), 0
( 0,9999999994750537 1,0000000012604566 1,0000000016145203 ), 0
( 0,9999999994645199 1,0000000012771681 1,000000001626513 ), 0
( 0,9999999994624755 1,0000000012661872 1,0000000015957773 ), 0
( 0,9999999994641954 1,0000000012889285 1,0000000016131891 ), 0
( 0,9999999994626616 1,0000000012454198 1,000000001609876 ), 0
( 0,9999999994669775 1,000000001279126 1,0000000016021584 ), 0
( 0,999999999466181 1,0000000012675336 1,0000000016144144 ), 0
( 0,9999999994723602 1,0000000012638224 1,0000000015858868 ), 0
( 0,9999999994773462 1,000000001252762 1,0000000015898705 ), 0
( 0,9999999994627358 1,0000000012543748 1,0000000016059822 ), 0
( 0,9999999994745152 1,0000000012153327 1,0000000015425141 ), 0
( 0,999999999460789 1,000000001287598 1,0000000016129946 ), 0
( 0,9999999994621814 1,000000001260611 1,0000000015902488 ), 0
( 0,9999999994650485 1,0000000012758912 1,0000000016161925 ), 0
( 0,9999999994613118 1,0000000012725863 1,000000001606898 ), 0
( 0,9999999994580986 1,0000000012763801 1,0000000016162984 ), 0
( 0,9999999994686692 1,0000000012581634 1,000000001598773 ), 0
( 0,9999999994743484 1,0000000012751658 1,0000000015978396 ), 0
( 0,9999999994656535 1,0000000012676062 1,00000000159504 ), 0
( 0,9999999994608133 1,0000000012647052 1,0000000016332602 ), 0
( 0,999999999469777 1,0000000012737247 1,0000000016086528 ), 0
( 0,9999999994708518 1,000000001281581 1,0000000016127992 ), 0
( 0,9999999994806422 1,000000001270318 1,0000000015915962 ), 0
( 0,9999999994753657 1,0000000012275145 1,0000000015781905 ), 0
( 0,9999999994669718 1,000000001277062 1,0000000016094044 ), 0
( 0,9999999994618843 1,000000001264024 1,0000000016223642 ), 0
( 0,9999999994600375 1,0000000012682302 1,0000000016052804 ), 0
( 0,9999999994658408 1,000000001258491 1,0000000015880877 ), 0
( 0,9999999994542126 1,0000000012809376 1,000000001615137 ), 0
( 0,9999999994770001 1,0000000012925983 1,0000000016052772 ), 0
( 0,9999999994751008 1,000000001279216 1,0000000015994384 ), 0
( 0,999999999472501 1,0000000012551087 1,000000001599298 ), 0
( 0,9999999994627261 1,0000000012710861 1,0000000016140536 ), 0
( 0,9999999994687436 1,0000000012644252 1,000000001596004 ), 0
( 0,9999999994695429 1,0000000012665329 1,0000000016008408 ), 0
( 0,99999999947246 1,0000000012800774 1,000000001610876 ), 0
( 0,9999999994640792 1,000000001272613 1,0000000016116095 ), 0
( 0,9999999994705494 1,0000000012826096 1,0000000016154316 ), 0
( 0,9999999994666536 1,0000000012620074 1,0000000015972645 ), 0
( 0,9999999994692678 1,0000000012591417 1,0000000015900246 ), 0
( 0,9999999994676071 1,000000001262648 1,0000000016046373 ), 0
( 0,9999999994703556 1,0000000012645407 1,0000000016085098 ), 0
( 0,999999999475743 1,0000000012757935 1,0000000016004778 ), 0
( 0,999999999471873 1,0000000012640473 1,0000000015900097 ), 0
( 0,9999999994677807 1,000000001279565 1,0000000016156845 ), 0
( 0,999999999456564 1,0000000012580592 1,0000000016138966 ), 0
( 0,999999999483554 1,000000001248271 1,0000000015842914 ), 0
( 0,9999999994613363 1,0000000012796 1,000000001618368 ), 0
( 0,9999999994614412 1,0000000012807093 1,0000000016064587 ), 0
( 0,9999999994649627 1,0000000012727364 1,0000000016058943 ), 0
( 0,9999999994716823 1,0000000012675734 1,000000001607567 ), 0
( 0,9999999994722134 1,0000000012731671 1,0000000016050479 ), 0
( 0,9999999994675373 1,0000000012759593 1,0000000016057882 ), 0
( 0,9999999994697762 1,0000000012569243 1,0000000015966861 ), 0
( 0,9999999994625787 1,0000000012662607 1,0000000015970814 ), 0
( 0,9999999994580385 1,0000000012765373 1,000000001596953 ), 0
( 0,9999999994659791 1,000000001280886 1,0000000016229078 ), 0
( 0,9999999994705905 1,00000000126627 1,0000000015893395 ), 0
( 0,999999999448525 1,0000000012704802 1,000000001607985 ), 0
( 0,9999999994683594 1,0000000012399781 1,000000001583053 ), 0
( 0,9999999994658091 1,0000000012505577 1,0000000015897732 ), 0
( 0,9999999994642821 1,0000000012639714 1,0000000016018398 ), 0
( 0,9999999994589309 1,0000000012620864 1,0000000015955102 ), 0
( 0,9999999994658451 1,000000001277206 1,0000000016118618 ), 0
( 0,9999999994669413 1,000000001268364 1,0000000016251427 ), 0
( 0,9999999994853428 1,0000000012696344 1,0000000015953059 ), 0
( 0,9999999994685558 1,0000000012468215 1,000000001580669 ), 0
( 0,9999999994629253 1,0000000012840882 1,0000000016177528 ), 0
( 0,9999999994703043 1,0000000012552999 1,0000000015742625 ), 0
( 0,9999999994630341 1,0000000012827126 1,000000001613539 ), 0
( 0,9999999994669245 1,0000000012898074 1,0000000016139363 ), 0
( 0,9999999994612627 1,0000000012731656 1,0000000016026733 ), 0
( 0,9999999994756531 1,0000000012634855 1,0000000016080626 ), 0
( 0,9999999994700428 1,0000000012691388 1,0000000015963533 ), 0
( 0,999999999474998 1,000000001262802 1,000000001592409 ), 0
( 0,9999999994735139 1,0000000012610022 1,0000000015828743 ), 0
( 0,9999999994667788 1,0000000012726957 1,0000000015875898 ), 0
( 0,9999999994697314 1,0000000012739425 1,0000000015922417 ), 0
( 0,999999999471115 1,0000000012596302 1,0000000015991382 ), 0
( 0,9999999994666284 1,0000000012750347 1,000000001607964 ), 0
( 0,9999999994736463 1,0000000012559207 1,0000000015890322 ), 0
( 0,9999999994645983 1,0000000012501555 1,000000001585547 ), 0
( 0,9999999994728314 1,000000001268695 1,000000001616921 ), 0
( 0,9999999994653386 1,0000000012714112 1,0000000016138606 ), 0
( 0,999999999469376 1,000000001256163 1,0000000015980803 ), 0
( 0,9999999994662688 1,0000000012621633 1,000000001607757 ), 0
( 0,9999999994717962 1,0000000012811527 1,0000000016149124 ), 0
( 0,9999999994658809 1,0000000012685526 1,0000000016075643 ), 0
( 0,9999999994618255 1,0000000012769195 1,0000000016176356 ), 0
( 0,9999999994636123 1,0000000012675174 1,0000000016042536 ), 0
( 0,9999999994627327 1,0000000012611496 1,0000000015971149 ), 0
( 0,9999999994684108 1,0000000012596397 1,0000000015927109 ), 0
( 0,9999999994646667 1,0000000012732397 1,000000001617338 ), 0
( 0,9999999994732091 1,0000000012671406 1,0000000015621966 ), 0
( 0,9999999994724261 1,0000000012535175 1,0000000016023183 ), 0
( 0,9999999994609239 1,0000000012742893 1,0000000016078467 ), 0
( 0,9999999994701706 1,0000000012172656 1,0000000015518722 ), 0
( 0,9999999994702599 1,000000001267523 1,0000000015820716 ), 0
( 0,9999999994668324 1,000000001268386 1,0000000016079054 ), 0
( 0,9999999994640878 1,0000000012794308 1,0000000016016457 ), 0
( 0,999999999464477 1,0000000012674084 1,0000000016119126 ), 0
( 0,9999999994546748 1,0000000012658425 1,0000000015932982 ), 0
( 0,9999999994620691 1,000000001275258 1,0000000015952106 ), 0
( 0,9999999994740103 1,0000000012599122 1,0000000015801653 ), 0
( 0,9999999994626676 1,0000000012622365 1,000000001592671 ), 0
( 0,9999999994645821 1,0000000012666215 1,0000000015844865 ), 0
( 0,9999999994609109 1,0000000012848085 1,0000000016211847 ), 0
( 0,999999999462984 1,0000000012575492 1,0000000015838608 ), 0
( 0,9999999994666527 1,0000000012620132 1,00000000160256 ), 0
( 0,9999999994724297 1,0000000012847488 1,0000000016086619 ), 0
( 0,999999999462085 1,0000000012775079 1,0000000016073634 ), 0
( 0,9999999994545186 1,0000000012793928 1,0000000016012394 ), 0
( 0,9999999994494839 1,0000000012699584 1,0000000016133728 ), 0
( 0,9999999994683034 1,000000001268126 1,0000000016003243 ), 0
( 0,99999999946008 1,0000000012723493 1,0000000016055544 ), 0
( 0,9999999994617974 1,0000000012786194 1,000000001605892 ), 0
( 0,9999999994687871 1,0000000012648411 1,0000000016084758 ), 0
( 0,9999999994676361 1,0000000012594648 1,0000000015987551 ), 0
( 0,9999999994701805 1,000000001261254 1,0000000016134762 ), 0
( 0,9999999994705121 1,0000000012771066 1,000000001610035 ), 0
( 0,9999999994700909 1,0000000012781556 1,0000000016122241 ), 0
( 0,9999999994705514 1,0000000012695944 1,0000000015932795 ), 0
( 0,9999999994635946 1,0000000012790669 1,0000000016080406 ), 0
( 0,9999999994579166 1,000000001191187 1,0000000015284118 ), 0
( 0,9999999994599525 1,0000000012869446 1,00000000161223 ), 0
( 0,9999999994715969 1,0000000012868047 1,0000000016090966 ), 0
( 0,9999999994700627 1,0000000012637171 1,0000000015982953 ), 0
( 0,9999999994690386 1,0000000012738894 1,0000000015964987 ), 0
( 0,999999999471191 1,0000000012309886 1,0000000015507409 ), 0
( 0,9999999994664304 1,0000000012696515 1,0000000016030353 ), 0
( 0,9999999994672717 1,000000001288835 1,0000000016146313 ), 0
( 0,9999999994572218 1,0000000012716637 1,0000000016014838 ), 0
( 0,999999999476088 1,0000000012624168 1,0000000016081068 ), 0
( 0,999999999483444 1,0000000012583956 1,0000000015969823 ), 0
( 0,9999999994702523 1,0000000012736996 1,0000000016076918 ), 0
( 0,9999999994620627 1,0000000012569872 1,0000000015814479 ), 0
( 0,9999999994723022 1,0000000012632027 1,0000000015809931 ), 0
( 0,9999999994633576 1,0000000012784251 1,0000000016168784 ), 0
( 0,9999999994649752 1,0000000012816537 1,0000000016092374 ), 0
( 0,9999999994624561 1,0000000012576757 1,00000000161084 ), 0
( 0,9999999994632542 1,0000000012712948 1,0000000016057728 ), 0
( 0,9999999994734418 1,0000000012854353 1,0000000016202222 ), 0
( 0,9999999994784582 1,0000000012653452 1,0000000015962276 ), 0
( 0,9999999994678335 1,0000000012693027 1,000000001603292 ), 0
( 0,9999999994674273 1,0000000012718109 1,0000000016058685 ), 0
( 0,9999999994699078 1,000000001271903 1,0000000015979797 ), 0
( 0,999999999468801 1,0000000012592518 1,0000000015880703 ), 0
( 0,9999999994661303 1,000000001271295 1,0000000016164217 ), 0
( 0,9999999994615107 1,0000000012663894 1,0000000015964914 ), 0
( 0,9999999994679726 1,0000000012797676 1,000000001614057 ), 0
( 0,9999999994707814 1,0000000012785222 1,0000000016013282 ), 0
( 0,9999999994601884 1,0000000012725385 1,000000001614428 ), 0
( 0,999999999467191 1,0000000012618218 1,0000000015973405 ), 0
( 0,9999999994634181 1,0000000012606485 1,0000000015894728 ), 0
( 0,9999999994737773 1,0000000012734098 1,000000001598236 ), 0
( 0,9999999994761452 1,0000000012725014 1,0000000015893062 ), 0
( 0,999999999464322 1,0000000012647843 1,0000000015933999 ), 0
( 0,9999999994628762 1,000000001257542 1,000000001583327 ), 0
( 0,9999999994646722 1,0000000012622965 1,0000000016048471 ), 0
( 0,9999999994611973 1,000000001266186 1,0000000015907093 ), 0
( 0,9999999994598368 1,0000000012598884 1,0000000016126973 ), 0
( 0,9999999994709611 1,0000000012645034 1,0000000016051591 ), 0
( 0,9999999994644431 1,000000001262544 1,0000000015884658 ), 0
( 0,9999999994776985 1,00000000128657 1,0000000016109316 ), 0
( 0,9999999994696078 1,000000001264437 1,0000000016127106 ), 0
( 0,9999999994639068 1,0000000012782095 1,0000000016079948 ), 0
( 0,9999999994632077 1,0000000012378463 1,0000000015683355 ), 0
( 0,9999999994643891 1,0000000012799135 1,0000000016093018 ), 0
( 0,9999999994690808 1,0000000012586818 1,000000001597664 ), 0
( 0,9999999994666471 1,0000000012743133 1,0000000015962467 ), 0
( 0,9999999994502703 1,000000001252928 1,0000000015934054 ), 0
( 0,9999999994659688 1,0000000012519143 1,0000000016194701 ), 0
( 0,9999999994700909 1,000000001273683 1,0000000015937571 ), 0
( 0,9999999994589401 1,0000000012460606 1,0000000016138315 ), 0
( 0,9999999994555092 1,0000000012700159 1,0000000016084232 ), 0
( 0,9999999994625572 1,000000001269566 1,0000000015981234 ), 0
( 0,9999999994755436 1,000000001266748 1,0000000015874633 ), 0
( 0,9999999994547195 1,000000001226651 1,0000000015876933 ), 0
( 0,9999999994708691 1,0000000012704926 1,0000000015981754 ), 0
( 0,9999999994630441 1,000000001284536 1,0000000016146648 ), 0
( 0,9999999994745851 1,0000000012753039 1,0000000016069646 ), 0
( 0,9999999994732379 1,0000000012758008 1,0000000016066684 ), 0
( 0,9999999994711657 1,0000000012702364 1,0000000015969146 ), 0
( 0,9999999994755076 1,0000000012622483 1,0000000015964075 ), 0
( 0,999999999465896 1,0000000012723995 1,0000000015912394 ), 0
( 0,9999999994655074 1,0000000012518069 1,0000000015903059 ), 0
( 0,9999999994670906 1,000000001261523 1,0000000015890418 ), 0
( 0,9999999994711204 1,0000000012909964 1,0000000016314092 ), 0
( 0,9999999994651149 1,0000000012705956 1,000000001597367 ), 0
( 0,9999999994705048 1,000000001278145 1,0000000016112442 ), 0
( 0,9999999994754059 1,0000000012901469 1,0000000016195498 ), 0
( 0,9999999994472575 1,0000000012485109 1,0000000016136241 ), 0
( 0,9999999994686531 1,0000000012637689 1,0000000015916743 ), 0
( 0,9999999994659047 1,0000000012725334 1,0000000016176396 ), 0
( 0,9999999994652691 1,0000000012706622 1,0000000015998791 ), 0
( 0,9999999994641683 1,0000000012840908 1,0000000016145196 ), 0
( 0,9999999994716504 1,0000000012735533 1,0000000016132138 ), 0
( 0,9999999994700078 1,0000000012677441 1,0000000015993087 ), 0
( 0,9999999994643641 1,0000000012722734 1,00000000159852 ), 0
( 0,99999999946623 1,0000000012779082 1,0000000016224775 ), 0
( 0,9999999994669136 1,000000001271026 1,0000000016023574 ), 0
( 0,9999999994560782 1,0000000012614694 1,0000000016069044 ), 0
( 0,999999999456388 1,0000000012661652 1,0000000015949633 ), 0
( 0,999999999476372 1,0000000012742842 1,000000001605922 ), 0
( 0,99999999946874 1,0000000012672727 1,000000001599567 ), 0
( 0,999999999466587 1,0000000012709076 1,000000001604291 ), 0
( 0,9999999994749887 1,0000000012727261 1,000000001591093 ), 0
( 0,9999999994510891 1,0000000012685395 1,0000000016040713 ), 0
( 0,999999999461854 1,0000000012783636 1,000000001585808 ), 0
( 0,9999999994784646 1,0000000012585373 1,0000000015919783 ), 0
( 0,999999999479442 1,0000000012943548 1,0000000016092743 ), 0
( 0,9999999994744407 1,0000000012499188 1,0000000016009252 ), 0
( 0,9999999994637306 1,0000000012622865 1,0000000015978192 ), 0
( 0,9999999994762275 1,000000001270678 1,000000001607153 ), 0
( 0,9999999994729114 1,000000001267012 1,0000000015781814 ), 0
( 0,999999999470835 1,0000000012660741 1,000000001602832 ), 0
( 0,999999999476801 1,0000000012692243 1,0000000015887316 ), 0
( 0,9999999994618958 1,0000000012606476 1,000000001599063 ), 0
( 0,9999999994729942 1,0000000012909505 1,000000001620252 ), 0
( 0,9999999994654697 1,0000000012602308 1,000000001600124 ), 0
( 0,9999999994741022 1,000000001269814 1,0000000016031323 ), 0
( 0,9999999994581699 1,0000000012291062 1,0000000015637267 ), 0
( 0,9999999994782076 1,0000000012589836 1,0000000015833612 ), 0
( 0,9999999994662765 1,000000001265595 1,0000000015982002 ), 0
( 0,9999999994796207 1,0000000012599821 1,0000000015883996 ), 0
( 0,9999999994551532 1,000000001255411 1,000000001608459 ), 0
( 0,9999999994649497 1,0000000012699046 1,0000000016102968 ), 0
( 0,9999999994745171 1,00000000129272 1,0000000015924198 ), 0
( 0,9999999994687703 1,0000000012702115 1,0000000015907609 ), 0
( 0,9999999994647646 1,000000001282403 1,0000000016295423 ), 0
( 0,9999999994714651 1,000000001260128 1,0000000015979604 ), 0
( 0,9999999994616446 1,0000000012727661 1,0000000016061343 ), 0
( 0,9999999994642047 1,0000000012605768 1,0000000015964212 ), 0
( 0,9999999994665617 1,0000000012841903 1,0000000016081623 ), 0
( 0,9999999994686081 1,0000000012759271 1,0000000016054857 ), 0
( 0,9999999994711307 1,0000000012549861 1,0000000015804933 ), 0
( 0,9999999994654866 1,0000000012816515 1,000000001609058 ), 0
( 0,9999999994684639 1,0000000012717545 1,0000000016200572 ), 0
( 0,9999999994641152 1,0000000012703563 1,0000000015990615 ), 0
( 0,9999999994755946 1,0000000012511823 1,0000000015969412 ), 0
( 0,999999999461943 1,0000000012706478 1,000000001581901 ), 0
( 0,999999999453925 1,0000000012632806 1,0000000015990682 ), 0
( 0,9999999994701056 1,0000000012751742 1,0000000015994175 ), 0
( 0,9999999994731911 1,0000000012696477 1,0000000016128217 ), 0
( 0,9999999994727281 1,0000000012562065 1,0000000015908812 ), 0
( 0,9999999994519778 1,0000000012856969 1,0000000016194774 ), 0
( 0,9999999994700661 1,0000000012738857 1,0000000016121195 ), 0
( 0,9999999994579564 1,0000000012767893 1,0000000016033612 ), 0
( 0,9999999994586594 1,000000001269247 1,000000001597026 ), 0
( 0,9999999994733622 1,000000001281118 1,0000000016163293 ), 0
( 0,9999999994680079 1,0000000012826937 1,0000000016114223 ), 0
( 0,9999999994534582 1,0000000012858037 1,0000000016151076 ), 0
( 0,9999999994628951 1,000000001278855 1,0000000015985202 ), 0
( 0,9999999994760386 1,0000000012755812 1,000000001600595 ), 0
( 0,9999999994685937 1,0000000012493666 1,000000001576092 ), 0
( 0,9999999994683653 1,0000000012747599 1,0000000016077648 ), 0
( 0,99999999946075 1,0000000012722134 1,0000000015998713 ), 0
( 0,9999999994684947 1,0000000012712305 1,0000000016196386 ), 0
( 0,9999999994726584 1,0000000012599415 1,0000000015997916 ), 0
( 0,9999999994598905 1,0000000012541337 1,0000000015849617 ), 0
( 0,9999999994758488 1,0000000012743346 1,0000000015968364 ), 0
( 0,999999999456525 1,0000000012645944 1,000000001602413 ), 0
( 0,9999999994713877 1,0000000012629182 1,0000000015926087 ), 0
( 0,9999999994641642 1,000000001296935 1,00000000162792 ), 0
( 0,9999999994633995 1,0000000012685282 1,000000001608077 ), 0
( 0,9999999994764878 1,0000000012690482 1,0000000015953707 ), 0
( 0,9999999994686448 1,0000000012632104 1,0000000015920947 ), 0
( 0,999999999459416 1,000000001268402 1,0000000015974342 ), 0
( 0,9999999994708074 1,0000000012740975 1,000000001623357 ), 0
( 0,9999999994725305 1,000000001270883 1,0000000015974675 ), 0
( 0,9999999994675585 1,0000000012724037 1,0000000015807409 ), 0
( 0,999999999469004 1,0000000012744987 1,0000000016131818 ), 0
( 0,9999999994632726 1,000000001265221 1,0000000015944706 ), 0
( 0,9999999994719317 1,0000000012706223 1,0000000015994723 ), 0
( 0,9999999994748789 1,0000000012723542 1,0000000015974826 ), 0
( 0,9999999994531024 1,000000001273308 1,000000001612938 ), 0
( 0,9999999994732044 1,0000000012632622 1,0000000015936517 ), 0
( 0,9999999994673412 1,0000000012683015 1,000000001596139 ), 0
( 0,9999999994674416 1,0000000012756893 1,0000000016039852 ), 0
( 0,9999999994589688 1,0000000012626675 1,000000001592021 ), 0
( 0,9999999994703785 1,0000000012587282 1,0000000015919654 ), 0
( 0,9999999994683901 1,0000000012541612 1,000000001601653 ), 0
( 0,9999999994723276 1,0000000012663932 1,0000000015994845 ), 0
( 0,9999999994623892 1,0000000012854098 1,0000000016233048 ), 0
( 0,9999999994637516 1,000000001259119 1,0000000016061719 ), 0
( 0,999999999460378 1,0000000012752768 1,0000000016025012 ), 0
( 0,9999999994808186 1,0000000012607093 1,000000001578043 ), 0
( 0,999999999463173 1,0000000012710424 1,0000000015685353 ), 0
( 0,9999999994584147 1,0000000012550407 1,0000000015956283 ), 0
( 0,9999999994634734 1,0000000012678207 1,0000000016167998 ), 0
( 0,9999999994676679 1,0000000012899002 1,0000000016188535 ), 0
( 0,9999999994765418 1,0000000012600345 1,0000000015938753 ), 0
( 0,9999999994737064 1,0000000012889056 1,0000000015942658 ), 0
( 0,9999999994597873 1,0000000012745647 1,0000000016052721 ), 0
( 0,9999999994667473 1,0000000012683739 1,0000000015994313 ), 0
( 0,9999999994710068 1,0000000012776435 1,0000000016193944 ), 0
( 0,9999999994751211 1,000000001272868 1,0000000016092792 ), 0
( 0,9999999994701112 1,0000000012889383 1,0000000016180528 ), 0
( 0,9999999994683395 1,0000000012725645 1,0000000016099473 ), 0
( 0,9999999994595473 1,00000000127364 1,00000000160821 ), 0
( 0,9999999994734284 1,0000000012703714 1,000000001598431 ), 0
( 0,9999999994622143 1,0000000012806913 1,0000000016175505 ), 0
( 0,9999999994620222 1,0000000012666959 1,0000000016019153 ), 0
( 0,999999999470822 1,0000000012599282 1,0000000015950763 ), 0
( 0,9999999994821013 1,000000001253605 1,000000001584853 ), 0
( 0,999999999481153 1,0000000012539767 1,0000000015940742 ), 0
( 0,9999999994750904 1,0000000012594656 1,000000001590502 ), 0
( 0,9999999994633223 1,0000000012629335 1,0000000016057118 ), 0
( 0,9999999994693844 1,0000000012740726 1,000000001601036 ), 0
( 0,999999999451871 1,0000000012695047 1,000000001617856 ), 0
( 0,999999999462428 1,000000001279691 1,000000001623954 ), 0
( 0,9999999994687676 1,0000000012610644 1,0000000015969577 ), 0
( 0,9999999994619859 1,0000000012725736 1,000000001591899 ), 0
( 0,9999999994647816 1,000000001287192 1,0000000016087127 ), 0
( 0,9999999994678606 1,0000000012748491 1,0000000015909611 ), 0
( 0,9999999994740458 1,0000000012710337 1,00000000159458 ), 0
( 0,9999999994636025 1,0000000012819354 1,0000000016217219 ), 0
( 0,9999999994639531 1,0000000012770947 1,0000000016230906 ), 0
( 0,9999999994560761 1,0000000012651766 1,0000000016026365 ), 0
( 0,9999999994665232 1,0000000012741603 1,000000001608338 ), 0
( 0,9999999994587355 1,000000001263672 1,000000001619089 ), 0
( 0,999999999470413 1,0000000012806165 1,0000000016159316 ), 0
( 0,999999999463386 1,0000000012869494 1,0000000016052646 ), 0
( 0,9999999994693399 1,0000000012505434 1,0000000016015707 ), 0
( 0,9999999994646682 1,0000000012582386 1,0000000016092103 ), 0
( 0,9999999994570923 1,0000000012813408 1,000000001592613 ), 0
( 0,9999999994664195 1,0000000012777694 1,0000000016066954 ), 0
( 0,9999999994681591 1,000000001280086 1,000000001610349 ), 0
( 0,9999999994696487 1,0000000012638077 1,0000000016110238 ), 0
( 0,9999999994653295 1,00000000126842 1,0000000016052681 ), 0
( 0,9999999994645719 1,0000000012718564 1,0000000016040076 ), 0
( 0,9999999994731404 1,0000000012488426 1,0000000015943764 ), 0
( 0,9999999994684279 1,0000000012668941 1,0000000016101258 ), 0
( 0,9999999994570843 1,0000000012727768 1,0000000015997208 ), 0
( 0,9999999994696526 1,000000001275966 1,0000000016034676 ), 0
( 0,9999999994670381 1,000000001266401 1,0000000015887638 ), 0
( 0,999999999469216 1,00000000128124 1,0000000015990593 ), 0
( 0,9999999994741959 1,0000000012652814 1,0000000015758146 ), 0
( 0,9999999994615678 1,0000000012699872 1,0000000016110282 ), 0
( 0,9999999994689862 1,0000000012738417 1,000000001609094 ), 0
( 0,9999999994580528 1,0000000012911325 1,0000000016217034 ), 0
( 0,9999999994742341 1,0000000012766097 1,000000001604016 ), 0
( 0,9999999994584746 1,0000000012764518 1,0000000016158557 ), 0
( 0,9999999994688971 1,0000000012705066 1,0000000016121728 ), 0
( 0,999999999468427 1,0000000012727233 1,0000000016168904 ), 0
( 0,9999999994678626 1,0000000012585224 1,0000000015850132 ), 0
( 0,9999999994640661 1,0000000012898025 1,0000000015967216 ), 0
( 0,9999999994778813 1,0000000012652321 1,0000000016079889 ), 0
( 0,9999999994680543 1,0000000012820203 1,0000000016349877 ), 0
( 0,9999999994675121 1,0000000012717838 1,0000000016035913 ), 0
( 0,9999999994660451 1,0000000012616155 1,000000001599698 ), 0
( 0,9999999994643386 1,0000000012538197 1,0000000015750161 ), 0
( 0,9999999994586918 1,0000000012724215 1,0000000016039685 ), 0
( 0,9999999994633182 1,0000000012822747 1,000000001605088 ), 0
( 0,9999999994668827 1,0000000012772374 1,0000000015968924 ), 0
( 0,9999999994675883 1,000000001249804 1,000000001580818 ), 0
( 0,9999999994644563 1,0000000012563341 1,0000000015960924 ), 0
( 0,9999999994757233 1,0000000012693535 1,000000001607458 ), 0
( 0,99999999945985 1,0000000012628887 1,0000000015888388 ), 0
( 0,9999999994703469 1,0000000012804844 1,0000000016063413 ), 0
( 0,999999999469443 1,000000001286451 1,0000000016009893 ), 0
( 0,9999999994739067 1,0000000012793344 1,0000000016025077 ), 0
( 0,9999999994659928 1,0000000012675305 1,000000001587518 ), 0
( 0,9999999994658492 1,0000000012681474 1,0000000016175123 ), 0
( 0,9999999994701726 1,0000000012834684 1,000000001607922 ), 0
( 0,9999999994590563 1,0000000012743022 1,0000000016211559 ), 0
( 0,9999999994683793 1,00000000129263 1,0000000016063606 ), 0
( 0,9999999994623017 1,0000000012839008 1,000000001610278 ), 0
( 0,9999999994724036 1,0000000012678383 1,000000001595339 ), 0
( 0,9999999994638182 1,0000000012585244 1,0000000016202257 ), 0
( 0,9999999994830829 1,0000000012523749 1,0000000015931758 ), 0
( 0,9999999994612502 1,0000000012690209 1,0000000016011659 ), 0
( 0,9999999994637148 1,0000000012675656 1,000000001598467 ), 0
( 0,9999999994691414 1,0000000012343289 1,0000000015768535 ), 0
( 0,9999999994688302 1,000000001276846 1,0000000015991295 ), 0
( 0,9999999994701213 1,000000001288711 1,000000001606153 ), 0
( 0,9999999994661498 1,0000000012666481 1,0000000016042272 ), 0
( 0,9999999994655785 1,000000001289394 1,0000000016150123 ), 0
( 0,9999999994632359 1,0000000012865367 1,0000000016060349 ), 0
( 0,9999999994657559 1,000000001277697 1,0000000015983497 ), 0
( 0,9999999994599792 1,0000000012764998 1,0000000016072117 ), 0
( 0,99999999946713 1,0000000012493366 1,0000000015993251 ), 0
( 0,9999999994654422 1,0000000012704933 1,0000000016076587 ), 0
( 0,9999999994610114 1,000000001286479 1,0000000016271453 ), 0
( 0,9999999994770273 1,0000000012670596 1,000000001589807 ), 0
( 0,9999999994640302 1,0000000012592394 1,0000000015994492 ), 0
( 0,9999999994626677 1,0000000012690864 1,0000000016010617 ), 0
( 0,9999999994640174 1,0000000012839125 1,0000000015999855 ), 0
( 0,999999999468005 1,0000000012571102 1,0000000015981432 ), 0
( 0,9999999994722563 1,0000000012666692 1,000000001608599 ), 0
( 0,9999999994676669 1,0000000012691224 1,0000000016020019 ), 0
( 0,9999999994706783 1,0000000012649128 1,0000000016042516 ), 0
( 0,9999999994599704 1,0000000012586123 1,000000001603651 ), 0
( 0,9999999994734159 1,0000000012690122 1,000000001587365 ), 0
( 0,9999999994742282 1,0000000012870978 1,0000000016220216 ), 0
( 0,9999999994706393 1,0000000012734216 1,0000000016034143 ), 0
( 0,9999999994670395 1,0000000011620955 1,000000001488573 ), 0
( 0,9999999994652611 1,0000000012757873 1,0000000016019883 ), 0
( 0,9999999994734114 1,000000001270156 1,0000000015821813 ), 0
( 0,9999999994680562 1,0000000012876331 1,000000001628526 ), 0
( 0,9999999994776161 1,000000001226262 1,0000000015612207 ), 0
( 0,9999999994683307 1,0000000012801185 1,0000000016101391 ), 0
( 0,9999999994664699 1,0000000011957564 1,0000000015310673 ), 0
( 0,9999999994522263 1,0000000012714052 1,0000000016235178 ), 0
( 0,9999999994661851 1,0000000012760049 1,0000000016114157 ), 0
( 0,9999999994579504 1,0000000012654866 1,0000000015922406 ), 0
( 0,9999999994679003 1,000000001286146 1,0000000016377923 ), 0
( 0,9999999994659472 1,0000000012561066 1,000000001583544 ), 0
( 0,9999999994590734 1,0000000012735422 1,0000000016062622 ), 0
( 0,9999999994620881 1,0000000012549368 1,000000001590892 ), 0
( 0,9999999994747796 1,0000000012718337 1,0000000015928827 ), 0
( 0,9999999994633585 1,0000000012771597 1,0000000016023287 ), 0
( 0,999999999462247 1,0000000012701535 1,000000001603994 ), 0
( 0,999999999464745 1,0000000012754153 1,000000001604361 ), 0
( 0,9999999994709957 1,00000000128926 1,0000000016231676 ), 0
( 0,9999999994713992 1,0000000012639703 1,0000000016017419 ), 0
( 0,9999999994681736 1,0000000012583907 1,0000000016004027 ), 0
( 0,9999999994841576 1,0000000012800296 1,000000001589928 ), 0
( 0,999999999462644 1,00000000126279 1,0000000015945192 ), 0
( 0,9999999994756633 1,0000000012660637 1,0000000015881245 ), 0
( 0,9999999994597889 1,0000000012691084 1,0000000015978225 ), 0
( 0,9999999994825002 1,0000000012814292 1,0000000015948085 ), 0
( 0,9999999994763699 1,0000000012864627 1,0000000016185449 ), 0
( 0,9999999994750245 1,000000001274524 1,0000000016077637 ), 0
( 0,9999999994603885 1,0000000012653378 1,0000000015984682 ), 0
( 0,999999999456187 1,000000001269568 1,0000000016157253 ), 0
( 0,9999999994746143 1,0000000012892871 1,0000000016294495 ), 0
( 0,9999999994639214 1,0000000012729189 1,0000000016033364 ), 0
( 0,9999999994734668 1,000000001261443 1,0000000015934596 ), 0
( 0,9999999994580959 1,0000000012713683 1,000000001618275 ), 0
( 0,9999999994750829 1,000000001262735 1,0000000015964676 ), 0
( 0,9999999994647752 1,0000000012616732 1,0000000016064667 ), 0
( 0,9999999994454353 1,0000000012510526 1,0000000016225197 ), 0
( 0,9999999994749296 1,0000000012494787 1,0000000015918005 ), 0
( 0,9999999994716073 1,0000000012739145 1,0000000016067532 ), 0
( 0,9999999994687391 1,0000000012717227 1,0000000015958583 ), 0
( 0,9999999994670496 1,000000001265193 1,0000000016172392 ), 0
( 0,9999999994623822 1,000000001265287 1,0000000016012858 ), 0
( 0,9999999994523167 1,000000001279843 1,0000000016014945 ), 0
( 0,9999999994667751 1,0000000012658044 1,0000000016003672 ), 0
( 0,9999999994561938 1,0000000012772743 1,0000000016053057 ), 0
( 0,9999999994609189 1,0000000012724557 1,0000000016179198 ), 0
( 0,9999999994661904 1,000000001261519 1,0000000015923833 ), 0
( 0,9999999994667589 1,0000000012520889 1,0000000015938773 ), 0
( 0,9999999994593116 1,0000000012728156 1,0000000016119575 ), 0
( 0,9999999994757451 1,0000000012749872 1,0000000015933745 ), 0
( 0,999999999468723 1,0000000012658148 1,0000000015922095 ), 0
( 0,9999999994753235 1,0000000012636392 1,000000001598055 ), 0
( 0,9999999994603705 1,0000000012664005 1,0000000016007922 ), 0
( 0,9999999994628608 1,0000000012668095 1,0000000016053279 ), 0
( 0,9999999994636867 1,0000000012775396 1,0000000016094828 ), 0
( 0,9999999994662133 1,0000000012686614 1,00000000159792 ), 0
( 0,9999999994668941 1,0000000012677177 1,000000001604687 ), 0
( 0,999999999464823 1,000000001270042 1,000000001601159 ), 0
( 0,9999999994623622 1,0000000012724322 1,0000000016072494 ), 0
( 0,9999999994670055 1,000000001282067 1,0000000016196724 ), 0
( 0,9999999994698274 1,0000000012788821 1,0000000016076174 ), 0
( 0,9999999994622782 1,0000000012659989 1,0000000015872637 ), 0
( 0,9999999994573759 1,0000000012336339 1,0000000015924948 ), 0
( 0,9999999994521847 1,0000000012761143 1,000000001609205 ), 0
( 0,9999999994712974 1,0000000012678376 1,0000000015926722 ), 0
( 0,9999999994555837 1,0000000012943875 1,0000000016275963 ), 0
( 0,9999999994765765 1,0000000012666235 1,0000000015888726 ), 0
( 0,9999999994646818 1,0000000012651096 1,0000000016062887 ), 0
( 0,9999999994667276 1,0000000012618608 1,0000000015878379 ), 0
( 0,9999999994700998 1,000000001274667 1,0000000016092183 ), 0
( 0,999999999468782 1,000000001273092 1,0000000015962982 ), 0
( 0,9999999994607576 1,000000001272227 1,0000000016113975 ), 0
( 0,999999999467852 1,0000000012465382 1,0000000015735016 ), 0
( 0,9999999994600292 1,0000000012672734 1,0000000016051145 ), 0
( 0,9999999994744458 1,0000000012553454 1,000000001595482 ), 0
( 0,9999999994709828 1,000000001277315 1,000000001597533 ), 0
( 0,9999999994658562 1,0000000012705792 1,000000001608119 ), 0
( 0,999999999464452 1,0000000012583166 1,000000001606987 ), 0
( 0,9999999994630393 1,0000000012818058 1,0000000016117911 ), 0
( 0,9999999994680828 1,0000000012597192 1,000000001601644 ), 0
( 0,9999999994635287 1,0000000012784536 1,000000001621337 ), 0
( 0,9999999994717267 1,0000000012982415 1,0000000016327766 ), 0
( 0,999999999470342 1,0000000012597807 1,0000000015911734 ), 0
( 0,9999999994631106 1,0000000012834787 1,0000000016120354 ), 0
( 0,9999999994661324 1,0000000012766594 1,000000001606793 ), 0
( 0,9999999994706383 1,0000000012757844 1,000000001614361 ), 0
( 0,9999999994636838 1,000000001269464 1,0000000016019337 ), 0
( 0,9999999994694789 1,0000000012839776 1,0000000016104937 ), 0
( 0,9999999994702427 1,0000000012685084 1,0000000015996722 ), 0
( 0,9999999994664707 1,0000000012749637 1,0000000015994248 ), 0
( 0,9999999994596881 1,0000000012763828 1,0000000016022184 ), 0
( 0,9999999994663179 1,0000000012896022 1,0000000016237505 ), 0
( 0,9999999994740534 1,0000000013070225 1,0000000016201211 ), 0
( 0,9999999994726018 1,0000000012592518 1,000000001597265 ), 0
( 0,9999999994729238 1,000000001262259 1,0000000015918935 ), 0
( 0,999999999459966 1,0000000012790284 1,000000001612102 ), 0
( 0,9999999994611362 1,0000000012777142 1,0000000016116446 ), 0
( 0,9999999994712216 1,000000001268596 1,0000000016105703 ), 0
( 0,999999999470124 1,0000000012603238 1,000000001594392 ), 0
( 0,9999999994589209 1,0000000012702506 1,0000000015992354 ), 0
( 0,9999999994643084 1,0000000012657018 1,000000001598918 ), 0
( 0,9999999994745717 1,000000001271715 1,0000000016010977 ), 0
( 0,9999999994723816 1,0000000012778205 1,0000000015985542 ), 0
( 0,9999999994602851 1,0000000012708556 1,0000000016076143 ), 0
( 0,9999999994675192 1,0000000012739512 1,0000000016074113 ), 0
( 0,9999999994652183 1,0000000012739778 1,0000000016082038 ), 0
( 0,999999999460045 1,0000000012614614 1,0000000015885788 ), 0
( 0,999999999461154 1,000000001274307 1,0000000015993682 ), 0
( 0,9999999994599097 1,000000001263437 1,0000000015958128 ), 0
Liczba wywoa funkcji celu: 141070
