Iteracja nr: 14
( 1,0000932727257192 0,9999499368432585 0,9999800493747616 ), 2,3021711967885494E-06
( 1,0001107003645984 1,0000293922122367 1,0000383210587562 ), 2,893940607151535E-06
( 1,0001154972728474 0,9999275143789157 1,000102436977286 ), 5,770654190939695E-06
( 1,0001158583889058 0,9999167320002541 1,000097513827594 ), 5,925112947835487E-06
( 1,0001129358566807 0,9999176826067484 1,0001065705682353 ), 6,127924073950908E-06
( 1,0000384498701291 0,9998156738120237 1,0000394091536247 ), 7,34201774577059E-06
( 1,0001143432256994 0,9998422057834995 0,9999833391749106 ), 7,588689513227109E-06
( 1,000161034538679 0,999986322586658 0,9998788171181371 ), 8,095286432308058E-06
( 1,0000843851580712 0,9998791371285701 1,0001402322223256 ), 8,212195002244016E-06
( 1,0000645271865063 0,9998563485887332 1,0001396822805588 ), 8,790876933062464E-06
( 1,0001505446379397 1,0000074775475056 0,9998426932942512 ), 9,416680008200728E-06
( 1,000148640964664 1,000126696137363 1,00012399642722 ), 1,0618174357546195E-05
( 1,0001862598210398 0,9998688693888887 0,9999135131533577 ), 1,1778127131378824E-05
( 0,9999968474484882 0,999852362356898 1,0002172341688405 ), 1,3688555618784903E-05
( 1,0001235920166431 1,000164381507805 1,0001705932297869 ), 1,4164859962306764E-05
( 1,000208104384461 0,9998828670592966 1,0001292426585566 ), 1,4627690241297842E-05
( 0,9998586397625071 1,0000654467910237 1,0002316875344945 ), 1,5463691546813152E-05
( 1,0000838643383994 1,0002599328030084 1,0000676149420002 ), 1,5706712428453784E-05
( 1,0001113526986702 0,9997237961298345 0,9999508690129676 ), 1,807388341035221E-05
( 1,0000755119133748 0,9997056832887892 0,9999242459837613 ), 1,945492764576784E-05
( 1,0001229047407743 0,9999306414072506 1,000307616063667 ), 2,2724584084699018E-05
( 0,9999851896083634 0,9996853536182396 0,9998643324693989 ), 2,3336333377699248E-05
( 1,0003113538272506 1,0000589529776285 1,0001640602615993 ), 2,5261739828863483E-05
( 1,0002573627358844 0,999936029163436 1,0002450907649534 ), 2,5869793134347674E-05
( 1,0001526675084333 1,000279473807769 1,0001832609587007 ), 2,6782442034800624E-05
( 1,0002525844956045 0,999819618992787 1,0002034641751703 ), 2,732531271476546E-05
( 0,999800667775264 0,9998993977611006 1,0002993001969143 ), 2,7662745718970427E-05
( 1,0001857329277566 0,9996786773840336 0,9998843903605349 ), 2,9979126299650716E-05
( 0,9998269914464216 0,99973948271963 1,0002349028106425 ), 3,0350123886080382E-05
( 1,0003660343564829 0,9999638553579069 0,9998206528035206 ), 3,322133841265895E-05
( 0,9999387522657059 0,9997907967619906 1,000393143085479 ), 4,009081145284199E-05
( 1,0003734255180936 1,0000285264967301 1,0002506418417862 ), 4,0289789577485635E-05
( 1,0003218422524187 1,000027074080311 1,0003158336059867 ), 4,0485127499323426E-05
( 0,9998941830798826 1,0003760621518283 0,9997727798626613 ), 4,052136154797381E-05
( 1,0002837204958277 0,9997410977244596 1,0002489185807684 ), 4,156078542649766E-05
( 0,9998587862223873 0,999950026735673 0,9995607282609192 ), 4,273329779636015E-05
( 0,9999015286911267 0,9999206482062615 1,0004555567148625 ), 4,434560831612089E-05
( 1,000279940542655 1,0000483599986942 1,0003918125349214 ), 4,646786348772025E-05
( 1,0001342355349785 0,9995380245577138 0,9999262394093643 ), 4,6995308778718936E-05
( 1,0004023890608718 1,0002455004391244 1,0001314793346185 ), 4,7509774397269666E-05
( 1,000251156798418 1,00036046901446 0,99972774340087 ), 5,2998703893081256E-05
( 0,9999185206413245 0,9994789199862365 0,9999944543348399 ), 5,519144480459204E-05
( 1,0003279613526708 0,9997252991328341 1,0003108902163553 ), 5,5484683237239096E-05
( 1,0004365376719313 1,0001899828933014 0,9997671612734378 ), 5,57228576596458E-05
( 1,0001114753459825 1,000201750319677 1,000501121428712 ), 6,036127253850054E-05
( 1,0003883115638361 1,0000279405321766 1,000407597114599 ), 6,302952089143332E-05
( 1,0000509182208455 1,0002313443878876 1,000523792733352 ), 6,556292352755122E-05
( 1,0002197447164398 0,9994680581146297 1,000068059178547 ), 6,663627016578744E-05
( 1,0003283589435585 1,0001513726062319 1,000453516770867 ), 6,67411904444748E-05
( 0,9997755341925143 1,000478946703877 1,0002544753244147 ), 6,835249038772417E-05
( 0,9994484557616478 0,9998128963154727 0,9998670908762943 ), 7,080085161703664E-05
( 1,0002242554768592 0,9995921462967052 1,000387673837811 ), 7,279521408420919E-05
( 1,0003978541069314 0,9995350778969601 0,9999940768193442 ), 7,429293696503692E-05
( 0,9996359896123405 0,9996630854435086 1,0003662595000875 ), 7,542090354206721E-05
( 1,0002809351618072 1,0000682979851119 1,000552547589656 ), 7,715422537302175E-05
( 1,0000380891262262 1,0001680762863645 1,000604860596727 ), 7,847524431525699E-05
( 1,0003544157072388 0,9996756376740752 1,0004396856701998 ), 8,414695074776546E-05
( 1,0000052426260024 1,0000705252099418 1,0006483686808774 ), 8,439255375947141E-05
( 1,0006409209544596 0,9999192934737742 1,0001132856120223 ), 8,533365280882776E-05
( 1,0005516587354037 1,0001835770571854 1,0003080059137275 ), 8,588298318201737E-05
( 0,9998401743500431 0,9996511598622757 0,9994633496259105 ), 8,634558971820638E-05
( 1,0003161680445838 1,000240179959087 1,0005273730947444 ), 8,645346490254724E-05
( 1,000267545055377 1,0001731458593037 1,0005920233921808 ), 8,968336565118307E-05
( 1,0004623955046221 1,0000020139319903 1,0004917136963951 ), 9,038657762516777E-05
( 0,9995818182531421 0,9996806350145715 1,000425218727545 ), 9,080022821450484E-05
( 1,0002382495104492 0,9998709810471834 1,0006244776589255 ), 9,193103618798659E-05
( 0,9997642940462983 1,000629485775374 1,000161900348504 ), 9,483555148293021E-05
( 1,000600717908517 1,0002472062287249 1,0002589764550796 ), 9,702191991323161E-05
( 0,9997795423768593 0,9997010580343739 1,0005984159690604 ), 9,841618074446501E-05
( 0,9997946820187521 0,9996577593313052 1,00058259186801 ), 9,893754022982648E-05
( 0,9997513491057025 0,9995919981326624 1,0005391922312492 ), 0,00010296959510469605
( 0,999365272767333 1,0003538638976606 1,0000922188608719 ), 0,0001064576018166008
( 0,9998526928714626 0,9996585938821997 1,000637308752372 ), 0,00010800849899084142
( 0,9995790499341789 0,9994389454302721 0,9997405911119676 ), 0,00011095548056516691
( 1,0000256756522603 0,9996432221797891 1,0006575006704646 ), 0,00011115038127229582
( 0,999736186939773 1,0004863483924296 1,0005222724954033 ), 0,00011484922072213521
( 1,00042433160071 1,0004797727010921 0,9995668373281347 ), 0,00011861241134170086
( 1,0005874169918563 0,9999313150583625 1,0005027570620122 ), 0,00011953924965979468
( 1,0007452794288492 0,9997443802163486 0,9998923614896805 ), 0,00012545679313546998
( 1,0003704768569013 0,9999725544075024 0,9992728134440872 ), 0,00013228896960981729
( 1,0005662429782574 0,9994025719832078 1,0000399226876189 ), 0,00013473687819498537
( 1,0001297954879378 0,9993349690198041 1,0004729238975436 ), 0,00013545602334374962
( 0,9992320444966909 0,9996740171818582 1,000098595998636 ), 0,0001400133210793797
( 1,0002731246658083 0,9999577938521585 1,0008017366682485 ), 0,000142675407332149
( 1,0000673371909525 1,0005675408592203 1,000633604806203 ), 0,00014444751506559328
( 0,9995655995914157 1,0004621502374202 1,000585180994348 ), 0,0001477470921145141
( 1,0003208316362555 1,0001858403995774 0,9992205711366662 ), 0,00014779768129002946
( 1,000239514802601 1,0000970178237647 1,0008271183934494 ), 0,00014897323242735183
( 1,000141812624485 1,0005049087955449 1,0006990151801392 ), 0,00015150508175665323
( 1,0006855847892806 0,9994579815725209 0,9999959767394176 ), 0,00015153696756797785
( 1,00036091496731 0,9992229829446057 1,0001783152731252 ), 0,00015193068512076024
( 1,0003333330809931 0,9994251744185693 1,0005708873080157 ), 0,0001522554058226433
( 1,0002822904818534 0,9994258354975011 0,9993993467115047 ), 0,00015278896101733608
( 0,9994956022670097 0,9995381586450225 0,9994488718145258 ), 0,00015305079131167076
( 0,9993123862994652 0,999784963032017 1,0005146271304661 ), 0,00015551829083193525
( 0,999188002710122 0,9997847366764887 1,0002860060376526 ), 0,00015622898784428685
( 1,0005845300044653 1,0001113719839017 0,9993309704981961 ), 0,00015904666772570408
( 1,0005966823715007 1,0005645508478735 1,0003597808962217 ), 0,00015954473553847492
( 1,0007031556861368 1,000259382101619 1,000495669843982 ), 0,00016018069563727977
( 1,000342872072841 0,9995939046519425 1,000738971983277 ), 0,00016437839378014019
( 0,9993212569732255 0,9995779712563037 0,9995377241502572 ), 0,0001691289316845257
( 0,9995160903727389 1,0007868055365963 1,0000636389986384 ), 0,00017007756285281062
( 1,0002504880690115 0,9991069782222932 0,9999188309646131 ), 0,00017196992931189925
( 1,000498318818411 1,000772996762211 0,9998535400353225 ), 0,0001720644240030822
( 0,9998090318860424 1,0004696572024765 1,00079266966136 ), 0,00017565049116896603
( 0,9992662462265756 1,0005351977747339 1,0002470937598533 ), 0,0001757526452621505
( 1,000644245544723 0,9993224381825874 1,0001124924594997 ), 0,00017593323816100792
( 1,0005759465531028 1,0007201947408857 1,0002312529509714 ), 0,0001793209688756292
( 1,000251410293763 0,9991497032731169 0,9996493524223462 ), 0,00018037086687172632
( 0,999912780335592 1,0003404937993732 1,0009062299981464 ), 0,00018743962563050331
( 0,9990946269686803 0,9998451241023546 1,0003359679889527 ), 0,0001897737603755445
( 0,9999993115380023 1,0006197525611302 1,0007571633317651 ), 0,0001899382962733398
( 0,9997192733700226 0,9998322705587753 1,0009261366606381 ), 0,00019138235777660384
( 1,0007821617001045 0,9994013183949091 1,000110110117401 ), 0,00019488435347270183
( 1,0008190682185008 0,9994422117723382 1,00008535650489 ), 0,00019626619700119363
( 0,9995231094274728 1,0008731553024692 0,9999921171365046 ), 0,00019638532586796487
( 1,0003749932892703 0,9994357265147068 1,000728861057217 ), 0,00019646007714158031
( 0,9996948333566283 0,9998537041387592 1,0009443572893968 ), 0,00019964934154614866
( 0,9994312182806417 1,00082688320659 1,0000521483054685 ), 0,00020036927438837893
( 0,9998091500544745 1,000779374897709 0,9993909036141315 ), 0,00020133735299054933
( 1,000412652270972 0,9990819915269584 0,9999325926188689 ), 0,00020187640633650972
( 1,0003353619146647 0,9990464281948906 0,9999838451533103 ), 0,00020276168021737817
( 0,9990130876064325 1,0000693834730814 0,9997849162970848 ), 0,00020336538600673748
( 1,0003437254734964 1,0002762626031938 0,9990841405272267 ), 0,00020499148836705672
( 1,000716412834183 0,9995432867731294 0,9994344689491594 ), 0,00020665677516973346
( 0,9999372619817662 0,9995321149661305 0,9990833233788765 ), 0,0002109197594535317
( 1,0002436861235462 1,0005789127992406 0,9991801409882796 ), 0,0002116228359270167
( 1,0009997086562437 0,9997657699071509 0,9998858224094976 ), 0,00021174672764345814
( 1,0005904447393124 1,0002350079542022 1,000824216497909 ), 0,00021489526358209332
( 1,0003659601620836 1,0004784455187323 1,0008523835206016 ), 0,00021612688502159472
( 0,9999776892017201 0,9999631971860014 1,0010435740867005 ), 0,00021642497873841648
( 1,0004143739365672 1,0002520506671337 0,999071187796484 ), 0,00021781960580113946
( 1,0007396501245898 0,9995040106579551 0,9994459473234806 ), 0,00021824332262809776
( 0,999263257696446 1,0003232814420404 0,9993250891899794 ), 0,00021878739675429415
( 1,000602275847694 1,0000346530156123 1,0008604175858464 ), 0,00021907510312502154
( 0,9991281012064666 0,9997963750535824 1,0005538241289829 ), 0,00021989572422143056
( 0,9998940612164557 0,9992129231900138 0,9993032912055382 ), 0,00022142819627646304
( 1,0002467652910079 0,9990655233399524 0,9995730174036025 ), 0,00022149509617719332
( 1,0006911615717304 1,000664068687257 1,0004553357043746 ), 0,0002233935817770316
( 1,0002221358664833 1,0009226576057537 1,0004785192845724 ), 0,00022410758210611448
( 1,0003931612974173 0,9993186937540883 1,000747305599673 ), 0,00023355070958785973
( 0,9997165004032946 0,9993389989979653 1,000826903464899 ), 0,0002382811007883845
( 1,0001396781044767 1,0000022043015007 0,9989119138963162 ), 0,00023875329411282564
( 1,000702996857809 0,9991980008929814 1,000257527047061 ), 0,0002388095482288577
( 1,0006242858737835 0,9993122956416014 0,9994069040837886 ), 0,0002409335550659364
( 0,9995370066538066 0,9990085539374246 1,0001467203383947 ), 0,00024181052912553014
( 1,0009495956486072 0,999476514175596 1,0002098455926889 ), 0,0002419989791029309
( 0,9994943757060633 0,9990841486483861 1,0003639557059303 ), 0,00024340741278194855
( 1,0000339579767443 0,9989091828354314 1,000218649964241 ), 0,00024577573604744885
( 1,0004349711596776 0,999706506765678 1,0009840759352158 ), 0,00024674825956338964
( 1,000953566866675 0,9996439655290532 0,9995372594384772 ), 0,00024802507304855226
( 1,0002859534056834 0,9989846159463195 1,0003797287703293 ), 0,00024937181100170847
( 1,0000242204734888 0,9988797579368126 1,0000782746377215 ), 0,0002503015118158203
( 1,0000055457816583 1,0008946620746006 1,0006796463085958 ), 0,00025044368305060516
( 1,0007944103406836 1,0004390913195544 1,0006674093374328 ), 0,000251823466790313
( 0,9999996120791615 0,9995947737214883 1,0010561216714433 ), 0,00025386198247900893
( 1,0003744715847214 0,9996092369432967 1,0009983904673003 ), 0,00025586724139614603
( 0,9990283175822234 0,9996499997397632 1,0004811373501732 ), 0,00025754406004097063
( 1,0002270357693461 1,0004320938664042 1,001035541281359 ), 0,00026001112479079325
( 0,9999030221272527 0,9989044414018857 1,0003313689139328 ), 0,0002617692245081571
( 0,9999369851664234 0,9996401950889062 1,0010899726991038 ), 0,00026216844921478355
( 1,0008085234374653 0,9992040360881521 1,0002010699851678 ), 0,0002634042068763165
( 0,9991711576253048 1,000627908903552 1,0005036899216804 ), 0,00026484362625467384
( 0,9997559088643926 0,9991147016945252 0,999290907188443 ), 0,00026706418754329775
( 0,9993229922131798 1,000884591305551 1,0003577870169844 ), 0,0002715690345382882
( 1,000040863336885 0,9988299551362011 1,000008893922609 ), 0,0002719455108035618
( 1,0001734187778983 1,0009151560201452 1,0007124103156624 ), 0,0002728109301770587
( 0,9993193954219857 1,000320335960109 1,0009023928479348 ), 0,00027381037675766606
( 0,9995072143570165 0,9997291115233575 1,001036082220112 ), 0,00027570164404977504
( 1,0011645640146862 0,9998294269943433 0,9999041962971835 ), 0,00027665316810043805
( 1,0005932389399403 0,9990169454129406 1,0002844413006389 ), 0,00027759658403425647
( 1,0002015426194117 0,999660360695267 0,9988826160522053 ), 0,00027864486586537396
( 0,999556536267523 0,9988985703786615 1,0000398302500144 ), 0,0002800083705700729
( 1,000283058156368 1,000021195121375 1,0011559468013647 ), 0,0002810776042672103
( 1,000940134891502 0,9997714495949277 0,9992989119200971 ), 0,0002832265368830633
( 1,0010271839963334 0,9994133970236708 0,999792633827659 ), 0,00028612239976055776
( 0,9993663175552486 0,9995044332570717 1,000895735495747 ), 0,00028756518190675706
( 1,0009404214677535 0,9993597555296825 1,000461859003151 ), 0,00029909908586489564
( 0,9995018148124342 0,999134347251033 1,000717799991421 ), 0,00030012300399917535
( 0,9997114117601439 1,001195602274437 1,000092668486994 ), 0,00030181957891528555
( 1,0002858808280986 1,0006134325525893 1,001041125667476 ), 0,0003059137886651797
( 1,0004534027398198 0,9998175877193911 1,0011479315321188 ), 0,0003088149937156004
( 1,0011126516321989 1,0005679100430045 0,9999966791201577 ), 0,0003095950478879672
( 0,9989187366880845 1,000194654939848 1,0005964533497793 ), 0,00031004171934512215
( 0,9998331512029537 1,0002063686292288 1,001223264897681 ), 0,0003108399704743192
( 1,0003044703157666 0,9987840301613988 0,9999649211719734 ), 0,0003119731776024537
( 0,9995694325127503 1,0011832740422706 0,9999130292760877 ), 0,000316055101926338
( 0,9993224140521436 0,9991341809943043 1,0006238320172327 ), 0,0003170163969983264
( 1,0001333066171765 1,0008924326546755 1,0008954344420027 ), 0,00032060267675149134
( 1,0005973803968846 1,0006771956679827 1,0009094387125625 ), 0,0003258654997075894
( 1,001015634072973 1,0007876788198298 0,9999243162140662 ), 0,0003288693636385176
( 1,0011774876445225 1,0004967048229259 1,0001808671375274 ), 0,00033050123273170584
( 1,0011369277246733 1,0006338011414517 0,9999446457354085 ), 0,0003367441109176639
( 1,000868994548282 0,9990457843382843 1,0002211051241225 ), 0,0003401555236663967
( 0,9994321730523158 0,9989943792795055 0,999378716884745 ), 0,00034117269341038536
( 0,9994703721762757 1,001202873247652 1,0000446528032516 ), 0,0003430985715731083
( 0,999828369629468 1,001022515665434 1,0008247894120825 ), 0,0003482312336799964
( 0,9996618871340281 1,0003125838723665 0,9987577048331441 ), 0,00034824128227839424
( 0,9999468955804732 1,0000734724735676 1,0013255702639023 ), 0,00035023042147486194
( 1,000052526083901 0,9994911955995227 1,0012495239567698 ), 0,0003616574338636269
( 1,000613860952223 1,0010950245774017 0,9994964668114951 ), 0,0003629472913004861
( 1,0007598021618305 0,999764834423078 1,0011001172582938 ), 0,0003656077046230166
( 0,9991440290242781 0,9994395346528807 1,0008971988964463 ), 0,0003673763928837559
( 1,0012010148342216 0,9996428517355104 1,0005389865904832 ), 0,00036910667828493615
( 1,0001975651330484 1,0010554720001807 1,0008647781407767 ), 0,00037712123064181924
( 1,0001687147167266 1,0008596382074968 1,0010690334184023 ), 0,00037898223333598935
( 0,9996400062137059 1,0009355751993745 1,0009556441445384 ), 0,00038054517219521244
( 1,0007547612540177 1,0011425270649468 1,0002542537985124 ), 0,0003848153768331031
( 1,0003367302547022 1,0002793027887367 0,998677229275955 ), 0,00038510079006925935
( 1,0002182529713768 0,9988092221144887 0,9993057175586287 ), 0,00038638983749450517
( 1,0009717970888177 0,9990575675252555 1,0003452001021154 ), 0,0003872070189601118
( 0,9994338375197763 1,0012402472202016 1,0003160505743436 ), 0,0003885772851610625
( 0,9997968494797483 0,9992404326846587 1,0011597372384653 ), 0,0003894825707391192
( 1,0001752955578913 1,0002609974391414 0,9986310870657877 ), 0,0003913798376125044
( 0,9999740457747807 1,000675805414816 0,9987671140155454 ), 0,00039229777421212475
( 1,001188394732393 1,0002180756789734 1,0007457091615124 ), 0,00039994131770981767
( 1,000475307665609 0,9986866191975303 0,9996183814217233 ), 0,0004159308521067828
( 1,0003240856053897 1,0002545411166777 1,0013892484192317 ), 0,0004165879892035207
( 1,0011132769856101 1,000201584284988 1,0009110354873103 ), 0,000418607353630307
( 1,0004313287172464 1,000855909815955 1,0010936389446397 ), 0,0004195329365686007
( 1,0001397058301822 0,9986662402536189 0,9994111683835822 ), 0,0004255797360173119
( 0,9991983019723327 1,0008002485720005 1,000928630519311 ), 0,0004256436813250275
( 0,9998259721488971 0,9996940572815504 1,0014259032570099 ), 0,0004279462512428722
( 0,9997014403972856 1,0002259861658918 1,001430428158994 ), 0,00043374830480757964
( 1,001140578470657 0,9992585218388167 0,9993844560201005 ), 0,0004423343057666784
( 0,9993623802802325 0,9986686981439493 0,9997722369025549 ), 0,0004425708351476487
( 1,0011190040338314 0,9991343907374712 0,9995210453626397 ), 0,0004425809710326689
( 0,9996212826836184 0,9987057479604816 0,9993496936465005 ), 0,0004446767529273643
( 1,0003465090998058 0,9986788989709604 1,0006222305302306 ), 0,000446885480947401
( 0,9995829557843336 1,0009985120056069 1,0010629446958954 ), 0,0004564597222120881
( 1,000399590673147 0,9995920841072803 0,9985796701909231 ), 0,000464910303577426
( 1,0003985006804035 1,001281121344449 1,0007555239676649 ), 0,000470364069862228
( 1,0003197043763696 1,0014376387300992 1,0004550134666497 ), 0,00047138735915908114
( 1,0011742591059472 0,9998317619324498 1,001021599106144 ), 0,0004862279469577402
( 1,0004518083376603 0,9990879059398002 0,9988075539743152 ), 0,0004876407794398574
( 1,0002193265830552 1,0005575505776383 1,0014525055409105 ), 0,0004897753585737519
( 1,000681903391437 0,9998923558463507 1,0014206387047127 ), 0,0004949445712014722
( 1,0003998552593076 1,0011673217730535 1,0009881615459713 ), 0,0004957775245841844
( 0,9984115815364051 1,0000034572098075 0,9999425442890416 ), 0,0005012109244972862
( 0,9995385143258075 0,9985983909919719 1,000604269844514 ), 0,0005044328471797144
( 0,9988383168785177 1,0003472598840653 0,9989347033057264 ), 0,0005168002643003433
( 0,9983999003741665 1,0003219303107866 1,0000330316726382 ), 0,0005287203776518368
( 0,9992270896496747 1,0004544211456412 1,0013711587349503 ), 0,0005324749179962396
( 1,0003128275812427 0,9986127349219809 0,9991839529939354 ), 0,0005333343954170289
( 0,9996582370674311 0,999129174730741 0,998649655888697 ), 0,0005353719532052992
( 0,9998256851957364 1,000932060881308 0,9986559790452333 ), 0,0005367502524364909
( 1,001648724372389 1,0000176737403752 0,9999457635761031 ), 0,0005399283965203949
( 1,0001175359008547 1,0010820100386553 1,0012401021164792 ), 0,0005401029066369745
( 0,9983840462104048 1,0002570676550702 1,0002469908517564 ), 0,0005432714506667935
( 0,9988972327198539 0,9998878701067985 1,0012321432975666 ), 0,0005449500349143932
( 0,9994672176830447 1,001479203267885 0,9994343753055999 ), 0,0005538738743346983
( 1,0015281840681725 1,0006328043431476 1,0002786693949361 ), 0,0005581614820542313
( 0,9996607980257262 0,9992408457776869 1,0014640192164872 ), 0,0005623838793091807
( 0,9992049460598895 0,9999218339991414 1,001491226774022 ), 0,0005677903170990817
( 0,999299255059051 1,0004504896512891 0,9985254968203064 ), 0,000569013828901177
( 1,001008296972713 1,0013250946238834 1,0003274332072345 ), 0,0005713171434962305
( 1,0001578693273605 1,0015476644154504 1,0006891691177828 ), 0,0005743693820079443
( 1,0014014534243194 0,99910479683989 0,9996326416918698 ), 0,0005754159629844935
( 1,0003227892525623 1,0013294580062087 1,0010263548026161 ), 0,0005803051461867881
( 0,9988688869496287 1,0012892874785686 1,0001075508348685 ), 0,0005858978062036613
( 0,9996292117165787 0,9985203463720079 0,9992043423823982 ), 0,000587223278905924
( 1,0003849865176109 0,9999559334933763 1,001679505086781 ), 0,0005893966455161603
( 1,0008978691978205 0,9994964032883872 0,9986163134118486 ), 0,0005900880986118295
( 1,0012969463907797 1,0003181507192693 0,9988907115503916 ), 0,0005979133674145487
( 0,9994075983027486 0,9987875960385678 0,9989048926267685 ), 0,0005991661496054235
( 1,0010402081079484 0,99863511032593 0,9996721101068458 ), 0,0006055825802491199
( 1,0000746852665867 0,9982688081147009 0,9997693922714298 ), 0,0006062373663127119
( 0,9993507084637404 0,9989643777530859 1,0012704711237943 ), 0,0006166377128451472
( 0,9982589889985072 0,9997363945873259 1,000162113841772 ), 0,000620343873031004
( 1,000953360908561 1,0009517310422542 1,0011550284244057 ), 0,0006246907464095841
( 0,9997249273701304 1,001091098701427 1,001373025017639 ), 0,0006252014654677396
( 0,9985700307286766 0,9991058773146302 0,9993941738091168 ), 0,0006370918793301428
( 1,000110480724392 0,9992432953121351 1,001627856621563 ), 0,0006417391046866783
( 1,0012664909133409 0,9988490136622318 0,9994247813353078 ), 0,0006466849548303344
( 1,0007518747957493 0,9998521988199816 1,0016369590832388 ), 0,0006481015964148185
( 1,0003583581037574 1,0014847916357383 1,000978015048947 ), 0,0006526149814831683
( 1,0015178716856112 1,000647714388837 0,9992167132224394 ), 0,0006620318932668567
( 1,0015498373281961 1,0007897768754788 1,0005663250030876 ), 0,0006639085622310859
( 1,000020543614512 0,9987429341480126 1,001343143301819 ), 0,0006714881177707355
( 1,0001452740112902 1,0015174829312838 1,00103224234506 ), 0,00067242263779832
( 1,0004126371400965 1,0013443712120265 1,0012197789481259 ), 0,0006875170707090206
( 1,000414758590105 0,9981856050223207 0,9999578458406091 ), 0,000687586351432401
( 1,000095749056402 1,0016688118725166 1,000829074511859 ), 0,0006906898652445648
( 1,001847646164807 0,9996900574619321 0,9999748404720943 ), 0,0006964466068986042
( 1,001455817639791 0,9991112769436037 0,9992245938615494 ), 0,0006964495570400686
( 1,0009382696503917 1,000838725466817 1,0013922311756873 ), 0,0006987570782754915
( 1,00044192720522 1,0018261286569885 0,9998997969878151 ), 0,0007023178406839747
( 0,9996055594872777 0,999862925438163 0,9981531965189314 ), 0,000711239145850584
( 0,9990218943667503 0,999613377868726 1,00157917085101 ), 0,0007141965290529129
( 1,0001456840025564 0,9981802410066464 0,9994784731992082 ), 0,0007151440960910804
( 1,0012844603686941 1,0009565282623205 1,0010257788852457 ), 0,0007175825561134275
( 1,0014190824389133 1,0005727075352515 1,001130751141355 ), 0,000718252377907902
( 0,9983626550781742 1,000547943813115 0,9991790895577874 ), 0,0007251249589437236
( 0,9989974917004026 0,9996769448923639 1,0015974176243791 ), 0,0007263344448702469
( 0,9998032463023111 0,9983827424951655 0,9989711950569848 ), 0,0007365598699706766
( 0,9981618036320089 1,0002955720002422 1,0005301684339727 ), 0,0007434484809465403
( 1,0010162055020375 1,000514814185575 1,0015723024262084 ), 0,0007479021562275534
( 0,9983078049730825 0,9994210065182212 0,9992393477541793 ), 0,0007493905996049932
( 1,000143894486712 1,0019123254187576 1,0003757590753894 ), 0,0007576286673725008
( 0,9983190489616186 0,9991175352411886 1,0004735550909118 ), 0,0007595573188581284
( 0,9985108592565718 1,0003640054095009 0,9987797245617076 ), 0,0007616448481861937
( 1,001577891309696 1,0004963141812908 0,9989282974723294 ), 0,0007706719713169718
( 1,0007698901733624 0,9983275100063723 0,9992861524774728 ), 0,0007736308066164099
( 0,9980279639820018 1,000061191371441 1,0001042754698637 ), 0,0007744223866055222
( 0,9994078707063612 1,0017762162029173 0,9993451796343588 ), 0,0007805374093763362
( 0,9983295679250859 1,0010284954614177 1,0002944591615763 ), 0,0007806378017320981
( 0,9984786093893157 0,9991601881021405 0,9990412172529455 ), 0,0007814973519870705
( 0,9994468214943399 0,9991042255595043 0,9983165454946781 ), 0,0007821426888625638
( 0,9998052630274071 0,9981397218359688 0,9993225638209217 ), 0,0007851242329017794
( 0,9998099324628782 0,9997389370787163 1,001963076341628 ), 0,0007852159679231363
( 1,0004969558661 1,0016070699405752 1,0010634853104816 ), 0,0007857544242213521
( 1,0008750395305699 0,9985565156543137 0,9989358598305963 ), 0,0007899407941778236
( 0,9995104477374399 1,0018917432737244 1,0004329536225607 ), 0,0007947112188375627
( 0,9998472962270685 1,0019660096908327 1,0003710838936462 ), 0,0007987596455691914
( 0,9993799079225446 1,0007019559676444 1,0017843763486882 ), 0,0008057140855726175
( 0,9998083779223654 0,9983357906727246 0,9988695395796628 ), 0,0008102773323770407
( 1,0005803317137378 1,001627235178375 0,9989455404852001 ), 0,0008127204743360039
( 0,9991977299981822 0,9991213762883677 1,0016580117895197 ), 0,0008262220696515499
( 0,9992908220137582 0,9994464537470387 1,0018339275634713 ), 0,0008278106314207889
( 0,998274672893296 1,0001688150654173 0,9989159932758781 ), 0,0008293363033864409
( 0,9985160675247694 0,998592531532441 0,9999530218949436 ), 0,000830310825328695
( 1,0008361655042133 1,0017238922918896 0,9992748989737347 ), 0,0008325955416097486
( 0,9984819131384611 1,0013648193728706 1,0002260152022693 ), 0,0008368919784125239
( 0,9987679301803 0,999312983932102 0,9985059458360838 ), 0,0008376432139982626
( 0,9993447341887456 1,0000019898781556 1,0019574110780838 ), 0,0008453063732680732
( 1,0003131711651578 0,9985786848360422 0,9985321172362759 ), 0,0008477024496400531
( 0,9981998549332994 0,9995576809902044 0,9990672405519795 ), 0,000854310371103395
( 0,9979415616488103 0,9999814185580824 1,0003008534151727 ), 0,0008586345487593405
( 0,9986515438980912 1,0015632998916852 1,0002713323693453 ), 0,0008601946198112387
( 0,999365150190644 0,9980920233059288 1,0005656886093617 ), 0,0008656578277879134
( 0,9994800217660449 1,0020001213469218 1,0003216755999194 ), 0,0008678235939605372
( 0,9989934297971383 0,9993183892253804 0,9982811822890016 ), 0,0008792893096583043
( 1,0009957104967684 1,0018095799872466 1,0004114143356908 ), 0,0008799170143269919
( 1,00187208021966 0,9997923176058253 1,0009550307064592 ), 0,0008848003508177271
( 1,0004738294842446 0,9979288438160278 1,0002226828886591 ), 0,0009054078408716748
( 1,000323148826532 0,9983282678734308 0,9987020402022239 ), 0,0009093853306296751
( 1,0016317944219473 1,000440951311031 0,9986735732876252 ), 0,0009158900596943909
( 1,000170850607142 1,0017456076219313 1,0012491330585331 ), 0,0009198708921687171
( 0,9999739589607107 0,9993955211024164 1,002069916897986 ), 0,0009226359579379562
( 1,0009830812202671 0,9982541097526374 1,0008014569698398 ), 0,0009238881261950382
( 1,00116301081631 1,001244409727249 1,001332294600262 ), 0,0009277080831822104
( 1,0010243537385901 1,0019097045133885 0,9999472733680805 ), 0,0009322453874105463
( 1,0013053588336522 1,0003921205145931 0,9983040316478314 ), 0,0009391865917862674
( 1,0007251129584145 1,0010914259500994 0,9982553877993902 ), 0,0009444723704348235
( 0,9990073404219225 1,000257683046782 1,001930148468831 ), 0,0009477583018764335
( 1,0010216234274316 1,000418950934715 1,0018883124732396 ), 0,0009492888861473148
( 1,000848846334446 1,0019353187594051 1,0005864032234348 ), 0,0009542301405680575
( 0,9990793614501808 0,998071449993304 1,0004981249809632 ), 0,0009552501926251011
( 0,9979998232945537 0,9990985663518895 0,9999297234838566 ), 0,0009558875430712988
( 0,9999687873849074 1,0017915355926679 1,0012800202646186 ), 0,0009619999371537347
( 1,0021093737070774 0,9995931256885714 1,0005224775783697 ), 0,0009697250168727578
( 1,0002901585303425 0,9983005792768671 0,9986069372760903 ), 0,0009746620125490324
( 1,0006168401451445 1,0013066366594277 1,0016920022955507 ), 0,0009821650390016146
( 1,0000702484179955 1,0019365128996045 1,001108540722952 ), 0,0009887521641971375
( 1,001112880652943 0,9994683054932837 0,998129783770189 ), 0,0009957032685186107
( 1,000052549581653 1,001754372770415 1,0014063803090119 ), 0,0010035558697261138
( 0,9998417551172079 1,0019914120392412 1,0010373975633398 ), 0,0010052332250722884
( 1,0001512218999744 1,0013014623756926 1,0018308267794704 ), 0,0010055607941907851
( 0,9993022770262273 1,0013405948715242 1,0016712798978227 ), 0,0010072667009595193
( 1,0012664923288352 0,9997714136081098 1,0018527414684433 ), 0,0010095892647896676
( 0,9995830214879584 1,001651321212265 1,0014871122048712 ), 0,0010142190579678356
( 1,0015085611402448 0,9983462513872726 0,9996295981500652 ), 0,001021282239484833
( 1,0013762859975324 0,9993569122595366 1,0016916818138042 ), 0,001025582589399221
( 1,00069325176524 1,0001580502169245 0,9978339423808423 ), 0,00103110531749806
( 0,9989208580179582 1,001980132669968 1,0003606486571703 ), 0,001034711047555703
( 0,9979546816625682 0,9997678295826107 1,0009923593271834 ), 0,0010359929235548293
( 1,0001952441153574 1,0014515012158784 1,0017549918812851 ), 0,001036584169717969
( 1,001857170777456 1,0012849013489775 1,0003779988432142 ), 0,0010401478885135873
( 1,001189710033761 0,9996885847905578 1,0019380557834627 ), 0,0010452082514476047
( 1,0014619026250744 1,0015228891277639 0,9990190192969026 ), 0,001075014933423546
( 1,0010368005058983 0,9979227785270924 0,9996564972959286 ), 0,001092690784023631
( 0,9996236148929635 1,0022853027705445 1,0003858637985321 ), 0,0010937506499928418
( 1,002331432356284 0,9999594108660488 1,0003164797676771 ), 0,001098553931903723
( 1,002058852986694 0,9997505011725931 1,0011141842120574 ), 0,0010995817740564462
( 0,9992484313688602 1,0022338022742183 0,9999539751821989 ), 0,0011024179623397856
( 1,0013787884548695 0,9984829898454792 1,0011676536546041 ), 0,0011042021961813475
( 1,0014672949258554 0,9983126131416633 1,0007623321427126 ), 0,0011072929606754656
( 1,000343977763113 1,0004614684384097 0,9977084882299108 ), 0,001107466211330177
( 1,0005112780502587 1,0014702431029927 1,0017814960746037 ), 0,0011103409597303937
( 1,0001815498221063 1,0015099099234235 1,0018133446845525 ), 0,00111118512782582
( 1,0002099102092314 0,998169076270158 1,0014903719899932 ), 0,0011144675006420357
( 1,0008085397309903 0,997857738754178 0,9993716144028805 ), 0,001118498356223796
( 1,0014906535432504 1,0012231120247204 0,9986123680075583 ), 0,0011196332745306847
( 0,9991444251141954 1,001286023791584 1,0018071946165747 ), 0,0011212669152769195
( 0,9993428267130235 0,9977337442052621 0,9996916979418343 ), 0,001123445834899428
( 0,999467977759191 1,001235450941632 1,0019704522090491 ), 0,0011292500204902467
( 0,9998086261172252 1,0020968252241504 1,0011299826595823 ), 0,0011328371101484436
( 1,000029601914731 0,9986980780333331 1,0020065553176838 ), 0,001135215172276105
( 0,9976241096851243 0,9997651994954492 1,0002855297826734 ), 0,0011469858012098655
( 1,0002819411708563 1,0016563105234428 1,0017289781435321 ), 0,0011530879248873305
( 1,0010637567950929 0,9990422745856523 1,0019469241674228 ), 0,0011584662031225434
( 0,9996361337433225 1,0009340737431474 1,002216552518178 ), 0,0011740676951248474
( 1,0011335646477604 1,0018123355408626 1,0011734501644713 ), 0,0011797320615372087
( 1,000971167318843 1,0012128151212385 0,9981198358665913 ), 0,0011802449968740802
( 1,0012718560457967 0,9981190966017308 0,9991071741181126 ), 0,0011809292683686579
( 1,0002320590882419 0,9991157678828071 1,002273607831299 ), 0,001191328805830949
( 1,0021422606696766 0,9990478696960189 0,9992621160719788 ), 0,0011983344337309632
( 0,9988094267760318 0,998246188757268 1,0012823760037513 ), 0,0012176830806964745
( 0,9988486323591222 1,0021746406797107 1,0003013850810123 ), 0,0012192113385438574
( 1,0007085828987359 0,9976344346276073 1,0002186667493609 ), 0,001219258467806128
( 1,00164401091035 1,001583056643637 0,9990200284608327 ), 0,0012239079589164703
( 1,0012068041801465 1,0019748633195567 1,0009186433694792 ), 0,0012300920580301522
( 1,0000143773965275 1,0024725131557015 1,0003042379281215 ), 0,0012312146269302104
( 1,0010761116021147 1,0014474810881 1,0017188176083645 ), 0,001231519744102627
( 1,0007357410657682 1,002259711324143 0,999217022287654 ), 0,0012420488926778717
( 1,0022389815064636 1,0001205832812132 0,9988681846919852 ), 0,001251555847360919
( 0,9997933261788032 1,0016739438736786 1,001865501333149 ), 0,0012547966338267713
( 0,9992054273142053 1,0009929478699855 1,0021735312913902 ), 0,0012580938953163923
( 0,9994440102036289 1,002458149603936 1,000033810134463 ), 0,0012603149878671616
( 0,9984823844514014 0,9979907109632763 1,0001554034030937 ), 0,0012626622555558242
( 1,0002071608392566 0,9980286206647504 0,99843606297076 ), 0,0012647658495019698
( 0,9988520606844155 1,0019194199843282 1,0012035317857113 ), 0,0012797022790564938
( 0,9997364405165065 1,0017693625696527 1,0018057071139106 ), 0,0012817356514993605
( 1,0007196542480128 0,9980075650010529 0,998564882887209 ), 0,0012989115364021586
( 1,0021670743066702 1,0012614281764893 1,0005110846261727 ), 0,0012991783037321625
( 1,0014642269827088 1,001190845359729 0,9982321583143232 ), 0,0013267042267912643
( 0,9993603291817073 0,9979467465497022 0,9985529459851268 ), 0,0013329807131761129
( 1,0011318354194696 0,9991640716143847 1,002188704421869 ), 0,0013431486869848186
( 1,0014837744421858 0,9981925665135885 0,9988275192440771 ), 0,0013576082758177677
( 1,0002746169533814 0,9974881160902925 0,9993162044817483 ), 0,0013594660136249104
( 0,9981527660452831 0,9981524981796001 0,9997469983298458 ), 0,001366816307722729
( 0,999410816209357 0,9992613029104281 1,0024512968195844 ), 0,0013692124136355233
( 0,9980279203267629 1,0014807006951403 0,9990754478237942 ), 0,0013761074127387474
( 0,9979107908337685 1,0006851827709362 1,0014569745562885 ), 0,0013802072879300908
( 1,0021402435086642 1,0013455798509812 1,0007664064368627 ), 0,001384484284493226
( 1,0000473603178457 1,0000789890157418 1,0026703236278236 ), 0,0014163100282615915
( 0,9982027688578201 0,9990591516590539 0,9982478866272155 ), 0,0014254608586483641
( 1,0024679371621181 0,9993560688225223 0,9991751617706931 ), 0,0014255653537773583
( 0,9992233851492396 1,002089513985155 0,9985105962209163 ), 0,001425931872422126
( 1,002508327254333 1,000913179009225 1,0002627613370394 ), 0,0014273344905788576
( 1,0013254839319086 1,0023294056885073 0,9998181921989909 ), 0,0014315945515619433
( 0,9991481088186681 0,999326292721338 1,002460496955354 ), 0,001435073728046632
( 1,0004840788911127 1,000459501096731 0,9973931099221856 ), 0,0014365963931872727
( 1,0003685122854078 1,001318999241297 1,0023264729663595 ), 0,0014458678303057582
( 0,9989249146901814 1,0002434545193253 1,0024700229914507 ), 0,0014514297472167925
( 1,0024856601449417 1,0007769349885398 1,0007398652810084 ), 0,0014540965253218019
( 1,001946591384718 1,0005199771213715 0,9981911519408658 ), 0,0014545003340415974
( 1,0021920624456968 1,0014519525324277 1,0007542496602932 ), 0,0014843904908374839
( 0,9982178275510065 1,0020849407939285 0,9999282875521621 ), 0,001493528284953527
( 1,002191289597026 1,0012972574855608 0,9989658903661851 ), 0,0014986382258435071
( 0,9975049417360562 1,000412149736371 1,001076925193966 ), 0,001498816448595619
( 1,002101281452771 0,9990230403403327 1,0014923353219982 ), 0,0015071481097166384
( 0,9982322720757194 1,0021135864251487 1,0000899157112284 ), 0,0015077991409206959
( 1,000237098617793 0,9974913775540519 0,9988772800013613 ), 0,001509717699455848
( 1,0014379315217765 1,0023041116036988 1,0005857747069442 ), 0,0015315081014577459
( 1,0002869504118133 1,002744180308494 0,9996111534755171 ), 0,0015402927620549178
( 1,00060364556186 1,0026303456581978 0,9992302725779684 ), 0,001562422660565943
( 1,0021926916058932 0,9984528788878575 0,9991365224710516 ), 0,001576617443774353
( 1,0011107444313054 1,0019179137347574 0,998255972139794 ), 0,0015779511323259499
( 1,0009763485673195 1,0018778711653813 0,9981204455354032 ), 0,0015895763503337434
( 1,0000477507693097 1,0010008966581228 1,002649856976198 ), 0,0015922257743099522
( 0,9993864109831992 1,0015531753704177 1,0022931448351282 ), 0,0015965104174568978
( 0,9997370971041859 1,0026103712664323 1,0011249278126093 ), 0,00161659027655503
( 0,9988030464282922 1,000233710617968 0,9974098855834505 ), 0,001625993213117738
( 1,0010598785878229 1,002243746191781 0,9985482739008645 ), 0,0016397396978291567
( 0,9994268589907499 1,000362385094909 0,9972026929655267 ), 0,00164358706777179
( 1,002074601761428 1,0019410610825088 1,0005368160754673 ), 0,0016585091943852603
( 0,9994853259082611 1,0008210808120366 0,9972706685332822 ), 0,001664138629507761
( 0,9981037394896884 1,0021730657376557 0,999707623157081 ), 0,0016671655932185558
( 1,001524538414396 0,9975855838031369 1,0006098699747124 ), 0,001691378844569158
( 0,9986706677473189 1,0025128930885472 0,9993331829220742 ), 0,0016915424330399276
( 0,9971591248274532 1,00008135492731 1,0006832498591942 ), 0,001695023675953422
( 0,9994034522867976 1,0007065520264589 0,9972092132118878 ), 0,0017147774219665735
( 0,9989550947258378 1,000013649651594 0,9972460290124568 ), 0,001721284942021839
( 1,000751790620929 1,0003561461895918 0,9971694197824609 ), 0,001726805208111415
( 0,997507689651083 0,9988439203079926 0,9988923170601545 ), 0,0017408817547206468
( 0,9973646610678706 1,0013278390835871 1,0002959740683801 ), 0,0017449775462026196
( 1,000008235693446 1,0019423780224954 1,0022490442459193 ), 0,0017519945554838046
( 1,0022798340620631 1,0016469363236933 1,0009609072264556 ), 0,0017524508796284977
( 1,0018548101259026 0,9996104235207243 0,9977083576532667 ), 0,0017544974900260968
( 1,0001761395045619 0,9988158043840619 1,002725217059307 ), 0,0017577470390257588
( 0,9992508102093794 1,0028781789903574 1,0001865766066598 ), 0,0017616790510039948
( 1,0003369820836168 0,9970467871334086 1,0002655163730996 ), 0,0017667357187107768
( 0,999832704430311 0,9983576339122303 0,9975110548241164 ), 0,0017696679060463794
( 0,9991514814867949 1,000022438076749 1,0028758306275936 ), 0,0017836764742185096
( 1,0022547801864008 1,0006322168809492 0,9981193891255653 ), 0,0017895567593555484
( 1,0019085729586503 1,0023122699743308 0,9997759610550414 ), 0,0017933255240762946
( 1,000105067458706 1,002385811325193 1,0018323237098368 ), 0,0017975120863837901
( 0,9987333446083324 1,002728732064165 1,0002907301397026 ), 0,0018122578896715424
( 1,00244295818152 1,0004225651142309 0,9982411313522941 ), 0,0018331581408759234
( 1,0017461982175502 1,0016240840113912 1,0019009176188765 ), 0,001845095805961705
( 1,0001768991594653 0,9974775416066243 0,9982881395981652 ), 0,001849886206091611
( 0,9990560002348209 0,9978512441360837 0,9980463252578655 ), 0,0018500086515622627
( 1,001843080207432 1,0024618088325576 1,000014047978255 ), 0,0018762905393927554
( 1,000570713317016 1,0003587338603919 1,003009254067584 ), 0,0018866581462830823
( 0,9996746685561837 1,0022159406586135 1,0021297372856774 ), 0,0018950150674719168
( 1,0009574381670547 1,0009219855058755 0,9972018272998282 ), 0,001903831937180911
( 0,9996904961751465 0,9983801928962032 1,0026242827925977 ), 0,0019058040026997958
( 1,0004502916797449 1,001304736326923 0,9972144399565924 ), 0,0019173082648151762
( 0,9973740031684354 0,9995418400883035 0,9983959820588871 ), 0,0019201310695606821
( 1,0002178025240414 1,0026288781579693 0,9983377402114819 ), 0,0019286418171340358
( 1,0025794970154187 0,9996895339520574 0,9982737205284689 ), 0,0019303670820320917
( 0,9974128444045975 1,0016394272687834 1,0005955252321004 ), 0,001931461140262769
( 1,0020253445161686 0,9976776523618345 0,999493393620108 ), 0,001934683630409495
( 1,0002266098134236 1,0031124722018752 1,000140480406196 ), 0,0019359621252945658
( 1,0000902119329598 1,0013311114689896 1,0028278482003605 ), 0,0019395806030324536
( 1,002398587171183 0,9979927495674878 1,0001402574571145 ), 0,0019445966699151995
( 1,0010700349822326 0,9995585972636045 1,0029131057369074 ), 0,0019493522757692006
( 0,9990850742229649 0,9994503622913811 1,002949790467495 ), 0,001952218652611748
( 1,0002053507129725 1,0031321138852167 1,0000232835014053 ), 0,001954664675096751
( 0,9970764586129345 1,0008433381757273 1,0008008448196446 ), 0,001963967362556218
( 1,0026985640044774 1,0015855930901245 1,000342449958162 ), 0,001966746233627248
( 0,9977973564237095 0,997966450411454 1,0009826666723727 ), 0,0019744893931274987
( 1,0007010359896222 1,000147608525331 0,996915832248006 ), 0,0019888873291620257
( 1,0009815171701097 1,003017791358349 1,0000641097362886 ), 0,001998656686559741
( 1,001669714889075 1,0020459821492833 1,0017631717349942 ), 0,0020003181646970347
( 0,9970982831184031 0,9987543089703347 0,9996601326025315 ), 0,0020011764021319323
( 1,0004197473283345 1,0023501349904693 1,0021021386277522 ), 0,002007359959556254
( 1,0015579900952738 0,999005549098688 0,9974087125245173 ), 0,0020098837465880592
( 1,0010642244961792 1,0026189832581687 1,0014706509374451 ), 0,002014530350642474
( 1,0025775194043791 0,9983528139647064 0,9990976859886928 ), 0,0020178117939551043
( 1,001963844571585 1,0015300711256645 0,9979595384937484 ), 0,0020555727503399623
( 1,002441452568834 0,997911656576106 1,0002720020912639 ), 0,0020624197621401663
( 1,0010930131829419 0,997696342322425 1,0019735698518788 ), 0,0020625531796483187
( 1,0022514282619992 0,9987526898402481 1,0019507756134665 ), 0,002069248904199128
( 1,0026161865884033 1,0011548205745429 1,0015007678277434 ), 0,002069263429156365
( 1,0024468392758434 0,999736246814408 1,0020917952869406 ), 0,002069629375696991
( 1,0022876253888202 0,9998064060209197 1,0022747573030675 ), 0,0020722156844890094
( 1,0000515760388553 1,0028186951809266 1,0015827883527435 ), 0,0020737318708654584
( 1,0016171436266785 1,0027818845819263 0,9996148567507186 ), 0,0020835438967097275
( 0,9998281826278361 0,9981540448780153 1,0027012573365426 ), 0,0021294713211972294
( 1,0008219229834534 1,0020693421729359 1,0024113495426166 ), 0,0021371130711571595
( 0,9968971952242707 1,0010673724491728 1,0001568609102858 ), 0,002140844881331816
( 0,9979807181574547 1,002517269093793 1,0006251925738257 ), 0,0021435912472433927
( 0,9993131775386012 0,9981369533166721 0,9973722410321029 ), 0,0021520758311588395
( 1,00108054633351 0,9969984319251783 1,0008516705875425 ), 0,0021628828844271197
( 1,003252080065532 1,000502881436298 0,9997270114484382 ), 0,0021630830005037183
( 1,0023663510094702 1,0009950077147014 0,9979117115415357 ), 0,002172480268235688
( 1,0008175637026528 1,001557011011267 1,0028056355985824 ), 0,0021751830129517202
( 0,9995011532041009 0,9981538902669554 0,9972903575730718 ), 0,002182098045906855
( 1,0021792203128457 1,0021074919046766 0,9986221617263179 ), 0,0021999324507788742
( 1,0021685352724683 1,0025234234666747 0,9997227188414345 ), 0,0022114549676537365
( 1,0008076811423714 1,0031813998616925 0,9993545720767039 ), 0,0022199864031264838
( 1,0014256951368667 0,9978750168155741 1,0021580769113123 ), 0,0022230438257011542
( 1,0030567758035769 0,9991000371509565 0,998958202305444 ), 0,0022297013181393766
( 0,9976922760092586 1,0019544292280163 1,0014498584779123 ), 0,002231378936627948
( 1,0024182065132552 1,0005998370666036 1,0022555084065778 ), 0,002240768869420151
( 1,001386670521855 0,997123560964837 1,0010878420672586 ), 0,002257685347863969
( 0,9972390239573464 0,9980605313420573 1,0000029414824672 ), 0,002258554951040992
( 0,9990503608104636 0,9969604329667233 1,0011298164749631 ), 0,002265038543196596
( 1,002968662454785 1,0001333872250042 0,9983906852132689 ), 0,002265710419607103
( 1,0031527822816981 0,9998459998741004 1,0012491986696015 ), 0,0022862541715547025
( 1,0010892449417281 1,0013945278019496 1,0029511550752848 ), 0,002349004647534514
( 1,001842323372621 1,0026879599082492 0,9988597745262456 ), 0,0023646717804055584
( 0,9991095085273095 0,9983686063385835 1,0029246276942092 ), 0,0023822133860207373
( 0,9979115017996594 1,0016915103342703 1,0022130458030327 ), 0,002404598622568699
( 0,9983988002579055 0,9978871331650042 0,9977351360693003 ), 0,002411948362578187
( 0,9998472328140667 1,0027811405670113 1,002124855787158 ), 0,0024348324148704137
( 1,0022846170732165 0,997387531626197 1,0005157504679005 ), 0,0024422508143828736
( 1,0029295588118696 0,9982260568409086 1,000765811107385 ), 0,0024432741872502106
( 0,9981514541915667 1,0023356630238693 1,0019017092353983 ), 0,0024776717557948302
( 1,0022627280918823 0,9977565480216649 0,9984474448338753 ), 0,002492450391812895
( 0,9971439830089851 1,0012887479269248 1,0016867252231112 ), 0,002512138414751064
( 1,0001146187769943 1,0017093091964124 1,0031269216810048 ), 0,002521994687555207
( 1,0008141698729085 0,9980336667589355 0,9971281176660032 ), 0,002534810892509398
( 0,999948037596842 0,9972649306587712 0,9976962674577804 ), 0,002537476994660892
( 1,0000586444298118 1,0006236062598102 1,003522277909409 ), 0,002539073781811396
( 1,0012844179747078 1,0025803794150998 1,002119361027864 ), 0,002539331149009172
( 1,0011175931327727 0,9970432073051775 0,9983043062098816 ), 0,002552657931765623
( 0,9972167449238929 0,9976985454387806 0,9999645389142594 ), 0,002587860351113136
( 0,9970152853372753 0,9987728645094953 0,9983699374004773 ), 0,0025932220469542244
( 1,0032446202291776 0,9984268339601019 0,999596778047536 ), 0,002611755826265494
( 1,0016394883031443 0,9977111212313091 0,9977027986574766 ), 0,0026195328796561057
( 0,9973804518470178 1,0019052594375961 1,0016587091492966 ), 0,0026273342071228
( 1,0028139654752868 1,0012628953609344 1,0019323227662373 ), 0,0026280838138710294
( 0,9966570772880037 0,9998060626217812 0,9985512208091134 ), 0,0026408530123518403
( 1,000199962512027 1,0024609858862998 1,0027105093416613 ), 0,002666984974446507
( 0,9965876570876431 0,9999526196726714 1,0014117194745313 ), 0,0027058347953463624
( 1,002413433932161 1,0017565147810927 1,002194095489754 ), 0,00272270216020587
( 0,9968203009898617 1,0018563082673821 0,9995454660466399 ), 0,002730389698648139
( 0,9974167213526015 0,9993810046655631 1,0025945052251215 ), 0,0027353599955688424
( 1,0017518716335438 1,0012825029393821 0,9969846143528869 ), 0,0027390226550707553
( 1,0025604918250197 1,0026617437951277 1,0004115730460654 ), 0,0027398117375980746
( 0,9964574397369045 1,0011969445462499 0,9995598977839217 ), 0,00281232233252382
( 1,0010545789874046 0,9964966351908143 1,0009062838287452 ), 0,002818467686942938
( 0,9998262024411181 1,0028333574544537 1,0024947326401779 ), 0,002833331299907371
( 0,9999279986409708 1,0012751564601399 0,9964197818926008 ), 0,0028664925739789737
( 0,9998021409934631 1,0035530385331317 1,0013450391699998 ), 0,002871096374470028
( 1,0005511126180924 1,0037700822803217 1,000069903073279 ), 0,002880944830913279
( 1,0006995956070845 0,9964982910323957 1,0013342387490682 ), 0,0028828531752012054
( 0,9998201006926762 1,0037305331673487 1,0008101915976635 ), 0,0028975197245699746
( 1,002650013015769 1,0014871303370867 1,0023207948241781 ), 0,0029004807897905494
( 0,9997981708180547 1,0024206020404398 1,0029584048451166 ), 0,002906810196559917
( 1,0022900704587314 0,9986892906635608 1,0027943014289262 ), 0,0029302913935111974
( 1,0014029225689436 0,9990170366485575 0,9965363705925651 ), 0,0029621229346190603
( 1,00352413150581 1,001595516240349 0,9997831230005527 ), 0,0029781994287603197
( 0,9998643764702372 0,9963525299101569 0,9986956191005948 ), 0,0029804944322151528
( 1,0034330309544726 1,0015855076138482 0,9991373628797379 ), 0,002984452170061047
( 0,9976541302625714 0,9988566425822734 1,0028864174553198 ), 0,003003942851592001
( 0,9987667420963624 0,9968147803026676 1,001865553487025 ), 0,0030049368820286304
( 0,9984679404677692 1,0014340063507408 0,9967118907000118 ), 0,0030185016747594773
( 1,0000563298284653 1,003531754118264 1,0016721548392167 ), 0,0030298493561602413
( 0,9989750413777149 1,0028195522670604 1,0025066215999738 ), 0,003032071376587453
( 0,9980294036287155 0,9983890863531572 1,0029762878163986 ), 0,0030425914039007296
( 0,9992850623461778 1,0026291649543349 1,0028228426784491 ), 0,0030535954480797045
( 1,0010139612454807 0,997674287769933 0,9970044222336212 ), 0,0030572574182237133
( 1,0017750251843571 0,9980651297181743 0,9970809042818715 ), 0,0030582618860819366
( 0,9998055711618309 1,0025650343607089 1,0029671557778814 ), 0,003059369044692062
( 1,0036814715301365 0,9993405652963683 1,0012738243146486 ), 0,003096921254446272
( 0,9984342091545865 1,0015057988424052 0,9966974620167052 ), 0,0030999681072572116
( 1,0004277745794175 1,0039284667903279 0,9998146341287707 ), 0,0031047217478032962
( 0,9984902596160729 1,0019240201321136 0,99687587846808 ), 0,003122876202287017
( 1,000079236610014 1,0039375496903176 0,9994456165073293 ), 0,0031379934322934844
( 0,9994221020917479 1,0037703161297566 0,998845935281621 ), 0,003150555134070032
( 0,9972029563451744 1,0022151325170883 1,0017841795787046 ), 0,003157062839413527
( 0,9986405473610138 1,0032451874436334 1,0018908336458652 ), 0,0031651848391653914
( 1,0011421018451523 1,0027117048649032 1,002707584335611 ), 0,0031719709405919616
( 1,000749762683152 1,0026959194753058 1,0028843644748204 ), 0,0032038901380033735
( 0,9960871146761773 1,0000943299172602 1,0009179059179443 ), 0,0032062842383382417
( 0,9959953546928045 1,0000291433097783 0,9995794771031118 ), 0,0032167354515877378
( 1,0037862153246242 0,998609823139931 0,9998586812477078 ), 0,003231272305882271
( 1,0015937721754369 1,0028243408885686 0,9975812957195905 ), 0,0032470436607923148
( 1,0016796179902658 0,9982189709581101 0,9967763909657389 ), 0,003250540047645245
( 1,0002130264909586 0,9971038751090789 0,9971786152990585 ), 0,0032521807132752656
( 0,9959766311140118 1,000461489136067 0,9999910777942869 ), 0,0032535689752073438
( 0,9961047685735335 1,001111783415866 1,0000561891536828 ), 0,0032558698731897096
( 1,00333529747897 1,0011461964285442 1,0020091252151884 ), 0,003268330227399474
( 0,9993362530264098 0,997829492343711 0,9966036329021707 ), 0,003310462466920683
( 0,9991614458610907 0,9974281386582973 0,9969190425358486 ), 0,0033348723872066444
( 1,0013905221038013 1,003326170236924 0,9980172467125039 ), 0,00335834303540139
( 1,0009582953777612 1,0039681516864998 1,000621507931669 ), 0,003382588101398909
( 1,0016020074963965 1,0037842437397848 1,0004406500038492 ), 0,003388617843377517
( 1,0014366250496318 1,0033198140657347 1,0020122248243706 ), 0,003399178716808393
( 1,0025243897616316 1,0027489644133738 1,001821957285027 ), 0,003421970185588208
( 1,000305653766026 0,9968762247597652 0,9972793721637652 ), 0,0034228032971839184
( 0,9971986217704533 1,0009719353890703 1,00291292566023 ), 0,0034276348079664842
( 1,0000118119670367 0,9972330932448665 0,9968948081358662 ), 0,0034317135005252908
( 0,9990252703127667 0,9960401003990178 0,9990379881660635 ), 0,003482884002345088
( 0,9976313059320909 0,9965478052443588 0,9997684065746636 ), 0,003488016168141428
( 0,9992338658423071 1,0027258151170857 1,0031086561725344 ), 0,003507628714913835
( 1,0007884300963377 0,9974282640014474 0,9967678188948343 ), 0,0035079572097984624
( 0,9961770748994577 1,000871414051022 1,0015812777906552 ), 0,0035460277918204497
( 0,9987220657749557 1,001418835855985 1,003786881438927 ), 0,0035682775104142195
( 1,003694782714518 1,0014224531586455 1,0015297162160397 ), 0,0035738713140034406
( 1,0040060313694725 1,0001676177685639 1,0014640663184318 ), 0,0036145084640004654
( 1,0007967996024654 1,0028048326211425 1,0031366199909402 ), 0,0036384791263124328
( 1,0027234154343054 0,9995777780905625 1,0032952303862297 ), 0,0036609768450333036
( 0,9994220149426558 1,0036654114594221 1,0021694151392753 ), 0,003665295063381535
( 0,9971802243915223 1,0031030362801707 0,9989943705498733 ), 0,0036882568112517333
( 1,0013876561023056 1,0037612168530932 0,9983735139667705 ), 0,0037133262119262156
( 0,9988150408953503 0,996129272842019 0,9984248952867315 ), 0,003743033826985709
( 1,0027949415366406 1,0031577873912445 1,001083455686677 ), 0,0037608525307248897
( 0,9970774895332923 0,998232303078914 1,0027137294404462 ), 0,0037753417281507495
( 1,0020918614551775 0,99818229895242 0,9966213322688277 ), 0,0037882556816626334
( 0,9995893923246499 1,002962779825803 1,0031924999577644 ), 0,0037968528990930395
( 1,000035933292153 1,0032377708831692 1,0029506450205077 ), 0,0038071738686085155
( 0,9972356455091909 1,000218194566175 1,0034021285547707 ), 0,003821649341482214
( 1,000560113690405 1,004076549384464 1,0015346531598623 ), 0,003826233479898633
( 1,004379785204435 1,0001380513059022 0,9996960382958683 ), 0,0038275319025586896
( 1,001381677978504 0,9967487557956144 1,0026252179893802 ), 0,0038430252161880674
( 0,9988429846197436 1,0032484428645583 1,0027628400493738 ), 0,0038733654046581023
( 1,0020857222035637 1,0021692880159827 0,9967585267234872 ), 0,0038810850614972026
( 0,9986147710532038 1,0031649534855598 1,0027717907532767 ), 0,003892071871767655
( 0,9992696771189307 0,9956487761618351 0,9995645442186367 ), 0,00389939009447815
( 0,9959150165871273 1,0007521066699918 1,001579399515147 ), 0,003917514426063917
( 1,0040879615627818 0,999795685196189 0,998269571547952 ), 0,003917571870537984
( 1,0021007208449466 1,001082010003365 0,9962182002018869 ), 0,0039450357301547
( 1,0009920734671234 0,9959169232435435 1,001497992970435 ), 0,0039477603336308675
( 0,9974056092247731 0,9983772219635072 0,996734270236406 ), 0,003973539510035096
( 0,9997037900630452 1,0042112025416943 1,00148596659933 ), 0,003973598799287714
( 1,0005690674411138 0,9970008379874198 0,9967214628604814 ), 0,003981128662964295
( 0,9968818925907805 0,9967831859323552 0,9997612667195098 ), 0,003993001888474623
( 0,9955470082680811 1,000697776467537 1,0000168608304978 ), 0,004030340003815525
( 0,9994343748688136 1,002382421627705 1,003799077076538 ), 0,004052766191605883
( 1,0001033869393103 1,0045169246989334 1,0001908411804996 ), 0,0040567919292158194
( 1,0022282620723455 0,9999319134431446 0,9960372866276838 ), 0,004101160665197057
( 0,9980079934651976 1,0000940144160713 0,995913027825338 ), 0,004102610602821244
( 1,0024796690873778 0,9996354222043441 0,996194692650983 ), 0,004118863696049857
( 1,003365770426011 0,9974277388675902 1,0016975839198168 ), 0,004131741105055653
( 0,998328975263585 0,9985055763168639 1,0039819724716537 ), 0,004142598564222055
( 0,9991715876205814 1,0040320546389465 0,9980131669393678 ), 0,004144474128189302
( 0,9982700923849679 1,0019705625073023 1,0037628512510244 ), 0,004172981482209792
( 1,0031012361425424 1,0029415048236405 1,0016672500036965 ), 0,004176007772993984
( 0,9998449808842872 0,9967788997339742 0,9967349827535547 ), 0,004177964994994454
( 0,9974716168949553 0,9967250206760591 0,9979964906988028 ), 0,004192361524729904
( 1,0045637047416152 1,0006776055847628 1,0000360819230767 ), 0,004223059624216319
( 1,0016391907224171 1,0025060883445853 1,0035181145727452 ), 0,004234461082177177
( 0,9975301223743843 1,001037836948404 1,0037717152412196 ), 0,0042460765168712555
( 0,9992251318672682 1,0042069425608287 0,9980826135105259 ), 0,00435948492062721
( 1,0006804289323439 0,9981318410165336 1,0042494980908736 ), 0,004366635168338462
( 1,001112083827286 0,9960984939909754 0,9976207089465878 ), 0,0043881626140134244
( 1,000623025778995 0,9967459551495895 0,996648398852951 ), 0,004406172954716681
( 1,000304546475868 0,9967388036074081 1,0034446664543908 ), 0,004482281634658136
( 1,0000569566916073 0,9960827938962186 0,9972407455689817 ), 0,004555136365681278
( 0,9973631031456601 0,9973277154350775 1,002987583863563 ), 0,004566867071694958
( 1,0037904546787397 1,0026948132504045 1,0011847627657624 ), 0,0045694406086624895
( 0,998921705284476 1,0036475175833195 1,002938091478355 ), 0,004582590956410115
( 1,0014340151953711 0,9969661011900227 0,9965179463086665 ), 0,004639372616743742
( 0,9994527592016963 1,0040961392399756 0,9974659040875896 ), 0,004661899523910051
( 0,9997276768478113 1,0048362897868723 0,9996133164332165 ), 0,004684353078882708
( 1,0030163698449406 1,003836801412626 1,0004719885795068 ), 0,004769608640462053
( 0,9970502805676652 1,0026507789500991 1,002892477502986 ), 0,0047799124258389725
( 1,003939156140094 1,0028751857079374 0,9993729623805713 ), 0,004796288993333064
( 0,9969192533807846 1,003832390918847 0,99984093875528 ), 0,004801588365506149
( 1,0009519760180787 0,9995017111835993 0,9951979868241589 ), 0,004803496469293123
( 0,999377558663054 0,9965685479098243 0,9964956051048439 ), 0,004849125656399167
( 1,003356216802869 0,9995883953906552 0,9963888289397632 ), 0,004855288051700768
( 1,0001469775576841 1,0038097368937735 1,003197765440569 ), 0,004912261427776343
( 0,9995242077554165 1,0009378972781169 1,0048799579684888 ), 0,004943565870615174
( 0,9951140175350397 1,0006351088267837 1,0009154599236372 ), 0,004982098789906075
( 1,0039637613611014 1,002471162895607 1,0018373953057806 ), 0,004998112572852875
( 0,9983082214950897 0,9958927009687439 0,9976579535765246 ), 0,005002683551033726
( 1,0016891255882203 0,9974764196205416 0,9959353204797338 ), 0,005107042840087672
( 1,0007161402494862 1,0050220206100935 1,0002960188776735 ), 0,005122303600884948
( 0,999932628729459 0,9967830831810198 0,9960301403138028 ), 0,005180357685432568
( 0,9999492545948714 1,0039138751946546 0,9967142763190924 ), 0,005181172985182059
( 1,0000072957512989 1,0031882806528265 1,0040257117965485 ), 0,005231667666997453
( 1,002492567006582 1,0025566668286405 1,0036949337230752 ), 0,0052377682576008056
( 1,0041636833558318 1,0017788036046034 1,0024984430685409 ), 0,005305297072613513
( 1,0041599063121194 1,0030313233387123 1,000514853344301 ), 0,00530848797648531
( 1,0050434124031649 0,9993229463295472 0,9989316865157952 ), 0,005363248655953612
( 0,99756695896961 1,004523276238927 1,0008133970270274 ), 0,005364491304163721
( 0,9981865745918125 1,0048463959111218 1,0005485574428494 ), 0,0053714933418760324
( 1,0046465492037515 0,9977619606488819 0,9991719562038701 ), 0,005412788221001108
( 1,0048861097597197 1,0018510550515778 0,9994831480908688 ), 0,005468817773078172
( 0,9961341371153929 1,0029759171584929 1,0019513638430109 ), 0,0054771620187281655
( 1,0023542628093722 0,9981651838909525 1,0043270252744936 ), 0,005481765070712186
( 0,9970304790025426 1,0024298434606864 1,003595405171198 ), 0,0054851874895547326
( 1,0005012694752011 1,0012351256760406 1,0051081261073151 ), 0,00552869597913741
( 1,0043301350013947 0,9996501374875719 1,0030570619027084 ), 0,005597962829174463
( 0,998100811858522 1,0009354009923708 1,0048803042607526 ), 0,005613972024654856
( 0,9978112295806243 1,0035099923578545 1,003345413949865 ), 0,005614808529994519
( 0,9970955189191079 0,9975888527392156 0,9962332973348079 ), 0,0056416138992894105
( 1,0050539951604103 0,9990225918391833 0,9985442866258172 ), 0,005677017768736192
( 1,0008816288494018 0,9960354506054918 0,9965139877061624 ), 0,005683121709665784
( 1,0001414322555684 0,999168570122259 0,9947022440302973 ), 0,005708715898130379
( 0,9957414656607807 1,000597772762885 1,003216827552591 ), 0,005721429243624954
( 0,9978351006304647 0,9974196272239982 1,0042535411996798 ), 0,005839956241146638
( 0,9984078929090432 1,000456403311971 1,005205207163164 ), 0,005919001479504971
( 1,0017189397997348 1,0034496484892024 1,0038858407401772 ), 0,005942507368636996
( 0,9974565939949077 1,0047874984956682 0,9991927254772665 ), 0,0059594781544731745
( 1,0011637832763378 1,0039147368955323 1,003686169420948 ), 0,006004539377293838
( 1,001036976591123 1,0035498595957324 0,9959109626397887 ), 0,006030248829588913
( 0,9999177745185026 0,9944409483107874 1,0000248815539579 ), 0,006131765755714724
( 1,0021904065471383 1,0008710813323805 0,9949009192256505 ), 0,006260261993723759
( 0,9979217687238259 1,0046933026820022 1,0024527321087815 ), 0,0064200200361739235
( 1,0019464852493882 1,0044209403944229 1,0030096011872192 ), 0,0064258507347432214
( 1,0020218285104026 1,0026434753966187 0,9953827024381108 ), 0,006426611566215712
( 1,0036423904744025 1,0002307704721856 0,9956172975874539 ), 0,006453012159482796
( 1,0014489137964555 0,9948850565779991 1,0023193498537937 ), 0,006673717710690141
( 0,9996878345947878 1,0012267360021934 1,005710899306018 ), 0,006787630222138574
( 0,9985004981963146 1,0054925410573292 0,9986328549015524 ), 0,006801394957030027
( 0,9997125759148631 1,0031861663149126 1,004956366103105 ), 0,006903552796245549
( 1,0020815432405994 0,9998671093841749 1,0055186440103319 ), 0,006904603430538003
( 0,9961321896748895 0,9973659545645707 1,0036219063482281 ), 0,0069466799687063485
( 0,9994128086191618 0,9946554341369208 1,0024885563796333 ), 0,0069634222762289255
( 1,0053180712378345 1,002098435349895 1,0015756982990667 ), 0,006976544274714058
( 1,0028424910064122 0,9947385269198387 0,9998418586139552 ), 0,007099488783822494
( 0,9997204297569822 1,0026040844572843 1,005385300441664 ), 0,007113938072407677
( 1,0044203652338428 1,0024824892692552 0,996732350700847 ), 0,00721714041395316
( 1,005236335006103 1,0006958978881757 0,996989145132518 ), 0,007333760860870342
( 0,9981591246708936 0,9944035292250141 1,0015184675926505 ), 0,007342845323044855
( 1,0034419164589665 1,0049419587479065 1,0009552991536514 ), 0,007376203379294566
( 1,0002592537864303 1,0039403542252592 1,0047244433634253 ), 0,007521351417054234
( 1,0003874807814515 1,0042022972902125 1,0045533025050135 ), 0,007645947707636935
( 0,9980560052700882 0,9978804991554058 0,9944957678857708 ), 0,007650961776846543
( 0,9971038458015105 0,994697418529772 0,998349044984261 ), 0,007782502912824896
( 1,0062164545557801 1,000622512679135 0,9995225968930904 ), 0,007787852514738347
( 0,9940154810265645 1,000331589984898 0,9981559505646294 ), 0,007800916038227967
( 0,9958819336156193 0,999630715276022 0,995252856255098 ), 0,007861804691785323
( 0,9997433040360396 1,0062905540148683 1,0010376366640623 ), 0,008076248957308962
( 0,997144600762805 0,9995577407410218 1,0057435522706615 ), 0,008200241567763555
( 0,9994270030906535 0,9969092630817212 1,0056827981112084 ), 0,008366484375031291
( 1,0007030576751248 0,994873717854857 0,995928076979566 ), 0,00860038724226797
( 0,998128850846419 0,996747936328616 0,9945594787267187 ), 0,00866440049443895
( 0,9955999662027273 0,9998673328321225 0,9950632141047614 ), 0,008678975722201443
( 0,9979663887545218 0,9942995553552453 1,0027377344253556 ), 0,00875348299681633
( 1,0051982411517966 0,9956929202059369 0,9997519985546639 ), 0,009052757097851583
( 1,0058602762124087 0,9982119099633308 0,9970802420346667 ), 0,009138129645258175
( 0,996122117477208 1,0043750712439576 1,0035518114535142 ), 0,009283187472352239
( 0,9993395218242922 1,0054560399684074 1,0041597203811503 ), 0,009424416964936455
( 1,000009545721538 0,994992201618655 0,9952045387452501 ), 0,009536865370161962
( 1,0033321726939866 1,0033943105855931 1,0050679256434456 ), 0,009583447323571193
( 0,998459576418191 1,004496374762004 1,0051262412989213 ), 0,009694434151576559
( 1,0015276644406288 0,9942584138652766 0,9961551903758741 ), 0,009935047410735365
( 1,0066073757522935 0,997284921574764 0,9987324070983672 ), 0,010441262946148555
( 1,000359458859176 1,0054512373517808 1,0048639631195977 ), 0,0106137017688539
( 0,9929832893776532 1,0018950308592594 1,000939245359299 ), 0,010653570421226277
( 1,0065209473789003 1,0019935353832616 1,0028490753077277 ), 0,010833791652451907
( 0,997693329479273 0,9957747420706549 0,9943710221659257 ), 0,01088269936398234
( 1,0000305379059338 0,9945812054076727 0,9947540954275224 ), 0,011284240648521404
( 0,9982522432133556 1,0073211762391856 1,0006139862338579 ), 0,011312677967495688
( 1,00012837678705 1,0056251578191138 1,0050420303833947 ), 0,01132333929906082
( 0,9926351940710231 0,9987168390442102 1,0014230418914063 ), 0,011487351247097877
( 1,0004767556484888 0,9942977706223024 0,9948342216296149 ), 0,011788892438175935
( 1,0014288781942793 1,0076537365999063 0,9999925825781644 ), 0,01202458146211427
( 1,0037336884976398 1,0060701486584305 1,003260066496031 ), 0,01218320225830638
( 0,9983374088648709 0,9999155659355534 0,992198449184868 ), 0,012622375949600695
( 0,9919702032290653 1,000207435505995 1,0003136739914638 ), 0,01281721010663972
( 1,0012785217613809 1,0058104555733085 1,0056361610343476 ), 0,013323076332845574
( 0,9918573837429924 1,0009364858573844 0,9998783029142274 ), 0,01332790605341927
( 0,9979241083239965 0,9940727074555014 0,9947067280164757 ), 0,013382375813598912
( 0,9995967526102025 0,9959965470354344 0,9927826479064545 ), 0,013544365401227054
( 0,9974904265980743 1,00240732082073 1,00761405836542 ), 0,01389851577437895
( 0,9992576528645207 0,9961932054558303 1,007487450300771 ), 0,014104427707863465
( 0,9982399735089118 1,0049934047909814 1,0066369152436938 ), 0,014298516849894582
( 1,008186488079948 1,0017502459193341 0,9985484623063 ), 0,014318783028492987
( 1,0014745706959518 1,0081350261836417 0,9978297170962067 ), 0,014492287107366053
( 0,9998324235999961 0,9934326207813093 0,9943052465200488 ), 0,014994322773368651
( 1,0003704516913954 1,0055603212749673 1,0067658989375767 ), 0,015240838857394579
( 1,0071667986019133 0,9946890920157021 0,998874046687298 ), 0,016035094585639342
( 0,995674498795527 1,0043878684149008 1,0066391352747417 ), 0,01627464829666536
( 1,004967319682418 1,0042585318674226 1,0063303204130418 ), 0,016441543849516904
( 0,9995344817730669 1,0075796225253302 1,0050299494613233 ), 0,01645759148944137
( 1,0012850621757887 1,006236437814038 1,0065603697394385 ), 0,016580017555579474
( 1,0006614441411128 1,0056157595904194 1,0071858852741047 ), 0,016585425419268773
( 1,0008309491875653 1,0067533404656879 1,0064778633578924 ), 0,017507749504829917
( 0,99161003032538 0,9981691137590492 1,0038628373907919 ), 0,017587114424202355
( 0,9998509847835706 0,9936078600956618 0,9930455206007107 ), 0,017703184901975533
( 1,0071398549126396 1,0052192407871574 0,9963945875177331 ), 0,018094452375013503
( 0,9999324214491077 1,0077649896089904 1,0056103722385386 ), 0,018204609803028404
( 1,0051164810872415 0,9967491804078419 0,9923572820688213 ), 0,018875731175668875
( 0,998976702220768 0,9931356526804799 0,9930955195279269 ), 0,01901063298947392
( 1,0001185285355185 1,0066167164872046 1,0075435835720241 ), 0,01997486266263948
( 1,000303587814598 1,0092204919406313 1,005213773539939 ), 0,02227288384170123
( 0,9990545248394324 1,0088992285667238 0,9928143267793303 ), 0,026127213323505316
( 0,9931543822855295 0,9924597999836743 0,9926881249225991 ), 0,031178009392355932
( 0,9999412124914854 1,00899528092439 1,0092833984025318 ), 0,03314224807603949
( 1,0085577240873675 1,0034943176861675 0,9905852210616777 ), 0,03452800105800691
( 0,9995932947981636 1,0094672972749266 1,0092272959217312 ), 0,03469641483200192
( 1,0093693153065375 0,9910086730412252 1,0031300727142782 ), 0,035388874849076046
( 1,0005846823826836 0,9889406222647215 0,9915748141014759 ), 0,03840275556674655
( 1,0042867562059836 0,9872605570811487 0,9929193653150824 ), 0,045770947898880365
( 0,9997308641466457 1,0113397341665928 1,0102966752816038 ), 0,046541320301301425
( 1,000426853128875 0,9890391361536397 0,9891806141717673 ), 0,04707641189509815
( 0,9893611050542012 0,989268031041362 1,005217763513 ), 0,05068888699051399
( 1,001787363337269 0,9893033049172817 0,9873547901651326 ), 0,055031729321306955
( 0,9959809258183384 1,0085875103985062 1,0137860726710928 ), 0,055513525058643154
( 0,9975188820381959 1,0129677211485348 1,0125678882976916 ), 0,06588506810487971
( 1,0183266639486317 1,0013321569215732 1,0015800672134614 ), 0,06740743193806509
( 1,000868364296166 1,0138788880076974 1,013064042992313 ), 0,07218100586452181
( 1,0199456659966801 0,998886274716166 0,9996491494846129 ), 0,07909402135944887
( 0,9968377923977255 1,0156784095866873 1,0142857349552261 ), 0,09117306109845202
( 0,9766109823304399 1,0032105071974955 0,9973253827939004 ), 0,11179943886990884
( 0,9976018814705585 0,9990572123742094 1,0236215932218173 ), 0,11181398227779837
( 1,0002315230829069 1,017990794564235 1,0167775141957742 ), 0,11994889753573545
( 0,9997532519329942 1,0194122392343214 1,0190899821917638 ), 0,14689431050958746
( 0,9988961772485525 0,9806711347664107 0,9808382012796883 ), 0,14702842334231647
( 0,9993461580304412 1,0186916240693324 1,020172979237139 ), 0,14994717094234744
( 0,9945064412517068 1,007976845971445 1,0272001086568585 ), 0,16503225531205956
( 1,0002282798162931 0,9790379850848256 0,9788644553492292 ), 0,1755541812693977
( 1,001819891282588 1,0213009304183533 1,0212002948736756 ), 0,1795765425984044
( 1,0233677515021788 0,9993083378592824 1,0211887537646884 ), 0,19717372038832437
( 1,026070936811547 0,9846309417231067 1,0127155882627972 ), 0,21343197481600384
( 1,0003639129760487 1,024073760529235 1,0240410816686678 ), 0,22923427946167863
( 0,9986447341415842 1,022167806007704 1,0280860330531123 ), 0,25379287969944997
( 1,0025407393012533 0,9770570186907062 0,970809096932119 ), 0,2741112211056276
( 1,0014849518893116 1,0019730002666656 1,0391524124239304 ), 0,3038043555447416
( 1,0069979649892677 1,029903669364006 1,0323081578434068 ), 0,39298184298350236
( 0,9982789381680162 0,964434817337567 0,9619714999470543 ), 0,536045506429474
( 0,9472837969722958 0,9967703396476586 0,9964478871755311 ), 0,5509067823053009
( 0,969762620625361 1,0340238457225015 1,0310060056063957 ), 0,5997708860119317
( 1,001515202800632 1,0436295187940736 1,0443996009039598 ), 0,7643326916463842
( 1,0020088693470905 1,046794257701435 1,0431137223439846 ), 0,7986471075948565
( 0,9799638290532559 0,9476849980819303 0,967738339867387 ), 0,8234509374661272
( 0,9991329472502543 0,9908604885784507 0,9346459558154894 ), 0,8522986897438756
( 0,9996089980741728 1,0462843088176172 1,0481103971876295 ), 0,8777933298592622
( 1,012303723246773 1,048986114316617 1,0535264873482697 ), 1,0654594431882458
( 1,0492946032010266 1,0044804911302028 1,0563416722581627 ), 1,1055008032978364
( 0,9974371603306847 0,9471631187933528 0,9461152779982189 ), 1,1207087179403743
( 1,0496172248016753 1,0546752767103338 1,024606196736001 ), 1,191663818833991
( 0,9717754478487767 0,9495432451290043 1,0531913388365337 ), 1,214656061440408
( 0,9996541745455959 1,0580781992280188 1,05764817901944 ), 1,31403773912281
( 0,9677059186406118 0,9688078015326275 1,9863688308997705 ), 1,40818979404132
( 1,0160929895783766 -0,024848372400170765 0,9637530381346443 ), 1,482818672759251
( 1,000203136081842 0,9385249442533866 0,9375711690604785 ), 1,5039310232181435
( 0,9974701992962537 1,0640010597615392 1,0610291941645762 ), 1,5330325311328892
( 0,9737700067940034 1,0722442736880216 0,9500555511422935 ), 1,6449266392967061
( 1,0078572257443503 0,9271447563025281 0,9313799736110588 ), 1,9669806852670817
( 1,0023709320429468 0,0063128443473804904 0,00688615238369893 ), 1,9920286152002475
( 0,9964175018661822 0,003596457231444905 0,005257734713490777 ), 1,9928875359157772
( 1,0039413809831879 0,002015999142978026 0,00756241809814602 ), 1,996075185278908
( 1,0035889553777655 0,001174962269891694 0,007547000728682446 ), 1,9966830170272303
( 1,0052428375524547 0,002188680039266179 0,0024951623536651063 ), 1,9982705744837332
( 1,0000701906343452 0,0020049820561147663 0,011082343130739369 ), 1,998980234127309
( 0,9949011205801807 0,009946650511057685 0,003672686682909009 ), 2,0002164518478622
( 1,0034594977827702 0,008800343303720272 0,010611329495790446 ), 2,001242509118441
( 0,9997427846027891 0,0013247393455827101 0,012124548172962435 ), 2,002613245802017
( 1,00428443298346 0,008366336383248428 -0,0008807831792632427 ), 2,002707729404804
( 1,0024949312937095 -0,0027423536639725743 0,00546747438383044 ), 2,0032066419674983
( 1,0068442922530507 0,008860626153845164 0,0006357546406233761 ), 2,005951444462319
( 0,9950969098978013 -0,0023499509206711625 0,007635414273201961 ), 2,006857619236939
( 1,0058521331858477 0,005648789957453189 0,013373889665222622 ), 2,0105419249337473
( 1,0059442917389625 0,005735326845242361 0,013353791510562488 ), 2,010713635210351
( 1,0058014527553207 0,0055525551218833236 0,013725990540792987 ), 2,011589992935111
( 0,9973495314482531 -0,005567001805613935 0,0041886364739911475 ), 2,0137787711903243
( 1,0017106087081038 -0,00544101407527986 0,0007766391866832478 ), 2,0159016952697293
( 0,9924421903667415 -0,0037948687359019573 0,005774470154862987 ), 2,016842410653439
( 0,9990009421487093 0,0035558582953728185 0,016742330915671864 ), 2,0176694477595234
( 1,0032922055243916 -0,006214922500858325 0,009314072263052232 ), 2,020819909839844
( 0,9975700926613251 -0,0003689579235997189 -0,007410920430866493 ), 2,0276522175734826
( 0,987784843183365 0,009259737654219242 0,010874026868480349 ), 2,0297757054416756
( 0,986276261073453 0,005032561989541065 0,00995518873337723 ), 2,0320464571119317
( 0,9878354507428623 0,007043297902690972 0,012892567614105814 ), 2,0322700742427955
( 1,0127721481308225 0,010790829833431001 -0,0004333885314739159 ), 2,03476073145859
( 0,9925641986215326 0,00739402198274716 -0,007914358971901283 ), 2,0352766313196504
( 0,9947917435558157 0,01063820678623175 0,01889279151020387 ), 2,039493992664436
( 1,0060450625113975 0,019857322867977978 0,007528612061071163 ), 2,0418475548917314
( 0,986779755787849 0,0011540326360201837 0,017187927710490304 ), 2,0567877120978437
( 0,9976737677500978 -0,014363891167452264 0,003459661638765755 ), 2,0661614146028136
( 1,003879324181332 0,023657256641430743 0,010129248612863073 ), 2,0665910094772286
( 0,993195367429138 -0,002755501953820863 0,022316820216061614 ), 2,0702147519502745
( 0,9855565311260815 2,0045072716694166 1,984542628602433 ), 2,0708538653153568
( 1,0141645472716785 0,0015222672767768973 -0,010246904227958648 ), 2,078510969035271
( 1,0019092248590267 -0,015138284429358384 -0,003708272483890905 ), 2,0865752505651542
( 1,0150213185190462 0,017656380688250817 -0,006325930084471763 ), 2,091794538705134
( 1,0229862596425368 0,004878943926999876 0,008439056086827199 ), 2,0968547941433364
( 1,0229609861409172 0,00607069741593564 0,009791238290675111 ), 2,099013519689862
( 1,0232442487986477 2,0000647089985506 1,993762227438905 ), 2,102373956150373
( 0,9938500998091933 0,017740929994985076 0,024816416180104578 ), 2,106700122852999
( 0,9883843072691312 -0,008262107540187247 0,023313196534808987 ), 2,1178290434675517
( 1,0103517690632988 0,003959253807769722 0,02897361872597462 ), 2,1245832863956764
( 1,010833111866639 0,026649784360428166 0,015088985658147681 ), 2,1255048375830654
( 0,9854429730179711 0,01299537966618539 0,025603997360723347 ), 2,128078689720226
( 0,986150207519847 1,981581909340945 1,9765297860946132 ), 2,130567062170172
( 0,9994995377095768 0,0273482731810263 0,020870482344580464 ), 2,1379241741029595
( 1,0069771438436041 -0,021842996878009356 0,0002440868883714295 ), 2,1473743400622105
( 1,0125419740368646 -0,005348846999709948 -0,018395858132281562 ), 2,1514191944754373
( 0,9817324217125464 -3,8528712910915544E-05 -0,017350379124371304 ), 2,16057440821681
( 0,9888179373137873 0,0310673499986334 0,014270180003691204 ), 2,1653746285401994
( 1,0015630245677725 -0,02026560007581623 -0,011181928554608712 ), 2,1695447170873194
( 0,9944057808116036 0,026302982099279143 0,027552894865182725 ), 2,1856805892174975
( 0,9901538428602586 0,030881093859552858 0,020225152391771847 ), 2,1866650921982256
( 1,0197028833577044 -0,02201419296371862 0,01505734887763753 ), 2,231772510761253
( 1,0283824325983777 0,013509122025672733 -0,013510490472995166 ), 2,2317747501062506
( 1,005155461688597 -0,025771209759168502 0,025267465077129108 ), 2,2641549167179065
( 0,9455221541365363 0,06607501834356186 1,0020089715440774 ), 2,305602489740103
( 1,020256495725951 -0,024660386941033317 0,023044822372468854 ), 2,310112189756019
( 1,0177987399924677 0,0321856367705071 -0,018890618415576182 ), 2,3117305638850496
( 1,039460124736518 0,015164712648969804 0,004401715172142784 ), 2,3176456978376834
( 1,0216078803028554 -0,019444800983337722 -0,019392347413315185 ), 2,319597652876027
( 1,035099376456603 0,017541551416277036 0,022814146011946874 ), 2,32678627519536
( 0,9881188246508676 -0,003505737217673121 0,04386447045836518 ), 2,329039785897109
( 0,987779484745769 -0,03164699509140425 0,02075718748870109 ), 2,3347976567713538
( 0,9970105502777705 0,012262809159597059 0,04731389790880496 ), 2,353315087488973
( 1,042689378850611 -0,006145889139397974 0,006235004334574971 ), 2,374420924212494
( 1,0270129177440397 0,040635938520677276 0,017736069783220995 ), 2,415854311477929
( 1,0211745739138482 0,04463761139207098 -0,009985566656278033 ), 2,4320206113293352
( 1,011069220960873 -0,024179965909847105 0,04063654761169119 ), 2,433001466918533
( 0,9738901778760691 0,04175262006126353 -0,013750965157791357 ), 2,4603183344680772
( 0,9560787738709118 -0,005631031608412773 0,024631253250999678 ), 2,468717550587691
( 1,0475567125019463 1,9230366837568635 1,013009470092702 ), 2,4775501114640406
( 0,9924593194591266 -0,030505985860303238 0,039662932639248444 ), 2,4875262896901162
( 0,9732277101690978 -0,03753306581869721 0,00027299666854293213 ), 2,494594980455844
( 1,017249463749446 0,05354518016366788 0,012078779975448716 ), 2,5201451640594357
( 1,0302812937728825 -0,011191225210949686 0,04560628001543914 ), 2,5472191643596567
( 1,00582010804258 0,055197034975357634 -0,012895040318548386 ), 2,5535264580277612
( 1,0266164691166528 -0,02434909561942611 0,04154662454148195 ), 2,563740289001757
( 0,9709697041618722 -0,00013208380839302425 -0,04146349058965827 ), 2,589095193538668
( 1,0706035874467048 0,9356559994832628 0,9350600524352485 ), 2,6084023095314492
( 0,9751856325630254 0,04365650085853646 -0,028404517341017482 ), 2,626814806817549
( 0,948838036079803 -0,019700093353614112 -0,005468096620640572 ), 2,648031163105685
( 1,0245163384617848 1,9426861884622981 2,001635151277747 ), 2,6528982550540974
( 0,9631652469654609 0,05141922887028669 0,02169040403894179 ), 2,734972622345005
( 1,0111278011800953 0,022025089435477267 0,0643214874620493 ), 2,7576947241320298
( 1,0122410506861796 0,06943840834535875 -0,0028502182677559024 ), 2,839731961887601
( 1,0180418904909982 -0,02804897018839922 -0,05036291156548312 ), 2,876058258413142
( 1,0144611500733332 0,051653685987660916 0,05143852027613287 ), 2,8803991279782615
( 1,0617462340071189 0,002526845134559464 0,03247797511980663 ), 2,886800101919448
( -0,0848377327224965 0,9808944701741685 0,9636872525246358 ), 2,897073733217212
( 0,969512100093514 1,9727024054429412 2,0523406693407726 ), 2,9200549009814374
( 0,979591642955494 0,0034801665246475006 0,0768159357615025 ), 3,072542435922969
( 1,131656238117766 1,0133039457200088 0,9899850589875405 ), 3,3030774264939495
( 0,0229920575789897 0,04363649023842764 -0,002873406774589693 ), 3,354241591211295
( 1,0555683861183167 0,060842609530505826 -0,023796341517912198 ), 3,370036140868031
( 1,0693341872183728 0,06283925515480937 -0,009333584402133208 ), 3,622402313355554
( 0,8888701832668818 0,04032428663455424 0,9803072558035411 ), 3,6697337521045768
( 1,0866921568661916 -0,028882479232429065 0,012535845722392091 ), 3,6836035449678377
( 1,9786781905432036 0,03382295299187195 0,0643681760512477 ), 3,8880464287114087
( 1,0060351390391298 1,9983978603785817 2,0947940953861015 ), 3,925033526308095
( 0,9076806086735466 -0,03722128615876195 0,012557493199110517 ), 3,998433368333899
( 1,0615490442629332 2,0483748842619867 1,928244247061106 ), 4,160647473762545
( 1,091389275929089 1,0010845871214424 0,8796570487511381 ), 4,351963802120725
( 1,0207308500574248 0,8446280448123104 0,9885143676799227 ), 4,533954654684564
( 1,945231384612362 -0,08233396450565876 0,9441457839052009 ), 4,5723357263081255
( 1,0040243729408853 0,047976495402243274 0,12033123322866189 ), 4,858871066635139
( 0,0532488006070187 0,08575984187857948 0,03588312445131348 ), 4,886252647944751
( 1,8831574689535393 0,9770128390079476 -0,045066516703650694 ), 4,95096230682995
( 1,094086094063649 1,1132535796867467 0,9245768483479906 ), 5,2532345541469
( 1,0342234049936738 0,11495250005985722 -0,06647281402457826 ), 5,508662952247892
( 1,0504758929020397 -0,9895135071361256 2,026024666015146 ), 5,667247159772895
( 0,9914743366199471 0,04486207347989879 -1,0357552976432363 ), 5,7169487417983795
( 1,9814519661535666 -0,9347974347775121 1,0261778189722168 ), 5,737685947256985
( 2,961086958916571 -0,04432877146854575 0,9730375654345557 ), 5,7631596745511615
( -0,9901370394870278 0,0680564976685067 0,9905613827110629 ), 5,766440828709616
( 2,062789841926558 0,9869101040339381 -0,12531994056680462 ), 6,141191929315706
( 0,8615428580549611 0,960923875094513 1,9100164191050029 ), 6,256257467940976
( 0,0295779785609748 0,15397033534070564 0,94175819152305 ), 6,820982614889253
( 1,8728296909460354 1,0181416599004889 0,1112131186835817 ), 6,9866861465542485
( 2,904559648172112 0,9293452786395563 2,0476555218668633 ), 7,888968439669892
( 1,072786559082102 0,9152842478810715 1,181433929700053 ), 8,280455407653179
( 2,8881528047569356 0,9496541611462413 0,08159264143961989 ), 8,562245509246903
( 0,08272952242433346 0,024027007120359878 2,859463976755949 ), 10,337837937495589
( 1,9007760707668317 -0,9390416953656641 3,0147240241327045 ), 11,278990471155737
( -0,018285402459045502 -1,033213134983671 0,18773097932315458 ), 12,30010283550726
( -1,942818124878897 -0,011452205349374411 -0,08290748083394726 ), 12,846691513535358
( 1,9947168371802166 -0,9436668892292306 1,2096390176958338 ), 12,927794417119674
( 2,9787776765870264 -1,1121375270531548 0,08797407347320199 ), 13,167617276330358
( 2,065778138484439 3,1114175251734144 0,18681478833809304 ), 15,582588297316802
( -1,9464897458006956 -1,1706624685787506 0,08002591392014402 ), 21,256525699926918
Liczba wywoa funkcji celu: 31015
