Iteracja nr: 40
( 0,9999999977267089 1,0000000014629495 1,0000000028543297 ), 0
( 0,9999999993538777 1,0000000004149967 1,000000002879138 ), 0
( 0,9999999996575927 1,0000000009054015 1,0000000028647626 ), 0
( 1,0000000002669776 1,0000000014392807 0,9999999996779128 ), 0
( 0,9999999994011417 1,0000000020752464 1,0000000018957398 ), 0
( 0,999999999506499 1,0000000008210779 1,0000000020006221 ), 0
( 0,999999999398287 1,0000000014518413 1,0000000018694783 ), 0
( 0,9999999974723827 0,9999999999523244 0,9999999986455322 ), 0
( 1,000000000643964 1,0000000007616043 1,0000000019672322 ), 0
( 0,9999999989900035 1,0000000015290267 1,0000000025631413 ), 0
( 0,99999999889293 1,000000000658844 1,0000000020809046 ), 0
( 0,9999999994040665 1,0000000019072641 1,0000000026232587 ), 0
( 0,9999999994520115 1,000000000937757 1,0000000018632154 ), 0
( 0,999999999596761 1,0000000027984042 1,0000000029838945 ), 0
( 1,000000001227036 1,000000000535251 1,0000000007653 ), 0
( 0,9999999992048204 1,0000000024688354 1,0000000030686131 ), 0
( 0,999999999043282 1,0000000020341322 1,0000000035731187 ), 0
( 0,9999999993533689 1,0000000020184712 1,0000000019473212 ), 0
( 0,9999999994416984 1,000000001866904 1,0000000018277893 ), 0
( 0,9999999993622659 1,0000000010323475 1,0000000027215776 ), 0
( 0,9999999993468258 1,0000000019279034 1,0000000027584666 ), 0
( 0,9999999992231425 1,000000000569546 1,0000000007864442 ), 0
( 0,9999999989159225 1,0000000014976407 1,0000000006392977 ), 0
( 0,9999999990107028 1,0000000020697186 1,000000002633338 ), 0
( 1,0000000000469635 1,0000000007323282 1,0000000009875798 ), 0
( 0,9999999988659348 1,0000000021475364 1,0000000030928582 ), 0
( 0,99999999919425 1,0000000014798296 1,0000000005507 ), 0
( 0,9999999990324392 1,0000000018715183 1,0000000028809788 ), 0
( 1,0000000016806148 1,0000000013123407 1,0000000013664199 ), 0
( 1,000000000316354 1,000000000596955 1,0000000014600796 ), 0
( 0,9999999986904575 1,0000000019482358 1,0000000019048827 ), 0
( 0,9999999992885694 1,0000000013279042 1,0000000029464393 ), 0
( 1,0000000010873944 0,9999999987451167 0,9999999999785073 ), 0
( 0,9999999993417293 1,0000000006433984 1,0000000017029713 ), 0
( 1,0000000011871921 0,9999999995470535 1,0000000024424753 ), 0
( 0,9999999985942726 1,0000000020891902 1,0000000024330347 ), 0
( 1,000000001011659 0,9999999997978211 1,0000000023057436 ), 0
( 0,9999999991473038 1,000000000803497 0,9999999990089765 ), 0
( 1,0000000010589367 0,999999999954173 0,9999999997182866 ), 0
( 0,9999999990459495 1,000000002068526 1,0000000023579843 ), 0
( 0,9999999995360364 1,000000000388535 1,0000000018767436 ), 0
( 0,9999999999666566 1,0000000028368194 1,000000003004122 ), 0
( 0,9999999992368379 0,9999999998043729 1,000000002951172 ), 0
( 0,999999998888893 1,000000000766321 1,000000001699919 ), 0
( 0,9999999991979609 1,0000000024866726 1,0000000014132648 ), 0
( 0,9999999987562335 1,0000000022059983 1,0000000027227975 ), 0
( 0,999999999479535 1,0000000012729993 1,0000000019247095 ), 0
( 0,9999999994966479 1,0000000025864126 1,0000000027916718 ), 0
( 0,9999999992111366 1,0000000015749533 1,0000000029896519 ), 0
( 0,9999999985439454 1,0000000008605485 1,0000000027617213 ), 0
( 1,0000000005792016 1,0000000004715073 0,9999999996377905 ), 0
( 0,9999999992476417 1,000000002105393 1,0000000024457394 ), 0
( 0,9999999998439612 0,9999999997669344 1,0000000009426087 ), 0
( 0,9999999993681425 0,9999999992282451 1,000000000709496 ), 0
( 0,9999999997386441 1,000000001524062 0,9999999998462469 ), 0
( 0,9999999988683207 1,0000000017197244 1,0000000020836655 ), 0
( 0,9999999991138441 1,000000001890312 1,0000000012831685 ), 0
( 0,9999999996739962 1,000000002252889 1,0000000020284823 ), 0
( 0,9999999988092361 1,00000000193412 1,0000000019955815 ), 0
( 0,9999999993835028 1,0000000008066403 1,000000001246275 ), 0
( 0,9999999991299059 1,0000000023700635 1,0000000030896836 ), 0
( 0,9999999987197935 1,000000002033232 1,000000003001781 ), 0
( 0,9999999988285769 1,0000000022232802 1,0000000027077434 ), 0
( 1,0000000018071225 1,0000000005217613 1,0000000023832039 ), 0
( 1,0000000002378944 1,0000000018435806 1,0000000017914936 ), 0
( 0,9999999986586438 0,999999999438008 1,00000000254686 ), 0
( 0,9999999997697905 1,0000000012548436 1,0000000010228702 ), 0
( 1,0000000005417335 0,9999999999936263 1,0000000009161132 ), 0
( 0,9999999998637857 1,0000000008394014 1,0000000014717205 ), 0
( 1,0000000000245668 1,000000001076183 0,9999999998048898 ), 0
( 1,000000000052026 1,0000000019583988 1,000000001983516 ), 0
( 1,0000000003482876 1,0000000018578057 1,0000000009605112 ), 0
( 0,999999999173181 1,0000000027597438 1,0000000029369915 ), 0
( 0,9999999999422158 1,0000000022165945 1,000000002220237 ), 0
( 0,9999999996781092 1,0000000019680058 1,0000000022241586 ), 0
( 0,9999999987319997 0,9999999990957528 0,999999998191614 ), 0
( 0,9999999988079245 1,0000000017953476 1,0000000011349726 ), 0
( 1,0000000003042857 1,0000000010075867 0,999999999895874 ), 0
( 0,9999999987834687 1,0000000005647594 1,0000000004814031 ), 0
( 1,0000000000433247 0,9999999999289856 1,0000000020203266 ), 0
( 0,9999999993428499 1,0000000015952957 1,0000000026215006 ), 0
( 0,9999999987643026 1,0000000022987279 1,0000000031797196 ), 0
( 0,999999998699263 0,9999999997230792 0,9999999995945361 ), 0
( 0,999999999372017 1,000000002316946 1,0000000030778589 ), 0
( 0,9999999995833058 1,00000000183476 1,0000000023264308 ), 0
( 0,9999999989741903 1,0000000023486497 1,000000002765538 ), 0
( 0,9999999995758229 1,000000002460401 1,0000000021652884 ), 0
( 1,0000000002786744 1,0000000015002761 1,0000000032509397 ), 0
( 0,9999999998682636 1,000000001070953 1,0000000027247813 ), 0
( 0,9999999985680873 0,9999999981403302 0,9999999992124158 ), 0
( 0,9999999980975045 1,0000000007598269 1,0000000026948128 ), 0
( 0,9999999995720555 1,000000001156561 1,0000000026167635 ), 0
( 0,9999999985401699 1,0000000005341014 0,9999999995598485 ), 0
( 1,0000000002219667 1,0000000023816502 1,000000000804196 ), 0
( 0,9999999983983449 0,9999999981820494 1,0000000018138948 ), 0
( 1,0000000007916046 1,0000000016873372 0,9999999994878933 ), 0
( 1,0000000006560412 0,9999999997016729 1,0000000013927708 ), 0
( 0,999999999244974 1,000000002688819 1,0000000020150546 ), 0
( 0,9999999988467256 1,0000000018116764 1,000000003426981 ), 0
( 0,9999999987887662 1,000000002205132 1,0000000028026221 ), 0
( 1,0000000000583065 1,0000000022800843 1,0000000020810191 ), 0
( 0,9999999999872621 1,0000000015785806 1,0000000021544129 ), 0
( 0,9999999998776513 1,0000000024404303 1,0000000004410863 ), 0
( 0,9999999995642417 0,9999999998610076 1,0000000004865182 ), 0
( 0,9999999995738391 1,0000000006540526 1,0000000020610975 ), 0
( 0,999999999291287 1,0000000021598092 1,0000000005762277 ), 0
( 0,9999999993453782 1,0000000016365391 1,00000000122735 ), 0
( 1,000000000263282 1,0000000024461104 1,0000000009655308 ), 0
( 0,999999999346746 1,000000002352315 1,0000000029627742 ), 0
( 0,999999998332036 1,0000000012994312 1,0000000018343842 ), 0
( 0,9999999993492169 1,0000000012753383 1,0000000020938549 ), 0
( 0,9999999990749158 1,0000000024670892 1,0000000027151243 ), 0
( 1,0000000007675065 1,0000000016139552 1,000000000857801 ), 0
( 0,9999999989488559 1,0000000002491107 1,0000000010674075 ), 0
( 1,0000000007399121 1,0000000016851769 1,0000000001368954 ), 0
( 1,0000000014326815 1,000000000272365 1,000000001413112 ), 0
( 1,000000002026189 1,0000000008337644 0,999999998789183 ), 0
( 0,9999999998428669 1,0000000016610855 1,0000000020137996 ), 0
( 0,9999999990561472 1,0000000022028528 1,0000000033646725 ), 0
( 0,9999999988940026 1,0000000013572226 1,0000000030495355 ), 0
( 0,9999999992650114 1,0000000022164284 1,0000000015077815 ), 0
( 1,0000000000951694 1,0000000012013932 1,0000000025436577 ), 0
( 0,9999999996680343 1,00000000167378 1,0000000011586063 ), 0
( 0,9999999989527508 1,0000000016214248 1,0000000017092558 ), 0
( 1,000000000536218 1,000000000347218 1,000000000865332 ), 0
( 0,999999999351446 1,0000000015987265 1,0000000015752577 ), 0
( 0,9999999988711971 1,000000001727264 1,0000000022890465 ), 0
( 0,9999999991262081 1,000000001749961 1,0000000018163004 ), 0
( 0,9999999992171064 1,0000000020446933 1,0000000030824847 ), 0
( 1,0000000001146294 0,9999999997997757 0,9999999996193711 ), 0
( 0,999999998906494 1,0000000022717757 1,000000003008991 ), 0
( 1,0000000021662823 1,0000000014071844 0,9999999995275355 ), 0
( 1,0000000003020821 1,0000000017736563 1,0000000008847922 ), 0
( 0,9999999994960113 1,0000000018563024 1,00000000228797 ), 0
( 1,0000000006351786 1,0000000016015225 1,0000000006651641 ), 0
( 0,999999999891454 1,0000000015702353 1,0000000010780223 ), 0
( 0,999999998860347 1,0000000012216568 1,0000000023278035 ), 0
( 0,9999999992814151 1,000000000726852 1,0000000026647484 ), 0
( 0,9999999993777391 1,0000000017441033 1,0000000014132977 ), 0
( 0,9999999989497702 1,0000000000061227 1,0000000016137347 ), 0
( 0,999999998658656 1,0000000022944635 1,0000000030107037 ), 0
( 0,9999999992593193 1,000000001463503 1,0000000024280653 ), 0
( 0,9999999985719177 1,0000000018046873 1,0000000011659214 ), 0
( 0,9999999994592111 1,0000000017921327 1,0000000021184554 ), 0
( 0,9999999994429739 1,000000000521435 1,0000000009875116 ), 0
( 1,0000000003438476 1,0000000016131205 1,000000002417925 ), 0
( 1,0000000001383802 1,0000000015636643 1,0000000022620354 ), 0
( 0,9999999984990973 1,0000000013631172 1,0000000017068036 ), 0
( 0,999999998267769 1,0000000006150467 0,99999999984718 ), 0
( 0,9999999988621755 1,0000000022573718 1,0000000026775833 ), 0
( 1,0000000004037062 1,000000001147897 1,000000001948767 ), 0
( 0,9999999992443134 1,0000000005371117 0,9999999998855746 ), 0
( 0,9999999994471267 0,9999999995534099 1,00000000202605 ), 0
( 0,9999999990093434 1,0000000016669341 1,0000000024208548 ), 0
( 0,9999999996939938 1,0000000014079788 1,0000000014842152 ), 0
( 1,0000000003433602 0,9999999986387285 1,0000000013549226 ), 0
( 0,9999999993250477 1,00000000159242 1,0000000023137967 ), 0
( 0,9999999998595708 1,0000000019202193 1,000000002976103 ), 0
( 0,9999999991220888 0,9999999998894085 0,9999999990110802 ), 0
( 0,9999999988544841 1,00000000198361 1,0000000018037334 ), 0
( 0,9999999995660096 1,00000000083298 1,0000000009558294 ), 0
( 1,0000000002252776 1,0000000016578323 1,000000002927613 ), 0
( 0,9999999989124885 1,0000000015245625 1,0000000016575907 ), 0
( 0,9999999981296886 1,0000000005738594 1,0000000027554972 ), 0
( 0,9999999993196609 1,0000000014780692 1,0000000029334732 ), 0
( 0,9999999988763872 1,0000000021887916 1,0000000028913434 ), 0
( 0,999999999225769 1,000000000674167 1,0000000019375381 ), 0
( 1,0000000001925713 1,0000000020483129 1,000000002440923 ), 0
( 0,999999999511022 1,000000000512134 1,000000000644375 ), 0
( 0,9999999999144686 1,0000000005515353 1,0000000027474982 ), 0
( 1,000000001018079 1,0000000000362876 1,0000000004841652 ), 0
( 0,9999999989157906 1,000000000279614 1,0000000001354978 ), 0
( 0,9999999999142144 0,9999999999179484 1,0000000002574159 ), 0
( 0,999999998695834 1,0000000020914839 1,000000001730767 ), 0
( 1,0000000001044942 1,0000000023068452 1,000000003091708 ), 0
( 0,9999999990444293 1,0000000024694562 1,0000000029857874 ), 0
( 0,9999999990380142 1,000000000389376 1,0000000012337622 ), 0
( 0,9999999997605084 1,0000000011441736 1,0000000026871305 ), 0
( 0,999999998705962 1,0000000013078931 1,0000000012391768 ), 0
( 0,999999999259674 1,000000000985506 1,0000000023775701 ), 0
( 0,9999999988463489 1,0000000022669446 1,0000000026763753 ), 0
( 0,9999999996981741 1,0000000009714123 1,0000000009327936 ), 0
( 0,9999999991526611 1,000000002106996 1,0000000024650475 ), 0
( 1,00000000119822 0,999999999743534 0,9999999987369336 ), 0
( 0,9999999984040019 1,0000000012686172 1,0000000030216392 ), 0
( 0,9999999991402614 1,0000000018192905 1,0000000018225357 ), 0
( 0,9999999995177852 1,000000001958214 1,0000000009916497 ), 0
( 0,9999999991874662 1,0000000025805391 1,0000000027251987 ), 0
( 1,0000000013289816 1,0000000009643206 1,0000000023173825 ), 0
( 1,0000000001121738 1,000000001792045 1,000000001182056 ), 0
( 1,0000000004417076 0,9999999993435571 1,000000001705094 ), 0
( 0,9999999988473182 1,0000000013627122 0,9999999988173641 ), 0
( 0,9999999988762984 0,9999999990429181 0,9999999993812756 ), 0
( 0,9999999987829701 1,0000000026945304 1,0000000025585447 ), 0
( 0,9999999990617848 1,0000000018921051 1,000000002557696 ), 0
( 0,9999999988443617 1,000000001954374 1,0000000026632099 ), 0
( 0,9999999988521502 1,000000000868336 1,0000000010606849 ), 0
( 1,0000000015559005 0,9999999994145811 1,0000000009805148 ), 0
( 0,9999999986762687 1,0000000015422605 1,000000001679163 ), 0
( 0,9999999991294842 1,0000000022092073 1,0000000029535618 ), 0
( 0,9999999999079536 0,9999999996333667 1,00000000030077 ), 0
( 1,0000000004137914 1,0000000019580626 1,000000002186878 ), 0
( 0,9999999997397612 1,0000000011016628 1,0000000010771808 ), 0
( 0,9999999992476938 1,0000000016087296 1,000000001769651 ), 0
( 0,9999999994095451 1,0000000004856073 1,000000001260582 ), 0
( 0,9999999985315007 1,0000000008800307 1,0000000008798131 ), 0
( 0,9999999991222689 1,0000000023628988 1,0000000026469265 ), 0
( 0,9999999997121378 1,000000002330049 1,0000000023976 ), 0
( 1,000000000397454 1,000000001959166 1,000000002056659 ), 0
( 0,9999999993049817 1,00000000185544 1,0000000026620888 ), 0
( 0,9999999984420941 1,0000000015035786 1,0000000024239568 ), 0
( 0,9999999998804839 1,0000000016540052 1,000000002648402 ), 0
( 0,9999999993001296 1,000000002426565 1,0000000025197002 ), 0
( 0,9999999999588091 1,000000001840687 0,9999999997362949 ), 0
( 0,9999999995349012 1,0000000018948065 1,0000000028145881 ), 0
( 0,9999999986993813 0,9999999998244606 1,0000000014247026 ), 0
( 0,9999999991745389 1,0000000024427629 1,0000000019239437 ), 0
( 0,9999999988999478 1,0000000019844915 1,0000000022488138 ), 0
( 0,9999999991096753 1,0000000019644004 1,000000001827824 ), 0
( 0,9999999990717876 1,0000000012558903 1,0000000014748116 ), 0
( 0,9999999990683851 1,000000001877363 1,0000000010399723 ), 0
( 0,9999999990561261 1,0000000004649459 1,0000000010664207 ), 0
( 0,9999999988525581 1,0000000028608915 1,0000000017552741 ), 0
( 1,0000000010178531 1,0000000013885202 1,0000000013569081 ), 0
( 0,9999999986414188 1,0000000016073107 1,00000000164256 ), 0
( 0,999999998074186 1,0000000006757037 1,0000000022247628 ), 0
( 0,9999999996938862 1,0000000007374075 1,000000000892087 ), 0
( 1,0000000000888316 1,0000000012749253 1,000000002129129 ), 0
( 0,9999999995122538 1,0000000016668718 1,0000000021239681 ), 0
( 1,0000000010497707 0,9999999994619772 1,0000000000410785 ), 0
( 1,0000000002131388 1,0000000019131312 1,0000000024751243 ), 0
( 1,0000000009211167 1,0000000019520552 1,0000000029308393 ), 0
( 0,9999999992646743 1,0000000014408539 1,0000000026387692 ), 0
( 0,9999999985361034 1,000000000905703 1,0000000018863473 ), 0
( 1,0000000004683343 1,000000001531336 1,0000000009055754 ), 0
( 0,9999999993841725 1,0000000022770301 1,0000000012185617 ), 0
( 0,9999999993255702 1,0000000023300266 1,000000002405244 ), 0
( 0,999999998516289 1,0000000006139487 1,0000000016456263 ), 0
( 0,9999999995435969 1,0000000016490744 1,000000000944514 ), 0
( 1,0000000008834786 1,0000000022374347 1,0000000024446565 ), 0
( 0,9999999991905909 0,9999999991465611 0,9999999986184485 ), 0
( 0,9999999998304269 1,0000000029005027 0,9999999986730694 ), 0
( 0,9999999993518042 1,0000000010643486 1,0000000007422718 ), 0
( 0,9999999989689129 1,0000000002330547 1,0000000021757234 ), 0
( 0,9999999988758851 1,0000000013353905 1,0000000025092812 ), 0
( 0,9999999986090581 1,0000000011522316 1,0000000013869925 ), 0
( 0,9999999991798963 1,000000000973076 1,0000000021059043 ), 0
( 1,0000000000534999 1,0000000018085438 1,0000000012684098 ), 0
( 0,9999999995012 0,9999999988288673 0,9999999973077693 ), 0
( 0,9999999983537615 1,0000000003329441 1,000000000960802 ), 0
( 0,9999999992900062 0,9999999993302986 1,0000000022569344 ), 0
( 0,9999999989989516 1,0000000027760683 1,0000000025285214 ), 0
( 0,999999999073472 1,0000000013992536 1,0000000019474398 ), 0
( 0,9999999987892064 1,0000000021905353 1,0000000010019683 ), 0
( 0,9999999986049913 0,9999999999242476 1,0000000007283123 ), 0
( 0,9999999968321492 1,000000001021468 1,000000002926566 ), 0
( 0,999999999162562 0,9999999993832652 1,0000000001922476 ), 0
( 1,000000000854743 1,0000000027750604 1,0000000013501287 ), 0
( 1,0000000006377574 1,0000000007551233 0,9999999990422559 ), 0
( 0,9999999992316383 1,000000000470046 1,0000000016620179 ), 0
( 1,0000000008657326 1,0000000010044587 1,000000003134206 ), 0
( 0,999999999471058 1,0000000014318156 1,0000000013324046 ), 0
( 0,9999999987612488 1,0000000024840565 1,0000000030875216 ), 0
( 0,999999998818653 0,9999999999765831 1,0000000022349305 ), 0
( 0,999999999295338 1,0000000005390457 1,0000000006550214 ), 0
( 0,9999999998603107 1,0000000021570596 1,0000000010585415 ), 0
( 0,9999999988539916 1,0000000008774483 0,9999999998850619 ), 0
( 0,9999999990652317 1,0000000017781239 1,000000002812229 ), 0
( 0,999999999471753 1,0000000010656138 1,0000000012158181 ), 0
( 1,0000000000127995 0,9999999994929046 1,0000000010774117 ), 0
( 0,9999999984404759 1,0000000004038094 1,0000000018353912 ), 0
( 0,9999999989763793 1,0000000016914163 1,0000000018590975 ), 0
( 1,0000000005343115 1,0000000015825143 0,9999999998509722 ), 0
( 0,9999999989178432 1,0000000016873742 1,000000002029271 ), 0
( 0,9999999996495685 1,0000000026162472 1,0000000024369693 ), 0
( 0,9999999997705946 1,0000000017760635 1,0000000025668645 ), 0
( 0,999999999536241 1,0000000022186004 1,0000000006441485 ), 0
( 0,9999999997231573 1,000000000060292 1,0000000024926092 ), 0
( 0,9999999989265715 1,0000000020816737 1,0000000022302495 ), 0
( 1,0000000000051916 1,0000000009695797 1,0000000013071042 ), 0
( 1,0000000001083853 1,000000001368517 1,0000000013012995 ), 0
( 0,9999999986749823 1,0000000014419936 1,000000001860077 ), 0
( 0,9999999993096719 1,000000002197052 1,0000000003909904 ), 0
( 0,9999999983830272 1,0000000021674407 1,0000000018868527 ), 0
( 0,9999999987586005 1,0000000015875306 1,0000000029088896 ), 0
( 0,9999999990447297 1,0000000008343148 1,000000001194018 ), 0
( 0,9999999993546485 1,0000000010820222 1,0000000023462483 ), 0
( 1,0000000002966163 1,0000000017318613 1,0000000015221309 ), 0
( 0,9999999987019268 1,0000000021617463 1,0000000029809835 ), 0
( 0,999999998804816 1,000000002412608 1,0000000028255913 ), 0
( 0,999999999372408 1,0000000029746736 1,0000000023413542 ), 0
( 0,9999999996818641 1,0000000015892592 1,000000002052304 ), 0
( 1,0000000002600913 1,0000000010650845 1,000000002052979 ), 0
( 0,999999999216364 1,0000000011559915 1,0000000018762703 ), 0
( 0,99999999883261 1,0000000005544631 1,0000000015538617 ), 0
( 0,9999999987093596 0,9999999999950234 0,9999999992044575 ), 0
( 0,9999999997295106 1,0000000011891403 1,0000000027653448 ), 0
( 0,9999999996720993 1,0000000007361316 1,0000000022635829 ), 0
( 0,999999999568157 1,0000000011199295 1,0000000010795969 ), 0
( 0,9999999999443038 0,9999999994245509 1,0000000007448908 ), 0
( 0,9999999993430501 0,99999999902323 0,9999999983749739 ), 0
( 0,9999999986270482 1,0000000017512185 1,000000002116024 ), 0
( 0,9999999987862551 1,0000000011741308 1,000000002734292 ), 0
( 0,9999999996327652 1,0000000019238118 1,0000000024009632 ), 0
( 0,9999999997558418 1,0000000013878727 1,0000000007029306 ), 0
( 0,9999999992427506 1,00000000168232 1,0000000013870514 ), 0
( 1,0000000004898786 1,00000000137764 1,0000000032920051 ), 0
( 0,9999999991576943 1,0000000014752142 1,000000002125967 ), 0
( 0,9999999998124351 1,000000001740899 1,0000000022502145 ), 0
( 0,9999999993299564 1,0000000017199975 1,0000000023190163 ), 0
( 0,9999999982263793 1,0000000009311871 1,0000000006622185 ), 0
( 1,0000000001967007 1,000000001158001 1,0000000005814509 ), 0
( 1,0000000003462544 1,0000000009912797 1,0000000019945898 ), 0
( 0,9999999989233208 1,0000000017421355 1,0000000024864564 ), 0
( 0,999999999641274 1,0000000009641314 1,0000000007514747 ), 0
( 0,9999999980034718 1,0000000014139852 1,0000000024748112 ), 0
( 1,0000000007247103 1,0000000012948098 1,0000000008133074 ), 0
( 0,9999999993103489 1,0000000015575794 1,000000000677395 ), 0
( 0,9999999997001731 0,9999999999173931 1,0000000018798374 ), 0
( 0,9999999985794343 1,0000000022953646 1,000000003343785 ), 0
( 0,9999999991370147 1,000000002136149 1,0000000014277686 ), 0
( 0,9999999994158983 1,0000000017392794 1,0000000030286822 ), 0
( 1,000000000485427 1,000000000461862 1,0000000025946916 ), 0
( 0,9999999993422037 1,0000000022956932 1,0000000025783595 ), 0
( 0,9999999991039134 1,0000000016506831 1,0000000009202028 ), 0
( 1,0000000000395144 1,0000000017588506 1,0000000026717153 ), 0
( 0,9999999996297617 1,0000000006038332 1,0000000016071917 ), 0
( 0,9999999992761307 1,0000000013991217 1,0000000018433497 ), 0
( 0,9999999993529542 1,0000000023416868 1,0000000026307427 ), 0
( 0,9999999986319604 1,000000001876952 1,0000000021173494 ), 0
( 0,999999999500742 1,0000000007941625 1,0000000017055664 ), 0
( 0,9999999996036044 1,0000000012528394 1,0000000013173775 ), 0
( 1,0000000001785276 1,0000000017154456 1,0000000029033616 ), 0
( 1,0000000004367184 1,0000000022291704 1,0000000006865997 ), 0
( 0,9999999997727452 1,0000000013608774 1,00000000101813 ), 0
( 0,9999999992455323 1,0000000020341555 1,000000001541898 ), 0
( 0,999999998267349 1,0000000009136891 1,0000000019701494 ), 0
( 0,9999999992303108 1,0000000021567268 1,0000000018084036 ), 0
( 1,0000000005134744 1,0000000015825847 1,0000000014792247 ), 0
( 0,9999999995455101 1,0000000009048402 1,0000000009159347 ), 0
( 0,9999999990984118 1,0000000017846808 1,000000002223011 ), 0
( 0,999999999141905 1,0000000023911573 1,0000000027184275 ), 0
( 0,9999999986019241 1,000000001925783 1,0000000029663512 ), 0
( 0,9999999990668883 0,9999999982553084 1,0000000002630194 ), 0
( 0,9999999993254257 1,0000000024112443 1,0000000017001018 ), 0
( 0,9999999989993772 1,0000000016575759 1,0000000014349208 ), 0
( 0,9999999995630944 1,0000000021129312 1,000000002752822 ), 0
( 0,9999999993509168 1,000000001762533 1,0000000016739632 ), 0
( 0,9999999981492637 1,0000000013372146 0,9999999993168402 ), 0
( 0,9999999999185823 1,0000000019893727 1,0000000024872835 ), 0
( 0,9999999995940009 1,0000000024045543 1,0000000027406661 ), 0
( 0,9999999991134622 1,0000000018355941 1,000000002054763 ), 0
( 1,0000000006607028 1,0000000000451914 1,0000000018747552 ), 0
( 1,0000000001733662 1,0000000011508405 1,0000000004299416 ), 0
( 1,0000000001418512 0,9999999993296582 1,000000001478795 ), 0
( 0,9999999986997307 1,0000000010770222 0,9999999992306169 ), 0
( 0,9999999993682642 1,00000000122849 1,0000000015205144 ), 0
( 1,0000000000417484 1,0000000019374078 1,0000000009046917 ), 0
( 0,9999999987600902 1,0000000008364165 1,0000000014323807 ), 0
( 0,999999999196382 1,0000000019742235 1,0000000020021957 ), 0
( 1,0000000002742835 1,0000000007332264 1,0000000021975675 ), 0
( 0,999999998633498 1,000000001638705 1,0000000015030117 ), 0
( 1,0000000012285772 1,0000000005763987 0,9999999998663924 ), 0
( 0,9999999982231764 1,0000000014396175 1,0000000022124946 ), 0
( 0,9999999991093743 1,0000000008370584 1,0000000025216607 ), 0
( 1,0000000001091947 0,9999999993508862 1,0000000017337316 ), 0
( 0,9999999998428064 1,0000000016717938 1,0000000025137006 ), 0
( 0,9999999993939342 1,0000000020049213 1,0000000019010689 ), 0
( 1,0000000025348046 1,0000000005142342 1,0000000029289566 ), 0
( 0,9999999994571879 1,000000000728153 1,0000000017354564 ), 0
( 0,9999999995096707 1,0000000012607155 1,0000000022337379 ), 0
( 0,9999999992363403 1,0000000019213868 1,00000000216901 ), 0
( 0,9999999997217722 1,0000000027570135 1,0000000016780544 ), 0
( 0,9999999988652835 1,0000000011947108 1,0000000027948703 ), 0
( 0,9999999981763552 1,0000000009264216 1,0000000011071948 ), 0
( 0,9999999992246787 1,0000000029137512 1,0000000027430607 ), 0
( 1,0000000001317635 1,0000000012454233 0,9999999999617968 ), 0
( 1,0000000005876415 1,0000000002835137 1,0000000017770128 ), 0
( 0,9999999986855642 1,0000000017883144 1,000000001330455 ), 0
( 0,9999999990124033 1,0000000015910984 1,0000000021557856 ), 0
( 1,0000000011963428 1,0000000007276024 1,0000000016238282 ), 0
( 0,9999999988551667 1,0000000024291422 1,0000000016245232 ), 0
( 1,0000000003361866 0,9999999996516568 0,9999999993604971 ), 0
( 1,0000000006505056 1,0000000001398377 0,9999999996292483 ), 0
( 1,0000000015402821 1,0000000014580706 1,0000000005697565 ), 0
( 0,99999999989679 1,0000000017521335 0,9999999987727273 ), 0
( 0,9999999988633509 1,000000001496795 1,0000000014329773 ), 0
( 0,9999999992729663 1,0000000009623977 1,0000000021107354 ), 0
( 0,9999999981225867 1,0000000006250491 1,0000000028151177 ), 0
( 1,0000000002866114 1,000000000523217 1,0000000006128633 ), 0
( 0,9999999994750938 1,0000000008957461 1,0000000016547574 ), 0
( 0,999999999289129 1,0000000016441761 1,0000000020243571 ), 0
( 1,0000000008556602 1,0000000003855696 1,0000000016080637 ), 0
( 1,0000000012653942 1,0000000002365772 1,0000000013703714 ), 0
( 0,9999999996865285 1,000000002640063 1,0000000023769653 ), 0
( 0,9999999990087467 1,0000000002643423 0,9999999995418866 ), 0
( 0,9999999995023647 1,0000000004566647 1,0000000024306481 ), 0
( 0,9999999994195672 1,000000001403249 1,000000001902249 ), 0
( 1,000000000101294 1,0000000016128818 1,0000000023393691 ), 0
( 0,9999999989146199 1,0000000016065203 1,0000000024164435 ), 0
( 0,9999999994302169 1,0000000017595319 1,0000000023816298 ), 0
( 0,9999999986234785 1,000000000733367 1,0000000013729917 ), 0
( 0,9999999990930719 0,9999999995364519 0,999999998671854 ), 0
( 0,9999999985594974 1,0000000014571706 1,0000000025839424 ), 0
( 0,999999998572956 1,0000000023750684 1,0000000025123288 ), 0
( 0,9999999992958524 1,0000000011861956 0,9999999980635487 ), 0
( 1,000000001070724 0,9999999998442675 0,9999999988725077 ), 0
( 0,9999999999572078 1,0000000015738624 1,0000000018309791 ), 0
( 0,9999999989410464 1,0000000023461597 1,0000000019707693 ), 0
( 0,9999999998829313 1,0000000007953571 1,0000000016906154 ), 0
( 1,0000000000846097 1,0000000008860785 1,0000000025784683 ), 0
( 0,9999999996587579 1,0000000009448962 1,0000000006828458 ), 0
( 0,9999999988671955 1,000000002453457 1,0000000030446863 ), 0
( 0,9999999988594656 1,000000000894293 1,0000000032473375 ), 0
( 0,9999999994294321 1,0000000004292418 1,000000001719905 ), 0
( 0,9999999995458969 1,0000000021892959 1,0000000024588709 ), 0
( 1,0000000000212936 1,0000000009107195 1,000000001797923 ), 0
( 0,9999999986612051 1,0000000016219417 1,0000000020178892 ), 0
( 0,9999999998223595 1,0000000018697357 1,0000000021071054 ), 0
( 0,9999999989972417 1,0000000021538833 1,0000000028717837 ), 0
( 1,0000000002623526 1,0000000008082899 1,0000000017564874 ), 0
( 0,9999999996714495 1,000000001734763 1,0000000024250244 ), 0
( 0,9999999987340992 1,0000000011561234 1,0000000018702009 ), 0
( 0,9999999997311637 1,0000000027305707 1,0000000021301383 ), 0
( 0,9999999987165876 1,0000000020667967 1,0000000021779274 ), 0
( 0,9999999992686005 1,0000000021134114 1,000000003372384 ), 0
( 0,9999999993433423 1,0000000018922317 1,0000000014976531 ), 0
( 0,9999999996444813 1,0000000002745886 1,0000000031556002 ), 0
( 0,9999999993167646 1,00000000106383 1,000000002307074 ), 0
( 0,9999999981296058 1,0000000010045338 1,0000000010258154 ), 0
( 0,9999999992610195 1,0000000014692958 1,0000000012423849 ), 0
( 1,00000000024863 1,0000000021925164 1,0000000011914096 ), 0
( 1,0000000009207832 1,0000000012369097 1,0000000016578894 ), 0
( 0,9999999987721703 1,0000000021383166 1,0000000032332026 ), 0
( 0,9999999988186375 1,0000000009952221 1,0000000020971367 ), 0
( 1,0000000004489003 1,0000000013408707 1,0000000007914378 ), 0
( 0,9999999988212436 1,000000001646286 1,0000000014946868 ), 0
( 0,9999999999489572 0,9999999999311016 1,0000000016207926 ), 0
( 0,9999999990303645 1,0000000020431954 1,0000000022372373 ), 0
( 0,9999999979972487 1,0000000006604908 1,0000000022470317 ), 0
( 0,9999999998373406 1,0000000012974062 1,0000000009854726 ), 0
( 0,9999999999127597 1,0000000020115107 1,0000000023456257 ), 0
( 0,9999999993557058 0,99999999975289 1,000000000580548 ), 0
( 0,9999999996852498 1,0000000021032305 1,0000000024312838 ), 0
( 1,0000000000736466 1,0000000017959194 1,0000000013890813 ), 0
( 1,0000000011404255 1,0000000009912502 1,0000000014393906 ), 0
( 0,9999999992895113 1,0000000013114312 1,000000001121655 ), 0
( 0,9999999999617806 1,0000000028147886 1,0000000015914456 ), 0
( 0,9999999993439876 1,0000000000278102 1,000000001141349 ), 0
( 1,000000000075198 1,0000000003259717 1,0000000012909922 ), 0
( 0,9999999988371673 1,0000000020825737 1,0000000014006052 ), 0
( 0,9999999994323238 1,0000000027990554 1,0000000034689587 ), 0
( 0,9999999986397475 1,000000001580193 1,0000000030111313 ), 0
( 0,9999999987415313 1,0000000013856853 1,000000001344693 ), 0
( 0,9999999990119907 1,0000000002568659 1,000000002086873 ), 0
( 0,9999999996018114 1,0000000006533238 1,000000001805959 ), 0
( 1,0000000000500093 1,0000000016906008 1,000000003235314 ), 0
( 0,9999999995794072 1,000000002253663 1,000000002735194 ), 0
( 0,9999999990471765 1,0000000013479862 1,0000000023476177 ), 0
( 0,9999999995058908 1,000000000651546 1,000000001725509 ), 0
( 1,0000000000851472 1,0000000008948469 0,9999999996521518 ), 0
( 0,9999999996557387 1,0000000001441454 1,0000000022740245 ), 0
( 0,9999999987376321 1,0000000019911075 1,000000002371175 ), 0
( 0,9999999990390056 1,0000000019262694 1,000000000839209 ), 0
( 0,9999999991221409 1,000000000490206 1,0000000010562327 ), 0
( 1,0000000006250882 1,0000000012118424 1,000000000259199 ), 0
( 0,9999999989844532 1,000000001010193 1,0000000026517863 ), 0
( 0,9999999992522753 1,0000000019838033 1,000000003034545 ), 0
( 0,9999999993383857 1,0000000006318819 1,0000000023322224 ), 0
( 1,0000000001200242 1,000000001651935 1,0000000010856345 ), 0
( 0,999999998774774 1,0000000022475302 1,0000000024225775 ), 0
( 0,9999999995423529 1,0000000016450492 1,0000000029132528 ), 0
( 0,9999999985417609 1,000000001114241 1,0000000005183531 ), 0
( 1,0000000000658198 1,000000002233778 0,9999999989114836 ), 0
( 0,9999999994345157 1,000000000128086 1,0000000020964959 ), 0
( 0,999999999682085 1,0000000008424905 1,0000000025281277 ), 0
( 0,999999999625513 0,9999999986528988 1,0000000013779136 ), 0
( 0,9999999994859102 1,0000000004422118 1,0000000010256587 ), 0
( 0,9999999994812132 1,000000002120964 1,000000002379159 ), 0
( 0,9999999989346412 1,00000000282956 1,0000000028373344 ), 0
( 0,9999999996413377 1,000000000470658 1,0000000020938336 ), 0
( 0,9999999995970111 1,0000000016955797 1,0000000024072084 ), 0
( 0,9999999975426218 1,0000000010920513 0,9999999987074446 ), 0
( 0,9999999985318896 1,0000000017244288 1,0000000017716115 ), 0
( 0,9999999981850781 1,0000000016507702 0,9999999997808382 ), 0
( 0,9999999988482348 1,0000000014308144 1,0000000016734634 ), 0
( 0,9999999986684892 1,0000000020613868 1,0000000006782412 ), 0
( 0,9999999990418662 1,0000000022332043 1,0000000032012664 ), 0
( 1,0000000025926663 1,0000000003270446 1,000000001883814 ), 0
( 0,9999999990486801 1,0000000025509481 1,0000000017603257 ), 0
( 1,0000000000184839 0,9999999995557397 1,000000000113342 ), 0
( 1,0000000002057776 1,0000000019563247 1,000000001632555 ), 0
( 0,9999999986868199 1,000000001488403 1,0000000023706377 ), 0
( 0,9999999992178834 1,0000000026581326 1,0000000023127558 ), 0
( 0,9999999986974961 1,000000001836867 1,0000000023529916 ), 0
( 0,9999999986674057 1,0000000020995665 1,0000000024804139 ), 0
( 0,9999999996404567 1,000000001800116 1,0000000016905273 ), 0
( 0,999999998749437 1,0000000023276334 1,000000002487734 ), 0
( 1,0000000001376104 1,0000000011058596 1,000000001382557 ), 0
( 0,9999999985427643 1,0000000010678145 1,0000000027855165 ), 0
( 0,9999999996977249 1,0000000023807107 1,0000000024695517 ), 0
( 0,9999999990396112 1,000000001458852 1,0000000020141449 ), 0
( 1,000000000330904 1,0000000014026313 1,0000000010281036 ), 0
( 1,0000000002742302 1,0000000016353674 1,0000000027039662 ), 0
( 0,9999999989723092 1,0000000023434097 1,000000002247289 ), 0
( 0,9999999987146437 1,0000000018421724 1,0000000021533706 ), 0
( 0,9999999997805941 1,0000000023150604 1,000000001646511 ), 0
( 0,9999999992749077 1,0000000015904964 1,000000001355883 ), 0
( 0,9999999988573404 1,0000000015736026 1,0000000021560278 ), 0
( 0,9999999987991939 1,0000000014433261 1,0000000019339508 ), 0
( 1,0000000007819803 1,0000000003982719 0,9999999989036663 ), 0
( 1,00000000107841 1,0000000001332825 1,0000000004440766 ), 0
( 0,9999999999070999 1,0000000011727455 1,0000000018348654 ), 0
( 0,9999999994034704 1,0000000026844509 1,0000000021779378 ), 0
( 0,9999999998047308 1,0000000000368185 1,0000000019242516 ), 0
( 0,9999999998850495 1,000000001983364 1,0000000002482887 ), 0
( 0,9999999995234153 1,000000001421034 1,0000000021612108 ), 0
( 0,9999999989005636 1,0000000018511568 1,000000002732543 ), 0
( 0,9999999988937575 1,0000000015012607 1,0000000027102636 ), 0
( 0,9999999981198758 1,000000001392652 1,0000000021015196 ), 0
( 0,9999999995758642 0,9999999996781239 1,0000000003651464 ), 0
( 0,9999999997846285 1,0000000021835893 1,000000001689177 ), 0
( 1,0000000000569091 0,9999999983408093 1,000000001297053 ), 0
( 1,0000000012026318 1,0000000011277048 1,0000000019471207 ), 0
( 0,9999999990610119 1,0000000018470667 1,0000000020984596 ), 0
( 0,9999999995496275 1,0000000014464145 1,0000000016015245 ), 0
( 0,9999999995728552 1,000000002310937 1,0000000009566843 ), 0
( 0,9999999992108123 1,000000000373578 1,0000000013023629 ), 0
( 0,9999999994364799 1,0000000020830186 1,0000000025180729 ), 0
( 0,999999999796314 1,0000000013777033 1,0000000024910973 ), 0
( 1,0000000004108216 1,000000001116842 1,000000000705929 ), 0
( 0,9999999993992477 1,0000000006884384 1,0000000025565154 ), 0
( 0,9999999996222649 1,0000000021957176 1,0000000021962065 ), 0
( 0,9999999990075412 1,0000000015484007 1,0000000011911538 ), 0
( 0,9999999996683171 1,0000000018659512 1,0000000018754522 ), 0
( 0,9999999990369123 1,0000000018150779 1,0000000024382774 ), 0
( 1,000000000145806 0,9999999998925622 1,000000000904047 ), 0
( 0,9999999990252517 1,000000002393539 1,0000000024816726 ), 0
( 1,000000000326523 1,0000000025612632 1,000000000662213 ), 0
( 0,9999999992545627 1,0000000003408689 0,9999999998166481 ), 0
( 0,9999999985801074 1,000000001252526 1,000000001964157 ), 0
( 1,0000000004654157 1,000000001534978 1,0000000012576449 ), 0
( 0,9999999998833378 1,0000000021916333 1,0000000012516876 ), 0
( 0,9999999996006249 1,0000000014950245 1,0000000016817385 ), 0
( 0,9999999977586352 1,0000000005679783 1,0000000018286008 ), 0
( 1,000000000018313 1,0000000019972584 1,0000000017778456 ), 0
( 0,9999999993347958 1,0000000022553488 1,0000000017752777 ), 0
( 0,9999999988753727 1,0000000003744873 1,0000000012698487 ), 0
( 1,0000000003912113 1,0000000013627435 1,0000000004858853 ), 0
( 0,9999999997462707 1,0000000002669698 1,0000000014057622 ), 0
( 0,9999999980623255 1,000000001074076 0,9999999997813039 ), 0
( 0,9999999991566793 1,0000000029167582 1,0000000021437652 ), 0
( 1,000000000224282 1,0000000001234886 1,0000000003831677 ), 0
( 1,0000000003843215 1,000000001687354 1,0000000021729496 ), 0
( 0,9999999972462961 1,000000000635356 1,0000000003950105 ), 0
( 0,9999999987853007 1,0000000022905522 1,0000000033786605 ), 0
( 1,0000000000531717 1,0000000015725583 1,0000000012661188 ), 0
( 1,0000000015932864 1,000000000088079 1,0000000012401333 ), 0
( 0,9999999988870912 1,0000000033971823 1,0000000015872659 ), 0
( 0,9999999983372683 1,0000000007606766 1,0000000018244144 ), 0
( 1,0000000001785199 1,00000000091314 1,0000000010707712 ), 0
( 1,0000000003616056 1,0000000006461431 1,0000000025101239 ), 0
( 0,9999999983491933 1,0000000015981705 1,000000001966733 ), 0
( 0,9999999994005763 1,0000000015910446 1,0000000022264817 ), 0
( 1,0000000000800044 1,000000001102257 1,000000001816938 ), 0
( 0,9999999994442003 1,0000000024929265 1,000000002008964 ), 0
( 0,9999999999779086 0,9999999998052967 1,000000000448831 ), 0
( 0,9999999993586451 1,0000000028135105 1,0000000023394544 ), 0
( 0,9999999984198805 1,0000000016988873 1,0000000019675623 ), 0
( 0,9999999986617805 1,000000001690306 1,0000000020564557 ), 0
( 0,999999998800612 1,0000000019409758 1,0000000026122176 ), 0
( 0,9999999985132981 1,0000000013275911 1,0000000002780796 ), 0
( 0,9999999997591952 1,0000000013851162 1,000000001571942 ), 0
( 0,9999999996895544 1,0000000002521698 1,0000000010644394 ), 0
( 0,9999999984772704 1,0000000016380604 1,0000000025465148 ), 0
( 0,9999999994282731 1,0000000013293031 1,0000000012668142 ), 0
( 0,9999999991228714 1,0000000014627486 1,0000000023366509 ), 0
( 0,9999999999596356 1,0000000016354433 1,0000000020444944 ), 0
( 0,9999999994240045 1,0000000025534246 1,0000000027959735 ), 0
( 0,999999999536474 1,0000000006399894 1,0000000028923834 ), 0
( 0,9999999991666304 1,0000000009639927 1,0000000017205457 ), 0
( 0,9999999995626568 1,0000000015658668 1,0000000015390818 ), 0
( 0,9999999990901295 1,0000000013468795 1,0000000024310087 ), 0
( 0,9999999994131619 1,0000000013068409 1,0000000027921734 ), 0
( 0,9999999974525062 1,0000000003086083 1,000000002326999 ), 0
( 1,0000000003998248 1,0000000007722738 1,000000000420237 ), 0
( 0,9999999995932537 1,0000000024174958 1,0000000021160553 ), 0
( 0,9999999995590574 1,000000002694881 1,000000002531644 ), 0
( 1,0000000001941283 1,0000000011114367 1,0000000022435795 ), 0
( 0,9999999994900398 1,000000002197131 1,000000000730649 ), 0
( 0,9999999998193516 1,0000000026902593 1,0000000022693993 ), 0
( 0,9999999989959836 1,0000000014458146 1,0000000020189594 ), 0
( 0,9999999996980515 1,000000001720502 1,0000000025383269 ), 0
( 0,9999999991777153 1,000000002138112 1,0000000021069262 ), 0
( 0,9999999993113894 1,0000000015675008 1,0000000025006277 ), 0
( 1,000000001318126 1,0000000012302859 1,0000000017715385 ), 0
( 0,9999999994166733 1,0000000008026033 1,0000000014879058 ), 0
( 1,0000000006530756 1,0000000014801862 1,0000000002300669 ), 0
( 0,9999999995886827 1,000000000963869 1,0000000017580084 ), 0
( 0,9999999996922916 1,0000000017175916 1,0000000019125868 ), 0
( 0,9999999991260946 1,0000000002770213 1,0000000012061523 ), 0
( 0,9999999986396496 1,0000000007359657 1,0000000008692536 ), 0
( 0,9999999999094292 1,0000000013652046 1,0000000005384735 ), 0
( 0,9999999991887042 1,0000000014963004 1,0000000010878367 ), 0
( 1,0000000003014238 1,000000001988172 1,0000000018101627 ), 0
( 0,9999999990243784 1,000000002004799 1,0000000027409754 ), 0
( 1,0000000015744352 1,0000000005206982 0,9999999985852555 ), 0
( 0,9999999993477546 1,0000000018959527 1,0000000025640314 ), 0
( 1,0000000005536818 1,0000000023049216 1,0000000006846717 ), 0
( 0,9999999993364301 0,9999999997027875 1,000000000593012 ), 0
( 0,9999999987621508 1,0000000018470883 1,000000003076117 ), 0
( 0,999999998307661 1,0000000012188082 1,0000000026704434 ), 0
( 1,0000000001996696 1,0000000009884575 1,000000001399063 ), 0
( 1,0000000002321772 1,0000000029814307 1,0000000022786335 ), 0
( 0,999999998492465 1,0000000024389637 1,0000000019228157 ), 0
( 1,000000000291608 1,0000000014170203 1,0000000012940762 ), 0
( 0,9999999988359123 0,999999998898355 1,0000000014061452 ), 0
( 0,9999999991634368 1,0000000006617413 1,0000000001497442 ), 0
( 1,000000000326428 1,0000000002553417 1,0000000002087492 ), 0
( 0,9999999988543437 1,0000000017881485 1,0000000010745302 ), 0
( 0,9999999997085238 1,0000000004337661 1,0000000029302276 ), 0
( 0,9999999991499076 1,000000001580684 1,0000000026155946 ), 0
( 1,0000000016173116 1,0000000016141737 1,0000000001629987 ), 0
( 0,9999999990178805 0,999999999336905 1,0000000007530476 ), 0
( 0,999999999429419 1,0000000015707653 1,000000002206032 ), 0
( 0,9999999988475131 1,0000000017120878 1,0000000025741755 ), 0
( 1,0000000004099736 1,000000001253516 1,0000000007791752 ), 0
( 0,9999999998439302 1,0000000006522232 1,0000000016713093 ), 0
( 0,9999999998790651 1,0000000011858843 1,0000000016540487 ), 0
( 0,9999999998752728 1,0000000014852277 1,000000001682047 ), 0
( 0,9999999988446924 1,0000000022139106 1,0000000027528178 ), 0
( 0,9999999999050949 1,0000000009972942 1,0000000016816522 ), 0
( 0,9999999999217559 1,0000000008182126 1,0000000018575583 ), 0
( 0,9999999993550817 1,0000000019053674 1,000000002241346 ), 0
( 1,0000000001824627 1,0000000017872956 1,0000000024913283 ), 0
( 0,9999999981872607 1,0000000009806986 1,0000000017427353 ), 0
( 0,9999999986817083 1,0000000008376675 1,000000001495982 ), 0
( 0,9999999991300679 1,0000000017984658 1,000000002409437 ), 0
( 1,000000000466192 1,0000000017227906 1,0000000019171866 ), 0
( 0,9999999988791554 1,0000000025176883 1,0000000028344675 ), 0
( 0,9999999996186953 1,0000000025499916 1,000000001723778 ), 0
( 0,9999999990186521 1,0000000018729014 1,0000000018182444 ), 0
( 0,99999999883422 1,000000000717084 1,000000002195191 ), 0
( 1,0000000003713798 1,0000000022278543 1,0000000015787125 ), 0
( 0,9999999998458777 0,9999999989056654 1,000000002774847 ), 0
( 1,0000000002139116 1,000000000234884 1,000000000110273 ), 0
( 0,9999999988356505 1,0000000001309153 1,0000000022572075 ), 0
( 1,000000002400744 1,00000000002927 1,0000000017142328 ), 0
( 0,999999999567951 1,0000000013483363 1,000000002673598 ), 0
( 0,9999999987379748 1,000000002716213 1,000000003212891 ), 0
( 0,9999999997476122 1,0000000018299717 1,000000001780493 ), 0
( 0,9999999987025567 1,0000000009929162 1,0000000014403596 ), 0
( 0,9999999993001454 1,0000000015432582 1,0000000022265823 ), 0
( 0,9999999990882737 1,0000000024382463 1,0000000013086434 ), 0
( 0,9999999998088345 1,0000000005292407 1,0000000015578927 ), 0
( 0,9999999989419105 1,0000000018804358 1,0000000016051658 ), 0
( 0,9999999998394421 1,000000000872538 0,9999999998917054 ), 0
( 0,9999999992189758 0,9999999999880542 0,9999999991917372 ), 0
( 0,9999999992009259 1,0000000024736058 1,0000000023150633 ), 0
( 1,0000000002611689 1,0000000012638426 1,0000000030408345 ), 0
( 0,9999999997303377 1,0000000006276124 1,0000000012783545 ), 0
( 0,9999999987461307 1,0000000011815273 1,0000000021155024 ), 0
( 0,9999999984555656 1,0000000004607497 1,0000000009976573 ), 0
( 0,9999999994369877 1,0000000023890874 1,000000002097046 ), 0
( 0,9999999996669083 1,000000002588025 1,000000002239177 ), 0
( 1,0000000000478282 0,9999999998937824 1,0000000002645837 ), 0
( 0,9999999997525794 1,0000000023700133 1,0000000017569441 ), 0
( 0,9999999995036716 1,0000000014359829 1,0000000005089467 ), 0
( 0,9999999994584127 1,0000000018646782 1,0000000018289217 ), 0
( 0,9999999998531633 0,9999999994930906 1,0000000026137557 ), 0
( 0,9999999992806251 1,0000000003361302 1,0000000009769825 ), 0
( 0,9999999993759032 1,0000000015732968 1,0000000026517295 ), 0
( 0,9999999991523366 1,0000000000607543 0,9999999996079803 ), 0
( 0,999999998808662 1,0000000024151696 1,0000000031231608 ), 0
( 0,9999999998802339 1,0000000011524859 1,0000000020916036 ), 0
( 1,0000000000577323 1,0000000011215153 1,0000000010265333 ), 0
( 0,9999999980659888 0,999999999821871 1,0000000011582821 ), 0
( 0,9999999990127675 1,0000000027383469 1,0000000030560567 ), 0
( 0,9999999993109652 1,0000000022927975 1,0000000022626925 ), 0
( 0,9999999991679938 1,0000000018826694 1,0000000024374702 ), 0
( 0,9999999993643706 1,0000000026934521 1,0000000011172223 ), 0
( 0,9999999997978408 1,0000000016697645 1,0000000025138815 ), 0
( 0,9999999992925103 1,000000001250698 1,0000000014233823 ), 0
( 1,0000000003043317 1,0000000018963402 1,0000000018766888 ), 0
( 0,999999999218849 1,000000000585304 1,000000001215572 ), 0
( 0,9999999994987612 1,0000000008118328 1,000000000743718 ), 0
( 0,9999999989329645 1,0000000022383482 1,0000000027598435 ), 0
( 0,9999999983076593 1,0000000010886854 1,0000000014003099 ), 0
( 0,9999999993657899 1,0000000012306693 1,0000000017806867 ), 0
( 0,9999999994006598 1,0000000013304295 1,000000001510764 ), 0
( 0,9999999987453052 1,000000001646303 1,0000000022638955 ), 0
( 0,9999999987415333 1,0000000022720903 1,0000000026940643 ), 0
( 1,000000000098171 1,0000000011630177 1,0000000007713927 ), 0
( 0,9999999989792866 1,0000000009404577 1,0000000022983102 ), 0
( 0,9999999998336435 1,0000000021258753 1,000000002656309 ), 0
( 0,9999999988260426 1,0000000007323275 1,0000000025457763 ), 0
( 1,0000000014872108 1,0000000015951365 1,0000000001785958 ), 0
( 0,9999999996972238 1,0000000021995534 1,0000000032032603 ), 0
( 0,9999999992947295 1,0000000007601215 1,0000000014464905 ), 0
( 0,9999999993652889 1,0000000000104587 1,0000000012225299 ), 0
( 0,9999999988960256 1,000000001827182 1,000000001940103 ), 0
( 0,9999999991825697 1,0000000007028012 1,0000000014298762 ), 0
( 1,0000000001388631 1,0000000007773353 1,0000000019333448 ), 0
( 0,9999999990454458 1,0000000013119437 1,0000000022059496 ), 0
( 0,9999999999189434 1,0000000014252344 1,0000000014004171 ), 0
( 0,9999999999585928 1,0000000008146457 1,0000000012158707 ), 0
( 0,9999999991998055 1,0000000019980915 1,000000002518258 ), 0
( 1,0000000007668355 1,0000000015697823 1,0000000008362653 ), 0
( 1,0000000017012671 0,9999999999610711 1,0000000022124258 ), 0
( 0,9999999995773662 1,000000000808102 1,0000000020180946 ), 0
( 0,9999999994384033 0,9999999998233313 1,0000000020070376 ), 0
( 1,0000000000628613 1,0000000019457782 1,0000000009932464 ), 0
( 0,9999999993780581 1,0000000017632016 1,0000000031683143 ), 0
( 1,0000000002370624 1,0000000019294943 1,0000000024589828 ), 0
( 1,0000000002795282 1,0000000006361236 1,000000001049658 ), 0
( 0,9999999983512596 1,000000001027456 1,0000000019758053 ), 0
( 0,9999999982701946 1,0000000003581848 1,000000000689749 ), 0
( 0,9999999987126718 1,0000000022359303 1,0000000030099367 ), 0
( 1,0000000011328107 0,9999999995711073 1,000000002453152 ), 0
( 0,9999999992446071 1,0000000009087864 1,0000000022621909 ), 0
( 0,9999999990032593 0,9999999997426312 1,000000001582557 ), 0
( 0,9999999986028859 1,0000000018190007 1,000000002649199 ), 0
( 0,9999999989658203 1,0000000028278504 1,000000001471621 ), 0
( 0,9999999990409517 1,000000000826556 1,0000000013230004 ), 0
( 0,9999999989691601 1,000000001454788 1,0000000023220463 ), 0
( 1,0000000000340379 1,0000000014301762 1,0000000012319057 ), 0
( 0,9999999988419581 1,0000000014509547 1,0000000014938206 ), 0
( 0,9999999999738781 1,0000000003001148 1,0000000007302718 ), 0
( 1,0000000006038912 1,000000001073245 1,0000000016867725 ), 0
( 0,9999999992687247 1,000000002534085 1,0000000012249053 ), 0
( 0,9999999983959794 1,0000000005252596 1,0000000005579122 ), 0
( 0,9999999992968712 1,000000002614311 1,0000000025250002 ), 0
( 0,9999999989212697 1,000000002119288 1,0000000021337867 ), 0
( 0,9999999996956803 1,0000000020402167 1,000000003029733 ), 0
( 0,9999999992093648 1,000000001381124 1,000000001105017 ), 0
( 0,9999999998556223 1,0000000010647052 1,0000000021893323 ), 0
( 0,9999999999955889 1,0000000015684916 1,000000000808557 ), 0
( 0,9999999996383799 1,0000000012106007 1,0000000022188011 ), 0
( 0,9999999993350771 1,0000000018187678 1,0000000019184028 ), 0
( 0,9999999990919517 1,000000001139392 1,0000000016748558 ), 0
( 0,999999999452636 1,0000000005561904 1,0000000007758436 ), 0
( 0,999999999792443 1,0000000002759393 1,0000000002013274 ), 0
( 0,9999999999463459 1,000000001750171 1,0000000018428017 ), 0
( 0,9999999995150536 1,0000000007765177 1,0000000014569743 ), 0
( 0,999999999711596 1,000000002237586 1,0000000020559483 ), 0
( 0,999999998086439 1,000000001553416 1,000000002618366 ), 0
( 0,999999999361675 1,0000000017462078 1,000000002131712 ), 0
( 0,9999999992610625 1,000000002333555 1,0000000028825653 ), 0
( 0,9999999984719897 1,000000002412882 1,0000000017308561 ), 0
( 0,9999999993342269 1,0000000009476344 1,000000002040068 ), 0
( 1,0000000009614978 1,000000000370485 1,0000000006260632 ), 0
( 0,9999999991645164 0,9999999996401214 0,9999999997969434 ), 0
( 0,9999999994971444 1,0000000017514965 1,0000000014333503 ), 0
( 0,999999998553508 1,0000000011003891 1,000000001619152 ), 0
( 0,9999999995440899 1,0000000014841526 1,0000000022780673 ), 0
( 0,9999999998219283 1,0000000011290398 1,0000000028128004 ), 0
( 0,999999999188391 1,0000000017272264 1,000000002146665 ), 0
( 1,0000000016960027 1,000000000969174 0,9999999985824115 ), 0
( 1,0000000006039158 1,000000000501942 1,0000000002092777 ), 0
( 0,999999999001956 1,0000000007987677 1,0000000011299157 ), 0
( 0,999999999841441 1,0000000015795132 1,0000000022944424 ), 0
( 0,9999999979637143 1,000000000988098 1,0000000014173318 ), 0
( 0,9999999985587973 1,00000000014259 1,0000000022661055 ), 0
( 0,9999999996377391 1,0000000016524542 1,000000001416157 ), 0
( 0,9999999996517018 1,0000000028109326 1,0000000029778386 ), 0
( 0,9999999987662137 1,0000000002098104 1,0000000009048409 ), 0
( 0,9999999988690071 1,0000000018602537 1,000000001769921 ), 0
( 0,999999999864022 1,0000000023213635 1,0000000020045683 ), 0
( 0,9999999993405345 1,0000000020686561 1,0000000025049427 ), 0
( 1,0000000003048715 1,0000000017500148 1,0000000025934264 ), 0
( 0,9999999992087875 1,0000000013848858 1,0000000018447965 ), 0
( 0,999999999114688 1,000000001938583 1,0000000018351125 ), 0
( 0,9999999991966071 1,0000000027413285 1,0000000032405028 ), 0
( 1,0000000001745897 1,0000000014701989 1,0000000026791596 ), 0
( 1,000000000105783 1,000000001573656 1,0000000009742995 ), 0
( 0,9999999996059146 1,0000000022748032 1,0000000024302773 ), 0
( 0,9999999987783057 1,0000000021287423 1,000000002697253 ), 0
( 1,0000000021559112 1,0000000004592036 0,9999999984749446 ), 0
( 0,9999999991471169 1,0000000007959409 1,000000002378739 ), 0
( 0,9999999996324895 1,0000000007234267 1,0000000004935619 ), 0
( 0,9999999997175447 1,0000000018587651 1,0000000014415649 ), 0
( 0,9999999991092063 1,0000000017446526 1,0000000020871969 ), 0
( 0,9999999992949079 0,9999999999345002 1,0000000011005756 ), 0
( 1,0000000017352806 0,9999999997332814 1,0000000016976802 ), 0
( 1,0000000010079693 0,9999999999776494 1,000000000878075 ), 0
( 0,9999999989332983 1,0000000024517066 1,000000002394218 ), 0
( 0,9999999997429997 1,0000000007324505 1,00000000109983 ), 0
( 0,9999999996137715 1,0000000017762338 1,0000000026005496 ), 0
( 0,9999999994887864 1,0000000021789541 1,0000000030000722 ), 0
( 1,0000000005117022 0,9999999999820788 1,0000000002079055 ), 0
( 1,0000000001601923 1,000000001860364 1,0000000029499412 ), 0
( 0,999999998976936 1,000000002364289 1,0000000018778699 ), 0
( 0,9999999990013969 1,0000000022852609 1,0000000022193893 ), 0
( 0,9999999988729481 1,0000000014694383 1,0000000018148105 ), 0
( 0,9999999993937781 1,0000000020191295 1,0000000026119384 ), 0
( 0,9999999994712808 1,0000000009942966 1,000000003138543 ), 0
( 0,9999999983529897 1,0000000020831672 1,0000000033726337 ), 0
( 0,999999999604245 1,0000000017224921 1,0000000027580986 ), 0
( 1,0000000004389142 1,000000001886292 1,0000000013027057 ), 0
( 1,0000000005615048 1,000000001112577 1,0000000014430444 ), 0
( 0,9999999984728031 1,0000000006765666 1,0000000010815728 ), 0
( 1,0000000007145187 1,0000000018448194 1,000000001887134 ), 0
( 0,9999999994260124 1,0000000007491325 1,0000000013108783 ), 0
( 0,9999999998126479 1,0000000015035642 1,0000000018390671 ), 0
( 1,0000000001048768 1,0000000012160513 1,0000000006799385 ), 0
( 0,9999999999203775 1,0000000003383311 1,0000000017893689 ), 0
( 0,9999999992094993 1,000000000396316 0,9999999998963472 ), 0
( 0,999999998830325 1,0000000015931962 1,0000000022218594 ), 0
( 0,9999999985726592 1,0000000014212236 1,0000000024287172 ), 0
( 0,9999999994097618 1,0000000010685837 1,000000000957231 ), 0
( 0,9999999998257738 1,0000000022335873 1,0000000018307054 ), 0
( 0,9999999987267383 1,0000000016277917 1,000000002327124 ), 0
( 0,999999998325628 1,0000000005194096 1,000000001495341 ), 0
( 1,0000000000249547 1,0000000017646777 1,0000000014281627 ), 0
( 0,9999999996545903 1,0000000013999744 1,0000000023453166 ), 0
( 0,9999999994575297 1,0000000007770222 1,0000000015892454 ), 0
( 0,9999999990180951 0,9999999998673307 1,0000000022063147 ), 0
( 0,9999999989072759 1,0000000019676267 1,000000002515284 ), 0
( 0,9999999988418581 1,0000000026656857 1,0000000023135818 ), 0
( 0,9999999987991228 1,000000001633457 1,0000000018139592 ), 0
( 1,0000000000517268 1,0000000013277248 1,000000002789388 ), 0
( 0,9999999997314142 1,0000000021951667 1,0000000020493438 ), 0
( 0,9999999997016414 1,0000000020356703 1,0000000020929498 ), 0
( 0,9999999993388692 1,0000000013799253 1,0000000012788661 ), 0
( 0,9999999995831909 1,0000000002806084 1,0000000006946366 ), 0
( 0,9999999980922851 1,0000000015289001 1,000000002410357 ), 0
( 1,0000000003297802 1,0000000012327745 1,0000000016157335 ), 0
( 0,9999999985119252 1,000000001662087 1,0000000016506652 ), 0
( 0,999999999746778 0,9999999973834428 0,9999999990085527 ), 0
( 0,9999999992093608 1,0000000001551976 1,000000002685908 ), 0
( 0,9999999993403833 1,0000000024318503 1,0000000022497495 ), 0
( 0,9999999998883687 0,9999999997631517 1,0000000011432955 ), 0
( 0,9999999989973726 1,0000000024516063 1,0000000030913376 ), 0
( 0,9999999994225891 1,000000002287979 1,0000000017142592 ), 0
( 1,0000000000905829 1,0000000013729573 1,000000001952706 ), 0
( 1,0000000008210792 1,0000000022518294 0,9999999987926341 ), 0
( 0,9999999971501912 0,9999999998481285 0,9999999978827008 ), 0
( 0,9999999994848399 1,0000000012179742 1,000000001993326 ), 0
( 1,0000000016651802 1,0000000006746061 1,0000000019925321 ), 0
( 0,9999999998253509 1,0000000001934288 1,0000000016720239 ), 0
( 0,9999999993573873 1,0000000006612488 1,000000001977825 ), 0
( 1,000000000199163 1,0000000020418156 1,0000000014529 ), 0
( 0,999999998789238 1,0000000023864632 1,0000000025984856 ), 0
( 0,9999999997447043 1,000000001445428 1,0000000008061516 ), 0
( 0,999999999138361 1,000000001008274 1,0000000027647902 ), 0
( 0,9999999992850888 1,0000000025236266 1,0000000024287325 ), 0
( 0,9999999983021283 1,0000000014521244 1,0000000018269812 ), 0
( 1,0000000002283758 1,0000000017605635 1,0000000012807992 ), 0
( 0,9999999987674129 1,0000000023925597 1,0000000025418814 ), 0
( 0,9999999989254178 1,0000000008199057 1,0000000017317332 ), 0
( 0,9999999991022271 1,0000000007069851 1,000000002050484 ), 0
( 0,9999999997496855 1,000000001755678 1,0000000021895632 ), 0
( 1,000000002281102 1,0000000001647324 1,0000000020791302 ), 0
( 0,9999999993825971 1,000000001983378 1,0000000024477214 ), 0
( 0,999999998931195 1,00000000318078 1,0000000030085399 ), 0
( 0,999999999612299 1,0000000026150304 1,0000000010268735 ), 0
( 0,9999999990411382 1,0000000020916284 1,0000000028113263 ), 0
( 0,9999999988262455 1,000000001353878 1,000000002255755 ), 0
( 0,9999999990115198 1,000000000958464 1,0000000015749335 ), 0
( 0,9999999983028763 0,9999999992361455 1,0000000021321116 ), 0
( 0,9999999991161023 1,0000000003380376 1,000000001810746 ), 0
( 0,9999999994922991 1,0000000012495698 1,0000000011417844 ), 0
( 0,9999999990784938 1,0000000025787814 1,0000000032230514 ), 0
( 0,9999999991395453 1,0000000010364134 1,0000000011153145 ), 0
( 0,9999999992142163 1,00000000179442 1,0000000027460016 ), 0
( 0,9999999994827093 1,0000000010157535 1,000000001030066 ), 0
( 1,0000000002919442 1,0000000020361302 1,0000000008622691 ), 0
( 0,9999999997707005 1,0000000013330654 1,0000000016174224 ), 0
( 0,999999998788171 1,000000001834474 1,0000000017015456 ), 0
( 0,9999999990608559 1,0000000024063453 1,000000002867228 ), 0
( 1,0000000009040657 1,0000000014164947 1,000000001105004 ), 0
( 0,9999999994761899 1,000000001801121 1,000000001450308 ), 0
( 0,9999999987375365 1,0000000011007026 1,0000000023617888 ), 0
( 1,000000000120696 1,000000000931219 0,9999999998726673 ), 0
( 0,9999999981335158 1,0000000003571194 1,000000000372482 ), 0
( 1,000000000267384 1,0000000014035824 1,0000000032081755 ), 0
( 0,9999999992143407 1,000000001391165 1,0000000024565634 ), 0
( 0,9999999994510061 1,0000000027766243 1,0000000029981149 ), 0
( 0,9999999998483777 1,0000000020330917 1,000000002669269 ), 0
( 1,0000000002398632 1,0000000002126326 0,9999999994998952 ), 0
( 0,999999999406375 1,00000000066739 1,000000002158074 ), 0
( 0,9999999998870996 1,0000000013350447 1,000000001291924 ), 0
( 0,9999999987186354 1,0000000019592619 1,000000002332342 ), 0
( 0,9999999989363254 1,000000002236715 1,0000000013333012 ), 0
( 1,0000000017766433 1,0000000010594996 1,0000000018067212 ), 0
( 0,9999999999551722 1,0000000013301014 1,0000000026840807 ), 0
( 0,9999999990273951 1,0000000016571968 1,000000001653836 ), 0
( 1,0000000000686793 1,0000000019714164 1,0000000023487978 ), 0
( 0,9999999985312875 1,0000000019457447 1,0000000026831306 ), 0
( 0,9999999990328027 1,000000001450483 1,0000000021673894 ), 0
( 0,9999999995512766 1,0000000015429653 1,0000000019307922 ), 0
( 1,0000000000445048 1,00000000249687 1,0000000016771102 ), 0
( 0,9999999991927823 1,000000001965511 1,0000000026232947 ), 0
( 0,999999998529575 1,0000000011189227 1,0000000020193882 ), 0
( 1,0000000001852412 1,0000000009310206 1,0000000015110697 ), 0
( 0,9999999989524248 1,0000000017082606 1,0000000019830997 ), 0
( 0,9999999995830351 1,0000000008741723 1,0000000008630392 ), 0
( 1,0000000001094254 1,000000001350577 1,0000000020263229 ), 0
( 0,9999999995206 1,00000000234954 1,0000000023062885 ), 0
( 0,9999999986787909 0,9999999998412757 1,000000002451505 ), 0
( 0,9999999989156743 1,0000000022470699 1,0000000029366944 ), 0
( 0,9999999991411307 1,0000000021141868 1,0000000022009257 ), 0
( 0,9999999996387889 1,000000000543924 1,0000000000046023 ), 0
( 0,999999999038145 1,0000000006365177 1,000000000111274 ), 0
( 0,9999999981965244 1,0000000005178598 0,9999999994405133 ), 0
( 1,0000000018924817 1,000000001347437 0,9999999997856862 ), 0
( 0,9999999993234062 1,0000000029658829 1,0000000021718431 ), 0
( 0,9999999998563623 1,0000000012419177 1,0000000020464541 ), 0
( 0,9999999997593915 1,0000000019258743 1,0000000028403153 ), 0
( 1,0000000004883038 1,0000000017190518 1,0000000012018686 ), 0
( 0,9999999997392881 1,000000001725572 1,000000001763423 ), 0
( 1,0000000000614193 1,0000000018052866 1,000000001243278 ), 0
( 1,0000000008834484 1,0000000008179784 0,9999999992692847 ), 0
( 0,99999999892032 1,0000000023947648 1,0000000008725256 ), 0
( 0,999999999045489 1,0000000019927542 1,000000002109021 ), 0
( 0,9999999993641105 1,0000000027114575 1,0000000027225504 ), 0
( 0,9999999983838771 1,0000000014037125 1,0000000025185998 ), 0
( 1,0000000005245313 0,999999999193849 0,9999999985430047 ), 0
( 1,000000000762156 1,0000000021860014 1,000000000821003 ), 0
( 1,0000000011382468 0,9999999987273424 1,0000000023101878 ), 0
( 1,0000000000750937 1,000000001928159 1,000000000656798 ), 0
( 0,9999999998877351 1,0000000002246379 1,0000000020766127 ), 0
( 0,9999999989980835 1,0000000025754763 1,0000000026302778 ), 0
( 0,9999999984849794 1,0000000017432957 1,000000002961408 ), 0
( 0,9999999991733753 1,0000000005023832 1,0000000022641549 ), 0
( 0,9999999995815055 0,9999999993919548 0,9999999993273927 ), 0
( 1,0000000007525904 1,0000000007295116 1,0000000017950221 ), 0
( 0,9999999993259578 1,0000000006264647 1,000000002642629 ), 0
( 0,9999999992878766 1,000000002299273 1,0000000029184568 ), 0
( 1,0000000003114773 0,9999999995987535 1,0000000019063864 ), 0
( 0,999999999096089 1,000000000823996 1,000000001910393 ), 0
( 1,000000000381902 1,0000000021557898 1,0000000016908939 ), 0
( 0,9999999994064401 1,0000000013232098 1,000000002171472 ), 0
( 0,9999999989707311 1,0000000009350232 1,0000000019813264 ), 0
( 0,9999999988026312 1,0000000009070797 1,0000000011317338 ), 0
( 0,9999999995415163 1,0000000018778643 1,0000000016870083 ), 0
( 1,0000000011890982 1,0000000001037261 1,000000001360251 ), 0
( 1,0000000001446687 1,0000000009630199 0,9999999995249255 ), 0
( 0,999999999000245 1,0000000022661644 1,0000000027317488 ), 0
( 0,9999999991607551 1,0000000018640551 1,0000000021218964 ), 0
( 0,9999999987771179 1,0000000009894334 1,000000003450446 ), 0
( 0,9999999996842595 1,0000000015895403 1,0000000016634918 ), 0
( 0,9999999988407838 1,00000000117712 1,000000001699852 ), 0
( 0,9999999992138774 1,0000000013397772 1,0000000024719098 ), 0
( 0,9999999984076072 1,0000000010102208 1,0000000021027804 ), 0
( 0,9999999991809949 1,000000001923491 1,0000000021412883 ), 0
( 1,000000000298819 1,0000000001005307 1,0000000012735746 ), 0
( 0,9999999988650269 1,0000000010607186 1,0000000019770432 ), 0
( 0,9999999990491756 1,0000000011886738 1,0000000019112554 ), 0
( 0,9999999986918189 1,0000000005284133 1,0000000015436377 ), 0
( 0,9999999987942925 1,0000000009516772 1,0000000021723248 ), 0
( 0,9999999994568801 1,0000000007583731 1,000000001734186 ), 0
( 0,9999999993974779 1,0000000006495473 1,0000000030026817 ), 0
( 0,9999999992658581 1,0000000019140995 1,0000000019455701 ), 0
( 0,9999999989564181 1,0000000014681405 1,0000000021352065 ), 0
( 0,999999999856369 1,0000000010395702 1,0000000023895814 ), 0
( 0,9999999992944015 1,0000000011703418 1,0000000016421215 ), 0
( 0,9999999987394608 1,0000000014276058 1,0000000018684312 ), 0
( 1,0000000003690337 0,999999999228211 1,0000000015698145 ), 0
( 0,9999999993306107 1,0000000018834796 1,0000000026782898 ), 0
( 0,9999999987887537 1,0000000007493066 1,0000000006413006 ), 0
( 0,999999998241618 1,0000000006962628 1,0000000013434474 ), 0
( 0,999999998250814 1,000000000588992 1,0000000018772846 ), 0
( 0,9999999993991995 1,0000000029305345 1,0000000008714574 ), 0
( 0,9999999991733999 1,0000000014850527 1,0000000024335367 ), 0
( 0,9999999995427933 1,0000000008843826 1,0000000015405253 ), 0
( 0,9999999988042565 1,0000000015656174 1,000000003124963 ), 0
( 0,9999999994542235 1,000000001946992 1,0000000010187735 ), 0
( 0,9999999998020872 1,0000000007049787 1,000000000930359 ), 0
( 0,999999999520679 1,0000000021112043 1,0000000016951258 ), 0
( 0,9999999994665707 1,0000000013482664 1,000000001344937 ), 0
( 0,999999998413567 1,0000000006870828 1,000000001434304 ), 0
( 1,0000000004431313 1,000000001964658 1,0000000016564117 ), 0
( 0,9999999990463694 1,0000000009893768 1,0000000030477973 ), 0
( 1,0000000003540086 1,0000000022767994 1,0000000008598238 ), 0
( 0,9999999988447794 1,0000000020257767 1,0000000021400253 ), 0
( 1,0000000015959718 1,0000000000641003 1,0000000011703145 ), 0
( 0,9999999994600075 1,0000000000749225 1,0000000001608376 ), 0
( 0,9999999987703768 0,9999999994827806 0,9999999997499718 ), 0
( 1,000000000720483 1,0000000001673683 0,99999999968073 ), 0
( 0,9999999991373562 1,000000001260474 1,0000000004308371 ), 0
( 0,9999999999132229 1,000000001616903 1,0000000012384624 ), 0
( 0,9999999997763578 1,000000001727314 1,0000000013590113 ), 0
( 0,9999999989508677 1,0000000027240394 1,0000000023635771 ), 0
( 0,9999999990421975 1,0000000008475376 1,0000000003419613 ), 0
( 0,999999999131699 0,9999999992751571 0,9999999991210231 ), 0
( 0,9999999995909371 0,9999999968467916 0,999999996839842 ), 0
( 0,9999999989182421 1,000000000360037 1,0000000000215747 ), 0
( 0,9999999975576894 0,9999999975318762 1,00000000139941 ), 3,552713678800501E-15
( 0,9999999989362405 1,000000004333533 1,0000000039382069 ), 7,105427357601002E-15
( 0,9999999995980976 0,9999999904166739 0,9999999897726107 ), 3,907985046680551E-14
( 0,9999999960940857 0,9999999655649224 0,9999999668645992 ), 4,618527782440651E-13
( 0,9999999974083138 0,9999999990128613 1,0000000648542116 ), 8,348877145181177E-13
( 0,9999999998856316 1,0000000780944085 1,000000165861663 ), 6,66489086142974E-12
( 1,0000000045686765 1,000001469199487 1,0000014561189952 ), 8,488925118399493E-10
( 1,0000046275530405 1,0000040357266686 1,0000002781821529 ), 7,49500372876355E-09
( 0,9999998779818157 0,9999947820319744 0,9999948145044585 ), 1,0739249489688518E-08
( 1,0000000573587515 0,9999885590753244 0,9999886509031879 ), 5,1522434318940213E-08
( 1,00000008053952 1,0000166247038575 1,0000164597388133 ), 1,0858202870167588E-07
( 0,986779755787849 0,0011540326360201837 0,017187927710490304 ), 2,0567877120978437
Liczba wywoa funkcji celu: 83041
