Iteracja nr: 16
( 0,9999900605759091 0,9999974219141404 0,9999866484548134 ), 5,628432120374782E-08
( 1,0000029154337995 0,9999831236911012 0,9999836881667203 ), 1,1097764840428681E-07
( 1,0000025262163024 0,9999828673959389 0,9999830317481914 ), 1,1662071841556099E-07
( 1,0000026777183517 0,9999821412987375 0,9999823885304052 ), 1,2623038969650224E-07
( 1,000009157048199 1,0000225800880704 1,000024465024612 ), 2,3653283420799198E-07
( 0,9999617699309327 0,9999803577155778 1,0000033482843484 ), 3,687252885242742E-07
( 1,0000158803456902 0,999991727379915 0,9999553666392583 ), 4,588329893806531E-07
( 0,999995308645012 1,0000522344681815 1,0000012447939606 ), 5,459746219571571E-07
( 1,0000449941899145 0,9999748721623131 0,9999804419375278 ), 6,027951435783052E-07
( 1,0000236592192018 1,0000522893594057 1,0000292126927888 ), 8,227949095385156E-07
( 0,9999932476328806 0,9999145021995226 0,9999828423723043 ), 1,517670185080533E-06
( 0,9999697293541742 0,999924002315213 1,0000365952919779 ), 1,5933216488406288E-06
( 1,0000084052891682 1,0000891910223684 1,0000363872032476 ), 1,854909623233425E-06
( 0,9999720111576939 0,9999124694856102 0,9999612764861634 ), 1,9729054656636436E-06
( 1,0000797305792042 0,999939337720162 0,9999799763544597 ), 2,0707816332787843E-06
( 1,0000927051516275 0,9999583023347027 0,9999876654596912 ), 2,0801571238848737E-06
( 1,0000119086757924 0,9998968756523449 0,9999900430791682 ), 2,1576305186954414E-06
( 1,0000932727257192 0,9999499368432585 0,9999800493747616 ), 2,3021711967885494E-06
( 0,9999178620851572 0,9999301711748811 1,000027098833866 ), 2,451540645154182E-06
( 1,0000261033197042 0,9998904565778779 1,0000040836988138 ), 2,519147169977032E-06
( 1,000090576353553 0,9999371978410807 0,9999669221232041 ), 2,6271740196648352E-06
( 1,0000479087686134 0,9999124948137521 0,9999387861485848 ), 2,717880960290131E-06
( 0,9998948657166151 0,9999438866360111 0,9999861134794135 ), 2,8558069260498087E-06
( 1,000082243760308 0,999919619353259 0,9999631177479014 ), 2,893624923672178E-06
( 1,0001107003645984 1,0000293922122367 1,0000383210587562 ), 2,893940607151535E-06
( 1,0000090696810136 0,9998874224867136 0,9999526121166529 ), 2,9761921140902814E-06
( 1,0000785729452777 1,000069996946906 0,9999297796846329 ), 3,1751012414815705E-06
( 0,9999089067052801 0,999961655404456 1,000082846427396 ), 3,2996227865567107E-06
( 1,0001154694205157 0,9999490797360164 0,9999705450163932 ), 3,3317284398037827E-06
( 1,0000605221812022 0,9999619619469384 0,9998894247942831 ), 3,4394648054103527E-06
( 0,9999152342803939 1,0000321779216583 0,9998989577795868 ), 3,6564010343909104E-06
( 1,0000560886888163 0,9998752620118088 0,9999691695312827 ), 3,899599580137192E-06
( 1,000099861811201 1,0000717512789596 1,0000836609072374 ), 4,3883881915007805E-06
( 1,0001369878938515 1,0000610348134982 0,9999933951492037 ), 4,470677293255676E-06
( 1,0000807429752807 1,0000638274972524 1,0001101414648388 ), 4,508364789046482E-06
( 0,9999536368855166 0,999886744458435 1,0000898287742306 ), 4,57205756276835E-06
( 1,000040664521114 1,0001094805742945 1,0000980431730262 ), 4,6130252115972326E-06
( 1,000042926686227 0,9999045340985632 0,999885629252678 ), 4,768771596275201E-06
( 1,0000315336037664 1,0000447878969763 1,000147936717228 ), 4,937105074986903E-06
( 1,0000894124236983 0,9998713939334499 0,9999601012497865 ), 5,183193877655867E-06
( 1,0000567417601518 0,9998895334566108 0,9998964427810101 ), 5,187274851436996E-06
( 1,0001179237914954 0,9999544538093871 0,9998962890315617 ), 5,304298166919352E-06
( 1,00009308036008 0,9998630757610778 0,9999760402543216 ), 5,552254272345181E-06
( 1,0000904073026313 0,9998598398204176 0,9999807011097426 ), 5,5928320676912335E-06
( 1,0001071448409897 0,9998714918112497 1,0000259225840264 ), 5,687177143443023E-06
( 1,0001154972728474 0,9999275143789157 1,000102436977286 ), 5,770654190939695E-06
( 0,9999555080753058 0,9999594432550847 1,0001595926568607 ), 5,772058074171582E-06
( 1,0001158583889058 0,9999167320002541 1,000097513827594 ), 5,925112947835487E-06
( 1,0000556028592746 0,9998554397983318 0,9999230637452913 ), 5,933612850839154E-06
( 1,0001129358566807 0,9999176826067484 1,0001065705682353 ), 6,127924073950908E-06
( 1,000025624991922 0,9998292179882442 0,999961445696025 ), 6,211570436676084E-06
( 1,000105651396009 0,9999012427975108 1,0001023697329696 ), 6,228472720692935E-06
( 0,9999158296130282 1,0001504777991965 1,0000523151281333 ), 6,44081755751813E-06
( 0,9998166465813573 1,0000060407395748 0,9999987302956157 ), 6,677198214788405E-06
( 1,0000176196500616 0,9998110494362494 1,0000114852739008 ), 7,1708175362061866E-06
( 1,0000384498701291 0,9998156738120237 1,0000394091536247 ), 7,34201774577059E-06
( 0,9998649183787991 0,99987745852547 1,0000671922408608 ), 7,494906437699456E-06
( 1,000163451746491 1,0000516034374092 1,0001006893175377 ), 7,840003807046969E-06
( 1,0001737569331925 0,999901018958548 1,0000023466354724 ), 7,934537169518308E-06
( 0,9999430593285668 0,9999471753514556 0,9998156772079916 ), 7,937185621642584E-06
( 1,000033949761305 1,0001610542046675 0,9998821181383796 ), 8,131530950805654E-06
( 1,0000843851580712 0,9998791371285701 1,0001402322223256 ), 8,212195002244016E-06
( 1,0000564230142357 0,999828322507081 0,9999032342390435 ), 8,336500499694921E-06
( 1,0000645271865063 0,9998563485887332 1,0001396822805588 ), 8,790876933062464E-06
( 0,9998588920957887 1,0001599632587699 1,000027412949103 ), 9,175862444976701E-06
( 1,0001505446379397 1,0000074775475056 0,9998426932942512 ), 9,416680008200728E-06
( 1,0001518314431894 0,9999928895849268 0,9998314014772743 ), 1,0222906745127602E-05
( 1,0000454303241086 0,9999133337970415 1,0002080345603959 ), 1,0485679929672642E-05
( 0,9999480602737988 1,0002163607274632 0,9999366882961915 ), 1,0617560491255063E-05
( 1,000148640964664 1,000126696137363 1,00012399642722 ), 1,0618174357546195E-05
( 1,0001588740352503 0,9999235181368236 1,0001506299951746 ), 1,066949198502698E-05
( 1,000142142988607 0,9998237593423133 0,9999492364759986 ), 1,0681892170794072E-05
( 0,9999102948437928 1,0000021554363743 0,9997851753067457 ), 1,0753109599193067E-05
( 1,0000687088156917 1,0001453879533864 0,9998294847922725 ), 1,0898468996600741E-05
( 0,9998060122722954 0,9999981856634441 0,9998618942543931 ), 1,1250363268544561E-05
( 1,0001823540887491 0,9998409726992604 0,9999839536243104 ), 1,1665489800805062E-05
( 0,9998426069902109 1,000077490385765 1,0001684078572504 ), 1,1732614670023622E-05
( 1,0001862598210398 0,9998688693888887 0,9999135131533577 ), 1,1778127131378824E-05
( 0,9999839816050786 0,9999124579668043 1,0002315664651016 ), 1,2209686872211023E-05
( 0,9999678489018671 0,9997994469960848 0,9998570826413582 ), 1,2236936122178577E-05
( 0,9997600534934464 0,9999560378620169 1,0000526322515715 ), 1,2355291559629222E-05
( 1,0001824066071114 0,9998296059779593 0,9999749143564298 ), 1,2485920372284909E-05
( 1,0000223622668396 0,9997653846181622 1,000087340416733 ), 1,2532981049417913E-05
( 1,0001115054154026 0,9998763080933099 1,00019043029599 ), 1,269646622148457E-05
( 1,0000713289881926 0,999865844450985 1,0002086882942487 ), 1,3220121179102762E-05
( 1,0000925688871212 0,9998821008941494 0,9997887793570654 ), 1,3308806003919926E-05
( 1,0002148775740798 1,000100366902581 0,9998946727745783 ), 1,335966441828873E-05
( 0,9999968474484882 0,999852362356898 1,0002172341688405 ), 1,3688555618784903E-05
( 1,0002345025471968 0,9999192095870844 1,0000907786041684 ), 1,3839689252392873E-05
( 1,0000949212230943 0,9997797805441716 0,9998885493115898 ), 1,3873141057274552E-05
( 0,999878852164956 1,0000731032108807 1,0002249697327859 ), 1,4012879333336059E-05
( 1,0000450745164953 0,9998097440135356 0,999819225559862 ), 1,4067674030115995E-05
( 1,0001235920166431 1,000164381507805 1,0001705932297869 ), 1,4164859962306764E-05
( 1,0001050610456468 0,9998310805624541 1,0001816304581086 ), 1,4395571227510118E-05
( 1,000208104384461 0,9998828670592966 1,0001292426585566 ), 1,4627690241297842E-05
( 0,9999998542375139 1,0001667494026 0,9997813273079061 ), 1,5003028831728216E-05
( 0,9999552695880484 1,0001924162426445 0,9998086393637885 ), 1,5007112459386462E-05
( 0,9998907081536279 1,0000871331596832 1,0002372532673856 ), 1,5043277883819428E-05
( 1,0001387898767975 1,0001254668896393 0,9997962162133479 ), 1,5183421513853546E-05
( 0,9997262358681921 0,9999858233833244 0,9999551178458608 ), 1,5308363167321204E-05
( 0,9998131598580374 1,0002043956440652 1,0000234426684362 ), 1,532308411356098E-05
( 0,9998586397625071 1,0000654467910237 1,0002316875344945 ), 1,5463691546813152E-05
( 1,0000838643383994 1,0002599328030084 1,0000676149420002 ), 1,5706712428453784E-05
( 0,9999624743718138 0,9997760267042682 0,9998321026406842 ), 1,58240946461774E-05
( 0,9998192269350432 0,9998527247981333 1,0001607879273424 ), 1,5915337961303067E-05
( 0,9998800359028384 0,999739663417279 0,9999655221259318 ), 1,6537017927475972E-05
( 1,0001362216000522 0,999758137181707 0,9999139499696175 ), 1,6755906578680424E-05
( 1,0001084641506066 0,9997315460764772 0,9999460361774526 ), 1,720933472881825E-05
( 0,9997104798255911 0,9999296356469248 0,9999788794380128 ), 1,7700369220108314E-05
( 1,0002861631350854 0,9999047552062219 1,0000209763605985 ), 1,8133214624072025E-05
( 0,9997498071469687 0,9999470410409086 0,9998362174599706 ), 1,8296873051326656E-05
( 1,0000467096825265 0,9998086994895565 0,9997685376259258 ), 1,8322004621040833E-05
( 1,000059296062092 1,0001057116123993 0,9997198687931421 ), 1,8483087863785386E-05
( 1,0000180718740634 1,0002483263073878 1,0001805752500788 ), 1,876788211774283E-05
( 1,000248211652096 0,9999175018477238 0,9998331362389286 ), 1,9096918656202888E-05
( 1,0000755119133748 0,9997056832887892 0,9999242459837613 ), 1,945492764576784E-05
( 0,9997636397852 1,0001673611765143 0,9998686957278817 ), 2,0060755758777304E-05
( 1,0001933292202285 0,9998050618043217 0,9998326871781722 ), 2,0507920289958292E-05
( 0,9999830354569671 0,9997297978122078 0,9998207909418322 ), 2,0913082103390934E-05
( 0,9998724920950371 1,000129262581178 1,0002691825640528 ), 2,091574667417717E-05
( 1,0001492874914695 0,9997140555553857 1,000055514726532 ), 2,125430818722407E-05
( 0,9998988117317588 1,0003185565198993 0,999989824048854 ), 2,2184369520061864E-05
( 1,0003005105138718 1,0001438865158887 0,9999651332710041 ), 2,2264663002147245E-05
( 0,9998907532725141 1,0001825228983228 1,0002625389706437 ), 2,265164427228683E-05
( 0,9997350164511909 1,0001802599014915 1,0001072960858828 ), 2,2660809172236895E-05
( 1,0001229047407743 0,9999306414072506 1,000307616063667 ), 2,2724584084699018E-05
( 1,0000643308123511 1,0001922456058963 1,0002721495061513 ), 2,2847260908065437E-05
( 0,9999851896083634 0,9996853536182396 0,9998643324693989 ), 2,3336333377699248E-05
( 0,9996629287413686 1,000058945157725 1,0000726083131304 ), 2,4275948234731004E-05
( 1,000053208091508 1,000317524170118 1,0001426566207987 ), 2,4601328448170534E-05
( 1,0003113538272506 1,0000589529776285 1,0001640602615993 ), 2,5261739828863483E-05
( 1,0002208447873564 0,9998865544341771 0,9997428448466795 ), 2,5348768723176818E-05
( 1,0003326237065047 1,0000382538447636 1,000129851220663 ), 2,5585275601258672E-05
( 1,0002029447406444 0,9997043048560112 0,9999511914168998 ), 2,5990243024409665E-05
( 0,999975998732161 1,0002977723045448 1,0002061632787762 ), 2,6137695755323875E-05
( 1,0001526675084333 1,000279473807769 1,0001832609587007 ), 2,6782442034800624E-05
( 1,0000125381506693 1,0002950103560495 1,000220475638734 ), 2,6941207138975187E-05
( 1,000342920801363 1,0000215353404813 0,9998655238776026 ), 2,7009540893629946E-05
( 0,9999908215738035 1,0001495674489742 1,0003375186443397 ), 2,705541477965312E-05
( 0,999842535743772 0,9997893317676256 1,0002597164845828 ), 2,7106058062997818E-05
( 0,9998818205569764 0,9997985115063024 1,000287371188177 ), 2,720871409422898E-05
( 1,0001401905673146 0,9999788216714347 1,0003427571419414 ), 2,7295642244240526E-05
( 1,0002525844956045 0,999819618992787 1,0002034641751703 ), 2,732531271476546E-05
( 0,9999948323185873 0,9996556962283242 0,9998602823669768 ), 2,739651136351995E-05
( 0,9997144814298939 0,9998578189498873 0,9998088171799138 ), 2,7435076059845187E-05
( 0,9998523988677576 0,9997780596804536 0,999740304032005 ), 2,74744416088879E-05
( 0,9998900052969852 0,9996490620648183 1,0000858926701999 ), 2,829741135812469E-05
( 1,0001320731056071 0,9998310026053179 0,9996869083978485 ), 2,857436102488009E-05
( 0,999988564039874 0,9998907118823948 0,9996347250453967 ), 2,8866129664351092E-05
( 0,9998685132894721 0,9998687970802107 0,9996658692043925 ), 2,8994271005444716E-05
( 1,0002644241944156 0,9998412867166452 1,0002261566979684 ), 2,90162090621493E-05
( 1,0000810563090325 1,000245803368127 1,0002828835813804 ), 2,9166118544310393E-05
( 1,0001857329277566 0,9996786773840336 0,9998843903605349 ), 2,9979126299650716E-05
( 1,000347111715324 0,9999319752574009 1,0001643994197418 ), 3,0183576171793902E-05
( 0,9998269914464216 0,99973948271963 1,0002349028106425 ), 3,0350123886080382E-05
( 1,0000743984830505 0,9996366010413591 1,000130466991173 ), 3,067449487303975E-05
( 0,999878818755715 0,9996243380053613 1,0000342919204261 ), 3,114412525562216E-05
( 0,9999010715093801 0,9996393713651892 0,9998657838460345 ), 3,131694057145751E-05
( 0,9996318208062541 0,9998449081275952 0,9999868581576348 ), 3,169949523851301E-05
( 1,0001269112045945 1,0003790690173304 0,9999772129927157 ), 3,180601183672138E-05
( 1,0000480923987698 1,0003967206839504 1,0000610510072585 ), 3,242268809700022E-05
( 0,9996497357244034 1,0001958444784438 1,0000560329620665 ), 3,2571965640215694E-05
( 1,000280478932061 0,9997837798574736 0,9998008755245482 ), 3,2748602905030566E-05
( 0,9996070101115078 1,0000045682738694 0,9998849261780326 ), 3,327111249262771E-05
( 1,0000900908815458 0,9997299907190235 0,9997035649677399 ), 3,350744444574616E-05
( 1,0002528175537915 0,9998550237964254 0,9997087351138217 ), 3,3681026899046174E-05
( 1,0000257587133803 1,0002557142558584 1,0003307694721415 ), 3,4810209555757865E-05
( 1,0000625264696088 1,0000620527296022 1,0004095688525974 ), 3,481913144298687E-05
( 1,000024647252507 1,0002974660562347 1,0002951481132163 ), 3,4957856406947485E-05
( 1,00021949965755 1,0001888120588365 1,0003048597592552 ), 3,506967536281991E-05
( 0,9999946962197229 1,0004225802061673 1,0000260181128338 ), 3,556753485867148E-05
( 0,9999736931859683 0,9996284739684081 1,0002033938553108 ), 3,5728953502456307E-05
( 0,9999667922834122 0,9997051107838935 0,9996941875387765 ), 3,602475158714924E-05
( 1,0002910134549878 1,0003120023706082 1,0000404941237222 ), 3,6439474285998585E-05
( 1,0001587897768633 1,0002738889358695 1,0002927024508057 ), 3,6881887215400866E-05
( 0,9999481380166073 0,999993550670174 1,0004300083384206 ), 3,722595776878279E-05
( 1,00036910040973 0,9998622252082533 0,9998186700016534 ), 3,7317057469010706E-05
( 1,0002092779383 0,9999515569927164 0,9996193958117926 ), 3,789357396044579E-05
( 1,0000519166935304 1,0003731926927124 1,000230816389365 ), 3,873491676387175E-05
( 1,000246796061427 0,9997108620263597 1,0002310043646185 ), 3,925624635314762E-05
( 0,9999387522657059 0,9997907967619906 1,000393143085479 ), 4,009081145284199E-05
( 1,0003734255180936 1,0000285264967301 1,0002506418417862 ), 4,0289789577485635E-05
( 1,0003218422524187 1,000027074080311 1,0003158336059867 ), 4,0485127499323426E-05
( 0,9998941830798826 1,0003760621518283 0,9997727798626613 ), 4,052136154797381E-05
( 1,0000356479087837 0,9995597208791953 0,9999002323877587 ), 4,068425175063339E-05
( 1,0000478507888264 0,9996741569299125 0,9996862611594355 ), 4,1046409567258024E-05
( 1,0002985954648447 0,9999211501553668 0,9996659458884272 ), 4,106093909328479E-05
( 0,999974503566596 0,9997162227880075 0,9996444800080893 ), 4,1181032393922123E-05
( 0,9996875287027124 0,9997329478424863 0,9998032460872939 ), 4,1199532567759434E-05
( 1,0000382159435905 0,9998304275134805 1,0004229786895729 ), 4,148897373568161E-05
( 0,9999876551995062 0,9997600161280986 1,0003936646128557 ), 4,2201248930950896E-05
( 0,9998587862223873 0,999950026735673 0,9995607282609192 ), 4,273329779636015E-05
( 1,000316630514922 1,0001365392113732 0,9996888211169962 ), 4,279913937921265E-05
( 0,9997387692443677 0,9996556321116422 1,0001751472303206 ), 4,315171513979976E-05
( 0,9999684507708053 1,0003355765251862 1,0003251201045107 ), 4,350936136177097E-05
( 1,0002540299263827 0,9996539486508519 1,0001882872913608 ), 4,3593641645855996E-05
( 1,000156374762251 0,9995560908844883 1,0000210546883976 ), 4,4033429450252015E-05
( 1,000343419333488 1,000031480662054 0,9996777774231232 ), 4,419286506873732E-05
( 1,0000452909007442 1,0001256593314056 1,0004530773785207 ), 4,4265342953764275E-05
( 1,0001429498435923 1,0002048955142626 1,0004041439599445 ), 4,478683045050502E-05
( 1,0001996026102034 0,9995831450607695 0,9998867518999445 ), 4,492276761780545E-05
( 1,0002872693926663 0,9999990550280023 1,0003794623156073 ), 4,4939013108091785E-05
( 1,000379298805264 0,9999312281101101 1,0002791564068583 ), 4,494084080874927E-05
( 0,9998049867774847 0,9998382032688484 1,0004046796224972 ), 4,522820638186431E-05
( 1,0000163938616415 0,9996624068163255 0,9996625895797672 ), 4,524998622912335E-05
( 0,999771904071028 0,9996418584997391 1,0002222157454592 ), 4,556527703769575E-05
( 1,00035654915057 1,000189199688325 0,9997356682447212 ), 4,6184690617678825E-05
( 0,9999621432235322 0,999703165764807 0,9996183364670044 ), 4,666393321883788E-05
( 0,9999402813916504 0,9996057857266744 0,9997233576972335 ), 4,672174757658354E-05
( 0,9997163493498902 0,9996053701400959 1,000014319810294 ), 4,689897185627956E-05
( 1,0001342355349785 0,9995380245577138 0,9999262394093643 ), 4,6995308778718936E-05
( 1,0004023890608718 1,0002455004391244 1,0001314793346185 ), 4,7509774397269666E-05
( 1,0004039170908459 0,9998875682810523 1,0002548789173462 ), 4,776350400703677E-05
( 0,9997542163307485 0,9997981491438221 1,0003800944372714 ), 4,873007165429044E-05
( 1,000147715323778 0,9998151822685203 0,9995629740379949 ), 4,899669111324556E-05
( 1,0004080262828745 1,0000651522460533 0,9997196214286717 ), 4,946753852408392E-05
( 1,0002338203697534 0,9995781156697336 0,9998706554278458 ), 4,9476657107305755E-05
( 0,9999289825646989 1,000467388444593 0,9998353149477801 ), 4,9720319218238274E-05
( 1,0002102660849148 0,9996412853429247 0,9997196549685402 ), 4,9891897727860623E-05
( 1,0000604166412712 1,0001754432085541 1,000466775843529 ), 5,0056311604151915E-05
( 1,0001937932530223 1,0002829961699276 1,0003729226183387 ), 5,092999622036132E-05
( 0,999995405340648 1,0003308944275666 1,000384041609958 ), 5,098678265369472E-05
( 1,0004147247529236 0,9997125211208796 0,9999497808317559 ), 5,1019019679188204E-05
( 1,0002893448272443 0,9995866145117791 0,99992150061226 ), 5,173470998087737E-05
( 1,000460422385319 0,9997797841390619 1,000042505418527 ), 5,2036331020133275E-05
( 0,9998416996044936 0,9998233738263366 1,0004549301271581 ), 5,222018919681659E-05
( 1,0001452233487556 0,9999908239940785 1,0004920921638678 ), 5,2242295801363525E-05
( 0,9999373799094009 0,9995185913962141 1,0001724856859513 ), 5,2658547836870184E-05
( 0,9999884458087934 1,0005140829479904 1,0000320402729745 ), 5,266141947757319E-05
( 0,9999864489110296 0,9996225834354205 0,9996487188489112 ), 5,277730006980619E-05
( 1,0003992455566464 1,0000695468935563 0,9996804654258374 ), 5,283895746188705E-05
( 1,000251156798418 1,00036046901446 0,99972774340087 ), 5,2998703893081256E-05
( 1,0000657237327457 0,9995169680377446 0,999825460735802 ), 5,318956537081476E-05
( 1,0002390809205342 1,000262510460036 1,0003791724323217 ), 5,3534729644866275E-05
( 0,9999615944714534 1,0001877151982792 1,0004856288431396 ), 5,407120163525292E-05
( 0,9997936809297998 0,9997593097385727 1,000417690458982 ), 5,4550793915808526E-05
( 0,9997012818782968 0,9997266791778741 1,000335372518753 ), 5,4837840480104205E-05
( 1,0004365376719313 1,0001899828933014 0,9997671612734378 ), 5,57228576596458E-05
( 1,000263526747535 1,0000597465339256 1,000462459090599 ), 5,691556337694692E-05
( 1,0001550550056626 1,000496185251061 1,0001302434558907 ), 5,697920256153566E-05
( 0,999861015335459 1,0004089013711046 1,0003212918107547 ), 5,7483188619755765E-05
( 0,9995780853632348 0,9999461997353387 1,0003303247003381 ), 5,753781108097655E-05
( 0,9997698237075265 0,9997459494052144 0,9995821680617851 ), 5,7951566148517486E-05
( 0,9996031084664314 0,999862894281248 1,0003440144769011 ), 5,845954181182833E-05
( 1,0001978946461696 1,000242987309387 1,0004466781506374 ), 5,906655164622521E-05
( 1,0000136413369713 0,9994551847970569 1,0000333690422258 ), 5,91452238296597E-05
( 1,0004586455217108 1,000028335543909 1,0003011050252035 ), 5,98792321149233E-05
( 1,0001114753459825 1,000201750319677 1,000501121428712 ), 6,036127253850054E-05
( 1,000108492917748 0,9994629834379214 0,999931833616574 ), 6,0470679024149376E-05
( 1,0000193174349132 1,0000560752352985 0,999448661841119 ), 6,100379309970094E-05
( 0,9995972191984063 0,9996656106649753 1,0001953359449944 ), 6,193892269479306E-05
( 0,999893952004005 0,9994513704097808 1,0000185931797878 ), 6,201459201804482E-05
( 1,000431722388873 0,9996948120910701 1,00019298081216 ), 6,284373484177763E-05
( 1,0003883115638361 1,0000279405321766 1,000407597114599 ), 6,302952089143332E-05
( 0,9996541573715279 0,9999703965947386 0,9995522613778305 ), 6,367457167044677E-05
( 1,0004031773410886 0,9996006704009374 0,9999866303219818 ), 6,392087444595518E-05
( 0,999810888794179 0,9994933342747631 0,9998274592382601 ), 6,393052053610404E-05
( 1,0001643888293181 1,000543318641548 0,9999940063170004 ), 6,39327371914078E-05
( 1,000263251873619 1,0002195523687356 1,000454482293469 ), 6,429069873092885E-05
( 1,000321926603026 1,0003243240630506 1,0003438833577427 ), 6,488978303309523E-05
( 0,9999101363117076 1,0004049589074735 0,9996040599929344 ), 6,523836537652983E-05
( 1,0003687877099043 1,0003981450266053 1,000186029982069 ), 6,529695551193981E-05
( 1,0000509182208455 1,0002313443878876 1,000523792733352 ), 6,556292352755122E-05
( 1,000284007129536 1,000410096801117 1,0002918537422592 ), 6,626650964136616E-05
( 1,0002197447164398 0,9994680581146297 1,000068059178547 ), 6,663627016578744E-05
( 1,0003283589435585 1,0001513726062319 1,000453516770867 ), 6,67411904444748E-05
( 1,000398389664961 0,9996397892269292 1,0002213396758552 ), 6,694884504554466E-05
( 1,000005208352065 1,0005512463320345 0,9998060054519017 ), 6,775748930110126E-05
( 0,9994289394969651 0,9999309811991526 0,9998912388379364 ), 6,798943176278271E-05
( 1,0001301932186604 1,0005451444479887 0,9998231591580476 ), 6,852564565207331E-05
( 0,9995407332560213 0,9997732707071305 0,9997117101466888 ), 6,853315349886202E-05
( 1,000132853460408 0,999460078142739 0,9997944725620956 ), 6,971634795860382E-05
( 1,0002325897562891 1,0001243454140394 0,9994679863672716 ), 6,995265534470718E-05
( 1,0002983873494946 0,9996379432073762 0,99963138603504 ), 7,06268381698294E-05
( 1,0005166502859046 0,9998772287164163 0,9997184048908644 ), 7,167823945053442E-05
( 0,9994408947404151 0,9999293669243653 1,000211453542332 ), 7,187745284653602E-05
( 0,999663130668061 0,9996037064967379 0,9996779041494789 ), 7,42532119062389E-05
( 1,0003978541069314 0,9995350778969601 0,9999940768193442 ), 7,429293696503692E-05
( 1,0002049650934737 1,0003012931567499 0,9995074602947233 ), 7,44730948980532E-05
( 0,9999862357884437 1,0005592715847127 0,9997409881623752 ), 7,54010866472754E-05
( 0,9996359896123405 0,9996630854435086 1,0003662595000875 ), 7,542090354206721E-05
( 0,9996531243789505 1,0001113430849 1,000502076603995 ), 7,63414023268183E-05
( 1,0005893280777869 0,999810065183687 0,9999300834250457 ), 7,702984402158108E-05
( 1,000367691392307 0,9999736537919885 1,0005025970328696 ), 7,707425317349248E-05
( 1,0002809351618072 1,0000682979851119 1,000552547589656 ), 7,715422537302175E-05
( 1,00031305425326 1,0004391158971617 1,0003139981681863 ), 7,725792652735208E-05
( 1,000241611750347 0,9994337404276111 1,0001055169223965 ), 7,740458048743903E-05
( 0,9998149990576548 1,000253579585428 1,000542029037467 ), 7,783380540615781E-05
( 1,0005915306247863 0,9998653194061391 1,0001597031839708 ), 7,807761203793007E-05
( 1,0000380891262262 1,0001680762863645 1,000604860596727 ), 7,847524431525699E-05
( 0,9998502199385509 1,0005863798935761 0,9998188862832211 ), 7,91737654672886E-05
( 0,999395385945339 1,000070651126684 0,9998124940722607 ), 8,048921125691777E-05
( 1,0000783240582602 1,0006351963910196 1,0000077413037516 ), 8,12749907126431E-05
( 1,0006061177676164 0,9998096366803332 0,9999108623062699 ), 8,16506492640201E-05
( 1,000501881355925 0,9996071468953932 0,9999035490534103 ), 8,243607015145926E-05
( 1,0002780748379123 0,999923593273672 1,00057688104393 ), 8,25221730273995E-05
( 0,99957196386511 1,0003815243992256 1,0002992016424654 ), 8,298685836649611E-05
( 1,0005737229589875 1,0001628375586953 1,000250743551321 ), 8,30362273376295E-05
( 0,9997618371888083 0,999415844064673 1,0001489313496525 ), 8,335241913215441E-05
( 0,9997838142954009 1,0003251949420606 1,000520285160776 ), 8,395643160241661E-05
( 0,9997015752858016 0,9995814970699307 1,0004041068863183 ), 8,481344580246741E-05
( 1,0006409209544596 0,9999192934737742 1,0001132856120223 ), 8,533365280882776E-05
( 1,0002055971558623 1,0003986986647253 1,0004811362919477 ), 8,584875665818004E-05
( 1,0005516587354037 1,0001835770571854 1,0003080059137275 ), 8,588298318201737E-05
( 0,9999189879538266 0,999347985063274 0,9999635556707746 ), 8,590655691165239E-05
( 1,0003161680445838 1,000240179959087 1,0005273730947444 ), 8,645346490254724E-05
( 1,000035984415046 1,0000262878657709 0,9993402833180516 ), 8,673928461888636E-05
( 0,9999743795076649 0,9994794450825972 0,9995908823105716 ), 8,709626598601972E-05
( 1,0002718060127427 1,0001313442168698 1,0005903478564504 ), 8,722109501491104E-05
( 1,000218614990822 1,0003559600574163 1,0005163237052452 ), 8,750875670671121E-05
( 0,999460816027947 0,9999200205042285 1,0003817945917997 ), 8,786445126673925E-05
( 0,9993654713913658 1,000100714955501 0,9998199176308138 ), 8,832399544544955E-05
( 1,0001004902883521 0,9995400485380257 0,9995254756401427 ), 8,864688214060834E-05
( 1,0000208940220123 0,9994152099363388 0,9996752922219477 ), 8,885003562397742E-05
( 1,0004983852671634 1,0002054083309913 0,9995991169896282 ), 8,953184018878346E-05
( 1,000267545055377 1,0001731458593037 1,0005920233921808 ), 8,968336565118307E-05
( 1,0004623955046221 1,0000020139319903 1,0004917136963951 ), 9,038657762516777E-05
( 0,999583662593965 0,9996816504370485 1,0004254376418034 ), 9,04033518587255E-05
( 1,0001247585413733 1,00045700484226 1,0004835152318243 ), 9,090420233803798E-05
( 1,000136076881661 0,9994878023692897 0,9995770135417135 ), 9,121682202462011E-05
( 1,0002382495104492 0,9998709810471834 1,0006244776589255 ), 9,193103618798659E-05
( 1,0003284923266682 1,0005975343400015 0,9999716247153767 ), 9,240293971402025E-05
( 1,000307378627252 1,0003836009954838 0,9995244761405275 ), 9,279869625089532E-05
( 0,999994990886904 0,9993138548258068 0,9999806347976641 ), 9,348127596098266E-05
( 1,0002699067487748 0,9997171239696399 0,9994318528211774 ), 9,436704944931762E-05
( 1,0000491596775822 0,9995279105049902 0,999499468873245 ), 9,43981706207353E-05
( 1,0000685363885986 0,9994261455070372 0,9996213426364854 ), 9,470984186776832E-05
( 0,9997642940462983 1,000629485775374 1,000161900348504 ), 9,483555148293021E-05
( 1,0001746646104015 1,0003684705178153 0,9994392955969101 ), 9,536058718140339E-05
( 0,9998025512101876 0,9993618872305796 1,000191951066542 ), 9,582706680433262E-05
( 0,9995570401243586 1,0003952349199872 0,9996355831147855 ), 9,626450253108487E-05
( 1,0005797327271833 0,9996286788558777 0,9998854043401206 ), 9,663701616346998E-05
( 0,9996645174525236 1,0005856715962544 1,0001777047456861 ), 9,664438550771592E-05
( 1,000600717908517 1,0002472062287249 1,0002589764550796 ), 9,702191991323161E-05
( 1,0001452788969574 0,9994484623194428 0,9995930086124644 ), 9,739888276527608E-05
( 0,9996749973123463 0,9994411019056323 0,9997285723475803 ), 9,754272840822864E-05
( 0,9994671050917465 0,9995568157322168 0,9998929483593365 ), 9,757893850093069E-05
( 1,0005222057360383 0,9995774679165906 1,0002129836279565 ), 9,852029348778046E-05
( 0,9997946820187521 0,9996577593313052 1,00058259186801 ), 9,893754022982648E-05
( 0,9992938810926753 1,000016363142501 0,9999812420976097 ), 9,904183559683588E-05
( 1,0005935385802978 0,9996456343387539 1,0001587058484076 ), 9,980117054553261E-05
( 0,9998321175195465 0,9995320744861266 0,9994923489228452 ), 0,00010015785936445809
( 1,0001558172677214 0,9993880409477842 0,9996713803992953 ), 0,00010053781836916187
( 1,0005023954817585 0,9994954799940243 1,0000096300408094 ), 0,00010059152872088362
( 1,0006896958117686 0,9998842302080204 0,9998567454366172 ), 0,00010110141845132148
( 1,0004517586093273 0,999446532082329 1,0000493047546783 ), 0,00010174401191420657
( 1,0003017436346178 1,0001018611042167 1,0006428283601791 ), 0,0001021030078511842
( 0,9997513491057025 0,9995919981326624 1,0005391922312492 ), 0,00010296959510469605
( 1,0001936554597892 0,9994360498485908 0,9995930509788246 ), 0,00010339189596209053
( 0,9997663818602042 1,0006877463236405 0,999973932701712 ), 0,0001048008591411076
( 0,9994938290151926 0,9996471099671197 0,9996107352238552 ), 0,00010559759451567174
( 1,000132255491288 0,9994669082438373 0,9995179040535993 ), 0,00010596010218932861
( 1,000123172383166 1,0000169668047214 1,000720824441099 ), 0,00010614895241900513
( 0,999956566570686 1,0001751633407283 1,000709678438078 ), 0,00010638008156860224
( 0,999365272767333 1,0003538638976606 1,0000922188608719 ), 0,0001064576018166008
( 0,9995131973577267 0,9999563413842877 1,0005515353267238 ), 0,00010774150885950462
( 0,9998434428700181 0,9993678481515559 0,9996546979248493 ), 0,00010779813574401942
( 0,9998526928714626 0,9996585938821997 1,000637308752372 ), 0,00010800849899084142
( 0,9998469710735128 0,9992758643926654 1,000043566484738 ), 0,00010905362448454525
( 0,9998859786960732 1,0005843205223497 1,0004486769751766 ), 0,00011025478480775064
( 1,0000256756522603 0,9996432221797891 1,0006575006704646 ), 0,00011115038127229582
( 0,9996739632770388 0,9993353413178679 0,9998842731486597 ), 0,00011138984393710416
( 1,0006568069517219 0,9996255390141539 0,9999481527664739 ), 0,00011393734270370715
( 1,0003518381861034 0,9998220512744113 0,9993441339189272 ), 0,00011618148486292057
( 0,9998670627761193 0,9994114057311657 1,0004711928356163 ), 0,00011628507262884114
( 0,9997607101282268 0,9994211443102565 0,9995553828841517 ), 0,00011705478907941824
( 1,0006676688771472 0,999637988991645 1,0001252640962368 ), 0,00011755209062513927
( 1,00042433160071 1,0004797727010921 0,9995668373281347 ), 0,00011861241134170086
( 1,0005156360221954 0,9994664154419513 0,9997611429160643 ), 0,0001205519974547542
( 1,0003412993288854 0,9993080921208332 0,9998760764715579 ), 0,00012113384246958958
( 0,9999859135134509 0,9994161729924209 0,9994779937164071 ), 0,00012172194605142295
( 0,9993456144370025 1,0000963154885523 0,9995661148843485 ), 0,0001241443878043924
( 1,0006115134526505 1,000124209969269 1,0004865214847491 ), 0,00012420918603339715
( 1,000453669855115 1,0004091616492632 1,0005061937703743 ), 0,0001248801377720099
( 1,0007452794288492 0,9997443802163486 0,9998923614896805 ), 0,00012545679313546998
( 1,0001576153137506 1,0003858351955217 0,9993195586049034 ), 0,0001263184448205834
( 1,0005202909396338 1,000597614659143 1,0000993621519145 ), 0,00012651822983400507
( 1,0005960368678404 1,0005379982912013 0,9999950140304136 ), 0,0001279085932281987
( 1,0000257453671622 0,9994845053269769 1,000618340702569 ), 0,0001287052991401083
( 0,9996472144444326 1,0007198220323303 1,0000903476223517 ), 0,00012910626402629077
( 1,0005922550981445 1,0002949374427528 1,0004662153552193 ), 0,00012996871452486403
( 1,000426525081749 0,9997100661072847 0,9993746781670231 ), 0,00013034599649586198
( 0,9998122260962303 0,9998982877015694 1,0007851209099152 ), 0,00013133913840945866
( 0,9998281594172145 0,9995036946437913 1,0006241619904723 ), 0,0001320151909922629
( 1,0007463578217635 1,0002390501019247 1,0002296777009505 ), 0,00013231676194891406
( 0,9996616320888893 1,0006209864921118 1,0004088816345258 ), 0,00013238716662300476
( 0,9993228974423497 0,9998381999207732 1,0004280545859638 ), 0,00013250152598587306
( 1,0008133115279039 0,9999262537334267 1,000043405151274 ), 0,0001326839793449608
( 1,0004746920185015 0,9993554465248334 1,0001908132984882 ), 0,00013434927183197942
( 1,0001297954879378 0,9993349690198041 1,0004729238975436 ), 0,00013545602334374962
( 0,9997030589590054 1,000689246708394 0,9996533082075902 ), 0,00013558698455540252
( 1,0004088598564924 0,9993076569206804 0,9997938707013845 ), 0,00013669091068635453
( 1,0003172673868352 0,9995773594516605 1,0006411147531815 ), 0,00013695225336363137
( 1,0005402512002408 0,9996934354376694 1,0005526601669097 ), 0,0001371456406609184
( 1,0000088476852416 0,9994147637817326 0,9994081803669467 ), 0,0001374518723480378
( 0,9996416062728818 0,9996659283704338 1,000675849876456 ), 0,00013824401026596433
( 0,9992320444966909 0,9996740171818582 1,000098595998636 ), 0,0001400133210793797
( 0,9995940678250141 1,000653098025455 1,0003400685099115 ), 0,00014025602935774373
( 0,9997534849821375 1,0007607086096584 0,99972694352468 ), 0,00014165313230307675
( 1,0002731246658083 0,9999577938521585 1,0008017366682485 ), 0,000142675407332149
( 1,0005120031744053 1,0005052446354765 1,0004504718275111 ), 0,00014291048808345863
( 1,0003783506827075 1,0005794832356842 1,0004920529242411 ), 0,0001430536924722503
( 1,0001774674325021 1,000517990102569 0,9993493188387801 ), 0,00014347588514951326
( 0,9993884207754078 0,9998332270485334 0,9994298714519709 ), 0,00014420885194255106
( 0,999234178484324 1,000289934773943 1,000237627629948 ), 0,0001442331307259792
( 1,0000673371909525 1,0005675408592203 1,000633604806203 ), 0,00014444751506559328
( 0,9999490266601837 0,9991512612606409 0,9999152557253599 ), 0,0001448531306635914
( 0,9995732696865317 1,00040106565392 1,0006267162155533 ), 0,00014596200622918332
( 0,9992216771510689 0,9998136664267291 1,0003222768997473 ), 0,00014767668553616886
( 0,9995655995914157 1,0004621502374202 1,000585180994348 ), 0,0001477470921145141
( 1,0003208316362555 1,0001858403995774 0,9992205711366662 ), 0,00014779768129002946
( 1,0008672696367602 1,0000019881080633 0,9999954578315228 ), 0,0001492264327858095
( 0,9995538470106063 0,9993662749040942 1,0003901788702145 ), 0,00014936916587160454
( 1,0001480682710517 0,9994279586165841 1,0006378843718815 ), 0,00014999456334408023
( 1,0002946935485915 1,0006922708166217 1,0004370477815416 ), 0,00015020126875242568
( 1,0000162417572651 0,999223669074672 1,0003932628076981 ), 0,00015030340702537615
( 1,0000421900988836 1,0004144151118517 1,0007661139048765 ), 0,00015086710074285747
( 0,9994046021381175 0,9997021593050909 1,0005685202178856 ), 0,0001520520911526546
( 1,0003333330809931 0,9994251744185693 1,0005708873080157 ), 0,0001522554058226433
( 1,0008380940268111 1,0000566178965498 0,999750087373165 ), 0,00015237739957285612
( 1,0002822904818534 0,9994258354975011 0,9993993467115047 ), 0,00015278896101733608
( 0,9994957265197911 0,9995372121101308 0,9994486444094869 ), 0,00015324929697513312
( 0,9998161252131924 1,0008592060386474 1,000043390644718 ), 0,0001535407781432241
( 0,999188002710122 0,9997847366764887 1,0002860060376526 ), 0,00015622898784428685
( 0,9995939505674655 1,0007032025866602 0,9996420120046712 ), 0,00015623862619662532
( 1,0005658355882296 0,9994500816835992 0,9995899021600654 ), 0,00015688044389605693
( 0,9995675863303919 0,9993446962513741 0,9995817691128206 ), 0,00015699179402872687
( 1,0005864773159727 1,0006491795538965 0,9998212944024762 ), 0,00015818286325952613
( 1,0004943753273126 0,999775577926206 0,9992899902819323 ), 0,00015849246235077885
( 1,0005845300044653 1,0001113719839017 0,9993309704981961 ), 0,00015904666772570408
( 0,9995809994966423 1,0003493049798313 0,9992878893580133 ), 0,0001596413450428713
( 0,999254539849745 0,9995391864588548 1,0001916781272355 ), 0,00015966581295145943
( 1,0007031556861368 1,000259382101619 1,000495669843982 ), 0,00016018069563727977
( 1,0007778614457725 0,999556300674302 0,9998950953845629 ), 0,00016128109677993052
( 1,000342872072841 0,9995939046519425 1,000738971983277 ), 0,00016437839378014019
( 1,000540225888039 1,0001414170811425 0,9992791092078526 ), 0,00016496801492138502
( 0,9999157051429604 0,9993140249423329 0,9993996871439544 ), 0,00016626085813342684
( 0,9997188645427588 1,0008014049376108 1,0003424732400095 ), 0,0001663663523494563
( 0,9993212569732255 0,9995779712563037 0,9995377241502572 ), 0,0001691289316845257
( 1,000017114209306 0,9993821035065416 0,999313035795685 ), 0,00016942834790967254
( 0,9995160903727389 1,0007868055365963 1,0000636389986384 ), 0,00017007756285281062
( 1,000788131721639 1,0004859410516131 0,9999958529416622 ), 0,00017008274108931687
( 0,999235624530256 1,0003695731800673 1,0003708960428703 ), 0,00017030310697663253
( 1,0001652733700626 1,0002276290523089 1,0008829933535561 ), 0,00017038022303239586
( 0,9996241119528924 0,9999538974589589 1,000846465696892 ), 0,00017060126451440283
( 0,999473177804345 0,9997123204190066 0,9992917712572302 ), 0,0001709917641576908
( 1,0002504880690115 0,9991069782222932 0,9999188309646131 ), 0,00017196992931189925
( 1,0003142652550172 1,00031892201709 0,9991836443885632 ), 0,00017198786049732462
( 0,9997178456308163 0,9992281984733431 0,9995582469530694 ), 0,0001726870465823538
( 0,9997440177328105 1,0006006525875892 1,0006664451142713 ), 0,0001726920707376678
( 1,0006610531180906 1,000638199023575 1,0002000923147403 ), 0,00017544307921468771
( 1,000339748610869 0,9991750013003293 1,0002987020625023 ), 0,00017563122028008138
( 0,9998090318860424 1,0004696572024765 1,00079266966136 ), 0,00017565049116896603
( 1,000644245544723 0,9993224381825874 1,0001124924594997 ), 0,00017593323816100792
( 0,9993458266087617 0,9994493500149474 1,0004058305549 ), 0,00017773067930804132
( 1,0001339944529695 0,9999027887780026 1,0009327027870967 ), 0,00017802447094794616
( 1,0005609143696985 0,9992359214110952 1,0000477614555994 ), 0,00017869586775987045
( 1,0005759465531028 1,0007201947408857 1,0002312529509714 ), 0,0001793209688756292
( 1,0000294480104082 0,9991770893012699 1,0004799085908547 ), 0,0001802113942872552
( 1,0005138565884901 0,9993120717984709 0,9995863831067014 ), 0,00018021375455390398
( 0,9993694414114561 1,0004701679746026 1,0005389613470412 ), 0,00018036626978101822
( 1,000251410293763 0,9991497032731169 0,9996493524223462 ), 0,00018037086687172632
( 0,9991814431852916 1,0002247388708336 1,0004385422472473 ), 0,00018110430515605458
( 0,9993191531442304 0,9994915675362019 1,0004387922299964 ), 0,0001814481317978789
( 1,0009379086865124 1,0000348116296325 0,9998160119199341 ), 0,0001814759149780798
( 0,9998908526258974 0,9995008022773598 0,999190373037908 ), 0,00018184732330439601
( 1,000051883694193 0,9990724543680987 0,9997621250400089 ), 0,00018244431626612823
( 1,000355559204394 1,0004150820486861 1,0007898751288282 ), 0,00018303986357892654
( 0,9994269088785821 1,000635706693392 1,0004391352611806 ), 0,0001835910863121626
( 0,9991131040503735 1,0002350270457274 1,0003016705860182 ), 0,00018506514272331742
( 0,9999151835732704 0,9999700779963163 1,0009620137860256 ), 0,00018521029738849393
( 1,0006612371335775 0,9994745253085809 1,0004698864689094 ), 0,0001853280596719742
( 0,9991008342726143 0,9998456643128167 1,0003339240061027 ), 0,00018724673184777885
( 0,9992640888062565 0,9993693151880617 1,0001053688123305 ), 0,00018855773773651663
( 0,9997245039027786 0,9998417516682507 1,0009219724810547 ), 0,0001886652223035412
( 0,9990946269686803 0,9998451241023546 1,0003359679889527 ), 0,0001897737603755445
( 0,9998755983275444 0,9991926051191817 0,9994565003803055 ), 0,00019100246461789538
( 1,0006025306649518 1,0002457573822578 0,9992631565355871 ), 0,00019172150638979701
( 1,0007615414835374 0,9997889302913259 1,0005953189077055 ), 0,00019420580395035358
( 1,0001927256913545 0,9992659382738945 0,9993604621691445 ), 0,00019541560050129192
( 1,0005603472072022 0,9993757519836288 1,0005308566194333 ), 0,00019551188113098306
( 1,000766448101708 0,9994517842211876 0,9996860968512168 ), 0,00019571716007149575
( 1,000014818977058 1,0007902437139136 1,0006019186103121 ), 0,0001958147836873536
( 1,000225327340351 0,9999988757983913 1,0009677898333476 ), 0,00019588995822772404
( 1,0002918549501452 1,000503700752715 1,0008060440068172 ), 0,00019613023668085816
( 1,0008190682185008 0,9994422117723382 1,00008535650489 ), 0,00019626619700119363
( 0,9999940387389896 1,000733091444059 1,0006725794142655 ), 0,00019637246752779447
( 1,0003749932892703 0,9994357265147068 1,000728861057217 ), 0,00019646007714158031
( 1,00048662905463 0,9991675784764413 0,9997394346370814 ), 0,00019792109880967246
( 1,0007282088016745 0,9993233580847974 0,9998670726894884 ), 0,00019954284198320238
( 0,9994220679391028 1,00026640311316 1,0007759748773615 ), 0,00019980295882504606
( 0,9997209278205603 1,0009054819544383 1,000333365066211 ), 0,00020015953492702465
( 1,0001893637529382 1,0007727770296682 1,000614645169561 ), 0,00020054067716301915
( 1,0006772343630435 1,0000181490895115 1,0007446730348482 ), 0,0002010727630370468
( 0,9995594061301026 0,999114845409742 1,0002039149522697 ), 0,00020220137010795725
( 1,0008724068013792 0,9994948662959747 0,9998833132078971 ), 0,00020431754063210406
( 1,0001307219505107 1,000494442288441 1,000877058631458 ), 0,00020450080151945826
( 1,000829520779269 1,0004731906212307 1,0003554283316005 ), 0,00020599876206262024
( 0,9992637678676574 0,9993409574666877 1,000262252101283 ), 0,0002073493684591199
( 0,9997042610483882 0,999209390047464 0,9994222276284925 ), 0,00020758654338237648
( 1,0005657321252683 1,0006139698562875 1,000592289593436 ), 0,00020787871780925116
( 0,9998553859343954 1,0002608695499695 1,0009799054213113 ), 0,00020814856456752295
( 1,0004044412680193 1,0002043679380335 0,9990811713075408 ), 0,00020822890997962418
( 0,9995902274802579 0,9991217966973384 1,0003332578616844 ), 0,00020835400577823293
( 1,0007197727115005 0,9996745054521704 1,0006535322081682 ), 0,00020853434619638733
( 0,9996090126027571 0,9992167666988916 0,9994657424892783 ), 0,00020865988274465508
( 0,999253465590376 0,9996709658865617 0,9993761293229234 ), 0,0002092620189699801
( 1,0005768973152207 0,9992603767752785 1,0004221020682171 ), 0,0002099031415419006
( 0,9999372619817662 0,9995321149661305 0,9990833233788765 ), 0,0002109197594535317
( 1,000711397829358 0,9993089930159729 1,0002881292718957 ), 0,00021160388883600945
( 1,0009997086562437 0,9997657699071509 0,9998858224094976 ), 0,00021174672764345814
( 1,0000759510242174 1,0006870688506317 1,0007697157202704 ), 0,00021233757877681114
( 1,0008331513709166 1,0005953318210081 1,0001740196717113 ), 0,0002140337247205082
( 0,9989830873508448 0,9997939087598972 1,0000796957700426 ), 0,0002148453082249091
( 0,9994639474174489 0,9991702696932203 1,000349243748031 ), 0,00021778969158958716
( 1,0004143739365672 1,0002520506671337 0,999071187796484 ), 0,00021781960580113946
( 1,000602275847694 1,0000346530156123 1,0008604175858464 ), 0,00021907510312502154
( 1,0003554616993477 0,9999851762396372 1,0009905184407137 ), 0,00021975819014841136
( 0,9989960573361346 0,9999471197965056 0,9996774578706004 ), 0,00022115306725822848
( 1,0009713690450917 0,9997061208179467 0,9996903881599941 ), 0,00022334570958548738
( 1,0002221358664833 1,0009226576057537 1,0004785192845724 ), 0,00022410758210611448
( 1,0008870379550892 1,0005838191803704 1,0000537027088672 ), 0,0002242947032726761
( 1,0005020273561067 1,0001966097379744 1,0009168875996408 ), 0,00022445430103346098
( 1,0004370191414096 0,9996234349325113 1,0008938472447122 ), 0,0002245297699161597
( 1,000040558896075 0,9992335194944985 0,9992618191334038 ), 0,00022498580929664058
( 0,9990261496265658 0,9995761777504439 1,000112601624848 ), 0,00022630306238369258
( 0,9992409796858643 0,9998018733697897 0,9992731392769395 ), 0,00022689914722917592
( 1,0001612873121821 0,9999453913048205 0,9989392687917585 ), 0,00022897269217736493
( 1,0001653771777854 0,9991272154212818 0,9993923940875149 ), 0,0002297946052074451
( 1,0005871296129836 0,9994904323174811 1,0007449220469982 ), 0,00022999349631902533
( 1,0001602620660792 1,0004725556858716 1,0009563521537006 ), 0,00023084890356273036
( 1,0010673561987384 0,9998845537963277 1,000110909607504 ), 0,0002311017400167259
( 1,0003574538558004 0,9991486309065797 0,9994406826293177 ), 0,0002312133647990322
( 1,0001511391113729 0,9992960157438341 0,9991851182399998 ), 0,00023459207685050387
( 1,0007437766737843 1,0005458655509465 1,0005859775320582 ), 0,0002369874693215479
( 1,0010775673213523 0,999983623139281 0,9998172494919266 ), 0,00023704141906222276
( 0,9999010018097808 0,9999192459156243 1,001086941678923 ), 0,0002376260097136651
( 1,0001396781044767 1,0000022043015007 0,9989119138963162 ), 0,00023875329411282564
( 0,9997965431182327 1,000891577888194 1,000610013723598 ), 0,00023974097677381678
( 1,0007363656746273 0,9992124843431797 1,0002189927571015 ), 0,00024012801315720367
( 1,0004470384911393 1,0008734374613462 1,000499295125673 ), 0,00024045712171982814
( 1,0001178428987707 0,9992336085307907 0,9992181018925045 ), 0,00024057126369925186
( 1,0006242858737835 0,9993122956416014 0,9994069040837886 ), 0,0002409335550659364
( 0,9995370066538066 0,9990085539374246 1,0001467203383947 ), 0,00024181052912553014
( 1,0009495956486072 0,999476514175596 1,0002098455926889 ), 0,0002419989791029309
( 1,0000339579767443 0,9989091828354314 1,000218649964241 ), 0,00024577573604744885
( 0,9997392984193771 0,9993245498475551 1,0008461628832745 ), 0,0002460433823330277
( 1,0000952262409684 1,0005555001488844 1,0009623347994396 ), 0,0002467469057130245
( 0,9989227509742616 1,0002898376517038 0,9999903740712122 ), 0,00024691076881211416
( 0,9997957432143821 0,9990166964859242 1,0004873571651483 ), 0,0002472204263455069
( 1,000953566866675 0,9996439655290532 0,9995372594384772 ), 0,00024802507304855226
( 0,9990256923761839 0,9994500594585061 0,9999749971034806 ), 0,00024845272879403524
( 1,000995259157899 0,9995060211154593 0,999848414393824 ), 0,00024948414479553094
( 1,0007538716650688 0,9991944679155965 1,0002048990589192 ), 0,00024981246227895326
( 1,0000242204734888 0,9988797579368126 1,0000782746377215 ), 0,0002503015118158203
( 0,9998982148539909 1,000787219848469 1,0007963577379313 ), 0,00025081885953071037
( 0,9999996120791615 0,9995947737214883 1,0010561216714433 ), 0,00025386198247900893
( 1,0003744715847214 0,9996092369432967 1,0009983904673003 ), 0,00025586724139614603
( 0,9997125853226541 1,0010996045990113 1,0000615400912602 ), 0,00025702088728962735
( 0,9990283175822234 0,9996499997397632 1,0004811373501732 ), 0,00025754406004097063
( 0,9999816796875609 1,0008083665322294 1,0008048515204755 ), 0,0002582222381164456
( 1,000963832904686 1,0006160495666185 1,0000312345967892 ), 0,0002597871464615764
( 1,0004650987041035 0,9996850748044287 0,9990023458771009 ), 0,00026005334179046713
( 0,9999369851664234 0,9996401950889062 1,0010899726991038 ), 0,00026216844921478355
( 1,000214063023087 1,0004686097690751 0,998970535149962 ), 0,0002629116015100408
( 1,0011234413437726 1,0001442388416215 1,0002077411349435 ), 0,0002630830765433245
( 1,0008085234374653 0,9992040360881521 1,0002010699851678 ), 0,0002634042068763165
( 1,0010739479735844 0,9996340301117572 0,999754000826564 ), 0,0002673947166407231
( 0,9999038608011869 1,0010278857914459 1,000540038600287 ), 0,0002693033131109246
( 1,0009239011055318 1,0007043811068668 0,9998980597523546 ), 0,00026983994715124027
( 1,000892174776319 1,0007486435471866 1,000076395717552 ), 0,0002702648189263357
( 0,9993229922131798 1,000884591305551 1,0003577870169844 ), 0,0002715690345382882
( 0,9992765309675198 1,0006595783840444 1,0006412999073404 ), 0,0002717405368954928
( 1,000040863336885 0,9988299551362011 1,000008893922609 ), 0,0002719455108035618
( 0,999474678315175 0,999199277241071 1,0006821921307891 ), 0,0002742777776312266
( 1,0010875370415453 0,9996554947492557 0,9997095363133233 ), 0,0002749288172978481
( 0,9999196414851022 0,9988516191383208 0,9997527742876208 ), 0,00027504105812781177
( 0,9997143613369679 1,0002824059411675 1,001109316707031 ), 0,00027614613706106184
( 1,0011645640146862 0,9998294269943433 0,9999041962971835 ), 0,00027665316810043805
( 1,0005733852733427 1,000466547926508 0,9990787086583627 ), 0,0002767991228047606
( 0,999556536267523 0,9988985703786615 1,0000398302500144 ), 0,0002800083705700729
( 1,000283058156368 1,000021195121375 1,0011559468013647 ), 0,0002810776042672103
( 1,0001909905181656 0,9988376736560504 0,9997826696675159 ), 0,00028463439744541574
( 1,0004653216761643 0,9989284523607026 0,9997314798178192 ), 0,00028505713381932196
( 1,0001791361873078 0,9989064062760854 0,9995384506628772 ), 0,0002858948951285356
( 1,000339026547359 0,9992811557251152 0,9990973261681703 ), 0,00028697277600997495
( 0,9989947703891933 0,9993876036165632 0,9997371844199775 ), 0,0002885779791270693
( 1,0010828952785578 1,0005134144044 0,999858930775024 ), 0,0002888891014762862
( 0,9995144707972821 0,9991465861228852 1,0007018760151403 ), 0,00028899400112436524
( 1,0000967415566622 1,000995732953661 1,000675523940463 ), 0,00028909134375965095
( 0,9999767474760414 1,0005782381407522 0,9989389343606941 ), 0,0002898023938797678
( 0,999166016877648 0,9994008284785478 0,9993610261597006 ), 0,0002902117908156754
( 0,9997003632317306 1,0005623971796462 1,0010302259729933 ), 0,0002911273537833381
( 1,000475582939015 1,001019428957423 0,9995486521308721 ), 0,00029146289368497946
( 1,0001898836508467 1,0001181359470603 1,0011943488135284 ), 0,0002929208244069059
( 1,000221935645994 0,99934002304723 0,9990007181303341 ), 0,0002942919211648132
( 1,0009357161438117 0,999365619756675 1,0004586829490223 ), 0,00029528477177365176
( 1,000343019940169 0,9995071829423396 1,001064016251211 ), 0,0002961314342968535
( 0,9996728029430522 1,0004211421678078 0,9988991306077196 ), 0,00029685945979096573
( 0,9988841128245969 1,0001087801678072 1,000504946462468 ), 0,00029996942323862186
( 0,9999430367050682 0,9988899429664984 0,9994739180555428 ), 0,0003000141550089097
( 0,9992871701023942 0,9990518142942093 0,9996676212405784 ), 0,0003010906857063844
( 1,0001092030605905 1,0008581837987907 1,00088106229391 ), 0,0003024828136801716
( 1,0001391424547024 1,0008995991118816 1,0008345462244965 ), 0,00030256833942843286
( 0,9996820151894672 1,001193049734155 1,0000554744825416 ), 0,00030305438182409716
( 1,0007790975355808 1,000564767615423 1,0007770462421386 ), 0,0003034910028105742
( 1,0001098792168348 0,9990575113543785 0,9992007392505664 ), 0,00030535956990718205
( 1,0004007645955526 0,9996610475403426 0,998874289537959 ), 0,00030606338077632245
( 1,0001453852872844 1,000524568126864 0,9988829181467423 ), 0,0003063521267137048
( 0,999185520843783 0,9990745523771252 1,000157098913907 ), 0,0003064177353664377
( 1,0000865966866679 0,9990787530494798 0,9991689083882874 ), 0,00030689356958646385
( 0,9990813323500496 0,9995763051568448 1,0007322463263746 ), 0,0003094219970414258
( 1,0011126516321989 1,0005679100430045 0,9999966791201577 ), 0,0003095950478879672
( 0,9988831286258162 1,00055757412151 1,0000842202338083 ), 0,00031055865072460165
( 0,9998331512029537 1,0002063686292288 1,001223264897681 ), 0,0003108399704743192
( 0,998745266107967 1,0000220782738294 0,9999901369140363 ), 0,00031245439660665397
( 1,0003688124467838 1,0005061894682192 0,9989074142436173 ), 0,0003146476878832516
( 0,9993239283020279 0,9991356706052338 1,0006223847252604 ), 0,00031574060889028033
( 1,0008583221210496 0,9998682951758295 0,9990844829079283 ), 0,0003158859321032992
( 0,9998607531037826 1,00123804240427 0,9997852953462422 ), 0,00031707600492580923
( 0,99905261171131 1,0006453189763582 1,0005344501833575 ), 0,0003173508959335436
( 1,000593620360621 0,998901349615089 0,9997960266906176 ), 0,0003176292505528977
( 0,9993872087323001 0,9994200801877676 0,999056383465558 ), 0,00031786952971657456
( 0,9991285768088264 1,0008990553791293 0,9998069206872863 ), 0,0003184102829969504
( 0,9999883524204458 1,0007804392792785 1,0009981096537797 ), 0,00031850650506726197
( 1,0001318688564784 1,0011913914712642 1,0004160910835043 ), 0,00031939700307503927
( 1,0010777079051065 1,0001148547901384 1,0006628313954629 ), 0,0003202021244703701
( 1,0005973803968846 1,0006771956679827 1,0009094387125625 ), 0,0003258654997075894
( 1,0011176703709244 1,0006280496159485 0,9999718333350501 ), 0,0003262401399837245
( 1,0011774876445225 1,0004967048229259 1,0001808671375274 ), 0,00033050123273170584
( 0,9989906953417221 1,0001140730797373 1,0008001221313512 ), 0,0003316915825557487
( 1,0004038349881577 1,0006125672963186 0,9989339106695299 ), 0,0003322795825084768
( 0,99973189641023 0,9999010976495106 0,9987355520048494 ), 0,0003333942451106964
( 0,9993238634989509 1,0008409963818978 1,0007188082041372 ), 0,0003335204152747906
( 1,0012915605919261 0,9999336493170035 1,0001170465475682 ), 0,00033453309570319334
( 0,9991299829029725 1,0009598016624437 1,0000932040942048 ), 0,00033465398970022875
( 1,0011369277246733 1,0006338011414517 0,9999446457354085 ), 0,0003367441109176639
( 1,0011366079346888 1,0006404983258608 0,999984216303153 ), 0,00033773451964691503
( 1,000804901159481 1,0004182306164242 1,0009430030183364 ), 0,0003396538720963349
( 1,0010743791838823 0,9999778248169001 1,0007493718977047 ), 0,00034050732746493395
( 1,0007549651730991 1,0006334270936392 0,9991314382673094 ), 0,0003423450549462359
( 0,9994703721762757 1,001202873247652 1,0000446528032516 ), 0,0003430985715731083
( 0,9989328479812083 0,9994290477352088 0,9994794652230623 ), 0,00034435937243060266
( 0,9997301303321497 0,9987460405332623 0,9996882724173425 ), 0,0003456803434538358
( 1,0001632578438617 0,9994755757595669 1,001202519055434 ), 0,000346733600196103
( 1,0001312967066536 1,0013127205958916 1,0001075025179613 ), 0,00034758715560911924
( 1,0002313202719506 0,9989053560201915 0,9992900911267861 ), 0,00034832087316516436
( 0,9996970147153952 1,0012903808164777 0,9999867707515221 ), 0,0003485845493358397
( 0,999197158244608 0,9997298806732464 1,0010209339984837 ), 0,00034913448947548886
( 1,0001076177185486 0,9994666584973585 1,001211520102578 ), 0,00034992562609659217
( 1,0000049629106655 1,0001524249302958 0,9986805642861716 ), 0,0003499951222352138
( 0,998690406359508 1,0000250172987968 1,0002563197006877 ), 0,0003534060466527933
( 0,9989348428178287 0,9992333113542984 0,9997556567464622 ), 0,00035354850331259513
( 1,0004429297972222 0,9987465878706155 0,999839049713323 ), 0,00035574192371967683
( 1,0004707495455472 0,9994367624750419 1,0011227754845278 ), 0,0003569987736860014
( 1,0001537419012712 0,9987431301033648 0,9995484106320234 ), 0,00035855067976697796
( 1,000182249756342 1,0003580988666598 0,9987115032151503 ), 0,0003614038549457632
( 0,9991281460735456 0,999630473002399 1,000968943698465 ), 0,00036415393977407007
( 0,99964357964949 0,9992947895994734 1,0011017585479016 ), 0,0003646889761164118
( 1,0003917631515356 1,0010905908061043 0,9992841288797863 ), 0,00036808330188975447
( 1,0012010148342216 0,9996428517355104 1,0005389865904832 ), 0,00036910667828493615
( 0,9999714478703075 1,0012830408695255 0,9995269189805547 ), 0,0003711530517946926
( 1,0001740102673917 1,0004256997787808 0,9987053392478813 ), 0,00037449225204966297
( 1,0011887278929839 0,9998627313201056 1,000682552136165 ), 0,000376505898771029
( 1,000149291261533 1,001161322357773 1,0007282260569244 ), 0,0003771956978297908
( 0,9996400062137059 1,0009355751993745 1,0009556441445384 ), 0,00038054517219521244
( 0,9995769044705195 0,9987729481249651 0,9995147622868067 ), 0,00038093543810191477
( 1,0004946559666574 0,9987875828725987 1,0004540703727112 ), 0,00038107396519393433
( 1,0007547612540177 1,0011425270649468 1,0002542537985124 ), 0,0003848153768331031
( 0,999625311120839 0,9998369356300798 0,9986642797812685 ), 0,00038708672343901185
( 1,0010739329928529 0,9991999635086458 0,9995975726454279 ), 0,0003879224886205179
( 1,000191015876052 1,0003881209592533 1,0013306606429575 ), 0,00038840654428895505
( 0,9994338375197763 1,0012402472202016 1,0003160505743436 ), 0,0003885772851610625
( 0,9999275640803013 0,9986022771498829 0,9999953639993991 ), 0,00038862731065947287
( 0,999210157130137 1,0009441724589183 0,9993318456680185 ), 0,00038919351124633295
( 1,0003070486842558 0,9986332569465403 0,9999553455956814 ), 0,0003896912688006182
( 0,9992909717959386 0,9988321878140282 0,9996842419812816 ), 0,0003900790143802624
( 1,0004632725089828 0,998724287375189 0,999640315695762 ), 0,0003911157256979436
( 1,0012498912430399 1,0001138493336463 0,9993682390285679 ), 0,00039168613515272455
( 1,0001569584242176 1,0002234302940969 1,001379087382353 ), 0,0003921075192891976
( 0,9996935053943741 0,9989218289457642 0,9991495325371481 ), 0,0003927529492671056
( 0,9999608958308644 0,9987819168465889 0,9992911556534746 ), 0,0003943455365167381
( 0,9996009508674891 0,9998061822226703 1,001338989874657 ), 0,00039473851870752696
( 1,0005172750212068 0,9997832932797713 1,001294503767961 ), 0,0003948529921729005
( 0,9995944384557415 1,0006316456368554 1,00119569511986 ), 0,0003954223921596167
( 1,0004139933096363 0,9994025631382644 1,0012104959390322 ), 0,0003955172722136524
( 1,0011192441524608 0,9997447698641766 1,0008228191963453 ), 0,00039576735191104717
( 1,0006307619886348 1,001118786757844 0,9993823980565142 ), 0,00040292848490608435
( 1,000397027203622 1,0013464160650214 1,0002686239720253 ), 0,00040523861585484156
( 1,000351739628514 0,9986346451268792 0,9997567007094258 ), 0,0004061280076612661
( 0,9999998317744591 0,999058126427241 0,9989136450534568 ), 0,0004101331444559264
( 0,9990811878923166 1,0006936319929494 1,000869837511073 ), 0,000413043074676267
( 1,0014116493043834 1,0002475167570113 1,000235420063169 ), 0,00041849380342640075
( 0,9994061771945838 0,9992224001886865 1,00107550938046 ), 0,0004194011587301816
( 1,000578901967813 1,0008772363706788 0,9989941984863068 ), 0,00041985760586982224
( 0,9990461480894206 1,0003022346224457 1,0010628980811034 ), 0,0004227585908047615
( 1,0001153686895659 0,9985671482775736 0,999743194072127 ), 0,0004230333272019493
( 0,9998063630098531 1,0009057453382875 1,0011329679517222 ), 0,0004248524268923859
( 0,9991983019723327 1,0008002485720005 1,000928630519311 ), 0,0004256436813250275
( 1,0008542887461611 0,9999635479548905 0,9988081673909017 ), 0,00042685935192565694
( 0,9993749103937131 1,0009589581114782 1,0009188874317267 ), 0,00042747269150567035
( 1,000624999210254 0,9989055542898926 0,9992452408025053 ), 0,00042814810292668426
( 0,9997397377288746 1,001439901478521 0,9998607006478472 ), 0,0004286147859673406
( 0,9998567547680236 1,0012590858620969 1,0007514733080656 ), 0,00043061384923959167
( 1,0009496755399443 1,0011333789120964 1,0000536699817022 ), 0,0004343405507825082
( 1,0006002947989148 0,9990500987271304 0,9990350999239552 ), 0,0004352112361765137
( 1,00095115031255 0,9990201365488158 0,9994123080612648 ), 0,00043848520652289835
( 1,0006362404238822 1,0012949759264171 0,9996294416721672 ), 0,00044024557328015135
( 1,0002876501456306 1,0008818556682417 1,0011682825277604 ), 0,00044147953093442993
( 1,0009346525476785 0,9995747472197912 0,9989127571230475 ), 0,00044370493779410936
( 1,0010974690489598 0,999138232296734 1,0005475168927755 ), 0,00044575722087358827
( 1,0007929418313561 1,0003270854681956 0,9987706266623946 ), 0,0004458052036824256
( 0,9986316127131742 0,9999995920278114 0,9993737218767507 ), 0,0004492978158943117
( 0,9997803929616484 1,0002418148295056 1,0014697814748408 ), 0,0004497437441806085
( 0,9986587767205011 0,9997213543710569 0,9993726860285121 ), 0,0004503569779714667
( 1,0002607537966224 0,9987726517616822 0,9991598703884028 ), 0,00045237064960446105
( 1,0003810859716318 1,0012528064089863 1,0007521882410455 ), 0,00045243878826539685
( 1,000106573468562 0,9997340526263712 0,9985168757753127 ), 0,00045267668720327947
( 1,0003265987278367 1,0013570433031318 1,0005982613629285 ), 0,0004575196038167917
( 0,9999066838990975 0,9986324742547411 0,9993364834142896 ), 0,0004600864758543821
( 0,9986668496654638 0,999519385189792 0,9994313318094742 ), 0,0004625815200540728
( 1,000399590673147 0,9995920841072803 0,9985796701909231 ), 0,000464910303577426
( 0,9999735068950342 0,9987551344032405 0,9990967006238645 ), 0,00046946153877058805
( 1,0009929218674434 0,9988181964577507 0,9999996054834086 ), 0,00047267788617233464
( 1,0002172074394584 1,0005484628686137 1,0014327093457538 ), 0,0004762665070110472
( 1,0007406793951301 0,9997840858175071 1,0013505568199732 ), 0,00047995346084661605
( 0,9996347985325063 1,0001285817953027 1,0015112358910423 ), 0,0004828312241826893
( 1,0004468041315187 1,0014928262561786 1,000156285396263 ), 0,00048657105856619864
( 1,0004518083376603 0,9990879059398002 0,9988075539743152 ), 0,0004876407794398574
( 0,99901856507485 0,9994525879088694 1,00109783348932 ), 0,0004896524636386346
( 0,9996026076673086 0,9990362072649589 0,9988159438476191 ), 0,0004937575807879568
( 1,000681903391437 0,9998923558463507 1,0014206387047127 ), 0,0004949445712014722
( 1,0011496065734338 1,001067626993513 1,0002067433160056 ), 0,000496804637158732
( 0,9984115815364051 1,0000034572098075 0,9999425442890416 ), 0,0005012109244972862
( 0,999637810495476 0,9984529064344239 1,000052119042927 ), 0,0005014116645405409
( 0,9992522739090827 0,9986101244405658 1,000239041181632 ), 0,0005054982422834087
( 0,9989456928429596 0,9991306020031985 0,9991594398944736 ), 0,0005106513547943337
( 1,000045459458818 0,9996740585733851 0,9984130302117901 ), 0,0005211277437169315
( 1,0014487021406933 1,0007280219482781 1,000088368716536 ), 0,0005230701720577713
( 0,9999052750828971 1,0002763217775765 1,0015987947091907 ), 0,0005240427115289492
( 0,9983999003741665 1,0003219303107866 1,0000330316726382 ), 0,0005287203776518368
( 0,9996725528129858 0,9988421007052951 0,998885945245267 ), 0,0005334881230467658
( 0,9996582370674311 0,999129174730741 0,998649655888697 ), 0,0005353719532052992
( 0,9996940520463828 0,9992499197220062 1,0014297891314359 ), 0,0005357591807459983
( 0,9987582792791675 0,9992663054350724 0,9992061462818869 ), 0,0005377163125075413
( 0,9991323087383657 0,998645222850496 1,0003666306449919 ), 0,0005401649827412314
( 0,9994775844861022 0,9987988220382028 1,0010106942786725 ), 0,0005430465440525722
( 1,000397552719549 1,0015882288520157 1,000240457191236 ), 0,0005432605844042371
( 0,9983840462104048 1,0002570676550702 1,0002469908517564 ), 0,0005432714506667935
( 1,0012365848597833 0,9990467747107277 1,0005502395097603 ), 0,0005437001493291405
( 0,9995246438206844 0,9993044948108356 0,9985699115584552 ), 0,000546536335377823
( 0,9993653141845694 1,0013937521528657 1,0006408724273959 ), 0,0005467835099359775
( 1,001521567985897 0,9996422429966577 1,0005603459594903 ), 0,0005469925559182798
( 0,9987918223128818 1,0003931937788875 0,9989182792070243 ), 0,000552403527255052
( 0,9983685529237601 1,000039463695195 1,0003854152093588 ), 0,0005578187499111209
( 1,001019790022234 1,0008398205734546 0,9989594048169688 ), 0,000561072587448308
( 1,0012856671981862 1,0004274519224607 0,9989872212667235 ), 0,0005676718906038047
( 0,9992049460598895 0,9999218339991414 1,001491226774022 ), 0,0005677903170990817
( 1,001008296972713 1,0013250946238834 1,0003274332072345 ), 0,0005713171434962305
( 1,000923744430139 1,0008817719658092 1,0011222764807182 ), 0,0005734167222826159
( 1,0003827715850941 0,9999520054597322 1,0016562883507019 ), 0,0005737665753855481
( 1,0001578693273605 1,0015476644154504 1,0006891691177828 ), 0,0005743693820079443
( 1,0014014534243194 0,99910479683989 0,9996326416918698 ), 0,0005754159629844935
( 0,9985154416789364 0,9994898455336428 0,9993304636797811 ), 0,0005778036826882271
( 0,9996168255122322 1,0016644562447448 1,0000065966666802 ), 0,0005787604300131477
( 0,9998609390646044 0,9995213445727883 1,0016391129537578 ), 0,000582303878399415
( 1,0007276707136337 1,001542379987022 0,9998047776321886 ), 0,0005845688378016689
( 1,000081750645011 0,9989551901193606 0,9986383910954046 ), 0,0005857079048325886
( 0,9988688869496287 1,0012892874785686 1,0001075508348685 ), 0,0005858978062036613
( 1,0012918461626754 1,0003082504835186 0,9988957805862184 ), 0,0005918375970210832
( 0,9990029898509281 1,0011909504205134 1,0007627638338235 ), 0,0005940235822876616
( 1,0011854832815388 0,9988461583346239 0,9994863737963481 ), 0,0005952795434183145
( 0,9997448687280529 1,0013770393892136 1,001024290818776 ), 0,0005972565519272166
( 1,0010402081079484 0,99863511032593 0,9996721101068458 ), 0,0006055825802491199
( 1,0009227094971687 1,000110890385854 1,0014840558091582 ), 0,0006082885700742224
( 0,9991032453239198 1,001166288551955 1,0009597989679948 ), 0,0006121588338316997
( 1,0016521276676316 0,9994049187653932 0,9998938113108179 ), 0,0006140034244026538
( 1,0009161427826956 1,000260963185563 0,9985154904272687 ), 0,0006172314799535172
( 1,0016914851365615 0,9994938126920585 0,9999513550111875 ), 0,0006189211946683315
( 0,9982589889985072 0,9997363945873259 1,000162113841772 ), 0,000620343873031004
( 0,998525984052854 0,9993091339164603 0,9993056724343661 ), 0,0006213824240290933
( 0,9989648675030717 1,0010452544997306 1,0009864237083281 ), 0,0006223713006150433
( 1,0000025922183162 0,9987398015491015 0,9987539828111016 ), 0,0006230800209401366
( 1,0013236527612737 0,9988807406141675 1,0003973025323987 ), 0,0006274412139219976
( 1,0003015733999625 1,001221168690507 1,0012643858341117 ), 0,0006310565349281205
( 1,0007134985375836 0,9991239077207121 0,9986187337343595 ), 0,0006317795348600441
( 0,9985700307286766 0,9991058773146302 0,9993941738091168 ), 0,0006370918793301428
( 1,0005485325657086 0,9987759501457432 0,9988111177381623 ), 0,0006373569752753383
( 0,9988243435367794 1,0013418687596847 0,9998121428182815 ), 0,0006384363211928701
( 0,9984427920450012 1,00083134581164 1,000353185203704 ), 0,000642939437010881
( 1,0012664909133409 0,9988490136622318 0,9994247813353078 ), 0,0006466849548303344
( 1,0011801981588595 1,0012295782383636 1,000676608475888 ), 0,0006670963420560838
( 0,9988453460705624 0,9985686636645917 1,000108746448442 ), 0,0006732942665408359
( 1,000029875650821 1,001172724359376 1,0014582616190197 ), 0,000694904184143752
( 1,0017005590797214 1,0006700569238483 0,9995803233462578 ), 0,0006977405737274012
( 0,9988162917234608 1,0002213868632501 1,0014397721848964 ), 0,000698955338268803
( 1,0013143179904649 1,0012647555786367 0,9994477396427395 ), 0,0007205623468848898
( 0,9981043365761847 0,9998348848694208 0,9998527018145608 ), 0,0007226347102147201
( 1,0015180702682194 0,999288766762697 0,9990692880569652 ), 0,0007294071803656266
( 1,0016361625644812 0,999016690966919 1,000210997205777 ), 0,0007317529263630718
( 1,0014377929383997 0,9999394379797328 1,001280029251446 ), 0,0007359093422536489
( 0,9987273828755996 0,9987398033147046 1,0007311150129352 ), 0,0007424152171964238
( 0,9997756902343262 0,9999170013167172 1,001933429788593 ), 0,0007529592080501857
( 0,9998778739084607 0,9980473968324927 0,9999582937406273 ), 0,0007596960261224694
( 0,9992665518348491 1,0012287467224206 1,00136801875988 ), 0,0007775422735321058
( 0,9980561602608595 0,9996790650804903 1,0003541409796346 ), 0,0007949335214298969
( 1,001409619098918 1,0006518269327076 1,0012781323981699 ), 0,0008025960910700292
( 1,0008764787404116 1,0016084900868452 1,0008418931471166 ), 0,0008063078869895435
( 0,9997486122504823 0,9997171545323645 0,9979869257709567 ), 0,0008323761104485072
( 1,0005276698065084 0,9985172351860626 0,9986772543648957 ), 0,0008385352751858477
( 0,9999928618558329 0,9979526194707153 0,9997210956161875 ), 0,0008470445636596935
( 0,9980669519359175 0,9992665319594504 0,9997866096752682 ), 0,000857081388289771
( 0,9989419626663073 0,9982207746099562 0,9995317987620138 ), 0,000893609809395457
( 1,0000434533347056 0,9984022358226291 0,9985998611200607 ), 0,0008957588330673616
( 0,9991129779620533 0,9987415773796893 0,9985239354765558 ), 0,0009025205831107996
( 0,9995018918343932 1,0018811400550172 1,0009303521030954 ), 0,0009229817021960685
( 1,0018939143609518 1,0006677806539261 1,0008387725666184 ), 0,0009396519144004856
( 1,000037534850788 0,9984865927724922 0,9984243038211468 ), 0,0009472411573412387
( 1,0001665345565935 0,9991892655217832 0,9979607234795318 ), 0,0009609348644374904
( 0,999225620512856 1,0005957019167384 1,0020172338550455 ), 0,0009966625308877042
( 0,999871849306746 1,0014635118087418 1,0017173997742996 ), 0,0010133288366063198
( 0,9997613662888101 1,002128108102459 1,0007367052713585 ), 0,0010174452310280913
( 1,0007562660602227 0,998419108105887 0,998563328141336 ), 0,0010187727545414305
( 0,9981803521561102 0,998821301600522 0,9993152890853948 ), 0,0010255351872601182
( 0,9994634408636169 1,0016697455124348 0,9985273050675771 ), 0,00104051393471849
( 0,9983220770802451 0,999033230209917 0,9987655245581732 ), 0,0010463124049451267
( 1,000191097259915 0,9984585461766493 0,9982861904930557 ), 0,0010613370335619265
( 1,0002542930533485 0,9984275234527453 0,9983019222484313 ), 0,0010754375331458732
( 0,9989351468065504 1,0020700880141078 0,9997578174541932 ), 0,0010867451897631497
( 0,9997863552671119 0,9976510381101926 0,9999824266427808 ), 0,001103749460799719
( 0,9999496532226687 0,9984691060317367 0,9981401812400338 ), 0,0011516739707602142
( 0,9998992228435849 0,9984693201890044 0,9981409927906366 ), 0,001152457151622599
( 1,0024104173463695 1,000116173223047 0,9998212237401848 ), 0,0011616766285769131
( 1,0021117146066156 1,0006997932678965 1,0009570940120343 ), 0,0011635714854634216
( 1,0002450566415377 1,0005178107239852 0,9976352007920064 ), 0,0011745512696705873
( 1,0005237394549205 0,9978137593594664 1,000933274339007 ), 0,0011754482509829245
( 1,0023441569305884 1,0005194594177904 0,9995649629894884 ), 0,001181239944667567
( 1,0000408220356773 0,9982511305420745 0,9982852658865443 ), 0,0011904447764763404
( 1,0010615764908812 0,9984470415330448 1,0016343588443202 ), 0,0012319567235294926
( 0,9999961884898398 0,998223708644224 0,9982317553898996 ), 0,0012462693227988098
( 0,9998991533160568 0,9987922669156312 0,9977989265522739 ), 0,001252534517941939
( 1,000404239667657 0,9997653668268257 0,9974739983630959 ), 0,001309192035918727
( 1,0021125046913137 1,0013985726829018 1,0007262271209065 ), 0,0013780331949568847
( 0,9985401942867074 0,998383466493374 0,998481484908064 ), 0,001398673497661207
( 0,9999526583917234 0,9981528945364406 0,9979744378296332 ), 0,0014912833136477843
( 1,0003507016420412 0,9979071184562593 0,9980688771902109 ), 0,0016332175782309832
( 0,9998456304216979 0,9979332917022254 0,997907767681517 ), 0,001720540858741515
( 1,0019540038507386 1,0019868389050692 0,9990099798348896 ), 0,0017350772756756783
( 1,001822727449243 1,001495850421245 1,0018027361822937 ), 0,0017477697169780981
( 1,0013092698646344 1,001109164062908 1,0024778759206512 ), 0,0018022261859833577
( 0,9999215395314266 1,0021495084853502 1,0021483715344384 ), 0,001833520516022702
( 0,9975673657144094 1,0014231164110958 0,9987794209794288 ), 0,0018713626755655355
( 1,0002657598289193 1,0014639547539999 1,0027222439018613 ), 0,0019093668914642592
( 1,0008563553849754 1,001382780658758 1,002798706520672 ), 0,002078746452859548
( 0,9970611381095543 0,9986415540429153 1,00014983953899 ), 0,0020840059581566095
( 0,9999932866766765 1,0023238408438613 1,002310995110134 ), 0,002130887936679926
( 1,000259322770108 0,9974363712100492 1,0020351110813293 ), 0,002138849316533964
( 1,0010337386319816 1,000140032296776 1,0033013606355452 ), 0,002378089075911305
( 0,9994960144161587 1,0028012735371696 1,0027266395981596 ), 0,0030820837208906937
( 0,9993946598058961 1,003944234265867 1,0002965424261063 ), 0,003176369511379562
( 0,9990830376531286 1,0036404245893251 0,9971573507139515 ), 0,004399022196970748
( 0,9997270126994189 0,9965569721995302 0,9967621732360546 ), 0,004446296998125376
( 0,9994519377417164 1,0029656479184654 1,0038652575465572 ), 0,004768288685440325
( 0,9998177015581139 0,9963504553517226 0,9963312407078487 ), 0,005319096210200769
( 1,0020105005372857 1,0040992204912587 0,9975170344812292 ), 0,005358518059264128
( 0,9983514210172848 1,0062897537055169 1,0005255710107903 ), 0,008441561945637943
( 1,0065843241461856 1,0005026527743444 1,0005663276290628 ), 0,008713491384703786
( 1,0012690574139285 1,0043362428104197 1,0048810037099323 ), 0,00877581093937252
( 1,004310079463328 1,0047260260943556 1,0020820031568962 ), 0,008976055758484591
( 1,0000662977009709 0,9950671818153987 0,9948810891481994 ), 0,010025973024831103
( 1,0029629460847609 0,9963387962298781 0,9936209038361468 ), 0,012472924468958979
( 0,9998443175877112 1,0060720874599296 1,0056805306172518 ), 0,01371981546508394
( 1,0057719459859824 1,0005240764112349 1,0061010181710717 ), 0,014047007200176154
( 0,9952259913864695 0,9942565753398135 1,0038975941331172 ), 0,01407855882298037
( 1,0048003987361314 0,9945751308836108 0,9950520851133549 ), 0,015265945796585356
( 0,9992726858386562 1,0061216481476503 1,0077724133299366 ), 0,019521271347862523
( 1,0007321545731176 1,0076481384233849 1,0071098534707459 ), 0,02173594123298983
( 0,9997201862584973 1,0079312925786699 1,0075726431120942 ), 0,023867541615317123
( 0,9966616757589608 0,993298389842349 0,9916819600823008 ), 0,024843271972770253
( 1,0004942878461356 0,9915685863489598 0,9918396511022226 ), 0,02735693900207181
( 0,9863245127870637 1,0009066542400273 1,000432613989862 ), 0,03728058464727013
( 1,0006975137230427 1,0095278722883265 1,0107681463909473 ), 0,04109669815753847
( 0,9866762844389557 0,9952954260292864 0,9948278623743436 ), 0,04489580112539571
( 1,009941840312398 0,989373765090775 0,9954020446193355 ), 0,04619025800159804
( 1,0008174729647263 1,0111115300249005 1,0115783653057318 ), 0,051201862861489644
( 1,0123289817767949 0,9860389700467133 0,9993785486054355 ), 0,06886197615315126
( 0,980706949350561 0,999182403556136 0,9991472138696559 ), 0,07403282872486017
( 1,0003166946888018 1,0145483564187985 1,0155298549286345 ), 0,0897911551010182
( 1,0073998156241457 1,0193057091174764 1,011915398721221 ), 0,11286806434667085
( 0,9918416043951925 1,0102548633422361 0,9799231339018315 ), 0,1139206963198447
( 0,9998700509882334 0,9818852266640649 0,9831177079881587 ), 0,12152617975366198
( 0,999872233528032 0,9817683698982815 0,9817834956939646 ), 0,13163868713920124
( 1,0164648788723274 0,9983179943823808 0,978006327651404 ), 0,150110811670924
( 1,0009566585921175 1,0203687255427134 1,0213526528270762 ), 0,1726988842422621
( 1,0000391422039447 0,9668216633457763 0,9671394280864658 ), 0,43107600672543356
( 0,9962782124666195 1,0340944525414155 1,0320965308583572 ), 0,43618179302121973
( 0,9995324973284148 0,9631020423227569 0,960830741806481 ), 0,5717983133938205
( 0,9994638148570946 1,038254817330186 1,041193365401998 ), 0,6237865823407205
( 0,9997255806844473 1,0401021691609849 1,0404352719563317 ), 0,6400309880486716
( 0,9990638005150444 1,0400998522536613 1,0423762046428013 ), 0,6716844278165794
( 1,027393030465169 0,9459865982751445 1,0007140815624371 ), 0,7218973269502875
( 1,0436538253127268 0,9994591091843024 0,9537255121553904 ), 0,797626120297636
( 1,0000142653245467 0,9523452205075882 0,9515576510279748 ), 0,9091988966576672
( 1,0006589896727947 0,944876708177734 0,9462878315344969 ), 1,1639199758194465
( 0,9982566037279885 0,9450726347916484 0,9411989016313382 ), 1,2714936134292145
( 0,9958008582611753 0,9180566609506481 1,0000014907631591 ), 1,3066215556598806
( 0,9677059186406118 0,9688078015326275 1,9863688308997705 ), 1,40818979404132
( 0,9982236619042462 0,9401661602523816 0,9397791176410851 ), 1,4135826605920805
( 1,0160929895783766 -0,024848372400170765 0,9637530381346443 ), 1,482818672759251
( 1,0001620165764844 1,0694527296511338 1,0682322184007238 ), 1,8516226848374657
( 0,9991360639735177 0,9268530881565155 0,9305680483125862 ), 1,984590208669598
( 1,0023709320429468 0,0063128443473804904 0,00688615238369893 ), 1,9920286152002475
( 1,0035889553777655 0,001174962269891694 0,007547000728682446 ), 1,9966830170272303
( 1,0052428375524547 0,002188680039266179 0,0024951623536651063 ), 1,9982705744837332
( 0,9949011205801807 0,009946650511057685 0,003672686682909009 ), 2,0002164518478622
( 1,0034594977827702 0,008800343303720272 0,010611329495790446 ), 2,001242509118441
( 0,9997427846027891 0,0013247393455827101 0,012124548172962435 ), 2,002613245802017
( 1,00428443298346 0,008366336383248428 -0,0008807831792632427 ), 2,002707729404804
( 1,0024949312937095 -0,0027423536639725743 0,00546747438383044 ), 2,0032066419674983
( 0,9950969098978013 -0,0023499509206711625 0,007635414273201961 ), 2,006857619236939
( 0,9973530124241251 -0,004247626858108595 0,005495211332415864 ), 2,0084644095182895
( 1,005082539338515 0,005538898790334697 0,01354868329432964 ), 2,0094315741182243
( 1,0058521331858477 0,005648789957453189 0,013373889665222622 ), 2,0105419249337473
( 1,0058014527553207 0,0055525551218833236 0,013725990540792987 ), 2,011589992935111
( 1,0038559746802298 0,003069891119232048 -0,005069191699150811 ), 2,013915487791074
( 0,9990009421487093 0,0035558582953728185 0,016742330915671864 ), 2,0176694477595234
( 1,0032922055243916 -0,006214922500858325 0,009314072263052232 ), 2,020819909839844
( 0,986276261073453 0,005032561989541065 0,00995518873337723 ), 2,0320464571119317
( 0,9878354507428623 0,007043297902690972 0,012892567614105814 ), 2,0322700742427955
( 1,0127721481308225 0,010790829833431001 -0,0004333885314739159 ), 2,03476073145859
( 0,9925641986215326 0,00739402198274716 -0,007914358971901283 ), 2,0352766313196504
( 0,9947917435558157 0,01063820678623175 0,01889279151020387 ), 2,039493992664436
( 1,0060450625113975 0,019857322867977978 0,007528612061071163 ), 2,0418475548917314
( 0,986779755787849 0,0011540326360201837 0,017187927710490304 ), 2,0567877120978437
( 1,0139208243323776 0,01805304985819263 0,006465751466221999 ), 2,0622666576819135
( 1,003879324181332 0,023657256641430743 0,010129248612863073 ), 2,0665910094772286
( 0,993195367429138 -0,002755501953820863 0,022316820216061614 ), 2,0702147519502745
( 0,9855565311260815 2,0045072716694166 1,984542628602433 ), 2,0708538653153568
( 1,0138647596324224 0,002737910103542223 -0,01078561590953759 ), 2,078765849737188
( 1,0019092248590267 -0,015138284429358384 -0,003708272483890905 ), 2,0865752505651542
( 1,0150213185190462 0,017656380688250817 -0,006325930084471763 ), 2,091794538705134
( 1,0229862596425368 0,004878943926999876 0,008439056086827199 ), 2,0968547941433364
( 1,0015559303386838 -0,015627417440863125 -0,006585040728281905 ), 2,101918650171328
( 1,0232442487986477 2,0000647089985506 1,993762227438905 ), 2,102373956150373
( 0,9920329266932922 0,022679520706026503 0,01968533535888041 ), 2,1065157880951233
( 0,9938500998091933 0,017740929994985076 0,024816416180104578 ), 2,106700122852999
( 1,0121875099806121 0,025466694250389763 0,012608744991571386 ), 2,1132218711197517
( 0,9883843072691312 -0,008262107540187247 0,023313196534808987 ), 2,1178290434675517
( 1,0015467159099183 0,9257601210735356 0,9267692270221487 ), 2,1197218815155274
( 0,9854429730179711 0,01299537966618539 0,025603997360723347 ), 2,128078689720226
( 0,986150207519847 1,981581909340945 1,9765297860946132 ), 2,130567062170172
( 0,9994995377095768 0,0273482731810263 0,020870482344580464 ), 2,1379241741029595
( 0,9817324217125464 -3,8528712910915544E-05 -0,017350379124371304 ), 2,16057440821681
( 0,9888179373137873 0,0310673499986334 0,014270180003691204 ), 2,1653746285401994
( 1,0197028833577044 -0,02201419296371862 0,01505734887763753 ), 2,231772510761253
( 1,0283824325983777 0,013509122025672733 -0,013510490472995166 ), 2,2317747501062506
( 1,005155461688597 -0,025771209759168502 0,025267465077129108 ), 2,2641549167179065
( 1,020256495725951 -0,024660386941033317 0,023044822372468854 ), 2,310112189756019
( 1,0177987399924677 0,0321856367705071 -0,018890618415576182 ), 2,3117305638850496
( 1,039460124736518 0,015164712648969804 0,004401715172142784 ), 2,3176456978376834
( 1,0216078803028554 -0,019444800983337722 -0,019392347413315185 ), 2,319597652876027
( 1,035099376456603 0,017541551416277036 0,022814146011946874 ), 2,32678627519536
( 0,9881188246508676 -0,003505737217673121 0,04386447045836518 ), 2,329039785897109
( 0,9970105502777705 0,012262809159597059 0,04731389790880496 ), 2,353315087488973
( 1,0270129177440397 0,040635938520677276 0,017736069783220995 ), 2,415854311477929
( 1,011069220960873 -0,024179965909847105 0,04063654761169119 ), 2,433001466918533
( 0,9732277101690978 -0,03753306581869721 0,00027299666854293213 ), 2,494594980455844
( 1,017249463749446 0,05354518016366788 0,012078779975448716 ), 2,5201451640594357
( 1,0302812937728825 -0,011191225210949686 0,04560628001543914 ), 2,5472191643596567
( 0,9709697041618722 -0,00013208380839302425 -0,04146349058965827 ), 2,589095193538668
( 0,948838036079803 -0,019700093353614112 -0,005468096620640572 ), 2,648031163105685
( 1,0245163384617848 1,9426861884622981 2,001635151277747 ), 2,6528982550540974
( 1,0111278011800953 0,022025089435477267 0,0643214874620493 ), 2,7576947241320298
( 1,0144611500733332 0,051653685987660916 0,05143852027613287 ), 2,8803991279782615
( 1,0617462340071189 0,002526845134559464 0,03247797511980663 ), 2,886800101919448
( 0,969512100093514 1,9727024054429412 2,0523406693407726 ), 2,9200549009814374
( 0,979591642955494 0,0034801665246475006 0,0768159357615025 ), 3,072542435922969
( 0,9846534643906701 0,8687085366487889 0,997815004190906 ), 3,2787789769448636
( 0,0229920575789897 0,04363649023842764 -0,002873406774589693 ), 3,354241591211295
( 1,0555683861183167 0,060842609530505826 -0,023796341517912198 ), 3,370036140868031
( 1,0693341872183728 0,06283925515480937 -0,009333584402133208 ), 3,622402313355554
( 1,0060351390391298 1,9983978603785817 2,0947940953861015 ), 3,925033526308095
( 0,9076806086735466 -0,03722128615876195 0,012557493199110517 ), 3,998433368333899
( 1,0615490442629332 2,0483748842619867 1,928244247061106 ), 4,160647473762545
( 0,0532488006070187 0,08575984187857948 0,03588312445131348 ), 4,886252647944751
( 1,8831574689535393 0,9770128390079476 -0,045066516703650694 ), 4,95096230682995
( 1,0342234049936738 0,11495250005985722 -0,06647281402457826 ), 5,508662952247892
( 0,9915797770212076 0,05654621248687175 -1,0108509765976263 ), 5,595466808075386
( 1,0504758929020397 -0,9895135071361256 2,026024666015146 ), 5,667247159772895
( 2,961086958916571 -0,04432877146854575 0,9730375654345557 ), 5,7631596745511615
( 0,8615428580549611 0,960923875094513 1,9100164191050029 ), 6,256257467940976
( 0,0295779785609748 0,15397033534070564 0,94175819152305 ), 6,820982614889253
( 1,8728296909460354 1,0181416599004889 0,1112131186835817 ), 6,9866861465542485
( 2,904559648172112 0,9293452786395563 2,0476555218668633 ), 7,888968439669892
( 2,8881528047569356 0,9496541611462413 0,08159264143961989 ), 8,562245509246903
( 0,8222831605855738 -0,06756251309344585 0,017847280715527332 ), 8,699137274990711
( 0,08272952242433346 0,024027007120359878 2,859463976755949 ), 10,337837937495589
( 1,9007760707668317 -0,9390416953656641 3,0147240241327045 ), 11,278990471155737
( -0,018285402459045502 -1,033213134983671 0,18773097932315458 ), 12,30010283550726
( 2,065778138484439 3,1114175251734144 0,18681478833809304 ), 15,582588297316802
Liczba wywoa funkcji celu: 35017
