Iteracja nr: 82
( 0,9999999994674282 1,000000001268919 1,0000000016036155 ), 0
( 0,9999999994670115 1,0000000012662298 1,0000000015986492 ), 0
( 0,9999999994688595 1,0000000012668524 1,0000000015997672 ), 0
( 0,9999999994675068 1,0000000012677384 1,0000000015997468 ), 0
( 0,9999999994651295 1,0000000012649215 1,000000001600076 ), 0
( 0,9999999994663546 1,0000000012688974 1,0000000016041035 ), 0
( 0,9999999994655704 1,0000000012692412 1,000000001602615 ), 0
( 0,9999999994671146 1,0000000012676962 1,0000000016019186 ), 0
( 0,999999999465126 1,0000000012654968 1,0000000016003918 ), 0
( 0,9999999994682918 1,0000000012654542 1,0000000015980552 ), 0
( 0,9999999994663805 1,0000000012705872 1,000000001603436 ), 0
( 0,9999999994666047 1,0000000012680825 1,0000000016031445 ), 0
( 0,9999999994664106 1,000000001263342 1,0000000015967558 ), 0
( 0,999999999466997 1,000000001266689 1,0000000015982455 ), 0
( 0,9999999994662319 1,0000000012680688 1,0000000016026476 ), 0
( 0,9999999994653809 1,000000001269256 1,0000000016027493 ), 0
( 0,9999999994670403 1,000000001268544 1,0000000016031023 ), 0
( 0,9999999994663283 1,0000000012648025 1,0000000015986252 ), 0
( 0,9999999994664633 1,000000001266425 1,0000000015991366 ), 0
( 0,9999999994648001 1,0000000012669101 1,0000000016017632 ), 0
( 0,9999999994661468 1,0000000012674157 1,0000000016024058 ), 0
( 0,9999999994664606 1,0000000012685772 1,0000000016025126 ), 0
( 0,999999999467083 1,0000000012682018 1,000000001601829 ), 0
( 0,9999999994672194 1,0000000012678585 1,0000000016008692 ), 0
( 0,9999999994665342 1,000000001268465 1,000000001605528 ), 0
( 0,9999999994668195 1,000000001268754 1,0000000016026729 ), 0
( 0,9999999994665373 1,0000000012671706 1,000000001600057 ), 0
( 0,9999999994669251 1,0000000012633394 1,0000000015994912 ), 0
( 0,9999999994665213 1,0000000012679797 1,0000000016048627 ), 0
( 0,9999999994658463 1,0000000012704975 1,0000000016028365 ), 0
( 0,999999999466527 1,000000001268631 1,0000000016026216 ), 0
( 0,9999999994659156 1,000000001268458 1,000000001601988 ), 0
( 0,9999999994672045 1,0000000012662031 1,0000000016009953 ), 0
( 0,9999999994664295 1,000000001266561 1,0000000016006443 ), 0
( 0,9999999994673107 1,0000000012692574 1,0000000016029114 ), 0
( 0,9999999994670629 1,0000000012708012 1,0000000016060828 ), 0
( 0,9999999994670393 1,0000000012660166 1,0000000016025659 ), 0
( 0,9999999994665227 1,0000000012681325 1,000000001602641 ), 0
( 0,9999999994667274 1,0000000012681094 1,000000001601452 ), 0
( 0,9999999994671723 1,000000001267349 1,0000000016004709 ), 0
( 0,99999999946686 1,000000001270084 1,0000000016016393 ), 0
( 0,9999999994661443 1,0000000012676178 1,0000000016013935 ), 0
( 0,999999999467347 1,0000000012688928 1,0000000016036854 ), 0
( 0,9999999994662706 1,0000000012663617 1,0000000016027677 ), 0
( 0,9999999994677694 1,0000000012672627 1,000000001600955 ), 0
( 0,9999999994682105 1,0000000012651795 1,0000000015999326 ), 0
( 0,9999999994661701 1,0000000012677066 1,0000000016015171 ), 0
( 0,9999999994657496 1,0000000012690786 1,0000000016005202 ), 0
( 0,9999999994675959 1,0000000012701276 1,0000000016014154 ), 0
( 0,9999999994661233 1,0000000012684613 1,000000001600856 ), 0
( 0,999999999467405 1,0000000012677752 1,0000000016001573 ), 0
( 0,9999999994664778 1,0000000012659922 1,0000000015990222 ), 0
( 0,9999999994677394 1,0000000012657158 1,0000000016009993 ), 0
( 0,9999999994668496 1,0000000012690535 1,0000000016034065 ), 0
( 0,999999999465123 1,000000001266866 1,000000001602162 ), 0
( 0,9999999994640848 1,000000001268856 1,0000000016039219 ), 0
( 0,9999999994672265 1,0000000012681152 1,0000000016027686 ), 0
( 0,9999999994659438 1,0000000012670502 1,0000000016012462 ), 0
( 0,9999999994669926 1,0000000012678811 1,000000001602531 ), 0
( 0,9999999994670943 1,0000000012705996 1,0000000016043133 ), 0
( 0,9999999994672818 1,0000000012688959 1,0000000016039103 ), 0
( 0,9999999994670139 1,0000000012675663 1,0000000016019124 ), 0
( 0,9999999994668829 1,0000000012687493 1,000000001604341 ), 0
( 0,9999999994672293 1,0000000012665697 1,0000000016023118 ), 0
( 0,9999999994666287 1,0000000012703676 1,0000000016031665 ), 0
( 0,9999999994649355 1,000000001269277 1,000000001604573 ), 0
( 0,9999999994670189 1,0000000012689858 1,0000000016016668 ), 0
( 0,9999999994653865 1,0000000012685974 1,0000000016005672 ), 0
( 0,9999999994667623 1,0000000012687702 1,000000001603472 ), 0
( 0,9999999994661566 1,0000000012694747 1,0000000016040638 ), 0
( 0,9999999994665549 1,0000000012689532 1,0000000016019734 ), 0
( 0,9999999994676259 1,0000000012708108 1,000000001605923 ), 0
( 0,999999999467437 1,0000000012592505 1,0000000015924158 ), 0
( 0,9999999994673442 1,0000000012679626 1,000000001602376 ), 0
( 0,9999999994662566 1,0000000012689119 1,0000000016024946 ), 0
( 0,9999999994666503 1,0000000012677464 1,000000001600859 ), 0
( 0,999999999467732 1,0000000012687684 1,0000000016002613 ), 0
( 0,9999999994658628 1,0000000012690566 1,0000000016029391 ), 0
( 0,9999999994678762 1,0000000012673071 1,0000000016021042 ), 0
( 0,9999999994664893 1,0000000012668637 1,0000000015989599 ), 0
( 0,999999999465468 1,000000001267117 1,0000000015995847 ), 0
( 0,9999999994661338 1,0000000012688648 1,0000000016033306 ), 0
( 0,9999999994669159 1,0000000012648442 1,000000001595797 ), 0
( 0,9999999994684033 1,0000000012667458 1,0000000015989785 ), 0
( 0,9999999994669952 1,0000000012680268 1,0000000016008623 ), 0
( 0,9999999994674422 1,0000000012683266 1,000000001602348 ), 0
( 0,999999999467104 1,0000000012709271 1,0000000016033874 ), 0
( 0,9999999994668193 1,0000000012691308 1,000000001602599 ), 0
( 0,9999999994662937 1,0000000012676977 1,0000000016027875 ), 0
( 0,9999999994668071 1,000000001268341 1,0000000016010555 ), 0
( 0,999999999467493 1,0000000012696164 1,0000000016052892 ), 0
( 0,999999999466005 1,0000000012693866 1,0000000016023574 ), 0
( 0,9999999994671273 1,0000000012674068 1,0000000016002641 ), 0
( 0,9999999994672448 1,0000000012668269 1,0000000016012962 ), 0
( 0,9999999994657846 1,0000000012672587 1,000000001599965 ), 0
( 0,9999999994673381 1,0000000012706471 1,0000000016046227 ), 0
( 0,999999999465486 1,000000001268554 1,000000001602052 ), 0
( 0,999999999466531 1,0000000012680852 1,0000000016020596 ), 0
( 0,9999999994671718 1,0000000012686403 1,0000000016016377 ), 0
( 0,9999999994673247 1,0000000012684678 1,0000000016016306 ), 0
( 0,9999999994653342 1,000000001267652 1,0000000016021529 ), 0
( 0,9999999994673638 1,0000000012655386 1,0000000015998063 ), 0
( 0,9999999994668975 1,0000000012691226 1,0000000016026445 ), 0
( 0,9999999994668407 1,0000000012689263 1,000000001602205 ), 0
( 0,9999999994655513 1,0000000012672874 1,0000000016002573 ), 0
( 0,9999999994674235 1,0000000012696026 1,0000000016044348 ), 0
( 0,999999999466592 1,000000001270078 1,0000000016018953 ), 0
( 0,9999999994669044 1,0000000012668697 1,0000000016006538 ), 0
( 0,9999999994670097 1,0000000012689634 1,0000000016031698 ), 0
( 0,9999999994666366 1,0000000012687853 1,000000001603797 ), 0
( 0,9999999994669748 1,0000000012677541 1,0000000016018205 ), 0
( 0,9999999994669362 1,0000000012690546 1,0000000016041233 ), 0
( 0,9999999994668077 1,0000000012686958 1,000000001603076 ), 0
( 0,9999999994650774 1,0000000012681896 1,000000001604662 ), 0
( 0,999999999464974 1,000000001261855 1,0000000015967987 ), 0
( 0,9999999994664207 1,0000000012679104 1,000000001601599 ), 0
( 0,999999999467588 1,0000000012668249 1,0000000015995105 ), 0
( 0,999999999466068 1,000000001266981 1,0000000016020045 ), 0
( 0,9999999994668372 1,0000000012709893 1,0000000016027784 ), 0
( 0,9999999994661473 1,0000000012677048 1,0000000016004582 ), 0
( 0,9999999994662241 1,000000001264992 1,0000000015992905 ), 0
( 0,9999999994663842 1,0000000012684898 1,000000001602802 ), 0
( 0,9999999994656935 1,0000000012669137 1,0000000016003814 ), 0
( 0,9999999994675294 1,0000000012628163 1,0000000015959403 ), 0
( 0,9999999994674853 1,0000000012677854 1,0000000016005974 ), 0
( 0,9999999994651175 1,0000000012667214 1,0000000016006276 ), 0
( 0,9999999994662958 1,00000000126856 1,0000000016025745 ), 0
( 0,9999999994665911 1,0000000012679557 1,0000000016020152 ), 0
( 0,9999999994661827 1,0000000012678862 1,0000000016008541 ), 0
( 0,9999999994658119 1,000000001269177 1,000000001602866 ), 0
( 0,9999999994667349 1,0000000012670742 1,000000001601686 ), 0
( 0,9999999994654682 1,0000000012676715 1,000000001602429 ), 0
( 0,9999999994674664 1,0000000012666186 1,000000001599495 ), 0
( 0,999999999466381 1,0000000012671897 1,0000000016014987 ), 0
( 0,9999999994663379 1,0000000012663086 1,0000000016011044 ), 0
( 0,9999999994675854 1,0000000012652 1,0000000015993238 ), 0
( 0,9999999994661822 1,0000000012678212 1,000000001601729 ), 0
( 0,9999999994650709 1,0000000012650638 1,0000000016000845 ), 0
( 0,9999999994664094 1,000000001266417 1,0000000016020953 ), 0
( 0,9999999994649873 1,0000000012663721 1,0000000016030495 ), 0
( 0,9999999994665113 1,0000000012688748 1,0000000016008659 ), 0
( 0,9999999994668257 1,0000000012627706 1,0000000015979364 ), 0
( 0,9999999994667947 1,0000000012689452 1,0000000016037907 ), 0
( 0,9999999994661641 1,0000000012690113 1,0000000016054167 ), 0
( 0,9999999994670195 1,0000000012653723 1,0000000016009862 ), 0
( 0,9999999994663433 1,0000000012673107 1,0000000016023296 ), 0
( 0,9999999994654073 1,0000000012656862 1,0000000016009487 ), 0
( 0,9999999994671924 1,000000001268715 1,0000000015998847 ), 0
( 0,9999999994661594 1,0000000012691752 1,0000000016044261 ), 0
( 0,9999999994672398 1,000000001268207 1,0000000015996042 ), 0
( 0,9999999994671152 1,0000000012685297 1,0000000016018515 ), 0
( 0,9999999994664907 1,0000000012676002 1,0000000016035986 ), 0
( 0,999999999466703 1,00000000126743 1,000000001599866 ), 0
( 0,999999999466835 1,0000000012680879 1,000000001602029 ), 0
( 0,9999999994659754 1,0000000012694656 1,000000001602342 ), 0
( 0,9999999994673278 1,0000000012684915 1,0000000016026194 ), 0
( 0,9999999994666375 1,0000000012694366 1,0000000016051045 ), 0
( 0,9999999994664225 1,0000000012659207 1,000000001597176 ), 0
( 0,9999999994670112 1,000000001269427 1,0000000016027482 ), 0
( 0,9999999994667809 1,0000000012651364 1,0000000015977966 ), 0
( 0,9999999994658516 1,0000000012667254 1,0000000016015003 ), 0
( 0,9999999994657602 1,0000000012665606 1,000000001599226 ), 0
( 0,9999999994675393 1,0000000012649637 1,0000000015968027 ), 0
( 0,9999999994660923 1,00000000126919 1,0000000016011708 ), 0
( 0,9999999994663727 1,000000001265277 1,0000000015997002 ), 0
( 0,9999999994660443 1,000000001267368 1,0000000016010644 ), 0
( 0,9999999994672759 1,0000000012673604 1,0000000015984778 ), 0
( 0,9999999994674944 1,0000000012686865 1,000000001602407 ), 0
( 0,9999999994640785 1,0000000012672647 1,0000000016022828 ), 0
( 0,9999999994672297 1,0000000012675656 1,0000000016003339 ), 0
( 0,9999999994658884 1,0000000012720613 1,000000001602929 ), 0
( 0,9999999994671795 1,0000000012662058 1,0000000016009516 ), 0
( 0,9999999994670623 1,0000000012691757 1,000000001601202 ), 0
( 0,9999999994664984 1,0000000012691206 1,0000000016031017 ), 0
( 0,9999999994669886 1,0000000012673056 1,0000000016007138 ), 0
( 0,9999999994671568 1,0000000012673174 1,0000000016017552 ), 0
( 0,9999999994659435 1,0000000012638126 1,0000000016024315 ), 0
( 0,9999999994670663 1,0000000012684607 1,0000000016011086 ), 0
( 0,9999999994660119 1,0000000012691923 1,000000001600465 ), 0
( 0,9999999994668052 1,0000000012674923 1,0000000016026616 ), 0
( 0,9999999994671983 1,000000001266953 1,0000000015996393 ), 0
( 0,9999999994672785 1,0000000012671177 1,0000000016008208 ), 0
( 0,9999999994661865 1,0000000012607373 1,000000001593941 ), 0
( 0,9999999994668584 1,0000000012677646 1,0000000016021116 ), 0
( 0,9999999994681387 1,0000000012674626 1,0000000016017352 ), 0
( 0,9999999994661511 1,0000000012664332 1,0000000016011052 ), 0
( 0,9999999994675 1,0000000012657588 1,0000000015985295 ), 0
( 0,9999999994674869 1,0000000012685308 1,0000000016005706 ), 0
( 0,9999999994668447 1,0000000012675434 1,0000000015986714 ), 0
( 0,9999999994670286 1,0000000012688666 1,000000001603639 ), 0
( 0,9999999994663974 1,000000001266399 1,0000000015992012 ), 0
( 0,9999999994671156 1,0000000012687276 1,0000000016011483 ), 0
( 0,9999999994661639 1,0000000012680048 1,0000000016016242 ), 0
( 0,9999999994670987 1,0000000012678028 1,0000000015987867 ), 0
( 0,9999999994667411 1,0000000012639427 1,0000000015969357 ), 0
( 0,999999999466783 1,0000000012668808 1,000000001600094 ), 0
( 0,9999999994659479 1,0000000012619044 1,0000000015973958 ), 0
( 0,999999999465893 1,000000001267832 1,0000000016009363 ), 0
( 0,9999999994671944 1,0000000012685755 1,0000000016029984 ), 0
( 0,9999999994672596 1,0000000012671433 1,0000000016012427 ), 0
( 0,9999999994647205 1,0000000012670767 1,0000000016016535 ), 0
( 0,9999999994665658 1,0000000012669255 1,0000000016007118 ), 0
( 0,9999999994663651 1,000000001269199 1,000000001600048 ), 0
( 0,9999999994665619 1,0000000012662895 1,0000000016001322 ), 0
( 0,9999999994658896 1,0000000012683865 1,0000000016000838 ), 0
( 0,999999999466554 1,0000000012689303 1,0000000016015447 ), 0
( 0,9999999994678176 1,0000000012693706 1,000000001602591 ), 0
( 0,9999999994664119 1,0000000012672012 1,000000001603898 ), 0
( 0,999999999467405 1,000000001270631 1,0000000016045891 ), 0
( 0,9999999994659039 1,0000000012676655 1,000000001600846 ), 0
( 0,9999999994671624 1,0000000012684658 1,0000000016004977 ), 0
( 0,9999999994680541 1,0000000012683392 1,0000000016009445 ), 0
( 0,999999999466485 1,000000001266641 1,0000000016011021 ), 0
( 0,9999999994684498 1,0000000012674222 1,0000000016011272 ), 0
( 0,9999999994664757 1,0000000012664303 1,0000000016005681 ), 0
( 0,9999999994662659 1,0000000012669745 1,0000000016015433 ), 0
( 0,9999999994666251 1,0000000012681527 1,0000000016010258 ), 0
( 0,9999999994660667 1,000000001268099 1,0000000016014952 ), 0
( 0,9999999994661966 1,0000000012668335 1,0000000016006643 ), 0
( 0,9999999994676886 1,000000001268637 1,0000000016032546 ), 0
( 0,9999999994658879 1,000000001267339 1,0000000016002475 ), 0
( 0,9999999994672603 1,0000000012674821 1,0000000015988995 ), 0
( 0,9999999994664533 1,000000001267392 1,000000001601839 ), 0
( 0,9999999994669643 1,0000000012689745 1,0000000016015196 ), 0
( 0,9999999994659379 1,000000001269538 1,0000000016027915 ), 0
( 0,9999999994669134 1,000000001267852 1,0000000016010515 ), 0
( 0,9999999994672563 1,0000000012651302 1,0000000015990012 ), 0
( 0,9999999994674231 1,000000001266192 1,0000000016018975 ), 0
( 0,9999999994675739 1,0000000012660781 1,0000000016000221 ), 0
( 0,9999999994670313 1,0000000012680188 1,0000000016011716 ), 0
( 0,9999999994667959 1,0000000012700396 1,0000000015999309 ), 0
( 0,9999999994674936 1,0000000012670953 1,000000001603575 ), 0
( 0,9999999994673728 1,0000000012694175 1,0000000016018447 ), 0
( 0,9999999994659424 1,0000000012696115 1,0000000016020265 ), 0
( 0,9999999994671707 1,0000000012685044 1,0000000016001866 ), 0
( 0,9999999994658672 1,0000000012667247 1,000000001602417 ), 0
( 0,9999999994667901 1,0000000012671786 1,0000000016025163 ), 0
( 0,9999999994671612 1,0000000012681454 1,0000000016009831 ), 0
( 0,999999999466829 1,0000000012688859 1,0000000016024653 ), 0
( 0,9999999994666766 1,000000001265754 1,0000000015993578 ), 0
( 0,9999999994648603 1,0000000012673336 1,0000000016011947 ), 0
( 0,9999999994670272 1,0000000012686365 1,0000000015998498 ), 0
( 0,999999999466228 1,0000000012686716 1,0000000016015194 ), 0
( 0,9999999994671279 1,000000001268322 1,0000000016009736 ), 0
( 0,9999999994657313 1,0000000012701513 1,0000000016050248 ), 0
( 0,9999999994672859 1,000000001268834 1,000000001603473 ), 0
( 0,9999999994665288 1,0000000012676582 1,000000001600158 ), 0
( 0,999999999466743 1,0000000012681431 1,000000001601017 ), 0
( 0,9999999994675944 1,0000000012676975 1,0000000015985695 ), 0
( 0,9999999994666524 1,0000000012645316 1,0000000015973634 ), 0
( 0,9999999994672039 1,000000001270279 1,0000000016033865 ), 0
( 0,9999999994666835 1,0000000012653418 1,0000000015980228 ), 0
( 0,999999999465965 1,0000000012693318 1,0000000016040702 ), 0
( 0,9999999994666978 1,0000000012666748 1,000000001598687 ), 0
( 0,9999999994666996 1,0000000012673769 1,0000000016000121 ), 0
( 0,9999999994666379 1,0000000012659351 1,0000000015987562 ), 0
( 0,9999999994666914 1,000000001268051 1,0000000016001822 ), 0
( 0,9999999994666307 1,000000001268863 1,0000000016025932 ), 0
( 0,9999999994669162 1,000000001267239 1,0000000016014203 ), 0
( 0,9999999994659792 1,000000001269111 1,0000000016028192 ), 0
( 0,9999999994672467 1,0000000012673398 1,0000000016016213 ), 0
( 0,9999999994652263 1,0000000012681933 1,0000000016009036 ), 0
( 0,9999999994670563 1,0000000012685937 1,0000000016013981 ), 0
( 0,9999999994662715 1,0000000012682466 1,0000000016012465 ), 0
( 0,9999999994664551 1,0000000012633388 1,0000000015970565 ), 0
( 0,9999999994665599 1,0000000012664294 1,0000000016003145 ), 0
( 0,9999999994659237 1,0000000012649106 1,0000000016024415 ), 0
( 0,9999999994656849 1,000000001267702 1,0000000016012718 ), 0
( 0,9999999994656327 1,0000000012691181 1,00000000160016 ), 0
( 0,9999999994672215 1,0000000012662436 1,000000001598736 ), 0
( 0,999999999467899 1,0000000012675425 1,000000001601292 ), 0
( 0,9999999994665816 1,0000000012666461 1,0000000016009052 ), 0
( 0,9999999994665132 1,0000000012670622 1,000000001602002 ), 0
( 0,9999999994660058 1,0000000012679597 1,000000001602122 ), 0
( 0,9999999994664374 1,0000000012696226 1,0000000016023851 ), 0
( 0,9999999994655446 1,000000001267192 1,0000000015998185 ), 0
( 0,9999999994659071 1,0000000012700534 1,0000000016009947 ), 0
( 0,9999999994670855 1,0000000012656298 1,0000000015984978 ), 0
( 0,9999999994667232 1,000000001266929 1,000000001600256 ), 0
( 0,9999999994663998 1,0000000012667059 1,0000000016009751 ), 0
( 0,9999999994663689 1,0000000012689516 1,0000000016022577 ), 0
( 0,9999999994663216 1,000000001268798 1,0000000016036332 ), 0
( 0,9999999994673694 1,0000000012679904 1,0000000016026631 ), 0
( 0,9999999994661001 1,000000001268056 1,0000000016004331 ), 0
( 0,9999999994660879 1,000000001267428 1,0000000016000536 ), 0
( 0,9999999994658715 1,0000000012678352 1,0000000016014448 ), 0
( 0,9999999994667322 1,0000000012694306 1,0000000016003991 ), 0
( 0,9999999994657339 1,0000000012663948 1,0000000016010486 ), 0
( 0,9999999994657893 1,0000000012684656 1,0000000016037345 ), 0
( 0,9999999994658038 1,0000000012689907 1,0000000016016277 ), 0
( 0,9999999994667621 1,0000000012678056 1,0000000016010415 ), 0
( 0,9999999994673892 1,0000000012634482 1,0000000015993107 ), 0
( 0,9999999994658166 1,0000000012650503 1,0000000016009853 ), 0
( 0,9999999994653515 1,0000000012673644 1,0000000016027786 ), 0
( 0,9999999994650808 1,0000000012708512 1,000000001604471 ), 0
( 0,9999999994660105 1,0000000012660066 1,00000000160098 ), 0
( 0,9999999994670173 1,0000000012680135 1,0000000016015687 ), 0
( 0,9999999994663936 1,0000000012694328 1,0000000016023143 ), 0
( 0,9999999994687302 1,0000000012686203 1,0000000016007282 ), 0
( 0,99999999946777 1,0000000012641832 1,0000000015972192 ), 0
( 0,9999999994674514 1,0000000012700092 1,000000001604053 ), 0
( 0,9999999994667841 1,0000000012678427 1,0000000016008113 ), 0
( 0,999999999465993 1,0000000012683858 1,0000000016022705 ), 0
( 0,9999999994652679 1,000000001267211 1,0000000016016697 ), 0
( 0,9999999994666773 1,0000000012671526 1,000000001601865 ), 0
( 0,9999999994664162 1,0000000012704673 1,000000001603787 ), 0
( 0,9999999994678529 1,0000000012660752 1,0000000016006692 ), 0
( 0,9999999994661956 1,0000000012681176 1,00000000160081 ), 0
( 0,9999999994672628 1,0000000012669954 1,0000000016018966 ), 0
( 0,9999999994668219 1,0000000012682768 1,0000000016012516 ), 0
( 0,9999999994670906 1,0000000012678736 1,000000001602287 ), 0
( 0,9999999994661675 1,000000001266496 1,0000000016017632 ), 0
( 0,9999999994647999 1,0000000012657708 1,0000000016013433 ), 0
( 0,9999999994663225 1,0000000012680408 1,0000000016016033 ), 0
( 0,9999999994659878 1,0000000012665535 1,0000000016034825 ), 0
( 0,9999999994659692 1,0000000012662755 1,0000000015977955 ), 0
( 0,9999999994651396 1,0000000012694297 1,0000000015986557 ), 0
( 0,9999999994656393 1,000000001269871 1,0000000016030905 ), 0
( 0,9999999994655469 1,0000000012679078 1,0000000016016344 ), 0
( 0,999999999466627 1,000000001269024 1,0000000016025148 ), 0
( 0,9999999994686686 1,0000000012683876 1,0000000016036479 ), 0
( 0,9999999994676076 1,0000000012667731 1,0000000016003634 ), 0
( 0,999999999467141 1,0000000012695716 1,0000000016041524 ), 0
( 0,9999999994664125 1,0000000012695893 1,0000000016007824 ), 0
( 0,9999999994662743 1,000000001268162 1,000000001600211 ), 0
( 0,9999999994678284 1,0000000012667614 1,0000000016011645 ), 0
( 0,9999999994672135 1,0000000012683636 1,0000000016017054 ), 0
( 0,9999999994666602 1,0000000012650796 1,0000000016007693 ), 0
( 0,9999999994669612 1,0000000012687427 1,000000001603249 ), 0
( 0,9999999994656912 1,0000000012681822 1,0000000016018917 ), 0
( 0,9999999994657626 1,0000000012706975 1,000000001607386 ), 0
( 0,9999999994649856 1,00000000127045 1,000000001602717 ), 0
( 0,9999999994668072 1,0000000012687977 1,0000000016016681 ), 0
( 0,9999999994659222 1,0000000012684644 1,0000000016016 ), 0
( 0,9999999994658063 1,0000000012668704 1,0000000016000086 ), 0
( 0,9999999994665485 1,000000001271115 1,0000000016053971 ), 0
( 0,9999999994665323 1,000000001267107 1,0000000016015198 ), 0
( 0,9999999994666057 1,0000000012706092 1,0000000016057793 ), 0
( 0,99999999946624 1,0000000012658017 1,0000000015968085 ), 0
( 0,9999999994666605 1,0000000012690369 1,0000000016029003 ), 0
( 0,9999999994665493 1,000000001270612 1,0000000016041852 ), 0
( 0,9999999994676753 1,0000000012675696 1,0000000016006503 ), 0
( 0,9999999994675958 1,0000000012663568 1,0000000016003225 ), 0
( 0,999999999467881 1,000000001266833 1,0000000016030268 ), 0
( 0,9999999994675225 1,0000000012674926 1,0000000016001038 ), 0
( 0,9999999994663772 1,0000000012689425 1,0000000016015143 ), 0
( 0,9999999994663875 1,0000000012674835 1,0000000016009292 ), 0
( 0,9999999994662525 1,0000000012682078 1,0000000016014188 ), 0
( 0,9999999994679212 1,0000000012674215 1,0000000016039305 ), 0
( 0,9999999994659894 1,0000000012676886 1,0000000016022723 ), 0
( 0,9999999994675288 1,0000000012695809 1,000000001601775 ), 0
( 0,9999999994626835 1,0000000012662662 1,0000000016022352 ), 0
( 0,9999999994659167 1,0000000012683212 1,0000000016023727 ), 0
( 0,9999999994672377 1,0000000012675503 1,000000001600194 ), 0
( 0,9999999994669541 1,000000001268397 1,0000000016023096 ), 0
( 0,9999999994674815 1,0000000012682655 1,0000000016005843 ), 0
( 0,9999999994660582 1,0000000012669779 1,0000000016006834 ), 0
( 0,9999999994646739 1,0000000012706407 1,0000000016019581 ), 0
( 0,9999999994666081 1,0000000012666983 1,0000000015996147 ), 0
( 0,9999999994665505 1,0000000012663148 1,0000000016006645 ), 0
( 0,9999999994662745 1,0000000012685903 1,0000000016022743 ), 0
( 0,999999999466301 1,0000000012672434 1,0000000016001334 ), 0
( 0,9999999994664279 1,000000001266076 1,0000000016026147 ), 0
( 0,9999999994666086 1,0000000012686978 1,0000000016032788 ), 0
( 0,9999999994671197 1,0000000012616748 1,0000000015945723 ), 0
( 0,9999999994653374 1,000000001266056 1,0000000015965935 ), 0
( 0,9999999994661579 1,0000000012682078 1,000000001600008 ), 0
( 0,999999999466026 1,0000000012652106 1,000000001601093 ), 0
( 0,9999999994659875 1,0000000012692771 1,0000000016015809 ), 0
( 0,9999999994664084 1,0000000012670718 1,0000000015988604 ), 0
( 0,9999999994662976 1,0000000012690418 1,0000000016032733 ), 0
( 0,9999999994669276 1,0000000012681387 1,0000000016019097 ), 0
( 0,9999999994658326 1,000000001267811 1,000000001603863 ), 0
( 0,9999999994667518 1,0000000012686208 1,0000000016010824 ), 0
( 0,9999999994668083 1,0000000012670327 1,0000000016002752 ), 0
( 0,9999999994677738 1,0000000012661319 1,0000000016005306 ), 0
( 0,9999999994671734 1,0000000012676848 1,000000001602803 ), 0
( 0,9999999994673147 1,0000000012685726 1,0000000016000954 ), 0
( 0,9999999994677965 1,0000000012679289 1,0000000016007458 ), 0
( 0,999999999466824 1,0000000012698815 1,0000000016029853 ), 0
( 0,9999999994661655 1,0000000012687564 1,0000000016016524 ), 0
( 0,9999999994675498 1,0000000012687429 1,0000000016002621 ), 0
( 0,9999999994677156 1,0000000012688643 1,0000000016010477 ), 0
( 0,999999999465233 1,000000001270237 1,0000000016038162 ), 0
( 0,9999999994666997 1,0000000012688655 1,0000000016013149 ), 0
( 0,9999999994660055 1,0000000012670116 1,000000001600431 ), 0
( 0,9999999994671637 1,0000000012686074 1,0000000016026789 ), 0
( 0,9999999994652805 1,0000000012672225 1,0000000016015518 ), 0
( 0,9999999994661155 1,0000000012664898 1,0000000016006847 ), 0
( 0,9999999994665446 1,0000000012674306 1,0000000015998263 ), 0
( 0,9999999994659525 1,0000000012683845 1,0000000016007082 ), 0
( 0,999999999468043 1,0000000012718557 1,0000000016044477 ), 0
( 0,9999999994666954 1,0000000012665593 1,0000000016001733 ), 0
( 0,9999999994662675 1,000000001268941 1,0000000016026975 ), 0
( 0,999999999466954 1,0000000012667127 1,000000001601315 ), 0
( 0,9999999994667723 1,0000000012690493 1,0000000016012982 ), 0
( 0,9999999994643921 1,0000000012669414 1,0000000016028479 ), 0
( 0,9999999994669878 1,000000001268042 1,0000000016027542 ), 0
( 0,9999999994654626 1,000000001268858 1,000000001602155 ), 0
( 0,9999999994665795 1,0000000012691828 1,0000000016018917 ), 0
( 0,999999999467211 1,000000001267665 1,0000000015999573 ), 0
( 0,9999999994657168 1,000000001268711 1,000000001603007 ), 0
( 0,999999999466644 1,0000000012687 1,0000000016023234 ), 0
( 0,9999999994664436 1,0000000012688282 1,000000001603176 ), 0
( 0,9999999994669017 1,0000000012671544 1,0000000016015789 ), 0
( 0,9999999994667699 1,000000001270181 1,000000001602224 ), 0
( 0,99999999946654 1,000000001268972 1,0000000016031656 ), 0
( 0,9999999994665904 1,0000000012656531 1,000000001600661 ), 0
( 0,999999999464961 1,000000001266246 1,0000000016010608 ), 0
( 0,9999999994678431 1,0000000012661288 1,000000001600596 ), 0
( 0,999999999466313 1,0000000012672048 1,0000000016012232 ), 0
( 0,9999999994663614 1,0000000012704502 1,0000000016029538 ), 0
( 0,9999999994661708 1,0000000012661427 1,000000001601811 ), 0
( 0,9999999994669254 1,0000000012710732 1,0000000016015786 ), 0
( 0,9999999994667337 1,0000000012659285 1,000000001601248 ), 0
( 0,9999999994668716 1,0000000012697765 1,0000000016010997 ), 0
( 0,9999999994661752 1,0000000012688082 1,0000000016019335 ), 0
( 0,999999999466818 1,0000000012630599 1,0000000015980588 ), 0
( 0,9999999994655747 1,0000000012671666 1,000000001600195 ), 0
( 0,9999999994671078 1,000000001265365 1,0000000016001886 ), 0
( 0,9999999994661729 1,000000001268624 1,0000000016014983 ), 0
( 0,9999999994670249 1,0000000012693604 1,000000001602087 ), 0
( 0,999999999466404 1,0000000012675223 1,0000000016016724 ), 0
( 0,9999999994668306 1,0000000012696304 1,000000001604243 ), 0
( 0,9999999994664028 1,0000000012687962 1,0000000016025223 ), 0
( 0,9999999994667788 1,0000000012663044 1,0000000015972588 ), 0
( 0,9999999994652184 1,000000001268963 1,0000000015983155 ), 0
( 0,999999999466575 1,000000001266417 1,0000000016013026 ), 0
( 0,9999999994666237 1,0000000012686423 1,000000001601967 ), 0
( 0,9999999994653925 1,000000001268094 1,000000001603336 ), 0
( 0,9999999994675812 1,0000000012660593 1,0000000015986092 ), 0
( 0,9999999994671239 1,0000000012684622 1,0000000015998116 ), 0
( 0,999999999466618 1,0000000012681727 1,0000000016024269 ), 0
( 0,9999999994660974 1,0000000012691537 1,000000001603576 ), 0
( 0,9999999994655155 1,0000000012684487 1,0000000016014703 ), 0
( 0,9999999994664912 1,0000000012667112 1,0000000016031823 ), 0
( 0,999999999466977 1,0000000012687962 1,0000000016024864 ), 0
( 0,9999999994657619 1,00000000126611 1,0000000016015755 ), 0
( 0,9999999994663151 1,0000000012689052 1,0000000016021955 ), 0
( 0,9999999994664153 1,0000000012674926 1,0000000016000734 ), 0
( 0,9999999994663555 1,0000000012685555 1,0000000016035686 ), 0
( 0,9999999994656942 1,000000001269378 1,0000000016016006 ), 0
( 0,9999999994661463 1,0000000012691133 1,0000000016014807 ), 0
( 0,999999999466343 1,00000000126744 1,0000000016003745 ), 0
( 0,9999999994660959 1,0000000012687098 1,0000000016008503 ), 0
( 0,9999999994672902 1,0000000012694332 1,000000001602774 ), 0
( 0,9999999994664237 1,0000000012703856 1,0000000016025155 ), 0
( 0,9999999994663059 1,0000000012682784 1,0000000016017065 ), 0
( 0,9999999994662767 1,000000001267321 1,0000000016008186 ), 0
( 0,9999999994661706 1,000000001268349 1,0000000016038684 ), 0
( 0,9999999994661721 1,0000000012700647 1,0000000016033803 ), 0
( 0,9999999994676663 1,0000000012682024 1,0000000016012696 ), 0
( 0,9999999994668934 1,0000000012686594 1,000000001601258 ), 0
( 0,9999999994658583 1,0000000012685242 1,0000000016038177 ), 0
( 0,9999999994658638 1,0000000012684054 1,0000000016023933 ), 0
( 0,9999999994660304 1,0000000012678942 1,0000000016014505 ), 0
( 0,9999999994661926 1,0000000012691195 1,0000000016021608 ), 0
( 0,9999999994668893 1,0000000012685293 1,000000001604023 ), 0
( 0,9999999994675229 1,0000000012704544 1,0000000016006658 ), 0
( 0,9999999994662037 1,0000000012682158 1,0000000016009047 ), 0
( 0,9999999994666791 1,000000001269903 1,0000000016030728 ), 0
( 0,9999999994660319 1,00000000126954 1,0000000016053938 ), 0
( 0,9999999994668445 1,000000001266022 1,0000000015998847 ), 0
( 0,9999999994644188 1,000000001267208 1,000000001603491 ), 0
( 0,9999999994665218 1,0000000012665728 1,0000000016004063 ), 0
( 0,999999999466734 1,0000000012686951 1,0000000016019952 ), 0
( 0,9999999994662206 1,000000001269435 1,0000000016014223 ), 0
( 0,9999999994667438 1,0000000012695902 1,0000000016026092 ), 0
( 0,9999999994673047 1,0000000012666193 1,0000000016013941 ), 0
( 0,9999999994664167 1,0000000012687265 1,000000001603785 ), 0
( 0,9999999994660227 1,0000000012670613 1,0000000016001969 ), 0
( 0,9999999994673182 1,0000000012708037 1,0000000016037047 ), 0
( 0,9999999994667815 1,0000000012644492 1,000000001598547 ), 0
( 0,9999999994664529 1,0000000012662282 1,000000001599916 ), 0
( 0,9999999994683155 1,0000000012681243 1,0000000016022463 ), 0
( 0,9999999994664559 1,0000000012692463 1,0000000016023183 ), 0
( 0,9999999994659459 1,000000001267438 1,0000000016007797 ), 0
( 0,9999999994660902 1,0000000012684649 1,0000000016033457 ), 0
( 0,9999999994673131 1,0000000012689743 1,0000000016020139 ), 0
( 0,9999999994664382 1,0000000012707022 1,0000000016025348 ), 0
( 0,9999999994670282 1,000000001267687 1,0000000016007369 ), 0
( 0,9999999994671319 1,000000001266294 1,0000000016010144 ), 0
( 0,9999999994666718 1,0000000012666017 1,0000000016005974 ), 0
( 0,9999999994669206 1,0000000012673411 1,0000000015995587 ), 0
( 0,9999999994659234 1,0000000012703179 1,000000001601576 ), 0
( 0,9999999994668292 1,0000000012664494 1,0000000016021036 ), 0
( 0,9999999994659255 1,000000001267673 1,0000000016004245 ), 0
( 0,999999999466348 1,000000001268033 1,0000000016015924 ), 0
( 0,9999999994677228 1,000000001268546 1,0000000016017487 ), 0
( 0,9999999994665896 1,0000000012660986 1,0000000016012665 ), 0
( 0,999999999466518 1,000000001259685 1,0000000015935124 ), 0
( 0,9999999994665761 1,0000000012645656 1,0000000015975052 ), 0
( 0,9999999994670112 1,0000000012687646 1,0000000016021735 ), 0
( 0,9999999994661888 1,0000000012652757 1,000000001600987 ), 0
( 0,9999999994672446 1,0000000012648784 1,0000000015980754 ), 0
( 0,9999999994649531 1,0000000012694394 1,0000000016008763 ), 0
( 0,9999999994672385 1,0000000012650978 1,0000000015976154 ), 0
( 0,9999999994677421 1,0000000012668118 1,0000000015996682 ), 0
( 0,9999999994652853 1,0000000012678885 1,0000000016017747 ), 0
( 0,9999999994667786 1,0000000012706027 1,0000000016035593 ), 0
( 0,9999999994664109 1,0000000012689303 1,000000001602591 ), 0
( 0,9999999994661134 1,000000001268741 1,0000000016018002 ), 0
( 0,9999999994665153 1,0000000012655403 1,0000000016009118 ), 0
( 0,9999999994673381 1,0000000012631813 1,0000000015953192 ), 0
( 0,9999999994659583 1,0000000012680077 1,000000001601138 ), 0
( 0,999999999466778 1,000000001267486 1,0000000016004493 ), 0
( 0,9999999994679201 1,0000000012689891 1,0000000016035933 ), 0
( 0,9999999994671761 1,0000000012684096 1,0000000016021575 ), 0
( 0,9999999994675172 1,0000000012668433 1,0000000016002533 ), 0
( 0,9999999994655123 1,000000001267897 1,0000000016014463 ), 0
( 0,9999999994663946 1,0000000012678878 1,0000000016022585 ), 0
( 0,9999999994662416 1,0000000012676766 1,0000000016001405 ), 0
( 0,9999999994660923 1,0000000012670094 1,0000000015998332 ), 0
( 0,9999999994681934 1,0000000012695052 1,0000000016022597 ), 0
( 0,9999999994669146 1,0000000012685413 1,0000000016019137 ), 0
( 0,9999999994662088 1,0000000012669616 1,0000000016018702 ), 0
( 0,9999999994656944 1,0000000012666292 1,0000000016006652 ), 0
( 0,999999999466637 1,0000000012669146 1,0000000015981267 ), 0
( 0,999999999466258 1,000000001268157 1,0000000016026795 ), 0
( 0,9999999994660153 1,0000000012659285 1,0000000016013464 ), 0
( 0,9999999994652126 1,0000000012690253 1,0000000016023507 ), 0
( 0,9999999994668172 1,0000000012680137 1,0000000016016712 ), 0
( 0,9999999994658181 1,000000001267428 1,0000000016029718 ), 0
( 0,9999999994669041 1,0000000012702743 1,0000000016021788 ), 0
( 0,9999999994668924 1,0000000012685404 1,0000000016010344 ), 0
( 0,9999999994660514 1,0000000012680663 1,0000000016011177 ), 0
( 0,9999999994665542 1,0000000012686812 1,0000000016028492 ), 0
( 0,9999999994662123 1,0000000012682086 1,000000001603103 ), 0
( 0,9999999994663717 1,0000000012688877 1,0000000016015804 ), 0
( 0,999999999467084 1,00000000126786 1,0000000016018487 ), 0
( 0,9999999994677369 1,0000000012678374 1,0000000016009176 ), 0
( 0,9999999994661546 1,0000000012683872 1,0000000016021682 ), 0
( 0,9999999994660844 1,000000001267662 1,0000000016022097 ), 0
( 0,9999999994660551 1,0000000012667543 1,000000001602475 ), 0
( 0,9999999994679886 1,0000000012680872 1,0000000015999413 ), 0
( 0,9999999994666511 1,0000000012666286 1,0000000016022195 ), 0
( 0,9999999994673461 1,0000000012692885 1,000000001603645 ), 0
( 0,9999999994665686 1,000000001268658 1,000000001602264 ), 0
( 0,9999999994661011 1,0000000012698589 1,000000001599219 ), 0
( 0,9999999994671457 1,0000000012675356 1,0000000016007518 ), 0
( 0,9999999994671074 1,0000000012714125 1,0000000016035655 ), 0
( 0,9999999994667651 1,0000000012688244 1,000000001602471 ), 0
( 0,9999999994667148 1,0000000012636494 1,0000000015964838 ), 0
( 0,9999999994684616 1,0000000012674173 1,0000000016002524 ), 0
( 0,9999999994671349 1,0000000012682735 1,0000000016011057 ), 0
( 0,9999999994677465 1,0000000012665673 1,0000000016040118 ), 0
( 0,9999999994660166 1,0000000012686083 1,000000001601296 ), 0
( 0,9999999994656794 1,0000000012687837 1,00000000160169 ), 0
( 0,9999999994670351 1,0000000012694987 1,000000001604589 ), 0
( 0,9999999994665977 1,0000000012652885 1,0000000015975055 ), 0
( 0,9999999994672216 1,0000000012659898 1,000000001599428 ), 0
( 0,9999999994668971 1,0000000012693346 1,0000000016026567 ), 0
( 0,9999999994664384 1,0000000012675456 1,0000000016010304 ), 0
( 0,9999999994670037 1,0000000012681416 1,00000000160084 ), 0
( 0,9999999994665321 1,0000000012671129 1,0000000016020474 ), 0
( 0,999999999466324 1,0000000012691608 1,0000000016035206 ), 0
( 0,999999999467505 1,0000000012677892 1,0000000016018793 ), 0
( 0,9999999994667679 1,0000000012683485 1,0000000016019794 ), 0
( 0,9999999994671052 1,0000000012676804 1,0000000016013906 ), 0
( 0,9999999994680019 1,0000000012677646 1,0000000016002688 ), 0
( 0,9999999994659982 1,000000001267821 1,0000000016005068 ), 0
( 0,9999999994673772 1,0000000012670398 1,0000000016000035 ), 0
( 0,9999999994675695 1,0000000012663905 1,0000000016002255 ), 0
( 0,9999999994665554 1,0000000012701091 1,0000000016050543 ), 0
( 0,9999999994668045 1,0000000012661157 1,000000001599902 ), 0
( 0,9999999994664214 1,000000001268647 1,0000000016012343 ), 0
( 0,9999999994663906 1,000000001266724 1,0000000015999015 ), 0
( 0,9999999994674835 1,000000001266707 1,0000000016001627 ), 0
( 0,9999999994665968 1,00000000126705 1,000000001604124 ), 0
( 0,9999999994664152 1,0000000012672432 1,0000000016000354 ), 0
( 0,9999999994665745 1,0000000012681125 1,0000000016010742 ), 0
( 0,999999999466909 1,0000000012662114 1,000000001598037 ), 0
( 0,9999999994665437 1,000000001269125 1,0000000016031714 ), 0
( 0,9999999994665809 1,0000000012691181 1,0000000016046642 ), 0
( 0,9999999994667322 1,0000000012637293 1,0000000015974602 ), 0
( 0,99999999946672 1,0000000012671408 1,0000000015997765 ), 0
( 0,9999999994663507 1,000000001267492 1,0000000015996042 ), 0
( 0,9999999994653446 1,000000001267691 1,0000000016020754 ), 0
( 0,9999999994669625 1,0000000012675214 1,0000000016006905 ), 0
( 0,9999999994665231 1,0000000012684263 1,0000000016019381 ), 0
( 0,9999999994663019 1,0000000012671804 1,0000000016005484 ), 0
( 0,9999999994658066 1,0000000012665906 1,000000001601792 ), 0
( 0,9999999994669493 1,000000001265966 1,0000000016016486 ), 0
( 0,9999999994662441 1,0000000012694885 1,0000000016037616 ), 0
( 0,9999999994664746 1,0000000012653953 1,0000000015996684 ), 0
( 0,9999999994666502 1,000000001268383 1,000000001602693 ), 0
( 0,9999999994676642 1,000000001266361 1,0000000016004442 ), 0
( 0,9999999994657984 1,0000000012686305 1,0000000016016053 ), 0
( 0,9999999994656189 1,0000000012685673 1,000000001599393 ), 0
( 0,9999999994653836 1,0000000012662467 1,0000000015981654 ), 0
( 0,9999999994665968 1,0000000012694814 1,0000000016018797 ), 0
( 0,9999999994671412 1,0000000012677617 1,000000001602011 ), 0
( 0,9999999994661936 1,0000000012682795 1,0000000016021329 ), 0
( 0,9999999994665908 1,0000000012699213 1,0000000016031667 ), 0
( 0,9999999994654426 1,0000000012686208 1,0000000016027506 ), 0
( 0,9999999994666009 1,0000000012672432 1,0000000015998662 ), 0
( 0,9999999994656806 1,0000000012678238 1,000000001602301 ), 0
( 0,9999999994677189 1,000000001266857 1,0000000016000044 ), 0
( 0,9999999994678196 1,0000000012650765 1,0000000015980872 ), 0
( 0,99999999946654 1,000000001268507 1,0000000016022386 ), 0
( 0,9999999994678206 1,0000000012689334 1,0000000016001374 ), 0
( 0,999999999466338 1,000000001270818 1,0000000016050647 ), 0
( 0,9999999994658724 1,0000000012682186 1,0000000016024502 ), 0
( 0,9999999994652359 1,0000000012670887 1,0000000016010069 ), 0
( 0,9999999994666572 1,0000000012668335 1,0000000016014154 ), 0
( 0,9999999994683586 1,000000001267911 1,000000001602079 ), 0
( 0,9999999994659751 1,000000001268467 1,0000000016007904 ), 0
( 0,9999999994670004 1,0000000012677965 1,0000000016005082 ), 0
( 0,9999999994663793 1,0000000012663606 1,0000000015994726 ), 0
( 0,9999999994673365 1,0000000012678727 1,0000000016014745 ), 0
( 0,9999999994672204 1,0000000012633172 1,0000000015997896 ), 0
( 0,9999999994667149 1,000000001269705 1,0000000016017045 ), 0
( 0,9999999994675891 1,000000001269863 1,0000000016046597 ), 0
( 0,999999999467058 1,0000000012686507 1,0000000016019213 ), 0
( 0,9999999994662077 1,0000000012634638 1,0000000015983785 ), 0
( 0,9999999994670666 1,000000001267122 1,0000000016015853 ), 0
( 0,9999999994672055 1,0000000012676082 1,0000000016015618 ), 0
( 0,9999999994655981 1,000000001267008 1,0000000016004513 ), 0
( 0,9999999994665452 1,000000001268554 1,0000000016034245 ), 0
( 0,9999999994651861 1,000000001267629 1,000000001600957 ), 0
( 0,9999999994666643 1,0000000012693948 1,000000001600246 ), 0
( 0,999999999467003 1,0000000012680705 1,0000000016025323 ), 0
( 0,9999999994667901 1,0000000012680201 1,0000000016014365 ), 0
( 0,9999999994678097 1,0000000012672672 1,0000000016000912 ), 0
( 0,999999999466284 1,0000000012683345 1,0000000016054857 ), 0
( 0,9999999994660249 1,0000000012704189 1,0000000016022113 ), 0
( 0,9999999994666298 1,0000000012695451 1,0000000016015627 ), 0
( 0,9999999994682965 1,0000000012686856 1,0000000016023827 ), 0
( 0,999999999466726 1,000000001264994 1,0000000015980495 ), 0
( 0,9999999994667234 1,0000000012672403 1,0000000016015362 ), 0
( 0,9999999994672689 1,0000000012687187 1,000000001600599 ), 0
( 0,9999999994665745 1,0000000012689516 1,0000000016039778 ), 0
( 0,9999999994663468 1,0000000012663197 1,0000000016007067 ), 0
( 0,9999999994667502 1,0000000012685761 1,0000000016018435 ), 0
( 0,9999999994662918 1,0000000012689059 1,0000000016022945 ), 0
( 0,9999999994654903 1,0000000012675647 1,0000000016007908 ), 0
( 0,9999999994667389 1,0000000012662689 1,0000000016026933 ), 0
( 0,9999999994668537 1,0000000012681167 1,0000000016022108 ), 0
( 0,9999999994667932 1,0000000012694252 1,0000000016049087 ), 0
( 0,9999999994664688 1,0000000012681223 1,0000000016025934 ), 0
( 0,9999999994651165 1,000000001267495 1,0000000016033448 ), 0
( 0,9999999994657851 1,0000000012683792 1,0000000016009525 ), 0
( 0,9999999994662389 1,0000000012688064 1,0000000016010124 ), 0
( 0,999999999466326 1,000000001269308 1,000000001601364 ), 0
( 0,9999999994660715 1,000000001268374 1,0000000016026729 ), 0
( 0,9999999994669982 1,000000001268597 1,0000000016022415 ), 0
( 0,9999999994664397 1,000000001267985 1,0000000016018962 ), 0
( 0,9999999994667417 1,0000000012698143 1,0000000016028658 ), 0
( 0,9999999994666409 1,0000000012675112 1,0000000015985364 ), 0
( 0,9999999994665297 1,0000000012689079 1,00000000160213 ), 0
( 0,9999999994670686 1,0000000012678205 1,000000001601685 ), 0
( 0,9999999994663917 1,0000000012693144 1,000000001601558 ), 0
( 0,9999999994669726 1,0000000012694314 1,0000000016011499 ), 0
( 0,999999999467156 1,0000000012676533 1,0000000016001294 ), 0
( 0,9999999994673576 1,0000000012631238 1,0000000015951707 ), 0
( 0,9999999994660572 1,0000000012689836 1,0000000016027908 ), 0
( 0,9999999994665225 1,0000000012696169 1,0000000016021762 ), 0
( 0,9999999994660149 1,0000000012685968 1,0000000016029194 ), 0
( 0,9999999994660492 1,0000000012682762 1,0000000015995827 ), 0
( 0,9999999994676362 1,0000000012657695 1,0000000015991652 ), 0
( 0,9999999994670599 1,0000000012674586 1,0000000015995765 ), 0
( 0,9999999994670087 1,0000000012670798 1,0000000016001946 ), 0
( 0,9999999994659108 1,0000000012684078 1,0000000016022874 ), 0
( 0,9999999994663419 1,000000001267903 1,0000000016008719 ), 0
( 0,9999999994666615 1,0000000012658397 1,0000000016010786 ), 0
( 0,9999999994660458 1,0000000012676857 1,0000000016024102 ), 0
( 0,9999999994669494 1,0000000012702088 1,000000001601417 ), 0
( 0,999999999466026 1,0000000012699923 1,0000000016021513 ), 0
( 0,9999999994664255 1,000000001267748 1,000000001602158 ), 0
( 0,9999999994671422 1,0000000012682084 1,0000000016010662 ), 0
( 0,999999999465413 1,0000000012671757 1,000000001602141 ), 0
( 0,9999999994660986 1,0000000012671788 1,0000000016020227 ), 0
( 0,9999999994664751 1,000000001266819 1,0000000016035053 ), 0
( 0,9999999994668833 1,0000000012702954 1,0000000016034623 ), 0
( 0,9999999994662239 1,000000001267354 1,0000000016004913 ), 0
( 0,9999999994660601 1,0000000012606216 1,0000000015944648 ), 0
( 0,9999999994665797 1,0000000012660546 1,0000000015998318 ), 0
( 0,9999999994671168 1,0000000012703671 1,0000000016055741 ), 0
( 0,9999999994667843 1,0000000012683794 1,0000000016017725 ), 0
( 0,9999999994671932 1,0000000012679027 1,0000000016016906 ), 0
( 0,9999999994669074 1,0000000012668326 1,0000000015998596 ), 0
( 0,9999999994663813 1,0000000012675105 1,000000001601852 ), 0
( 0,999999999466593 1,0000000012664523 1,000000001600283 ), 0
( 0,9999999994667398 1,00000000126999 1,000000001603091 ), 0
( 0,9999999994673113 1,0000000012692967 1,0000000016029587 ), 0
( 0,9999999994667479 1,0000000012676586 1,0000000016005843 ), 0
( 0,9999999994661953 1,0000000012696806 1,0000000016036859 ), 0
( 0,9999999994670189 1,00000000126834 1,0000000016005577 ), 0
( 0,9999999994661692 1,0000000012688808 1,0000000016020962 ), 0
( 0,9999999994649067 1,000000001268314 1,0000000016022226 ), 0
( 0,999999999466406 1,000000001267294 1,00000000159825 ), 0
( 0,9999999994655485 1,0000000012670354 1,000000001601372 ), 0
( 0,9999999994657379 1,0000000012665053 1,0000000016010342 ), 0
( 0,9999999994666181 1,0000000012668473 1,0000000016004038 ), 0
( 0,9999999994669111 1,0000000012687182 1,0000000016018917 ), 0
( 0,9999999994645968 1,0000000012691272 1,0000000016015267 ), 0
( 0,9999999994671047 1,0000000012667127 1,000000001599091 ), 0
( 0,9999999994660308 1,0000000012683432 1,0000000016060973 ), 0
( 0,9999999994668887 1,0000000012699817 1,0000000016032193 ), 0
( 0,9999999994663848 1,0000000012677013 1,0000000015990762 ), 0
( 0,9999999994664894 1,0000000012672643 1,0000000016006538 ), 0
( 0,9999999994666966 1,0000000012677548 1,0000000016003776 ), 0
( 0,9999999994661948 1,0000000012682677 1,0000000016019817 ), 0
( 0,9999999994671226 1,0000000012689125 1,000000001601931 ), 0
( 0,9999999994663644 1,000000001263714 1,0000000016003425 ), 0
( 0,9999999994667425 1,0000000012675723 1,0000000016013482 ), 0
( 0,999999999466314 1,0000000012665993 1,0000000016010144 ), 0
( 0,9999999994660214 1,0000000012674601 1,0000000016006705 ), 0
( 0,9999999994665073 1,0000000012691668 1,0000000016025745 ), 0
( 0,9999999994669685 1,0000000012678913 1,0000000015991894 ), 0
( 0,9999999994666332 1,0000000012691825 1,0000000016046853 ), 0
( 0,9999999994658204 1,0000000012692598 1,000000001602968 ), 0
( 0,9999999994670568 1,0000000012668666 1,0000000016024677 ), 0
( 0,999999999466483 1,000000001266919 1,000000001605982 ), 0
( 0,9999999994667199 1,000000001266733 1,000000001600624 ), 0
( 0,9999999994678941 1,0000000012695256 1,0000000016004482 ), 0
( 0,9999999994662664 1,0000000012681851 1,0000000016009343 ), 0
( 0,9999999994664074 1,0000000012681214 1,0000000016004114 ), 0
( 0,9999999994658895 1,000000001269337 1,0000000016039272 ), 0
( 0,9999999994657522 1,000000001269314 1,0000000016032704 ), 0
( 0,9999999994659767 1,0000000012655688 1,0000000015994397 ), 0
( 0,9999999994664639 1,0000000012658479 1,0000000016031168 ), 0
( 0,9999999994661978 1,0000000012685415 1,0000000016013952 ), 0
( 0,9999999994675154 1,0000000012684716 1,00000000160115 ), 0
( 0,9999999994674554 1,000000001267717 1,000000001600503 ), 0
( 0,9999999994658432 1,000000001267333 1,0000000016016293 ), 0
( 0,9999999994671169 1,0000000012703745 1,0000000016046258 ), 0
( 0,9999999994664169 1,000000001266113 1,0000000015989992 ), 0
( 0,9999999994665558 1,0000000012677426 1,0000000016025534 ), 0
( 0,9999999994662607 1,0000000012694306 1,0000000016058708 ), 0
( 0,999999999468071 1,0000000012659878 1,0000000015992037 ), 0
( 0,9999999994669667 1,0000000012673789 1,0000000016006545 ), 0
( 0,999999999467655 1,000000001267546 1,0000000016021495 ), 0
( 0,9999999994650494 1,0000000012692785 1,0000000016027077 ), 0
( 0,9999999994663165 1,0000000012668966 1,000000001602596 ), 0
( 0,9999999994665925 1,0000000012661858 1,0000000016003259 ), 0
( 0,9999999994657853 1,0000000012698196 1,0000000016020814 ), 0
( 0,9999999994664175 1,0000000012683492 1,0000000016011659 ), 0
( 0,999999999466918 1,000000001267118 1,0000000016014867 ), 0
( 0,9999999994665989 1,000000001268716 1,000000001600451 ), 0
( 0,9999999994680723 1,0000000012681134 1,0000000016025519 ), 0
( 0,9999999994652481 1,00000000126632 1,0000000016017834 ), 0
( 0,9999999994671719 1,000000001268333 1,0000000016036261 ), 0
( 0,9999999994659245 1,0000000012664256 1,0000000015997272 ), 0
( 0,999999999467173 1,0000000012681203 1,0000000016010802 ), 0
( 0,9999999994663248 1,000000001267194 1,0000000015990056 ), 0
( 0,999999999465956 1,0000000012684531 1,0000000016014678 ), 0
( 0,9999999994660258 1,0000000012683894 1,0000000016015393 ), 0
( 0,9999999994655226 1,0000000012682713 1,0000000016022779 ), 0
( 0,9999999994662593 1,000000001269945 1,0000000016007713 ), 0
( 0,9999999994660437 1,0000000012682209 1,0000000016008768 ), 0
( 0,9999999994661363 1,0000000012655084 1,0000000015977213 ), 0
( 0,9999999994661966 1,000000001264903 1,00000000160118 ), 0
( 0,9999999994670504 1,0000000012679706 1,0000000015991137 ), 0
( 0,9999999994665466 1,0000000012678347 1,0000000015994115 ), 0
( 0,9999999994664951 1,0000000012700816 1,000000001603165 ), 0
( 0,9999999994683543 1,0000000012718149 1,0000000016052912 ), 0
( 0,9999999994661024 1,0000000012687407 1,0000000016024748 ), 0
( 0,9999999994678006 1,000000001265502 1,0000000015990136 ), 0
( 0,9999999994662886 1,0000000012663914 1,0000000016031036 ), 0
( 0,9999999994657985 1,0000000012673544 1,0000000016004513 ), 0
( 0,9999999994642322 1,0000000012671206 1,0000000016038373 ), 0
( 0,9999999994670988 1,0000000012679533 1,0000000015997361 ), 0
( 0,9999999994660781 1,0000000012670562 1,0000000016003348 ), 0
( 0,999999999466722 1,000000001266508 1,0000000016006805 ), 0
( 0,9999999994672498 1,000000001267229 1,0000000016045212 ), 0
( 0,9999999994654502 1,0000000012701478 1,000000001601673 ), 0
( 0,9999999994675064 1,0000000012696266 1,00000000160089 ), 0
( 0,9999999994659678 1,0000000012700427 1,0000000016019976 ), 0
( 0,9999999994658395 1,0000000012692052 1,0000000016031367 ), 0
( 0,9999999994670009 1,0000000012680037 1,000000001602548 ), 0
( 0,9999999994671684 1,0000000012694363 1,0000000016028847 ), 0
( 0,9999999994662792 1,0000000012647707 1,0000000015985244 ), 0
( 0,9999999994658759 1,0000000012679355 1,0000000016004826 ), 0
( 0,9999999994676344 1,000000001264731 1,000000001600596 ), 0
( 0,9999999994647489 1,0000000012634218 1,0000000016008683 ), 0
( 0,999999999465703 1,0000000012691082 1,00000000160186 ), 0
( 0,9999999994667582 1,0000000012695018 1,0000000016014188 ), 0
( 0,999999999466863 1,0000000012665506 1,0000000015997066 ), 0
( 0,9999999994667986 1,0000000012677903 1,0000000016015385 ), 0
( 0,9999999994658179 1,000000001266538 1,0000000016018131 ), 0
( 0,9999999994661289 1,0000000012687185 1,0000000016027144 ), 0
( 0,9999999994660366 1,000000001269091 1,000000001600876 ), 0
( 0,9999999994675874 1,000000001266822 1,0000000016002892 ), 0
( 0,9999999994669448 1,0000000012656722 1,000000001600973 ), 0
( 0,999999999467866 1,0000000012675283 1,0000000016008335 ), 0
( 0,9999999994673447 1,0000000012680739 1,000000001599903 ), 0
( 0,9999999994651374 1,0000000012677341 1,0000000016012631 ), 0
( 0,9999999994674275 1,0000000012674537 1,0000000015994668 ), 0
( 0,9999999994670429 1,0000000012676689 1,0000000016017134 ), 0
( 0,9999999994654578 1,0000000012691272 1,0000000016029507 ), 0
( 0,9999999994668113 1,0000000012693 1,000000001604759 ), 0
( 0,9999999994677675 1,000000001268517 1,000000001601971 ), 0
( 0,9999999994663366 1,0000000012679215 1,0000000016003256 ), 0
( 0,9999999994674856 1,0000000012670414 1,000000001601831 ), 0
( 0,9999999994660335 1,0000000012667702 1,0000000016021957 ), 0
( 0,999999999466031 1,0000000012677315 1,0000000016006907 ), 0
( 0,9999999994662884 1,0000000012679535 1,000000001600758 ), 0
( 0,9999999994662038 1,000000001267303 1,0000000016020414 ), 0
( 0,9999999994658425 1,0000000012684764 1,0000000016028345 ), 0
( 0,99999999946703 1,0000000012669819 1,0000000016006076 ), 0
( 0,9999999994672413 1,0000000012674686 1,0000000016016883 ), 0
( 0,9999999994669704 1,0000000012674308 1,0000000016012927 ), 0
( 0,999999999464682 1,000000001268195 1,0000000016022534 ), 0
( 0,9999999994660096 1,0000000012697856 1,000000001602776 ), 0
( 0,9999999994670418 1,0000000012689485 1,0000000016016526 ), 0
( 0,9999999994662571 1,0000000012686316 1,0000000016023813 ), 0
( 0,9999999994678224 1,0000000012672439 1,0000000016005635 ), 0
( 0,9999999994665982 1,0000000012676142 1,0000000016004575 ), 0
( 0,999999999466049 1,0000000012661079 1,0000000016005 ), 0
( 0,999999999465177 1,0000000012708943 1,000000001604731 ), 0
( 0,9999999994662222 1,0000000012689243 1,0000000016031088 ), 0
( 0,9999999994667621 1,000000001268323 1,0000000016019082 ), 0
( 0,9999999994665143 1,000000001266633 1,0000000015988457 ), 0
( 0,9999999994670858 1,0000000012685153 1,0000000016006318 ), 0
( 0,9999999994675222 1,00000000126545 1,0000000015992159 ), 0
( 0,999999999466323 1,0000000012668537 1,0000000016050414 ), 0
( 0,9999999994671575 1,0000000012664425 1,0000000015989972 ), 0
( 0,9999999994675268 1,0000000012666765 1,0000000016005295 ), 0
( 0,999999999466229 1,0000000012653147 1,0000000015972983 ), 0
( 0,9999999994669768 1,0000000012677657 1,0000000016029424 ), 0
( 0,9999999994669752 1,0000000012684727 1,0000000016020911 ), 0
( 0,9999999994663802 1,000000001267882 1,000000001601198 ), 0
( 0,9999999994666211 1,0000000012677415 1,0000000016015262 ), 0
( 0,9999999994666094 1,0000000012644874 1,0000000015982746 ), 0
( 0,9999999994667818 1,0000000012595993 1,0000000015934876 ), 0
( 0,9999999994670339 1,0000000012618724 1,0000000015943307 ), 0
( 0,9999999994666517 1,00000000126863 1,0000000016031425 ), 0
( 0,9999999994655473 1,0000000012684558 1,0000000016024386 ), 0
( 0,9999999994674805 1,0000000012683274 1,0000000016023745 ), 0
( 0,9999999994660715 1,0000000012677221 1,000000001603362 ), 0
( 0,999999999465551 1,00000000126844 1,000000001603925 ), 0
( 0,9999999994670302 1,0000000012665333 1,0000000015997965 ), 0
( 0,9999999994671203 1,0000000012686816 1,0000000016015886 ), 0
( 0,999999999466549 1,0000000012692176 1,0000000016028001 ), 0
( 0,9999999994666904 1,0000000012676846 1,000000001602249 ), 0
( 0,999999999466603 1,0000000012672354 1,0000000016006758 ), 0
( 0,9999999994672066 1,0000000012648695 1,0000000015991948 ), 0
( 0,999999999466093 1,0000000012683223 1,0000000016013322 ), 0
( 0,9999999994664687 1,000000001266981 1,0000000016011392 ), 0
( 0,9999999994653189 1,0000000012682162 1,0000000016017088 ), 0
( 0,9999999994664075 1,000000001255763 1,0000000015900823 ), 0
( 0,9999999994661478 1,0000000012680992 1,000000001601442 ), 0
( 0,9999999994668615 1,0000000012646775 1,0000000015993982 ), 0
( 0,9999999994668656 1,000000001268166 1,000000001600954 ), 0
( 0,9999999994659988 1,0000000012681787 1,0000000016026913 ), 0
( 0,9999999994670613 1,000000001268403 1,0000000016010246 ), 0
( 0,9999999994665768 1,000000001267681 1,0000000016017148 ), 0
( 0,999999999467116 1,0000000012698553 1,0000000016041786 ), 0
( 0,9999999994663699 1,0000000012681534 1,0000000016012678 ), 0
( 0,9999999994695439 1,0000000012683985 1,0000000015998467 ), 0
( 0,9999999994664434 1,0000000012664498 1,000000001602371 ), 0
( 0,9999999994660266 1,0000000012687336 1,00000000160188 ), 0
( 0,9999999994674956 1,0000000012659769 1,0000000015984323 ), 0
( 0,9999999994672385 1,0000000012682737 1,0000000016016861 ), 0
( 0,9999999994671248 1,0000000012679138 1,000000001602062 ), 0
( 0,9999999994669789 1,0000000012689394 1,0000000016015969 ), 0
( 0,9999999994662303 1,0000000012675605 1,0000000016019719 ), 0
( 0,9999999994658657 1,0000000012679893 1,0000000016020034 ), 0
( 0,9999999994665805 1,0000000012682715 1,0000000016035389 ), 0
( 0,9999999994668048 1,0000000012680479 1,0000000016025676 ), 0
( 0,9999999994674348 1,000000001267742 1,0000000016015458 ), 0
( 0,9999999994666826 1,0000000012686294 1,000000001601411 ), 0
( 0,9999999994661064 1,000000001269356 1,0000000016010206 ), 0
( 0,9999999994666002 1,00000000126832 1,0000000016030517 ), 0
( 0,9999999994659677 1,0000000012692258 1,0000000016022037 ), 0
( 0,9999999994666934 1,0000000012691468 1,0000000016021324 ), 0
( 0,9999999994678131 1,000000001267898 1,0000000016009754 ), 0
( 0,9999999994659802 1,0000000012671775 1,0000000016005335 ), 0
( 0,9999999994669639 1,0000000012680947 1,000000001601961 ), 0
( 0,9999999994657407 1,0000000012657253 1,0000000016023514 ), 0
( 0,9999999994655956 1,0000000012677428 1,0000000016024198 ), 0
( 0,9999999994658667 1,0000000012667025 1,0000000016014952 ), 0
( 0,9999999994650358 1,0000000012683108 1,0000000016022188 ), 0
( 0,9999999994667228 1,0000000012681058 1,0000000016009638 ), 0
( 0,9999999994671718 1,000000001268832 1,0000000016019268 ), 0
( 0,9999999994666421 1,0000000012657568 1,000000001599027 ), 0
( 0,9999999994675528 1,0000000012664183 1,0000000016009407 ), 0
( 0,9999999994673678 1,0000000012668588 1,0000000015988308 ), 0
( 0,9999999994675292 1,000000001269479 1,0000000016031774 ), 0
( 0,9999999994668758 1,0000000012671728 1,00000000160107 ), 0
( 0,9999999994659247 1,0000000012658827 1,0000000016004762 ), 0
( 0,9999999994662979 1,000000001269474 1,0000000016043522 ), 0
( 0,9999999994675722 1,000000001267128 1,0000000016032584 ), 0
( 0,9999999994663185 1,0000000012681416 1,0000000016018724 ), 0
( 0,9999999994663434 1,0000000012668349 1,0000000016017663 ), 0
( 0,999999999467414 1,0000000012677692 1,0000000016005532 ), 0
( 0,9999999994669312 1,0000000012666168 1,0000000015982788 ), 0
( 0,9999999994667073 1,000000001269451 1,0000000016003623 ), 0
( 0,9999999994671551 1,0000000012697563 1,000000001603292 ), 0
( 0,9999999994655305 1,0000000012675045 1,0000000016018298 ), 0
( 0,9999999994666222 1,0000000012675778 1,0000000016023987 ), 0
( 0,9999999994664662 1,0000000012677444 1,0000000016007928 ), 0
( 0,9999999994671938 1,0000000012692876 1,0000000016033297 ), 0
( 0,9999999994676254 1,0000000012670547 1,0000000016023713 ), 0
( 0,9999999994668728 1,0000000012690697 1,0000000016032504 ), 0
( 0,9999999994669029 1,0000000012665162 1,0000000015990247 ), 0
( 0,9999999994670351 1,0000000012693937 1,0000000016047288 ), 0
( 0,9999999994665723 1,0000000012671855 1,0000000016009352 ), 0
( 0,9999999994672172 1,0000000012686014 1,000000001601796 ), 0
( 0,9999999994677466 1,000000001266003 1,0000000015984836 ), 0
( 0,999999999466601 1,0000000012666377 1,0000000015997832 ), 0
( 0,999999999466955 1,0000000012685903 1,000000001603971 ), 0
( 0,9999999994658483 1,0000000012655086 1,0000000016016666 ), 0
( 0,9999999994669043 1,0000000012659611 1,0000000016010093 ), 0
( 0,9999999994669712 1,0000000012693337 1,000000001605691 ), 0
( 0,9999999994670946 1,0000000012684118 1,0000000016021395 ), 0
( 0,9999999994672304 1,0000000012649166 1,0000000016015478 ), 0
( 0,999999999466868 1,0000000012684227 1,000000001602819 ), 0
( 0,9999999994658342 1,0000000012677326 1,0000000016047057 ), 0
( 0,9999999994675314 1,000000001267308 1,000000001599988 ), 0
( 0,9999999994672204 1,0000000012642658 1,0000000015968704 ), 0
( 0,9999999994670304 1,0000000012681856 1,0000000016044266 ), 0
( 0,9999999994671641 1,0000000012692962 1,0000000016021187 ), 0
( 0,9999999994672021 1,0000000012661792 1,0000000016010915 ), 0
( 0,9999999994663326 1,0000000012682828 1,000000001601797 ), 0
( 0,9999999994672356 1,000000001268445 1,0000000016040647 ), 0
( 0,9999999994662305 1,0000000012671046 1,0000000016031245 ), 0
( 0,9999999994659984 1,0000000012682244 1,000000001603368 ), 0
( 0,9999999994659905 1,0000000012648709 1,0000000015987278 ), 0
( 0,9999999994667199 1,0000000012669792 1,000000001600757 ), 0
( 0,9999999994672403 1,0000000012690107 1,000000001601488 ), 0
( 0,9999999994664855 1,000000001267385 1,000000001604034 ), 0
( 0,9999999994666207 1,0000000012678147 1,0000000016015762 ), 0
( 0,9999999994668862 1,0000000012679078 1,0000000016019144 ), 0
( 0,9999999994664458 1,0000000012668977 1,0000000016006516 ), 0
( 0,9999999994671012 1,0000000012690198 1,0000000016041957 ), 0
( 0,9999999994656578 1,0000000012653918 1,0000000016019361 ), 0
( 0,99999999946719 1,0000000012694772 1,0000000016022927 ), 0
( 0,9999999994657649 1,0000000012674102 1,000000001601408 ), 0
( 0,9999999994662859 1,0000000012685897 1,0000000016021215 ), 0
( 0,9999999994678173 1,0000000012684889 1,00000000160075 ), 0
( 0,9999999994664659 1,0000000012675896 1,0000000016002768 ), 0
( 0,999999999466358 1,00000000126578 1,0000000016003008 ), 0
( 0,9999999994659315 1,0000000012681458 1,0000000015996715 ), 0
( 0,9999999994661563 1,0000000012684718 1,0000000016006663 ), 0
( 0,9999999994670244 1,0000000012675785 1,000000001602452 ), 0
( 0,9999999994672383 1,0000000012692598 1,0000000016028128 ), 0
( 0,9999999994670954 1,0000000012662533 1,0000000015993442 ), 0
( 0,999999999466327 1,0000000012688925 1,000000001602819 ), 0
( 0,9999999994667856 1,0000000012698982 1,0000000016011326 ), 0
( 0,9999999994674891 1,000000001266226 1,0000000016008372 ), 0
( 0,9999999994671085 1,0000000012683596 1,000000001602663 ), 0
( 0,9999999994653523 1,000000001267864 1,0000000016028754 ), 0
( 0,9999999994661064 1,0000000012689738 1,0000000016035013 ), 0
( 0,9999999994700682 1,0000000012683234 1,0000000015980717 ), 0
( 0,99999999946651 1,0000000012688266 1,0000000016006976 ), 0
( 0,9999999994671364 1,0000000012691936 1,0000000016029198 ), 0
( 0,9999999994669375 1,0000000012687509 1,0000000016022017 ), 0
( 0,9999999994666031 1,0000000012665216 1,0000000015988013 ), 0
( 0,999999999465763 1,0000000012684593 1,0000000016008408 ), 0
( 0,9999999994668142 1,0000000012683181 1,0000000016014516 ), 0
( 0,999999999467596 1,0000000012662345 1,0000000016008974 ), 0
( 0,9999999994670965 1,000000001267849 1,0000000016012058 ), 0
( 0,9999999994660894 1,0000000012697436 1,000000001599387 ), 0
( 0,9999999994664176 1,0000000012697283 1,0000000016018722 ), 0
( 0,9999999994672166 1,0000000012667523 1,000000001600944 ), 0
( 0,9999999994669735 1,0000000012507182 1,0000000015847805 ), 0
( 0,9999999994669472 1,0000000012681227 1,000000001600801 ), 0
( 0,9999999994664904 1,0000000012685386 1,0000000016025612 ), 0
( 0,9999999994663898 1,0000000012667818 1,0000000016007424 ), 0
( 0,999999999465498 1,0000000012703134 1,0000000016040993 ), 0
( 0,9999999994670988 1,0000000012671304 1,0000000015999684 ), 0
( 0,9999999994686977 1,0000000012682486 1,0000000016010726 ), 0
( 0,9999999994673174 1,0000000012660981 1,0000000016009298 ), 0
( 0,999999999464853 1,0000000012683663 1,0000000016022652 ), 0
( 0,9999999994660624 1,0000000012688324 1,000000001601895 ), 0
( 0,9999999994678561 1,000000001267437 1,0000000016018704 ), 0
( 0,9999999994656948 1,0000000012681254 1,0000000016012103 ), 0
( 0,9999999994671599 1,0000000012689187 1,0000000016004218 ), 0
( 0,9999999994657396 1,0000000012690606 1,000000001602767 ), 0
( 0,9999999994668455 1,000000001270445 1,0000000016031716 ), 0
( 0,999999999466751 1,0000000012671568 1,0000000015997121 ), 0
( 0,9999999994665528 1,0000000012687633 1,0000000016022894 ), 0
( 0,999999999466709 1,0000000012676196 1,0000000016012442 ), 0
( 0,999999999465602 1,0000000012684698 1,0000000016033805 ), 0
( 0,9999999994657626 1,0000000012683314 1,00000000160345 ), 0
( 0,999999999466573 1,0000000012676293 1,0000000016012192 ), 0
( 0,9999999994666502 1,0000000012693946 1,00000000160207 ), 0
( 0,9999999994671527 1,000000001266132 1,000000001601235 ), 0
( 0,9999999994660576 1,0000000012678074 1,0000000016018922 ), 0
( 0,9999999994669753 1,0000000012693304 1,0000000016031416 ), 0
( 0,9999999994659895 1,0000000012653232 1,0000000015990085 ), 0
( 0,9999999994636495 1,0000000012685024 1,000000001603862 ), 0
( 0,9999999994678054 1,0000000012666648 1,00000000160032 ), 0
( 0,9999999994670713 1,0000000012633226 1,0000000015994837 ), 0
( 0,9999999994663888 1,0000000012675716 1,0000000016018844 ), 0
( 0,9999999994665808 1,0000000012694308 1,0000000016004835 ), 0
( 0,9999999994665622 1,0000000012686456 1,000000001601555 ), 0
( 0,9999999994666654 1,0000000012688242 1,0000000016024087 ), 0
( 0,9999999994676546 1,0000000012694057 1,0000000016026633 ), 0
( 0,9999999994672796 1,0000000012642798 1,0000000015968362 ), 0
( 0,9999999994666808 1,000000001267523 1,0000000016007096 ), 0
( 0,999999999466247 1,0000000012691466 1,000000001603116 ), 0
( 0,999999999465881 1,0000000012669987 1,0000000016025168 ), 0
( 0,9999999994671188 1,0000000012663826 1,000000001599958 ), 0
( 0,9999999994666743 1,0000000012671082 1,0000000016022874 ), 0
( 0,9999999994667711 1,0000000012683148 1,0000000016033221 ), 0
( 0,9999999994656258 1,0000000012672556 1,0000000015991617 ), 0
( 0,9999999994666859 1,0000000012703607 1,000000001603051 ), 0
Liczba wywoa funkcji celu: 167083
