Iteracja nr: 85
( 0,9999999994669262 1,0000000012673296 1,0000000016011317 ), 0
( 0,9999999994668954 1,0000000012678159 1,0000000016006214 ), 0
( 0,9999999994669748 1,0000000012669006 1,0000000016011599 ), 0
( 0,9999999994671859 1,0000000012666597 1,000000001600515 ), 0
( 0,9999999994662546 1,0000000012683965 1,0000000016017268 ), 0
( 0,9999999994662659 1,0000000012688006 1,0000000016037636 ), 0
( 0,999999999466339 1,0000000012675818 1,0000000016023254 ), 0
( 0,9999999994668011 1,0000000012671013 1,0000000016017585 ), 0
( 0,9999999994665137 1,0000000012681411 1,000000001602319 ), 0
( 0,9999999994666453 1,0000000012672534 1,000000001601245 ), 0
( 0,9999999994666164 1,0000000012673098 1,0000000016002248 ), 0
( 0,999999999466076 1,000000001268366 1,0000000016031831 ), 0
( 0,9999999994670892 1,000000001268646 1,0000000016026642 ), 0
( 0,9999999994666013 1,000000001265385 1,0000000015986952 ), 0
( 0,999999999466306 1,000000001268245 1,0000000016013668 ), 0
( 0,9999999994661436 1,0000000012681691 1,0000000016019095 ), 0
( 0,9999999994662381 1,0000000012697206 1,0000000016048092 ), 0
( 0,9999999994657978 1,00000000126643 1,0000000015983015 ), 0
( 0,9999999994669979 1,0000000012678636 1,0000000016017543 ), 0
( 0,9999999994664377 1,0000000012680614 1,0000000016018018 ), 0
( 0,9999999994658937 1,0000000012680181 1,0000000016014592 ), 0
( 0,9999999994664158 1,000000001267542 1,0000000016020203 ), 0
( 0,9999999994671672 1,00000000126738 1,0000000016008108 ), 0
( 0,9999999994666937 1,0000000012663526 1,0000000016006165 ), 0
( 0,9999999994663272 1,000000001266933 1,0000000016015032 ), 0
( 0,9999999994661075 1,0000000012683552 1,000000001601464 ), 0
( 0,9999999994652281 1,0000000012678016 1,0000000016024397 ), 0
( 0,9999999994666289 1,0000000012685077 1,0000000016023807 ), 0
( 0,9999999994671461 1,000000001267836 1,0000000016020016 ), 0
( 0,9999999994663276 1,0000000012688426 1,000000001601785 ), 0
( 0,9999999994672027 1,0000000012662467 1,0000000015992567 ), 0
( 0,9999999994662542 1,000000001266058 1,0000000016001926 ), 0
( 0,999999999467386 1,0000000012677523 1,0000000016013706 ), 0
( 0,9999999994698273 1,000000001268693 1,000000001598459 ), 0
( 0,9999999994659647 1,0000000012678163 1,0000000016019608 ), 0
( 0,9999999994665635 1,0000000012680168 1,0000000016015058 ), 0
( 0,9999999994660221 1,0000000012667138 1,0000000016005892 ), 0
( 0,9999999994666694 1,0000000012683492 1,0000000016013815 ), 0
( 0,9999999994656139 1,0000000012683943 1,0000000016026285 ), 0
( 0,999999999466326 1,000000001267084 1,0000000016021715 ), 0
( 0,9999999994664283 1,000000001267856 1,0000000016019368 ), 0
( 0,9999999994668707 1,0000000012688892 1,0000000016023882 ), 0
( 0,9999999994665926 1,0000000012663386 1,0000000015999213 ), 0
( 0,999999999467516 1,0000000012674382 1,0000000016002542 ), 0
( 0,9999999994667378 1,0000000012694898 1,0000000016025385 ), 0
( 0,9999999994674521 1,000000001267162 1,0000000016003705 ), 0
( 0,9999999994666046 1,0000000012672798 1,0000000016020185 ), 0
( 0,9999999994659151 1,0000000012687298 1,0000000016035873 ), 0
( 0,9999999994668314 1,000000001268536 1,0000000016024315 ), 0
( 0,999999999466282 1,0000000012675079 1,000000001600556 ), 0
( 0,9999999994671197 1,0000000012684673 1,0000000016026829 ), 0
( 0,9999999994656534 1,00000000126711 1,0000000016001755 ), 0
( 0,9999999994671156 1,0000000012676238 1,000000001601792 ), 0
( 0,9999999994661457 1,0000000012678212 1,0000000016012633 ), 0
( 0,9999999994671608 1,0000000012682164 1,0000000016017296 ), 0
( 0,9999999994660539 1,0000000012681831 1,000000001601151 ), 0
( 0,9999999994665628 1,0000000012683825 1,0000000016010613 ), 0
( 0,9999999994657495 1,000000001264813 1,0000000015992005 ), 0
( 0,9999999994667822 1,000000001268224 1,0000000016030621 ), 0
( 0,9999999994660485 1,000000001267642 1,000000001601752 ), 0
( 0,9999999994664189 1,0000000012680834 1,0000000016022654 ), 0
( 0,9999999994670601 1,0000000012684185 1,0000000016012855 ), 0
( 0,9999999994663638 1,0000000012676669 1,0000000016015236 ), 0
( 0,999999999466734 1,0000000012673025 1,000000001601946 ), 0
( 0,9999999994660088 1,0000000012671304 1,000000001601662 ), 0
( 0,9999999994669304 1,0000000012686934 1,0000000016026491 ), 0
( 0,9999999994663586 1,0000000012677324 1,000000001600823 ), 0
( 0,9999999994662607 1,000000001266157 1,0000000015995978 ), 0
( 0,9999999994664945 1,0000000012679382 1,000000001600247 ), 0
( 0,9999999994659792 1,0000000012697714 1,0000000016011763 ), 0
( 0,9999999994659483 1,0000000012681374 1,000000001601622 ), 0
( 0,9999999994667652 1,000000001268397 1,000000001601762 ), 0
( 0,9999999994667175 1,0000000012680499 1,0000000016019275 ), 0
( 0,99999999946693 1,0000000012666497 1,0000000016003134 ), 0
( 0,9999999994663722 1,0000000012678831 1,0000000016020645 ), 0
( 0,9999999994664892 1,0000000012684336 1,0000000016016588 ), 0
( 0,999999999466929 1,0000000012684778 1,000000001602686 ), 0
( 0,9999999994661416 1,0000000012691006 1,000000001602814 ), 0
( 0,9999999994669707 1,0000000012672874 1,0000000016012587 ), 0
( 0,9999999994664069 1,0000000012690906 1,0000000016013717 ), 0
( 0,999999999466034 1,0000000012673969 1,0000000016004993 ), 0
( 0,9999999994668727 1,0000000012670975 1,0000000016013944 ), 0
( 0,9999999994667288 1,0000000012695016 1,000000001603066 ), 0
( 0,9999999994666048 1,0000000012678967 1,000000001602353 ), 0
( 0,9999999994669238 1,0000000012685808 1,0000000016012092 ), 0
( 0,9999999994668372 1,0000000012678782 1,000000001601538 ), 0
( 0,9999999994661508 1,0000000012672947 1,000000001600035 ), 0
( 0,9999999994665816 1,0000000012679164 1,000000001602007 ), 0
( 0,9999999994673332 1,0000000012676835 1,0000000015990096 ), 0
( 0,9999999994668637 1,0000000012692454 1,0000000016009942 ), 0
( 0,999999999466418 1,0000000012689365 1,000000001602005 ), 0
( 0,9999999994689375 1,0000000012689871 1,000000001599565 ), 0
( 0,9999999994670866 1,0000000012686372 1,0000000016025594 ), 0
( 0,9999999994666758 1,0000000012679557 1,0000000016019903 ), 0
( 0,9999999994663045 1,0000000012679977 1,000000001602228 ), 0
( 0,99999999946709 1,0000000012682062 1,0000000016010837 ), 0
( 0,9999999994662521 1,0000000012674424 1,0000000016006763 ), 0
( 0,99999999946624 1,0000000012670092 1,0000000015991148 ), 0
( 0,9999999994671293 1,0000000012690415 1,0000000016026178 ), 0
( 0,9999999994676072 1,0000000012672587 1,000000001600577 ), 0
( 0,9999999994661508 1,0000000012677746 1,0000000016029544 ), 0
( 0,9999999994662931 1,0000000012694137 1,0000000016012927 ), 0
( 0,9999999994658824 1,0000000012692662 1,000000001601708 ), 0
( 0,999999999467104 1,000000001267927 1,0000000016008785 ), 0
( 0,9999999994663703 1,0000000012674812 1,000000001601603 ), 0
( 0,9999999994669257 1,000000001267852 1,0000000016016952 ), 0
( 0,9999999994669678 1,0000000012677375 1,000000001600508 ), 0
( 0,9999999994669518 1,0000000012675438 1,0000000016012274 ), 0
( 0,999999999466769 1,0000000012683408 1,0000000016020367 ), 0
( 0,9999999994669354 1,0000000012677979 1,0000000016027382 ), 0
( 0,999999999467611 1,0000000012692227 1,0000000016021078 ), 0
( 0,9999999994664684 1,0000000012680899 1,000000001601507 ), 0
( 0,9999999994660121 1,000000001267483 1,000000001603229 ), 0
( 0,9999999994666775 1,0000000012693637 1,0000000016043389 ), 0
( 0,9999999994658461 1,0000000012656698 1,0000000015991577 ), 0
( 0,9999999994667701 1,000000001268499 1,00000000160221 ), 0
( 0,9999999994670672 1,000000001268934 1,0000000016011132 ), 0
( 0,9999999994665588 1,0000000012678 1,00000000160065 ), 0
( 0,9999999994668122 1,000000001268271 1,0000000016009172 ), 0
( 0,9999999994661576 1,0000000012689427 1,000000001601531 ), 0
( 0,9999999994666074 1,0000000012653774 1,0000000015984158 ), 0
( 0,9999999994664445 1,0000000012667343 1,000000001600073 ), 0
( 0,9999999994663178 1,0000000012678947 1,0000000016016104 ), 0
( 0,9999999994671679 1,0000000012681778 1,0000000015992905 ), 0
( 0,9999999994669633 1,0000000012678112 1,0000000016010584 ), 0
( 0,9999999994664857 1,0000000012678947 1,0000000016030277 ), 0
( 0,9999999994664086 1,0000000012658299 1,0000000015998447 ), 0
( 0,9999999994663166 1,0000000012678734 1,0000000016009 ), 0
( 0,9999999994671868 1,000000001268512 1,0000000016027932 ), 0
( 0,9999999994669917 1,000000001266996 1,000000001600584 ), 0
( 0,9999999994665693 1,0000000012669437 1,0000000016016934 ), 0
( 0,9999999994664723 1,0000000012683123 1,0000000016024984 ), 0
( 0,9999999994672414 1,0000000012664056 1,0000000015989454 ), 0
( 0,9999999994681622 1,0000000012670576 1,0000000015994275 ), 0
( 0,9999999994668408 1,000000001268454 1,0000000016021247 ), 0
( 0,9999999994656515 1,00000000126718 1,0000000016024924 ), 0
( 0,9999999994661745 1,000000001268331 1,0000000016011175 ), 0
( 0,9999999994660708 1,0000000012681043 1,000000001602798 ), 0
( 0,9999999994663972 1,0000000012680588 1,0000000016016546 ), 0
( 0,99999999946662 1,0000000012689088 1,000000001601428 ), 0
( 0,9999999994665288 1,0000000012675834 1,0000000016008446 ), 0
( 0,9999999994670781 1,00000000126796 1,0000000016010373 ), 0
( 0,9999999994670405 1,0000000012675299 1,0000000016016746 ), 0
( 0,9999999994664407 1,0000000012687882 1,0000000016026944 ), 0
( 0,9999999994665555 1,0000000012691037 1,0000000016027204 ), 0
( 0,9999999994667805 1,000000001267268 1,000000001601419 ), 0
( 0,9999999994661015 1,0000000012682702 1,000000001601175 ), 0
( 0,9999999994663129 1,0000000012676715 1,0000000016006534 ), 0
( 0,9999999994664942 1,000000001268157 1,0000000016027728 ), 0
( 0,9999999994661453 1,0000000012681243 1,000000001601516 ), 0
( 0,9999999994668421 1,0000000012685855 1,000000001601851 ), 0
( 0,9999999994663353 1,0000000012664854 1,0000000016010824 ), 0
( 0,9999999994665083 1,0000000012677701 1,0000000016014565 ), 0
( 0,999999999467286 1,0000000012669537 1,0000000016010484 ), 0
( 0,9999999994672518 1,000000001265437 1,0000000016000021 ), 0
( 0,9999999994662163 1,0000000012685288 1,0000000016023751 ), 0
( 0,9999999994668516 1,0000000012668475 1,000000001601491 ), 0
( 0,9999999994668181 1,000000001267453 1,0000000016019794 ), 0
( 0,9999999994658557 1,0000000012685872 1,0000000016027313 ), 0
( 0,9999999994670431 1,0000000012692867 1,00000000160333 ), 0
( 0,9999999994661327 1,0000000012686352 1,0000000016014066 ), 0
( 0,9999999994659475 1,0000000012672652 1,0000000016000503 ), 0
( 0,9999999994660344 1,0000000012676387 1,000000001600734 ), 0
( 0,9999999994661608 1,000000001268019 1,0000000016031656 ), 0
( 0,999999999466358 1,0000000012671186 1,0000000016011534 ), 0
( 0,9999999994664953 1,0000000012670651 1,000000001600904 ), 0
( 0,9999999994659486 1,0000000012680734 1,0000000016006452 ), 0
( 0,9999999994666426 1,000000001267857 1,0000000015999853 ), 0
( 0,9999999994668242 1,0000000012674841 1,0000000016013797 ), 0
( 0,9999999994668773 1,0000000012676329 1,0000000016008646 ), 0
( 0,9999999994658365 1,00000000126836 1,0000000016021882 ), 0
( 0,9999999994661952 1,0000000012661927 1,0000000016024653 ), 0
( 0,9999999994666575 1,000000001267958 1,0000000016011032 ), 0
( 0,9999999994665721 1,0000000012682524 1,0000000016020034 ), 0
( 0,9999999994669623 1,0000000012686867 1,0000000016029476 ), 0
( 0,9999999994661845 1,0000000012691195 1,0000000016020592 ), 0
( 0,999999999465902 1,000000001265769 1,000000001601644 ), 0
( 0,9999999994661783 1,0000000012686256 1,0000000016016228 ), 0
( 0,9999999994661491 1,0000000012675836 1,0000000016015993 ), 0
( 0,9999999994659244 1,000000001268346 1,0000000016022994 ), 0
( 0,9999999994667094 1,0000000012675316 1,0000000016012531 ), 0
( 0,9999999994667618 1,0000000012687966 1,0000000016014974 ), 0
( 0,9999999994664127 1,0000000012686001 1,0000000016019404 ), 0
( 0,9999999994673154 1,0000000012689017 1,0000000016004864 ), 0
( 0,9999999994665247 1,0000000012671328 1,0000000016012218 ), 0
( 0,9999999994665482 1,0000000012678312 1,0000000016018962 ), 0
( 0,9999999994663482 1,00000000126973 1,00000000160302 ), 0
( 0,999999999467072 1,0000000012688268 1,000000001602275 ), 0
( 0,9999999994667694 1,0000000012673609 1,0000000015994273 ), 0
( 0,9999999994663906 1,0000000012681525 1,000000001602538 ), 0
( 0,9999999994665618 1,0000000012675168 1,000000001603726 ), 0
( 0,9999999994675267 1,0000000012684243 1,0000000016024106 ), 0
( 0,9999999994662503 1,0000000012683385 1,000000001601333 ), 0
( 0,9999999994665564 1,0000000012676766 1,0000000016003303 ), 0
( 0,9999999994669253 1,0000000012688797 1,0000000016018296 ), 0
( 0,9999999994665341 1,0000000012663015 1,00000000160044 ), 0
( 0,9999999994663187 1,000000001264858 1,0000000015999468 ), 0
( 0,9999999994661485 1,0000000012683194 1,0000000016023491 ), 0
( 0,9999999994664788 1,0000000012686696 1,0000000016027148 ), 0
( 0,9999999994667169 1,0000000012686312 1,0000000016018433 ), 0
( 0,999999999466538 1,0000000012673165 1,000000001600559 ), 0
( 0,9999999994667934 1,0000000012674848 1,0000000016010395 ), 0
( 0,999999999466797 1,0000000012677035 1,0000000015998713 ), 0
( 0,9999999994664891 1,0000000012602333 1,0000000015948096 ), 0
( 0,9999999994661442 1,0000000012687356 1,0000000016015096 ), 0
( 0,9999999994665304 1,000000001265478 1,0000000015996415 ), 0
( 0,9999999994665502 1,0000000012691352 1,000000001603115 ), 0
( 0,999999999465709 1,0000000012679342 1,0000000016017128 ), 0
( 0,9999999994664076 1,00000000126844 1,0000000016022188 ), 0
( 0,9999999994662957 1,0000000012681123 1,0000000016009922 ), 0
( 0,9999999994663108 1,0000000012663015 1,0000000016002235 ), 0
( 0,9999999994668615 1,00000000126854 1,000000001601878 ), 0
( 0,9999999994660927 1,0000000012673402 1,0000000016013395 ), 0
( 0,9999999994661033 1,0000000012672485 1,0000000016013542 ), 0
( 0,9999999994664535 1,0000000012653734 1,000000001599254 ), 0
( 0,9999999994659261 1,0000000012683987 1,000000001601147 ), 0
( 0,9999999994662737 1,0000000012683807 1,000000001602997 ), 0
( 0,9999999994658283 1,0000000012685892 1,0000000016027317 ), 0
( 0,9999999994667623 1,0000000012673376 1,000000001601828 ), 0
( 0,9999999994667949 1,0000000012656685 1,0000000016006116 ), 0
( 0,9999999994669918 1,000000001268436 1,0000000016026067 ), 0
( 0,999999999466438 1,0000000012676211 1,0000000016002188 ), 0
( 0,999999999467061 1,000000001268605 1,0000000016025465 ), 0
( 0,9999999994666388 1,0000000012687358 1,0000000016014716 ), 0
( 0,9999999994667413 1,0000000012693808 1,0000000016024806 ), 0
( 0,9999999994669858 1,0000000012674388 1,0000000016010733 ), 0
( 0,9999999994665277 1,0000000012675019 1,000000001603415 ), 0
( 0,9999999994662024 1,000000001269736 1,0000000016038404 ), 0
( 0,9999999994670117 1,0000000012678516 1,0000000016013906 ), 0
( 0,9999999994670041 1,0000000012670465 1,000000001600916 ), 0
( 0,9999999994668984 1,0000000012693324 1,0000000016007204 ), 0
( 0,9999999994670883 1,000000001266286 1,0000000016005397 ), 0
( 0,999999999466184 1,0000000012666654 1,0000000016009252 ), 0
( 0,9999999994670392 1,0000000012694714 1,0000000016019495 ), 0
( 0,9999999994663686 1,0000000012655466 1,0000000015997685 ), 0
( 0,9999999994663823 1,0000000012677766 1,0000000016020159 ), 0
( 0,9999999994670565 1,0000000012682049 1,0000000016023376 ), 0
( 0,9999999994667021 1,0000000012677637 1,0000000016010293 ), 0
( 0,9999999994661513 1,0000000012676893 1,0000000016017574 ), 0
( 0,9999999994663722 1,0000000012674115 1,0000000016004948 ), 0
( 0,9999999994658235 1,0000000012683168 1,0000000016011992 ), 0
( 0,9999999994663897 1,0000000012678327 1,0000000016015198 ), 0
( 0,9999999994663868 1,0000000012666224 1,0000000016030917 ), 0
( 0,9999999994667251 1,0000000012678976 1,0000000016018609 ), 0
( 0,9999999994663078 1,0000000012679402 1,0000000016016097 ), 0
( 0,9999999994666772 1,0000000012665888 1,00000000159976 ), 0
( 0,9999999994667488 1,000000001268134 1,0000000016007649 ), 0
( 0,9999999994665775 1,0000000012683665 1,0000000016022617 ), 0
( 0,9999999994668977 1,000000001269167 1,000000001602786 ), 0
( 0,9999999994663511 1,000000001266987 1,0000000016004824 ), 0
( 0,9999999994672647 1,0000000012671975 1,0000000016013544 ), 0
( 0,9999999994655456 1,0000000012681616 1,000000001601933 ), 0
( 0,999999999466429 1,0000000012674408 1,0000000015996064 ), 0
( 0,9999999994673202 1,0000000012682353 1,0000000016006927 ), 0
( 0,9999999994665677 1,0000000012689056 1,0000000016021668 ), 0
( 0,9999999994663686 1,0000000012681531 1,0000000016016413 ), 0
( 0,9999999994665708 1,0000000012679358 1,0000000016008173 ), 0
( 0,999999999466312 1,0000000012675665 1,0000000016020947 ), 0
( 0,9999999994663737 1,0000000012678056 1,0000000016014592 ), 0
( 0,999999999466713 1,0000000012673718 1,0000000016015758 ), 0
( 0,9999999994668348 1,0000000012681776 1,0000000016016717 ), 0
( 0,9999999994670955 1,0000000012668941 1,0000000016014488 ), 0
( 0,9999999994668496 1,0000000012685393 1,000000001602069 ), 0
( 0,999999999465579 1,0000000012685906 1,0000000016033779 ), 0
( 0,99999999946679 1,0000000012666928 1,0000000016003385 ), 0
( 0,9999999994657752 1,000000001267786 1,000000001600485 ), 0
( 0,9999999994660813 1,0000000012674524 1,0000000016026278 ), 0
( 0,9999999994664718 1,0000000012633954 1,0000000015965904 ), 0
( 0,999999999466816 1,0000000012680508 1,0000000016006791 ), 0
( 0,9999999994670911 1,000000001268515 1,0000000016014314 ), 0
( 0,9999999994666001 1,000000001267166 1,0000000016003694 ), 0
( 0,9999999994666419 1,0000000012678105 1,000000001601851 ), 0
( 0,999999999466401 1,000000001268264 1,0000000016012305 ), 0
( 0,9999999994666466 1,000000001267214 1,0000000016003872 ), 0
( 0,999999999465864 1,000000001266303 1,0000000015996167 ), 0
( 0,9999999994665691 1,0000000012678931 1,0000000016019455 ), 0
( 0,9999999994668823 1,0000000012690176 1,0000000016031436 ), 0
( 0,9999999994668674 1,0000000012653287 1,0000000015986124 ), 0
( 0,9999999994666547 1,0000000012683108 1,0000000016016204 ), 0
( 0,99999999946613 1,0000000012672992 1,0000000016014805 ), 0
( 0,9999999994667186 1,0000000012681975 1,0000000016009731 ), 0
( 0,999999999466659 1,000000001268023 1,0000000016025614 ), 0
( 0,9999999994671479 1,0000000012692065 1,000000001603233 ), 0
( 0,9999999994659663 1,000000001268949 1,0000000016032191 ), 0
( 0,9999999994670646 1,0000000012665653 1,000000001600753 ), 0
( 0,9999999994668867 1,0000000012690011 1,0000000016016373 ), 0
( 0,9999999994663659 1,0000000012690615 1,000000001601726 ), 0
( 0,9999999994665233 1,0000000012667012 1,00000000160052 ), 0
( 0,9999999994666078 1,0000000012680808 1,0000000016019905 ), 0
( 0,9999999994669553 1,000000001268197 1,0000000016012605 ), 0
( 0,999999999466092 1,000000001268556 1,0000000016025992 ), 0
( 0,9999999994672903 1,0000000012651544 1,000000001599838 ), 0
( 0,9999999994661096 1,0000000012655756 1,000000001601161 ), 0
( 0,9999999994660068 1,000000001267269 1,0000000016022597 ), 0
( 0,9999999994664949 1,0000000012679375 1,000000001600451 ), 0
( 0,9999999994665243 1,000000001267561 1,0000000016022461 ), 0
( 0,9999999994661606 1,0000000012688663 1,0000000016024546 ), 0
( 0,9999999994661257 1,0000000012664731 1,0000000016014083 ), 0
( 0,9999999994656102 1,0000000012675834 1,0000000016027635 ), 0
( 0,9999999994666794 1,0000000012675438 1,000000001600599 ), 0
( 0,9999999994670317 1,0000000012696526 1,000000001602904 ), 0
( 0,9999999994664202 1,0000000012684964 1,0000000016027741 ), 0
( 0,9999999994667781 1,0000000012695878 1,0000000016014954 ), 0
( 0,9999999994663715 1,0000000012678478 1,0000000016022905 ), 0
( 0,999999999467205 1,0000000012692987 1,0000000016029513 ), 0
( 0,9999999994662022 1,000000001267979 1,000000001602187 ), 0
( 0,9999999994664551 1,0000000012676944 1,0000000016019746 ), 0
( 0,999999999467033 1,00000000126561 1,0000000015982191 ), 0
( 0,9999999994670248 1,0000000012678043 1,000000001601116 ), 0
( 0,9999999994669451 1,000000001267894 1,000000001601577 ), 0
( 0,9999999994675036 1,0000000012678234 1,0000000016013328 ), 0
( 0,9999999994661544 1,0000000012687091 1,0000000016038622 ), 0
( 0,9999999994657518 1,0000000012652432 1,0000000015993187 ), 0
( 0,9999999994667952 1,0000000012664712 1,000000001600216 ), 0
( 0,9999999994667982 1,0000000012680366 1,0000000016004909 ), 0
( 0,9999999994662153 1,0000000012681696 1,0000000016011157 ), 0
( 0,9999999994674289 1,0000000012660886 1,0000000015990638 ), 0
( 0,9999999994665345 1,0000000012680683 1,0000000016010895 ), 0
( 0,9999999994660241 1,0000000012664787 1,0000000016009545 ), 0
( 0,9999999994673582 1,0000000012672132 1,0000000016007233 ), 0
( 0,9999999994657722 1,0000000012697359 1,0000000016027495 ), 0
( 0,9999999994666687 1,0000000012670707 1,000000001601729 ), 0
( 0,999999999466232 1,000000001268652 1,0000000016027184 ), 0
( 0,9999999994661944 1,0000000012693981 1,0000000016034372 ), 0
( 0,9999999994659189 1,0000000012680041 1,0000000016021917 ), 0
( 0,9999999994658431 1,0000000012660342 1,0000000016011967 ), 0
( 0,999999999466651 1,0000000012669237 1,0000000016005932 ), 0
( 0,9999999994667799 1,0000000012678734 1,000000001601602 ), 0
( 0,999999999466562 1,0000000012666184 1,000000001599811 ), 0
( 0,9999999994662087 1,0000000012678019 1,0000000016011878 ), 0
( 0,99999999946642 1,000000001268955 1,000000001602488 ), 0
( 0,9999999994660604 1,0000000012677912 1,0000000016005919 ), 0
( 0,9999999994682727 1,0000000012680708 1,0000000016015584 ), 0
( 0,9999999994670077 1,0000000012668582 1,0000000016006105 ), 0
( 0,9999999994664771 1,000000001268004 1,0000000016023505 ), 0
( 0,9999999994662007 1,0000000012685257 1,00000000160163 ), 0
( 0,9999999994661011 1,0000000012679326 1,0000000016014938 ), 0
( 0,9999999994665622 1,0000000012684236 1,000000001604457 ), 0
( 0,9999999994665526 1,0000000012679582 1,0000000016006736 ), 0
( 0,9999999994669585 1,000000001267886 1,0000000016015544 ), 0
( 0,999999999465234 1,0000000012682124 1,0000000016033512 ), 0
( 0,9999999994666722 1,0000000012670192 1,0000000016013015 ), 0
( 0,9999999994671894 1,000000001267714 1,0000000016020707 ), 0
( 0,9999999994672528 1,0000000012672947 1,0000000016021142 ), 0
( 0,9999999994671528 1,0000000012675085 1,0000000016007742 ), 0
( 0,9999999994657129 1,0000000012660093 1,0000000016017887 ), 0
( 0,9999999994661463 1,0000000012680779 1,0000000016015118 ), 0
( 0,9999999994662927 1,000000001267915 1,0000000016013457 ), 0
( 0,9999999994666149 1,0000000012663117 1,0000000016010102 ), 0
( 0,9999999994665225 1,0000000012684542 1,0000000016023944 ), 0
( 0,9999999994665766 1,0000000012691341 1,0000000016025836 ), 0
( 0,9999999994660496 1,0000000012679444 1,000000001601003 ), 0
( 0,9999999994663413 1,0000000012691352 1,0000000016030086 ), 0
( 0,9999999994667975 1,0000000012682193 1,0000000016015271 ), 0
( 0,9999999994664681 1,0000000012676376 1,0000000016023178 ), 0
( 0,9999999994672107 1,0000000012675314 1,0000000016010182 ), 0
( 0,9999999994663558 1,000000001268381 1,0000000016026944 ), 0
( 0,9999999994664724 1,000000001268853 1,000000001603219 ), 0
( 0,999999999466974 1,000000001268228 1,0000000016012938 ), 0
( 0,9999999994667351 1,0000000012676538 1,000000001601257 ), 0
( 0,9999999994664135 1,0000000012683468 1,0000000016012651 ), 0
( 0,9999999994659066 1,0000000012690957 1,0000000016031436 ), 0
( 0,9999999994668751 1,0000000012671721 1,0000000016008888 ), 0
( 0,9999999994666023 1,0000000012693913 1,0000000016033852 ), 0
( 0,9999999994660654 1,0000000012688437 1,0000000016026762 ), 0
( 0,9999999994670228 1,0000000012682853 1,0000000016022899 ), 0
( 0,9999999994660586 1,000000001267988 1,0000000016033028 ), 0
( 0,9999999994670239 1,0000000012668748 1,0000000016008108 ), 0
( 0,9999999994668023 1,0000000012685768 1,000000001602018 ), 0
( 0,9999999994661396 1,0000000012680534 1,000000001601071 ), 0
( 0,9999999994668394 1,0000000012682515 1,0000000016015398 ), 0
( 0,9999999994673474 1,0000000012674317 1,0000000016006798 ), 0
( 0,9999999994673979 1,000000001267568 1,0000000016003512 ), 0
( 0,9999999994665757 1,0000000012668173 1,0000000015994108 ), 0
( 0,9999999994668962 1,0000000012685397 1,0000000016019464 ), 0
( 0,999999999466612 1,0000000012668384 1,0000000016014097 ), 0
( 0,9999999994664157 1,0000000012671468 1,0000000016015609 ), 0
( 0,9999999994665072 1,00000000126913 1,0000000016023556 ), 0
( 0,9999999994659999 1,0000000012691612 1,0000000016026553 ), 0
( 0,9999999994667258 1,0000000012686039 1,00000000160163 ), 0
( 0,999999999466864 1,0000000012671828 1,0000000016003088 ), 0
( 0,9999999994678985 1,000000001269092 1,0000000016018196 ), 0
( 0,9999999994680079 1,0000000012670471 1,0000000015994248 ), 0
( 0,9999999994654927 1,00000000126801 1,0000000016016874 ), 0
( 0,9999999994667406 1,0000000012688726 1,0000000016014188 ), 0
( 0,999999999466642 1,0000000012668984 1,000000001600638 ), 0
( 0,9999999994664932 1,0000000012675714 1,000000001602094 ), 0
( 0,9999999994663165 1,0000000012691759 1,0000000016020119 ), 0
( 0,9999999994658413 1,0000000012678865 1,00000000160259 ), 0
( 0,9999999994669255 1,0000000012682553 1,0000000016015766 ), 0
( 0,9999999994661523 1,0000000012684263 1,0000000016012305 ), 0
( 0,9999999994657053 1,0000000012678427 1,0000000016013935 ), 0
( 0,9999999994669649 1,0000000012661925 1,00000000160024 ), 0
( 0,9999999994666383 1,0000000012669257 1,0000000016005113 ), 0
( 0,9999999994671108 1,0000000012665429 1,0000000016000055 ), 0
( 0,9999999994666557 1,0000000012682102 1,0000000016011008 ), 0
( 0,9999999994661196 1,0000000012659263 1,0000000015991832 ), 0
( 0,9999999994665301 1,0000000012686268 1,000000001602243 ), 0
( 0,999999999466215 1,0000000012690258 1,000000001602145 ), 0
( 0,9999999994666181 1,0000000012687758 1,0000000016035488 ), 0
( 0,9999999994658486 1,0000000012669523 1,000000001601482 ), 0
( 0,9999999994656844 1,0000000012688943 1,0000000016025832 ), 0
( 0,99999999946683 1,0000000012675838 1,0000000016008483 ), 0
( 0,9999999994667195 1,0000000012691581 1,0000000016025388 ), 0
( 0,9999999994667912 1,0000000012680677 1,0000000016009742 ), 0
( 0,9999999994668352 1,0000000012689343 1,000000001601911 ), 0
( 0,999999999466521 1,0000000012686077 1,0000000016021582 ), 0
( 0,9999999994665513 1,0000000012682952 1,0000000016020112 ), 0
( 0,999999999466505 1,0000000012683667 1,0000000016025625 ), 0
( 0,999999999466563 1,0000000012675851 1,0000000016004178 ), 0
( 0,9999999994658983 1,0000000012676002 1,000000001604053 ), 0
( 0,9999999994661403 1,0000000012690364 1,0000000016024586 ), 0
( 0,9999999994667741 1,0000000012680381 1,000000001602269 ), 0
( 0,9999999994664428 1,0000000012680954 1,0000000016002237 ), 0
( 0,9999999994662834 1,0000000012685235 1,0000000016029813 ), 0
( 0,9999999994661836 1,0000000012684331 1,0000000016016999 ), 0
( 0,999999999466277 1,000000001268375 1,0000000016021047 ), 0
( 0,9999999994665374 1,0000000012667358 1,0000000016004005 ), 0
( 0,9999999994662678 1,0000000012692771 1,0000000016020758 ), 0
( 0,9999999994669447 1,0000000012671477 1,0000000016005461 ), 0
( 0,9999999994667516 1,0000000012678203 1,000000001600517 ), 0
( 0,9999999994670116 1,0000000012680017 1,0000000016014539 ), 0
( 0,9999999994666982 1,0000000012680572 1,0000000016017838 ), 0
( 0,999999999467212 1,0000000012682375 1,0000000016007622 ), 0
( 0,9999999994668308 1,0000000012664356 1,0000000015997939 ), 0
( 0,9999999994663875 1,0000000012688075 1,0000000016023058 ), 0
( 0,9999999994673701 1,000000001268193 1,000000001601937 ), 0
( 0,9999999994668851 1,0000000012680734 1,000000001602076 ), 0
( 0,999999999466983 1,0000000012664318 1,000000001600628 ), 0
( 0,9999999994687636 1,0000000012687622 1,0000000016001411 ), 0
( 0,9999999994663911 1,0000000012676022 1,0000000016014208 ), 0
( 0,9999999994665331 1,0000000012672763 1,0000000016000605 ), 0
( 0,9999999994667254 1,0000000012690886 1,0000000016036406 ), 0
( 0,9999999994670254 1,000000001267559 1,000000001600439 ), 0
( 0,999999999466379 1,0000000012682932 1,0000000016012718 ), 0
( 0,9999999994665135 1,000000001268447 1,0000000016023367 ), 0
( 0,9999999994667843 1,000000001268904 1,000000001602288 ), 0
( 0,9999999994661345 1,0000000012678538 1,0000000016033246 ), 0
( 0,9999999994664958 1,0000000012669836 1,0000000016016082 ), 0
( 0,9999999994667902 1,0000000012678096 1,0000000016019064 ), 0
( 0,9999999994668339 1,0000000012677097 1,0000000016012887 ), 0
( 0,999999999466941 1,0000000012683916 1,0000000016023094 ), 0
( 0,9999999994666571 1,000000001268726 1,0000000016021235 ), 0
( 0,9999999994665187 1,0000000012669765 1,000000001600856 ), 0
( 0,9999999994665207 1,000000001265958 1,0000000015993122 ), 0
( 0,9999999994667501 1,0000000012688084 1,0000000016031194 ), 0
( 0,9999999994661762 1,0000000012693768 1,0000000016029968 ), 0
( 0,999999999466561 1,0000000012681676 1,0000000016010102 ), 0
( 0,9999999994665291 1,000000001268364 1,000000001602163 ), 0
( 0,9999999994669009 1,0000000012670225 1,0000000016006734 ), 0
( 0,9999999994660512 1,0000000012679535 1,000000001602186 ), 0
( 0,9999999994667444 1,0000000012682666 1,0000000016012287 ), 0
( 0,9999999994662278 1,0000000012689434 1,0000000016024035 ), 0
( 0,9999999994659453 1,0000000012685573 1,0000000016027015 ), 0
( 0,9999999994662406 1,0000000012672827 1,0000000016014408 ), 0
( 0,9999999994651823 1,0000000012629866 1,000000001597942 ), 0
( 0,9999999994664404 1,0000000012681542 1,0000000016021335 ), 0
( 0,9999999994664327 1,0000000012677628 1,0000000016017978 ), 0
( 0,9999999994680444 1,0000000012681192 1,0000000016000254 ), 0
( 0,9999999994660389 1,0000000012659462 1,0000000016002668 ), 0
( 0,9999999994664442 1,0000000012680959 1,0000000016015913 ), 0
( 0,9999999994670905 1,0000000012697532 1,000000001603266 ), 0
( 0,9999999994668007 1,0000000012677441 1,0000000016008195 ), 0
( 0,9999999994653415 1,000000001267647 1,000000001603779 ), 0
( 0,9999999994663392 1,0000000012689212 1,000000001602454 ), 0
( 0,9999999994670683 1,0000000012684205 1,00000000160201 ), 0
( 0,9999999994660631 1,0000000012688186 1,0000000016018795 ), 0
( 0,9999999994666151 1,0000000012692856 1,0000000016030484 ), 0
( 0,9999999994665751 1,0000000012678287 1,0000000016008423 ), 0
( 0,9999999994663862 1,0000000012690258 1,0000000016016724 ), 0
( 0,9999999994658241 1,0000000012702273 1,000000001604031 ), 0
( 0,9999999994671058 1,0000000012680132 1,0000000016027382 ), 0
( 0,9999999994667965 1,0000000012673531 1,0000000016014088 ), 0
( 0,9999999994664506 1,000000001267328 1,0000000015997057 ), 0
( 0,999999999467077 1,0000000012674277 1,0000000016020782 ), 0
( 0,9999999994669438 1,000000001267758 1,0000000016013235 ), 0
( 0,9999999994665822 1,0000000012677928 1,0000000016005945 ), 0
( 0,9999999994666945 1,0000000012687988 1,0000000016007011 ), 0
( 0,9999999994663225 1,000000001267804 1,0000000016017947 ), 0
( 0,9999999994667923 1,0000000012679113 1,0000000016016741 ), 0
( 0,99999999946699 1,000000001268758 1,0000000016012873 ), 0
( 0,9999999994666591 1,0000000012680146 1,0000000016013741 ), 0
( 0,9999999994661534 1,0000000012687253 1,000000001601485 ), 0
( 0,9999999994662507 1,0000000012694956 1,0000000016032902 ), 0
( 0,9999999994675425 1,000000001267943 1,0000000016010258 ), 0
( 0,9999999994668336 1,00000000126793 1,0000000016021118 ), 0
( 0,9999999994669181 1,0000000012688226 1,00000000160268 ), 0
( 0,9999999994661841 1,0000000012692902 1,0000000016036226 ), 0
( 0,9999999994667511 1,0000000012687376 1,0000000016021953 ), 0
( 0,9999999994666771 1,0000000012677053 1,0000000016018777 ), 0
( 0,9999999994663988 1,0000000012675345 1,0000000016012933 ), 0
( 0,9999999994663079 1,0000000012672545 1,0000000016017874 ), 0
( 0,9999999994678324 1,0000000012674723 1,0000000016007287 ), 0
( 0,999999999466318 1,0000000012675954 1,0000000016027202 ), 0
( 0,9999999994661931 1,000000001269403 1,0000000016040154 ), 0
( 0,9999999994654112 1,0000000012683725 1,000000001601051 ), 0
( 0,9999999994668275 1,0000000012684818 1,0000000016016715 ), 0
( 0,9999999994673804 1,0000000012676677 1,000000001601254 ), 0
( 0,9999999994666409 1,0000000012672912 1,0000000016013613 ), 0
( 0,9999999994670365 1,0000000012690546 1,000000001602748 ), 0
( 0,9999999994673048 1,000000001266255 1,000000001599925 ), 0
( 0,9999999994672543 1,000000001268655 1,0000000016017054 ), 0
( 0,9999999994667387 1,0000000012680625 1,0000000016009705 ), 0
( 0,999999999466673 1,0000000012686987 1,000000001603244 ), 0
( 0,9999999994662029 1,0000000012673393 1,0000000016005663 ), 0
( 0,999999999466336 1,0000000012683576 1,000000001601648 ), 0
( 0,9999999994674428 1,0000000012684656 1,0000000016026576 ), 0
( 0,9999999994659189 1,000000001267307 1,000000001601511 ), 0
( 0,9999999994665976 1,000000001267936 1,0000000016009536 ), 0
( 0,9999999994664823 1,0000000012673222 1,000000001599704 ), 0
( 0,9999999994657133 1,0000000012672683 1,0000000016018402 ), 0
( 0,9999999994654174 1,000000001266641 1,0000000016030648 ), 0
( 0,9999999994657635 1,0000000012657302 1,0000000015995423 ), 0
( 0,9999999994668527 1,000000001267825 1,0000000016011932 ), 0
( 0,9999999994665848 1,0000000012678552 1,0000000016004316 ), 0
( 0,9999999994661202 1,000000001267933 1,0000000016013784 ), 0
( 0,9999999994674492 1,0000000012675692 1,000000001601405 ), 0
( 0,9999999994656599 1,0000000012683157 1,0000000016020363 ), 0
( 0,9999999994671745 1,0000000012682433 1,0000000016014845 ), 0
( 0,9999999994672807 1,0000000012692694 1,0000000016007422 ), 0
( 0,9999999994673496 1,0000000012682706 1,0000000016008253 ), 0
( 0,9999999994659636 1,0000000012677506 1,0000000016017458 ), 0
( 0,9999999994666315 1,0000000012677006 1,0000000016000936 ), 0
( 0,9999999994668117 1,0000000012692776 1,0000000016017738 ), 0
( 0,9999999994666235 1,0000000012693988 1,000000001602835 ), 0
( 0,9999999994661657 1,000000001266437 1,0000000016002601 ), 0
( 0,9999999994676035 1,0000000012686012 1,0000000016027943 ), 0
( 0,9999999994663005 1,0000000012680954 1,0000000016014805 ), 0
( 0,9999999994663394 1,0000000012689232 1,0000000016021173 ), 0
( 0,9999999994671006 1,0000000012685981 1,0000000016019086 ), 0
( 0,9999999994672154 1,000000001267298 1,0000000016012351 ), 0
( 0,9999999994665888 1,0000000012701782 1,0000000016046502 ), 0
( 0,9999999994662314 1,000000001268021 1,0000000016012927 ), 0
( 0,9999999994663207 1,000000001266684 1,0000000016010913 ), 0
( 0,9999999994665145 1,000000001267124 1,0000000015999087 ), 0
( 0,9999999994666527 1,0000000012676715 1,0000000016014192 ), 0
( 0,9999999994665975 1,0000000012666064 1,0000000016009614 ), 0
( 0,9999999994664089 1,0000000012686583 1,0000000016024853 ), 0
( 0,9999999994671612 1,0000000012676264 1,0000000016005868 ), 0
( 0,9999999994668307 1,0000000012671237 1,000000001600345 ), 0
( 0,9999999994658187 1,0000000012663508 1,0000000015999362 ), 0
( 0,9999999994672525 1,000000001268012 1,0000000016007122 ), 0
( 0,9999999994665337 1,0000000012627335 1,0000000015961292 ), 0
( 0,9999999994664407 1,0000000012683896 1,0000000016023283 ), 0
( 0,9999999994668494 1,0000000012688532 1,0000000016018005 ), 0
( 0,9999999994670654 1,0000000012669708 1,000000001602591 ), 0
( 0,9999999994664653 1,000000001268162 1,0000000016029662 ), 0
( 0,9999999994668317 1,0000000012686348 1,0000000016018937 ), 0
( 0,999999999466947 1,0000000012685282 1,000000001602155 ), 0
( 0,9999999994666616 1,0000000012662007 1,0000000015989137 ), 0
( 0,9999999994667258 1,000000001268566 1,0000000016022372 ), 0
( 0,9999999994664323 1,0000000012683496 1,0000000016012052 ), 0
( 0,9999999994666916 1,0000000012686387 1,000000001602055 ), 0
( 0,9999999994660606 1,0000000012694157 1,0000000016019364 ), 0
( 0,9999999994669153 1,0000000012669448 1,0000000016034356 ), 0
( 0,9999999994663907 1,000000001268071 1,0000000016012485 ), 0
( 0,9999999994665532 1,0000000012687373 1,000000001602612 ), 0
( 0,9999999994671656 1,0000000012686163 1,00000000160179 ), 0
( 0,9999999994664789 1,0000000012666739 1,0000000016005204 ), 0
( 0,9999999994675555 1,0000000012675263 1,000000001600935 ), 0
( 0,9999999994667285 1,000000001267516 1,0000000016020845 ), 0
( 0,9999999994663307 1,000000001268544 1,0000000016023864 ), 0
( 0,9999999994659308 1,0000000012658474 1,0000000016016826 ), 0
( 0,9999999994662562 1,000000001268754 1,000000001602947 ), 0
( 0,9999999994666392 1,0000000012684152 1,000000001601705 ), 0
( 0,9999999994664824 1,0000000012682169 1,000000001601303 ), 0
( 0,9999999994669044 1,000000001266823 1,0000000016002837 ), 0
( 0,9999999994669463 1,0000000012690717 1,0000000016023236 ), 0
( 0,9999999994667484 1,0000000012665535 1,000000001600595 ), 0
( 0,9999999994666436 1,0000000012656245 1,0000000015988808 ), 0
( 0,999999999467283 1,000000001265332 1,0000000015997652 ), 0
( 0,999999999466363 1,0000000012692727 1,0000000016035884 ), 0
( 0,9999999994661866 1,0000000012657686 1,0000000015991586 ), 0
( 0,9999999994664978 1,0000000012690817 1,000000001601551 ), 0
( 0,9999999994665466 1,0000000012679866 1,0000000016012576 ), 0
( 0,9999999994666031 1,0000000012677976 1,0000000016009645 ), 0
( 0,9999999994664053 1,0000000012679608 1,0000000016024246 ), 0
( 0,9999999994665901 1,0000000012679682 1,0000000016012225 ), 0
( 0,9999999994665054 1,0000000012679513 1,0000000016014923 ), 0
( 0,9999999994663561 1,0000000012684778 1,000000001602689 ), 0
( 0,9999999994670429 1,0000000012676262 1,0000000016008341 ), 0
( 0,9999999994660979 1,0000000012667052 1,0000000016018384 ), 0
( 0,999999999467304 1,0000000012662733 1,0000000016002757 ), 0
( 0,9999999994668618 1,0000000012678365 1,0000000016021369 ), 0
( 0,9999999994667172 1,0000000012670116 1,0000000016007662 ), 0
( 0,9999999994663179 1,0000000012673733 1,000000001601276 ), 0
( 0,9999999994666419 1,0000000012679533 1,0000000016015198 ), 0
( 0,9999999994664123 1,0000000012662729 1,00000000160062 ), 0
( 0,9999999994670487 1,000000001269297 1,0000000016037227 ), 0
( 0,999999999466024 1,0000000012675052 1,0000000016002248 ), 0
( 0,9999999994669624 1,0000000012680959 1,000000001600609 ), 0
( 0,9999999994662735 1,0000000012694017 1,0000000016020114 ), 0
( 0,9999999994661339 1,0000000012685755 1,0000000016025485 ), 0
( 0,99999999946658 1,0000000012679522 1,0000000016018638 ), 0
( 0,9999999994662399 1,000000001268633 1,0000000016025647 ), 0
( 0,9999999994654878 1,0000000012681904 1,0000000016035209 ), 0
( 0,999999999466475 1,0000000012692014 1,0000000016035948 ), 0
( 0,9999999994673956 1,000000001266249 1,0000000015992538 ), 0
( 0,9999999994665529 1,0000000012666865 1,000000001600865 ), 0
( 0,9999999994663861 1,0000000012689951 1,0000000016029906 ), 0
( 0,9999999994670193 1,0000000012667039 1,0000000015984774 ), 0
( 0,9999999994663962 1,0000000012686436 1,00000000160239 ), 0
( 0,9999999994662937 1,0000000012680317 1,0000000016023454 ), 0
( 0,999999999466254 1,0000000012676835 1,0000000016012531 ), 0
( 0,9999999994666322 1,0000000012673376 1,0000000016012605 ), 0
( 0,9999999994658779 1,000000001267064 1,0000000016018014 ), 0
( 0,9999999994666802 1,0000000012689036 1,0000000016024302 ), 0
( 0,9999999994665385 1,0000000012674253 1,0000000016010206 ), 0
( 0,9999999994664339 1,0000000012687953 1,0000000016025852 ), 0
( 0,9999999994671408 1,0000000012679786 1,0000000016014878 ), 0
( 0,999999999466941 1,0000000012679908 1,0000000016000068 ), 0
( 0,9999999994664537 1,0000000012679622 1,0000000016006654 ), 0
( 0,9999999994663983 1,0000000012677936 1,0000000016017032 ), 0
( 0,9999999994666801 1,0000000012684738 1,000000001602353 ), 0
( 0,9999999994669694 1,000000001266733 1,000000001601385 ), 0
( 0,9999999994657913 1,0000000012668382 1,000000001601354 ), 0
( 0,999999999467161 1,000000001267532 1,0000000016015995 ), 0
( 0,9999999994668083 1,0000000012686943 1,0000000016016226 ), 0
( 0,9999999994659157 1,0000000012691383 1,000000001602269 ), 0
( 0,9999999994662594 1,0000000012682244 1,0000000016002353 ), 0
( 0,9999999994668057 1,0000000012692767 1,0000000016046589 ), 0
( 0,9999999994668989 1,0000000012675807 1,0000000016010153 ), 0
( 0,9999999994662675 1,0000000012678851 1,0000000016018165 ), 0
( 0,9999999994667702 1,0000000012678785 1,0000000016007264 ), 0
( 0,9999999994656636 1,000000001267793 1,000000001601618 ), 0
( 0,9999999994660824 1,000000001269053 1,000000001601468 ), 0
( 0,9999999994667812 1,0000000012684922 1,0000000016012542 ), 0
( 0,9999999994673568 1,0000000012671735 1,0000000016007118 ), 0
( 0,9999999994670332 1,0000000012667853 1,0000000016027581 ), 0
( 0,9999999994671614 1,0000000012681973 1,0000000016008568 ), 0
( 0,9999999994665673 1,000000001268498 1,000000001601099 ), 0
( 0,9999999994664983 1,000000001268304 1,000000001601708 ), 0
( 0,9999999994661759 1,0000000012670491 1,0000000016004524 ), 0
( 0,99999999946664 1,0000000012681152 1,0000000016016455 ), 0
( 0,9999999994664237 1,000000001268115 1,0000000016020507 ), 0
( 0,9999999994672664 1,000000001266863 1,0000000016002266 ), 0
( 0,9999999994667087 1,0000000012664843 1,0000000015999064 ), 0
( 0,9999999994665065 1,0000000012680956 1,000000001602895 ), 0
( 0,9999999994669048 1,000000001268416 1,000000001602044 ), 0
( 0,99999999946654 1,0000000012671637 1,0000000016008967 ), 0
( 0,9999999994667439 1,000000001268011 1,000000001602115 ), 0
( 0,9999999994666784 1,0000000012671797 1,0000000016004778 ), 0
( 0,999999999467616 1,000000001268585 1,0000000016031632 ), 0
( 0,9999999994667329 1,0000000012676997 1,000000001600666 ), 0
( 0,9999999994669408 1,0000000012671457 1,0000000016008515 ), 0
( 0,99999999946674 1,0000000012693022 1,0000000016027646 ), 0
( 0,999999999467205 1,0000000012678456 1,0000000016007955 ), 0
( 0,999999999466743 1,0000000012679562 1,0000000016009738 ), 0
( 0,9999999994667289 1,0000000012678094 1,0000000015995623 ), 0
( 0,9999999994666285 1,000000001268805 1,0000000016026416 ), 0
( 0,9999999994672197 1,0000000012674488 1,0000000016009651 ), 0
( 0,999999999465986 1,0000000012677948 1,000000001601478 ), 0
( 0,9999999994664113 1,0000000012683499 1,0000000016011878 ), 0
( 0,9999999994667137 1,000000001267672 1,0000000016011443 ), 0
( 0,9999999994673547 1,0000000012681565 1,000000001600518 ), 0
( 0,99999999946604 1,0000000012686467 1,000000001602798 ), 0
( 0,9999999994669259 1,0000000012685413 1,000000001602171 ), 0
( 0,9999999994664472 1,0000000012676884 1,0000000016016475 ), 0
( 0,999999999467003 1,0000000012659884 1,0000000016004844 ), 0
( 0,9999999994663895 1,0000000012672026 1,0000000016018158 ), 0
( 0,9999999994670908 1,0000000012678347 1,00000000160022 ), 0
( 0,9999999994664447 1,0000000012666828 1,0000000016007613 ), 0
( 0,9999999994674412 1,0000000012687904 1,0000000016014712 ), 0
( 0,999999999466153 1,0000000012675916 1,000000001601349 ), 0
( 0,9999999994664297 1,0000000012683812 1,0000000016015547 ), 0
( 0,9999999994665304 1,000000001267242 1,000000001600818 ), 0
( 0,9999999994663803 1,0000000012682426 1,0000000016028583 ), 0
( 0,9999999994654165 1,00000000126786 1,0000000016024297 ), 0
( 0,9999999994667481 1,000000001267345 1,0000000016019932 ), 0
( 0,9999999994666865 1,0000000012685573 1,0000000016012753 ), 0
( 0,9999999994656716 1,0000000012677923 1,0000000016020851 ), 0
( 0,9999999994661959 1,0000000012677643 1,0000000016012187 ), 0
( 0,9999999994664432 1,0000000012684769 1,00000000160189 ), 0
( 0,9999999994664985 1,000000001268371 1,0000000016024881 ), 0
( 0,9999999994662736 1,000000001266889 1,000000001601711 ), 0
( 0,9999999994664016 1,000000001263769 1,0000000015968955 ), 0
( 0,9999999994666885 1,0000000012677555 1,000000001600619 ), 0
( 0,999999999465947 1,0000000012684134 1,0000000016022381 ), 0
( 0,9999999994664782 1,0000000012673471 1,000000001600593 ), 0
( 0,9999999994660558 1,0000000012685195 1,0000000016021775 ), 0
( 0,9999999994663823 1,0000000012670998 1,0000000016012824 ), 0
( 0,9999999994662967 1,0000000012674066 1,0000000016013795 ), 0
( 0,9999999994667186 1,0000000012680708 1,0000000016014243 ), 0
( 0,9999999994661363 1,0000000012661447 1,0000000015986181 ), 0
( 0,9999999994669504 1,0000000012685508 1,0000000016023172 ), 0
( 0,9999999994665552 1,0000000012678403 1,0000000016025354 ), 0
( 0,999999999466942 1,000000001268836 1,0000000016018582 ), 0
( 0,9999999994670287 1,0000000012681396 1,0000000016021209 ), 0
( 0,9999999994666849 1,0000000012681578 1,000000001601106 ), 0
( 0,9999999994667211 1,0000000012677488 1,0000000016010657 ), 0
( 0,9999999994663131 1,0000000012681973 1,0000000016024544 ), 0
( 0,9999999994662627 1,0000000012677632 1,000000001601511 ), 0
( 0,9999999994657264 1,000000001267036 1,0000000016016726 ), 0
( 0,9999999994663141 1,0000000012678192 1,0000000016001853 ), 0
( 0,9999999994666426 1,0000000012691912 1,000000001602685 ), 0
( 0,9999999994662976 1,0000000012683834 1,0000000016024067 ), 0
( 0,9999999994669501 1,0000000012677437 1,0000000016014778 ), 0
( 0,999999999466878 1,0000000012682675 1,000000001602203 ), 0
( 0,9999999994660614 1,0000000012676709 1,0000000016012123 ), 0
( 0,999999999466446 1,0000000012677384 1,000000001600403 ), 0
( 0,9999999994664945 1,0000000012683432 1,0000000016012514 ), 0
( 0,999999999466338 1,0000000012685974 1,0000000016017436 ), 0
( 0,9999999994665039 1,0000000012682424 1,0000000016014108 ), 0
( 0,9999999994662989 1,000000001268422 1,0000000016017407 ), 0
( 0,9999999994669531 1,00000000126756 1,0000000016013655 ), 0
( 0,9999999994663856 1,0000000012671229 1,0000000016003134 ), 0
( 0,9999999994665101 1,000000001266959 1,0000000016021293 ), 0
( 0,9999999994669259 1,0000000012670187 1,0000000016006556 ), 0
( 0,9999999994662468 1,000000001268536 1,0000000016018589 ), 0
( 0,999999999466876 1,0000000012681163 1,000000001600971 ), 0
( 0,9999999994665969 1,0000000012661088 1,0000000016009563 ), 0
( 0,9999999994663393 1,0000000012667212 1,0000000016008779 ), 0
( 0,9999999994663519 1,0000000012678487 1,0000000016018238 ), 0
( 0,9999999994675116 1,0000000012678592 1,000000001601532 ), 0
( 0,9999999994671503 1,0000000012666563 1,0000000016002717 ), 0
( 0,9999999994662206 1,000000001268495 1,0000000016014166 ), 0
( 0,9999999994668137 1,0000000012686376 1,0000000016020358 ), 0
( 0,9999999994664346 1,0000000012678072 1,0000000016007982 ), 0
( 0,9999999994661116 1,0000000012674086 1,0000000016006207 ), 0
( 0,9999999994659311 1,0000000012698358 1,0000000016017856 ), 0
( 0,9999999994664998 1,0000000012680255 1,0000000016028707 ), 0
( 0,999999999466573 1,0000000012657297 1,000000001600876 ), 0
( 0,9999999994664482 1,0000000012655297 1,000000001598721 ), 0
( 0,9999999994670434 1,000000001266972 1,000000001600381 ), 0
( 0,9999999994661313 1,000000001268386 1,0000000016016841 ), 0
( 0,9999999994668626 1,000000001269299 1,0000000016014512 ), 0
( 0,9999999994666543 1,000000001268218 1,0000000016019759 ), 0
( 0,9999999994671935 1,0000000012667982 1,0000000016005341 ), 0
( 0,999999999466528 1,0000000012682118 1,0000000016014203 ), 0
( 0,9999999994665137 1,0000000012665635 1,000000001601072 ), 0
( 0,9999999994662256 1,0000000012667667 1,0000000016014767 ), 0
( 0,999999999466034 1,0000000012671875 1,0000000016000716 ), 0
( 0,9999999994669032 1,0000000012676922 1,0000000016012767 ), 0
( 0,9999999994659095 1,000000001268264 1,0000000016016983 ), 0
( 0,999999999466945 1,00000000126752 1,0000000016008148 ), 0
( 0,9999999994665397 1,000000001268246 1,0000000016022461 ), 0
( 0,99999999946711 1,0000000012666042 1,000000001600225 ), 0
( 0,9999999994666448 1,0000000012683807 1,0000000016014112 ), 0
( 0,999999999466858 1,0000000012666355 1,0000000016013435 ), 0
( 0,9999999994665391 1,0000000012678063 1,000000001600887 ), 0
( 0,9999999994668843 1,0000000012677044 1,000000001601765 ), 0
( 0,999999999466663 1,000000001268125 1,0000000016021875 ), 0
( 0,9999999994661489 1,0000000012689123 1,0000000016025805 ), 0
( 0,999999999467278 1,0000000012680608 1,0000000016011683 ), 0
( 0,9999999994670357 1,000000001266566 1,000000001601194 ), 0
( 0,9999999994663611 1,000000001267006 1,000000001600552 ), 0
( 0,9999999994668733 1,0000000012688999 1,0000000016024226 ), 0
( 0,9999999994659212 1,0000000012677697 1,000000001601141 ), 0
( 0,9999999994672104 1,0000000012677759 1,0000000016017248 ), 0
( 0,9999999994662855 1,0000000012684225 1,0000000016017472 ), 0
( 0,9999999994658364 1,0000000012678603 1,0000000016014137 ), 0
( 0,9999999994663725 1,0000000012677739 1,0000000016011406 ), 0
( 0,9999999994669593 1,00000000126776 1,0000000016001738 ), 0
( 0,9999999994666111 1,0000000012687225 1,000000001600872 ), 0
( 0,9999999994663441 1,0000000012676806 1,0000000016011998 ), 0
( 0,9999999994661016 1,000000001268952 1,000000001603019 ), 0
( 0,9999999994661082 1,0000000012689918 1,0000000016027384 ), 0
( 0,9999999994657875 1,0000000012674588 1,0000000016010135 ), 0
( 0,9999999994670589 1,0000000012670383 1,0000000016014177 ), 0
( 0,9999999994664784 1,0000000012688162 1,0000000016024209 ), 0
( 0,9999999994666677 1,0000000012672177 1,0000000016013515 ), 0
( 0,9999999994656585 1,0000000012669055 1,0000000016024138 ), 0
( 0,9999999994657068 1,000000001267473 1,000000001602871 ), 0
( 0,999999999466716 1,0000000012682393 1,0000000016018806 ), 0
( 0,9999999994662294 1,0000000012667642 1,0000000016014694 ), 0
( 0,9999999994671838 1,0000000012666193 1,0000000016005466 ), 0
( 0,9999999994670251 1,0000000012680423 1,000000001601294 ), 0
( 0,9999999994664857 1,0000000012663577 1,0000000016002204 ), 0
( 0,999999999466068 1,0000000012681498 1,000000001601758 ), 0
( 0,999999999466981 1,0000000012684036 1,000000001601341 ), 0
( 0,9999999994666264 1,0000000012681922 1,0000000016015502 ), 0
( 0,9999999994668483 1,000000001267354 1,0000000016012798 ), 0
( 0,9999999994665941 1,0000000012654782 1,0000000015979083 ), 0
( 0,9999999994669175 1,000000001267914 1,000000001601317 ), 0
( 0,9999999994665251 1,0000000012690164 1,0000000016017612 ), 0
( 0,999999999466713 1,0000000012662078 1,00000000160128 ), 0
( 0,9999999994670211 1,0000000012676014 1,0000000016015134 ), 0
( 0,9999999994668962 1,0000000012655799 1,0000000016001123 ), 0
( 0,9999999994659029 1,0000000012673456 1,000000001603851 ), 0
( 0,9999999994670299 1,0000000012685746 1,0000000016016382 ), 0
( 0,9999999994661533 1,0000000012683832 1,000000001601817 ), 0
( 0,9999999994670334 1,00000000126528 1,0000000015988686 ), 0
( 0,999999999466261 1,0000000012677792 1,000000001600531 ), 0
( 0,999999999466967 1,0000000012677075 1,0000000016014423 ), 0
( 0,9999999994659452 1,0000000012686432 1,0000000016034545 ), 0
( 0,9999999994675782 1,0000000012671446 1,0000000016010915 ), 0
( 0,9999999994673668 1,0000000012668653 1,0000000016003145 ), 0
( 0,9999999994673631 1,0000000012661228 1,0000000015996289 ), 0
( 0,9999999994674361 1,0000000012677337 1,0000000016010315 ), 0
( 0,9999999994668436 1,0000000012677661 1,000000001601856 ), 0
( 0,9999999994668041 1,0000000012664678 1,0000000015998298 ), 0
( 0,9999999994667429 1,0000000012668155 1,0000000016004367 ), 0
( 0,9999999994675437 1,0000000012685915 1,0000000016018578 ), 0
( 0,999999999466486 1,0000000012683097 1,0000000016022152 ), 0
( 0,9999999994671387 1,0000000012681078 1,0000000016022097 ), 0
( 0,9999999994664458 1,0000000012692591 1,0000000016025448 ), 0
( 0,999999999467152 1,0000000012691275 1,000000001601218 ), 0
( 0,9999999994663505 1,0000000012657944 1,0000000016009796 ), 0
( 0,99999999946667 1,0000000012677486 1,0000000016014599 ), 0
( 0,999999999466574 1,0000000012686732 1,000000001601799 ), 0
( 0,9999999994681966 1,0000000012669048 1,0000000015993908 ), 0
( 0,9999999994666748 1,0000000012678625 1,000000001601921 ), 0
( 0,9999999994661307 1,0000000012680224 1,0000000016010477 ), 0
( 0,9999999994662861 1,000000001268847 1,0000000016024484 ), 0
( 0,9999999994665687 1,0000000012674184 1,0000000016015334 ), 0
( 0,9999999994666562 1,000000001268493 1,0000000016013137 ), 0
( 0,9999999994664689 1,000000001267727 1,0000000016015023 ), 0
( 0,9999999994665136 1,0000000012670187 1,0000000016011763 ), 0
( 0,9999999994663918 1,0000000012676489 1,0000000016020094 ), 0
( 0,9999999994663621 1,0000000012684525 1,0000000016035027 ), 0
( 0,9999999994667746 1,000000001267594 1,000000001600344 ), 0
( 0,9999999994660954 1,000000001267904 1,0000000016018031 ), 0
( 0,999999999466457 1,0000000012679147 1,0000000016019026 ), 0
( 0,9999999994663678 1,0000000012631047 1,0000000015962838 ), 0
( 0,9999999994668018 1,0000000012672803 1,0000000016014614 ), 0
( 0,9999999994669487 1,0000000012662966 1,0000000015995358 ), 0
( 0,999999999466712 1,0000000012682506 1,0000000016030273 ), 0
( 0,9999999994665482 1,0000000012666213 1,0000000016013824 ), 0
( 0,9999999994672267 1,0000000012675205 1,000000001600839 ), 0
( 0,9999999994673154 1,0000000012681527 1,0000000016006745 ), 0
( 0,99999999946658 1,0000000012694665 1,0000000016042356 ), 0
( 0,9999999994669367 1,0000000012680774 1,000000001600565 ), 0
( 0,9999999994669758 1,0000000012692967 1,0000000016027457 ), 0
( 0,9999999994670575 1,0000000012688728 1,000000001601859 ), 0
( 0,9999999994659863 1,000000001268301 1,0000000016024508 ), 0
( 0,9999999994654352 1,0000000012687353 1,0000000016028474 ), 0
( 0,9999999994666532 1,0000000012636514 1,0000000015966966 ), 0
( 0,9999999994665272 1,000000001269302 1,000000001602528 ), 0
( 0,9999999994660862 1,00000000126975 1,000000001601679 ), 0
( 0,9999999994671579 1,0000000012680041 1,0000000016014243 ), 0
( 0,9999999994666305 1,000000001267558 1,0000000016022417 ), 0
( 0,9999999994657721 1,0000000012668953 1,000000001600347 ), 0
( 0,9999999994667619 1,0000000012695893 1,00000000160107 ), 0
( 0,9999999994670598 1,0000000012683306 1,0000000016015995 ), 0
( 0,9999999994670333 1,0000000012671921 1,0000000016012984 ), 0
( 0,9999999994663297 1,000000001267571 1,000000001601707 ), 0
( 0,9999999994659662 1,0000000012675507 1,0000000016018775 ), 0
( 0,9999999994665597 1,0000000012674948 1,0000000016009238 ), 0
( 0,9999999994669146 1,0000000012674428 1,000000001602266 ), 0
( 0,9999999994659182 1,0000000012679457 1,0000000016019868 ), 0
( 0,9999999994667135 1,0000000012680037 1,0000000016023753 ), 0
( 0,9999999994670984 1,0000000012678663 1,0000000016010595 ), 0
( 0,9999999994672181 1,0000000012680275 1,0000000016013364 ), 0
( 0,9999999994671056 1,0000000012684906 1,0000000016016444 ), 0
( 0,9999999994662958 1,0000000012679389 1,0000000016018997 ), 0
( 0,9999999994662492 1,0000000012676384 1,0000000016017574 ), 0
( 0,9999999994664007 1,000000001267351 1,000000001601903 ), 0
( 0,999999999466845 1,0000000012677135 1,0000000016014847 ), 0
( 0,9999999994668236 1,0000000012686245 1,0000000016027355 ), 0
( 0,9999999994671493 1,0000000012673935 1,0000000016006507 ), 0
( 0,9999999994670594 1,0000000012680035 1,0000000016006694 ), 0
( 0,9999999994660853 1,0000000012687214 1,0000000016050345 ), 0
( 0,9999999994669998 1,0000000012686496 1,0000000016023372 ), 0
( 0,9999999994656638 1,0000000012680497 1,0000000016016009 ), 0
( 0,9999999994666292 1,0000000012682393 1,0000000016009196 ), 0
( 0,9999999994669652 1,0000000012674692 1,00000000160178 ), 0
( 0,999999999466656 1,000000001268839 1,0000000016017285 ), 0
( 0,9999999994662006 1,0000000012673507 1,0000000016015265 ), 0
( 0,9999999994662693 1,0000000012661812 1,0000000016009893 ), 0
( 0,9999999994666595 1,00000000126987 1,000000001601703 ), 0
( 0,9999999994664752 1,0000000012674184 1,0000000016013544 ), 0
( 0,999999999466527 1,000000001267938 1,0000000016014563 ), 0
( 0,9999999994667734 1,0000000012681554 1,0000000016024053 ), 0
( 0,9999999994663692 1,0000000012683357 1,00000000160295 ), 0
( 0,9999999994666475 1,0000000012680914 1,0000000016019195 ), 0
( 0,9999999994669738 1,0000000012688097 1,000000001602283 ), 0
( 0,9999999994670061 1,0000000012685422 1,0000000016029793 ), 0
( 0,9999999994668485 1,0000000012700339 1,000000001602906 ), 0
( 0,9999999994668162 1,0000000012664385 1,0000000016014847 ), 0
( 0,999999999465979 1,0000000012664023 1,0000000016016684 ), 0
( 0,9999999994665995 1,0000000012679497 1,0000000016017958 ), 0
( 0,9999999994663937 1,0000000012686152 1,0000000016019863 ), 0
( 0,9999999994663712 1,0000000012675523 1,0000000016016393 ), 0
( 0,9999999994659545 1,000000001268731 1,0000000016021158 ), 0
( 0,9999999994680159 1,000000001267968 1,0000000016012378 ), 0
( 0,9999999994663498 1,0000000012677408 1,0000000016017827 ), 0
( 0,9999999994665919 1,0000000012681318 1,000000001601703 ), 0
( 0,999999999466901 1,0000000012677106 1,0000000016014108 ), 0
( 0,9999999994666325 1,0000000012673618 1,0000000016020563 ), 0
( 0,9999999994665496 1,0000000012666137 1,0000000016010493 ), 0
( 0,9999999994671306 1,0000000012695496 1,0000000016031274 ), 0
( 0,9999999994664344 1,0000000012663846 1,0000000016005925 ), 0
( 0,9999999994663807 1,0000000012683925 1,0000000016031323 ), 0
( 0,9999999994672794 1,000000001266251 1,000000001602227 ), 0
( 0,9999999994669636 1,0000000012678525 1,000000001601611 ), 0
( 0,9999999994663895 1,0000000012690844 1,000000001602592 ), 0
( 0,9999999994669319 1,0000000012689756 1,000000001601461 ), 0
( 0,9999999994670912 1,000000001268006 1,0000000015997106 ), 0
( 0,9999999994662068 1,0000000012665546 1,0000000015997546 ), 0
( 0,9999999994669585 1,000000001266812 1,000000001600517 ), 0
( 0,9999999994667427 1,000000001267618 1,000000001601183 ), 0
( 0,9999999994665925 1,0000000012672632 1,0000000016023807 ), 0
( 0,999999999466793 1,0000000012677748 1,0000000016003556 ), 0
( 0,9999999994679823 1,0000000012674375 1,0000000016003936 ), 0
( 0,999999999467102 1,0000000012679524 1,0000000016000279 ), 0
( 0,999999999466468 1,0000000012671708 1,0000000016001427 ), 0
( 0,9999999994668416 1,000000001267506 1,0000000016008759 ), 0
( 0,999999999466333 1,0000000012671695 1,000000001602643 ), 0
( 0,9999999994664728 1,0000000012688006 1,0000000016020405 ), 0
( 0,9999999994672155 1,000000001268713 1,0000000016020363 ), 0
( 0,9999999994673743 1,0000000012675394 1,0000000016009216 ), 0
( 0,9999999994669289 1,0000000012675523 1,0000000016012418 ), 0
( 0,9999999994668879 1,0000000012677381 1,0000000016015884 ), 0
( 0,9999999994671559 1,00000000126722 1,0000000016005777 ), 0
( 0,9999999994669928 1,000000001267888 1,0000000016017314 ), 0
( 0,9999999994667055 1,0000000012679695 1,0000000016024704 ), 0
( 0,9999999994670224 1,0000000012682242 1,0000000016015487 ), 0
( 0,999999999466028 1,0000000012685197 1,0000000016024844 ), 0
( 0,9999999994668822 1,0000000012670984 1,0000000016009818 ), 0
( 0,9999999994667395 1,0000000012677568 1,0000000016026291 ), 0
( 0,9999999994668655 1,0000000012677692 1,0000000016018822 ), 0
( 0,9999999994671 1,0000000012686932 1,000000001601491 ), 0
( 0,9999999994670187 1,0000000012678754 1,0000000016004473 ), 0
( 0,999999999466498 1,0000000012676484 1,0000000016017465 ), 0
( 0,9999999994666405 1,000000001267674 1,0000000016021435 ), 0
( 0,9999999994660449 1,0000000012670243 1,0000000016005703 ), 0
( 0,9999999994665211 1,0000000012679284 1,0000000016011406 ), 0
( 0,9999999994667882 1,0000000012674382 1,0000000016003883 ), 0
( 0,9999999994664078 1,000000001267936 1,000000001604075 ), 0
( 0,9999999994672067 1,000000001267889 1,000000001601862 ), 0
( 0,9999999994668216 1,000000001267583 1,0000000016020631 ), 0
( 0,9999999994667993 1,000000001267275 1,0000000016003716 ), 0
( 0,9999999994676222 1,0000000012671708 1,0000000016001886 ), 0
( 0,9999999994660993 1,000000001268182 1,0000000016019326 ), 0
( 0,9999999994669418 1,0000000012681094 1,0000000016019654 ), 0
( 0,9999999994681581 1,000000001268826 1,00000000160012 ), 0
( 0,9999999994675961 1,0000000012686125 1,000000001601864 ), 0
( 0,999999999466701 1,0000000012677979 1,000000001601793 ), 0
( 0,9999999994668922 1,0000000012667467 1,0000000015996613 ), 0
( 0,9999999994667333 1,000000001267791 1,0000000016007335 ), 0
( 0,9999999994664611 1,0000000012681596 1,0000000016021016 ), 0
( 0,9999999994666673 1,0000000012690504 1,0000000016024493 ), 0
( 0,9999999994664085 1,0000000012678085 1,0000000016010182 ), 0
( 0,999999999466041 1,0000000012661714 1,0000000015996893 ), 0
( 0,9999999994670307 1,0000000012681856 1,0000000016014245 ), 0
( 0,9999999994669031 1,0000000012681824 1,0000000016023867 ), 0
( 0,9999999994659733 1,0000000012687658 1,000000001604667 ), 0
( 0,9999999994663111 1,0000000012663557 1,0000000015997048 ), 0
( 0,9999999994664087 1,0000000012678456 1,0000000016014339 ), 0
( 0,9999999994667439 1,0000000012684707 1,0000000016021988 ), 0
( 0,9999999994667147 1,000000001268035 1,0000000016026063 ), 0
( 0,9999999994665717 1,0000000012680763 1,0000000016020294 ), 0
( 0,9999999994656129 1,0000000012649657 1,0000000015992279 ), 0
( 0,9999999994665779 1,0000000012672998 1,0000000016003496 ), 0
( 0,9999999994665778 1,000000001266014 1,0000000016008261 ), 0
( 0,9999999994667839 1,0000000012678278 1,0000000016009554 ), 0
( 0,9999999994659193 1,0000000012679264 1,0000000016021713 ), 0
( 0,9999999994668399 1,0000000012687453 1,0000000016018098 ), 0
( 0,9999999994670928 1,0000000012684918 1,000000001601333 ), 0
( 0,9999999994673562 1,0000000012683818 1,0000000016019794 ), 0
( 0,9999999994657583 1,0000000012684114 1,0000000016009967 ), 0
( 0,9999999994663903 1,000000001267609 1,0000000016012585 ), 0
( 0,9999999994668783 1,000000001267214 1,0000000016016075 ), 0
( 0,9999999994669381 1,0000000012669807 1,0000000016015222 ), 0
( 0,9999999994663503 1,0000000012678758 1,0000000016018742 ), 0
( 0,9999999994667058 1,0000000012685788 1,0000000016019484 ), 0
( 0,9999999994670644 1,0000000012671966 1,0000000016007349 ), 0
( 0,9999999994665982 1,0000000012663917 1,000000001601029 ), 0
( 0,99999999946567 1,0000000012682029 1,0000000016035948 ), 0
( 0,9999999994663279 1,0000000012665429 1,0000000015994406 ), 0
( 0,9999999994663027 1,0000000012672452 1,0000000016005905 ), 0
( 0,9999999994663926 1,0000000012687253 1,000000001602735 ), 0
( 0,9999999994671801 1,0000000012670083 1,0000000016010975 ), 0
( 0,9999999994674273 1,0000000012682033 1,0000000016013588 ), 0
( 0,9999999994666191 1,0000000012683268 1,0000000016023247 ), 0
( 0,9999999994662223 1,0000000012671773 1,0000000016002275 ), 0
( 0,999999999466062 1,0000000012671195 1,000000001600458 ), 0
( 0,9999999994661387 1,0000000012683372 1,000000001601594 ), 0
( 0,9999999994666371 1,0000000012685293 1,0000000016009296 ), 0
( 0,9999999994667972 1,0000000012669021 1,0000000016006074 ), 0
( 0,9999999994660943 1,000000001267813 1,000000001601008 ), 0
( 0,9999999994665547 1,0000000012685377 1,0000000016028558 ), 0
( 0,999999999466723 1,0000000012677093 1,0000000016009833 ), 0
( 0,9999999994666282 1,0000000012688934 1,000000001602542 ), 0
( 0,9999999994666272 1,0000000012676526 1,0000000016022486 ), 0
( 0,9999999994664578 1,0000000012678882 1,0000000016012462 ), 0
( 0,9999999994659156 1,0000000012674581 1,0000000016020008 ), 0
( 0,9999999994672722 1,0000000012684092 1,0000000016027069 ), 0
( 0,999999999466871 1,0000000012673536 1,0000000016017536 ), 0
( 0,9999999994663186 1,0000000012672912 1,0000000016010422 ), 0
( 0,9999999994664532 1,0000000012678119 1,000000001600217 ), 0
( 0,9999999994666678 1,0000000012683095 1,0000000016022557 ), 0
( 0,9999999994667369 1,0000000012687527 1,0000000016020003 ), 0
( 0,999999999465134 1,0000000012680628 1,0000000016025796 ), 0
( 0,9999999994668168 1,0000000012677068 1,0000000016011361 ), 0
( 0,9999999994669241 1,0000000012660055 1,0000000016009003 ), 0
( 0,9999999994665942 1,0000000012676482 1,000000001600841 ), 0
( 0,9999999994670986 1,000000001267023 1,000000001600004 ), 0
( 0,9999999994665858 1,000000001268375 1,0000000016019015 ), 0
( 0,9999999994668971 1,0000000012670245 1,0000000016008894 ), 0
( 0,9999999994672748 1,000000001266998 1,0000000016011936 ), 0
( 0,9999999994667328 1,000000001267323 1,0000000016017225 ), 0
( 0,9999999994665597 1,0000000012680257 1,0000000016020845 ), 0
( 0,9999999994667705 1,0000000012679537 1,000000001601153 ), 0
( 0,9999999994656686 1,0000000012679642 1,0000000016020456 ), 0
( 0,9999999994659468 1,0000000012673944 1,0000000016000996 ), 0
( 0,9999999994658911 1,0000000012668993 1,0000000016015866 ), 0
( 0,99999999946628 1,0000000012690629 1,0000000016033348 ), 0
( 0,9999999994666533 1,0000000012679673 1,0000000016012194 ), 0
( 0,9999999994667613 1,0000000012675354 1,0000000016015127 ), 0
Liczba wywoa funkcji celu: 173086
