Iteracja nr: 17
( 0,9999893987425231 0,9999995989993282 0,9999992328271674 ), 2,244529184736166E-08
( 1,0000002077275971 0,999993010855873 0,9999912652378501 ), 2,4836182888066105E-08
( 0,9999984114300046 0,9999910532326838 0,9999904241266798 ), 3,4572909868302304E-08
( 0,9999937172248988 0,999999798351753 0,9999880049858065 ), 3,6383973167630757E-08
( 1,000004664483164 1,0000031037681554 1,0000131836260808 ), 4,070981063364343E-08
( 1,000015912581858 0,9999987970350137 0,9999969885469993 ), 5,232119804077229E-08
( 0,9999907866031925 1,0000006053353523 0,9999865135125214 ), 5,299815342141301E-08
( 0,9999900605759091 0,9999974219141404 0,9999866484548134 ), 5,628432120374782E-08
( 0,9999935063704603 0,9999870396797251 1,000010838445453 ), 6,499504223711483E-08
( 0,9999894642962311 0,9999957573422728 0,9999832512189334 ), 8,124609252035953E-08
( 1,0000029154337995 0,9999831236911012 0,9999836881667203 ), 1,1097764840428681E-07
( 0,9999794269237181 1,0000003352649092 0,9999866855732924 ), 1,1916178976889569E-07
( 0,9999860513080912 1,0000205564361138 0,9999961522981171 ), 1,253714749793744E-07
( 1,0000026777183517 0,9999821412987375 0,9999823885304052 ), 1,2623038969650224E-07
( 0,9999838179144136 0,9999928794239593 0,9999816845054376 ), 1,2856200726218958E-07
( 0,9999936235269726 0,9999917101301623 0,9999757598470196 ), 1,3827261113874556E-07
( 0,9999724382184313 0,999993214207265 1,0000014156052082 ), 1,6024182514229324E-07
( 1,000009157048199 1,0000225800880704 1,000024465024612 ), 2,3653283420799198E-07
( 1,0000072052742144 0,9999801088974496 1,0000317720625385 ), 2,890643955311134E-07
( 1,0000023889007659 0,9999633708289601 0,9999826304179323 ), 3,2716946662958435E-07
( 0,9999617699309327 0,9999803577155778 1,0000033482843484 ), 3,687252885242742E-07
( 0,9999574872878997 1,0000133456729183 0,9999911279059011 ), 4,0951136881517414E-07
( 1,0000158803456902 0,999991727379915 0,9999553666392583 ), 4,588329893806531E-07
( 0,9999929771500159 0,9999723417671642 0,9999609360200932 ), 4,6429557087890316E-07
( 0,999995308645012 1,0000522344681815 1,0000012447939606 ), 5,459746219571571E-07
( 0,9999920738589868 1,0000281631373236 1,0000438695722234 ), 5,516342369560334E-07
( 1,0000419889720693 1,000030411495857 0,9999890261018006 ), 5,571562624595572E-07
( 1,0000449941899145 0,9999748721623131 0,9999804419375278 ), 6,027951435783052E-07
( 1,0000371727249078 1,0000130590971228 0,9999503062798131 ), 7,978967317967545E-07
( 1,0000236592192018 1,0000522893594057 1,0000292126927888 ), 8,227949095385156E-07
( 0,9999756678459975 1,0000593613289535 0,9999880697497614 ), 8,44783649256442E-07
( 0,9999359976735224 0,9999805532066481 0,9999951884775224 ), 8,922934640054336E-07
( 1,000024174162017 1,0000113052552255 1,0000686086527528 ), 1,0751553816135129E-06
( 0,9999830997528382 1,0000384167496863 1,0000642852334212 ), 1,1693341122054335E-06
( 1,0000443114628526 1,0000413702227853 1,000047637244075 ), 1,179303687592892E-06
( 0,9999944142389938 1,000056072257478 1,0000529977385115 ), 1,1871899658899565E-06
( 1,0000775728146338 1,000008916218076 1,0000053475846704 ), 1,2152779262919466E-06
( 1,000049650619348 0,9999443768508679 0,9999740021100703 ), 1,2369764377240244E-06
( 1,0000145061591947 1,000078828035862 0,9999837451104784 ), 1,3269473058130643E-06
( 1,0000092879970313 1,0000545656516067 1,0000629944636947 ), 1,3950891144531852E-06
( 1,0000351054853083 1,0000714862543287 1,0000286391915214 ), 1,421059284467674E-06
( 0,9999932476328806 0,9999145021995226 0,9999828423723043 ), 1,517670185080533E-06
( 0,9999436540874783 0,999952744036565 0,9999512535791647 ), 1,5443239718138102E-06
( 0,9999697293541742 0,999924002315213 1,0000365952919779 ), 1,5933216488406288E-06
( 0,9999324593879942 1,0000532582485646 0,999971558051274 ), 1,6282276078527502E-06
( 0,9999149803220855 0,999993622433808 0,9999632942979921 ), 1,7094111797177902E-06
( 0,999963136175502 0,9999230755545411 1,0000406164584703 ), 1,7708494510770834E-06
( 1,0000084052891682 1,0000891910223684 1,0000363872032476 ), 1,854909623233425E-06
( 1,0000896783593471 0,9999948390653731 0,9999621501059195 ), 1,8850140222070877E-06
( 0,9999582868760658 0,9999917235493061 1,0000889257174417 ), 1,9276305707194297E-06
( 1,000044986814297 0,9999952690461538 0,9999117497948529 ), 1,9510461015670444E-06
( 0,9999545590902115 1,0000253480877899 0,99991533893063 ), 1,9591016950926132E-06
( 0,9999720111576939 0,9999124694856102 0,9999612764861634 ), 1,9729054656636436E-06
( 1,0000927051516275 0,9999583023347027 0,9999876654596912 ), 2,0801571238848737E-06
( 1,0000301481705367 0,9999347613242321 0,9999258970817599 ), 2,1141135704283442E-06
( 1,0000119086757924 0,9998968756523449 0,9999900430791682 ), 2,1576305186954414E-06
( 0,99999617672071 1,000051322680194 1,0000912888729216 ), 2,1788000452716005E-06
( 0,9999806861000095 0,999989192976711 1,0001024671749723 ), 2,180198123369337E-06
( 0,9999169447478673 1,0000462713467135 0,9999501518760592 ), 2,286279883634279E-06
( 1,0000472620990632 1,0000700274752055 0,9999334162730726 ), 2,295584103251258E-06
( 1,0000932727257192 0,9999499368432585 0,9999800493747616 ), 2,3021711967885494E-06
( 1,0000938715318741 1,0000554792890162 0,999985284532868 ), 2,4018061779429445E-06
( 0,9999178620851572 0,9999301711748811 1,000027098833866 ), 2,451540645154182E-06
( 1,0000051289258713 0,9999318077489168 0,9999116680252521 ), 2,475740117802161E-06
( 1,0000261033197042 0,9998904565778779 1,0000040836988138 ), 2,519147169977032E-06
( 0,9999721747282201 0,9998950048459757 0,9999660207748744 ), 2,5697361039078714E-06
( 1,000070088778016 1,0000896110571058 1,0000065138759722 ), 2,5761229807130803E-06
( 1,000090576353553 0,9999371978410807 0,9999669221232041 ), 2,6271740196648352E-06
( 1,000030701542401 0,9999955521742215 1,000110973871026 ), 2,6341643248883884E-06
( 1,0000838631187428 0,9999216761036426 1,0000128752179032 ), 2,645246301113957E-06
( 0,999994978993577 0,9999957183109244 0,9998843253201443 ), 2,6632499761092276E-06
( 0,999992662057415 0,9998843668892599 0,9999987092712228 ), 2,6637167422904895E-06
( 0,9998899320035414 0,9999634896669379 1,0000135529313041 ), 2,7044114503382843E-06
( 0,9999435967033573 1,000101240833526 1,0000141649303198 ), 2,704418079702009E-06
( 1,0000479087686134 0,9999124948137521 0,9999387861485848 ), 2,717880960290131E-06
( 0,9999612726800284 1,0000080501731192 1,000110190119875 ), 2,7192557219279934E-06
( 0,9998948657166151 0,9999438866360111 0,9999861134794135 ), 2,8558069260498087E-06
( 1,000082243760308 0,999919619353259 0,9999631177479014 ), 2,893624923672178E-06
( 1,0001107003645984 1,0000293922122367 1,0000383210587562 ), 2,893940607151535E-06
( 1,0000329520238502 0,9999122842574365 0,999923221813851 ), 2,9113596333729674E-06
( 0,9999863293929675 0,9999751361224578 1,0001178650646945 ), 2,915822228999332E-06
( 0,9999588225912193 0,9999945783630984 0,9998852323204273 ), 2,9553661562431444E-06
( 0,9999299765991536 0,9999029582155694 1,00002805811511 ), 2,9972366526465066E-06
( 1,0000742051731426 0,9999032687244288 0,9999762237203486 ), 3,060923774000912E-06
( 1,0000785729452777 1,000069996946906 0,9999297796846329 ), 3,1751012414815705E-06
( 0,9999089067052801 0,999961655404456 1,000082846427396 ), 3,2996227865567107E-06
( 0,9999708776340831 1,0001174576071454 1,000045950278148 ), 3,3242239219077874E-06
( 1,0001154694205157 0,9999490797360164 0,9999705450163932 ), 3,3317284398037827E-06
( 1,0000975592603973 0,9999155038091098 0,999987802279806 ), 3,3342170056016585E-06
( 0,9999335570576301 0,9999091610512537 1,0000655645813747 ), 3,3657402553899374E-06
( 1,0000605221812022 0,9999619619469384 0,9998894247942831 ), 3,4394648054103527E-06
( 1,0000300860000586 0,9998956268734096 0,9999252982205696 ), 3,4479101245210586E-06
( 0,9998772406264154 0,9999481178313253 1,0000013905119418 ), 3,5241489584336705E-06
( 1,0001190263138824 0,9999524551480143 1,000041642969369 ), 3,603179756339614E-06
( 0,9999152342803939 1,0000321779216583 0,9998989577795868 ), 3,6564010343909104E-06
( 0,9998775600183233 1,000023512435152 0,9999445061257978 ), 3,6948449277929285E-06
( 1,0000560886888163 0,9998752620118088 0,9999691695312827 ), 3,899599580137192E-06
( 0,9999414672816709 0,9998978685475147 0,9999202197145047 ), 4,011846339579961E-06
( 0,9999983701375388 1,0001418584498174 0,9999887486619983 ), 4,018048350928893E-06
( 0,9999898611382019 1,000143002049742 1,0000055545444364 ), 4,083550841471606E-06
( 0,9998993501898623 0,9998933700586127 1,0000058664329055 ), 4,272322620124669E-06
( 1,000099861811201 1,0000717512789596 1,0000836609072374 ), 4,3883881915007805E-06
( 1,0001369878938515 1,0000610348134982 0,9999933951492037 ), 4,470677293255676E-06
( 0,9998980544323556 0,9999221537432099 1,0000784324918197 ), 4,484572528440367E-06
( 1,0000807429752807 1,0000638274972524 1,0001101414648388 ), 4,508364789046482E-06
( 0,9999536368855166 0,999886744458435 1,0000898287742306 ), 4,57205756276835E-06
( 0,9999253990528894 0,9999651292775804 1,000127942517295 ), 4,5928870129330335E-06
( 1,000040664521114 1,0001094805742945 1,0000980431730262 ), 4,6130252115972326E-06
( 0,9999048955988854 1,000005532542514 1,0001193592519069 ), 4,626917380790019E-06
( 1,0000214448961195 0,9998469870187603 1,0000089938221448 ), 4,752233095928204E-06
( 1,000042926686227 0,9999045340985632 0,999885629252678 ), 4,768771596275201E-06
( 1,0001365592221092 0,9999539338392188 0,9999424200256529 ), 4,778464802512872E-06
( 0,9999811227833688 0,9998519933466175 0,9999569644761801 ), 4,784100902099908E-06
( 1,0000315336037664 1,0000447878969763 1,000147936717228 ), 4,937105074986903E-06
( 1,0000688846255255 1,000082241505491 1,0001195517574675 ), 5,118789388802725E-06
( 1,0000894124236983 0,9998713939334499 0,9999601012497865 ), 5,183193877655867E-06
( 1,0000540448855164 0,9998490061107586 0,9999795069288689 ), 5,185962923093257E-06
( 1,0001179237914954 0,9999544538093871 0,9998962890315617 ), 5,304298166919352E-06
( 0,9999032720043195 0,9999383923093176 1,0001168868051957 ), 5,3197523044445916E-06
( 1,0001634770450627 1,0000309061371222 0,99999444723807 ), 5,497596411885297E-06
( 1,00009308036008 0,9998630757610778 0,9999760402543216 ), 5,552254272345181E-06
( 0,9999607157524376 0,9998493177286019 1,000062262947517 ), 5,579791746868068E-06
( 1,0000904073026313 0,9998598398204176 0,9999807011097426 ), 5,5928320676912335E-06
( 1,0000778493300129 1,0000097778564936 1,0001490304897482 ), 5,627631587401538E-06
( 1,0001501191388322 1,0000550365842458 1,000054459428756 ), 5,660247111904937E-06
( 1,0001071448409897 0,9998714918112497 1,0000259225840264 ), 5,687177143443023E-06
( 1,0000909091293515 0,9998749985251564 1,000071320364133 ), 5,748694796636755E-06
( 1,0001154972728474 0,9999275143789157 1,000102436977286 ), 5,770654190939695E-06
( 0,9999555080753058 0,9999594432550847 1,0001595926568607 ), 5,772058074171582E-06
( 0,9998793470785229 1,0001100010798671 1,0000528100537107 ), 5,841906116188511E-06
( 0,9999414288839956 0,9999810067254395 0,9998387564444807 ), 5,910259424979358E-06
( 1,0001158583889058 0,9999167320002541 1,000097513827594 ), 5,925112947835487E-06
( 1,0000556028592746 0,9998554397983318 0,9999230637452913 ), 5,933612850839154E-06
( 0,9999824617888868 0,9998277898759631 0,9999877081553046 ), 5,974578172640577E-06
( 1,0001249814024493 0,9999251344210038 0,9999053583958863 ), 5,987917205629856E-06
( 1,0001217127776818 1,0001110434095402 1,0000553285407994 ), 5,992608642202413E-06
( 0,999911588493909 0,9999333620179731 1,0001351508249432 ), 6,0555136087714345E-06
( 0,9999403447259665 1,0000466288313312 1,0001574518236303 ), 6,055734843357641E-06
( 1,0001129358566807 0,9999176826067484 1,0001065705682353 ), 6,127924073950908E-06
( 0,999991100470805 0,9999773197031268 0,9998255451115768 ), 6,1557300554682115E-06
( 1,0001234109004322 0,9998953371828733 1,0000715337422004 ), 6,209995866868212E-06
( 1,000025624991922 0,9998292179882442 0,999961445696025 ), 6,211570436676084E-06
( 1,000105651396009 0,9999012427975108 1,0001023697329696 ), 6,228472720692935E-06
( 0,9999158296130282 1,0001504777991965 1,0000523151281333 ), 6,44081755751813E-06
( 0,9998166465813573 1,0000060407395748 0,9999987302956157 ), 6,677198214788405E-06
( 0,999940512571068 1,0000037854358284 0,9998245215715336 ), 6,813926930249181E-06
( 0,9998940565306106 1,000099386295128 1,0001160794264816 ), 6,859621958454909E-06
( 1,0000032875465286 1,0000461904031628 0,999817373024591 ), 7,042317953676047E-06
( 1,0000176196500616 0,9998110494362494 1,0000114852739008 ), 7,1708175362061866E-06
( 0,9998719331054481 1,0001202180650053 1,0000734503017503 ), 7,191407227935542E-06
( 0,9999192011007121 1,0000496787007698 1,000165220093391 ), 7,2004646796131055E-06
( 0,9998470871239404 1,0000918814410846 1,0000685042066861 ), 7,244757505020516E-06
( 1,0001678234318228 0,9999122991033164 0,9999681858167356 ), 7,3143772354455905E-06
( 1,0000384498701291 0,9998156738120237 1,0000394091536247 ), 7,34201774577059E-06
( 0,9999405379502455 1,0001840190759403 1,0000181338727137 ), 7,484855199635376E-06
( 0,9998649183787991 0,99987745852547 1,0000671922408608 ), 7,494906437699456E-06
( 0,9998295197531857 0,9999298346111799 1,0000653564835444 ), 7,59011691542355E-06
( 1,000163451746491 1,0000516034374092 1,0001006893175377 ), 7,840003807046969E-06
( 1,0001789383576112 1,000084742695246 1,0000226679948787 ), 7,878962168916814E-06
( 1,0001737569331925 0,999901018958548 1,0000023466354724 ), 7,934537169518308E-06
( 0,9999430593285668 0,9999471753514556 0,9998156772079916 ), 7,937185621642584E-06
( 0,9999115943151811 0,9999087042716169 1,0001545735861597 ), 7,944306908314047E-06
( 0,9999284200101441 0,9999592532898071 1,0001835960738228 ), 8,033193996226373E-06
( 1,000033949761305 1,0001610542046675 0,9998821181383796 ), 8,131530950805654E-06
( 1,0000843851580712 0,9998791371285701 1,0001402322223256 ), 8,212195002244016E-06
( 1,0001183263134774 0,9999560017322797 0,9998403997780562 ), 8,215256080745803E-06
( 1,0000481470754694 1,0000229794203654 1,000197236205684 ), 8,28253448759142E-06
( 1,0000564230142357 0,999828322507081 0,9999032342390435 ), 8,336500499694921E-06
( 0,9999532268565896 0,9998865840627389 0,9998326597876815 ), 8,541502587888772E-06
( 1,0000283183841994 1,0001477138634634 1,0001435711492517 ), 8,577281210619958E-06
( 0,9998463888682695 1,0001392495915895 1,000018946466929 ), 8,599462603342545E-06
( 0,9999398198234258 0,9998458635913969 0,9998731815534417 ), 8,622636315180898E-06
( 1,0000645271865063 0,9998563485887332 1,0001396822805588 ), 8,790876933062464E-06
( 0,999796728044933 0,9999723778257061 0,9999489343796837 ), 8,866174987076647E-06
( 0,9998588920957887 1,0001599632587699 1,000027412949103 ), 9,175862444976701E-06
( 0,9999152375042969 0,9999270076152862 1,0001864991923084 ), 9,38285726803656E-06
( 1,0001505446379397 1,0000074775475056 0,9998426932942512 ), 9,416680008200728E-06
( 1,0001304274662792 1,00017261874413 0,9999716765857526 ), 9,445599424395823E-06
( 0,9999794322021993 0,9997934068024505 1,0000744786525901 ), 9,651943166488763E-06
( 0,9998038329387687 1,0001101330154214 0,9999970843337048 ), 1,0042467188497994E-05
( 1,0000581588445685 0,9999028375835081 1,0001945105745726 ), 1,005001644927006E-05
( 0,999917425878486 1,0001562861614597 1,0001395376228919 ), 1,0061374329239925E-05
( 1,0000420080440127 0,9998556030609995 0,999831930020048 ), 1,009075048585828E-05
( 0,9998937956892628 1,0000419727686947 1,0001957838144033 ), 1,0191870892128918E-05
( 1,0001518314431894 0,9999928895849268 0,9998314014772743 ), 1,0222906745127602E-05
( 0,9998396728577862 1,0001548184949745 0,9999552736920211 ), 1,0251712261322155E-05
( 1,0000454303241086 0,9999133337970415 1,0002080345603959 ), 1,0485679929672642E-05
( 0,999854703171822 0,9999000951154344 0,9998510576039957 ), 1,0569534534710101E-05
( 0,9999480602737988 1,0002163607274632 0,9999366882961915 ), 1,0617560491255063E-05
( 1,000148640964664 1,000126696137363 1,00012399642722 ), 1,0618174357546195E-05
( 1,0001588740352503 0,9999235181368236 1,0001506299951746 ), 1,066949198502698E-05
( 1,000142142988607 0,9998237593423133 0,9999492364759986 ), 1,0681892170794072E-05
( 0,9999102948437928 1,0000021554363743 0,9997851753067457 ), 1,0753109599193067E-05
( 1,0000687088156917 1,0001453879533864 0,9998294847922725 ), 1,0898468996600741E-05
( 1,0000994289784844 1,0000165498497824 0,9997855501136942 ), 1,1139470885268565E-05
( 0,9998060122722954 0,9999981856634441 0,9998618942543931 ), 1,1250363268544561E-05
( 0,9998835361389377 0,9999271552055798 0,9998023547327076 ), 1,149361568053564E-05
( 0,9998751068007459 1,0002061794420927 1,0000229542060872 ), 1,1632752304535643E-05
( 1,0001823540887491 0,9998409726992604 0,9999839536243104 ), 1,1665489800805062E-05
( 0,9998426069902109 1,000077490385765 1,0001684078572504 ), 1,1732614670023622E-05
( 1,0001862598210398 0,9998688693888887 0,9999135131533577 ), 1,1778127131378824E-05
( 1,0000890261739375 0,9999323500458621 0,9997815868240463 ), 1,1944490005078023E-05
( 1,0000149626328878 1,000227470864297 1,0000908993322362 ), 1,1949066994532132E-05
( 1,0001290424730285 0,9998293702721621 0,9998773695703035 ), 1,206316777313532E-05
( 0,9999839816050786 0,9999124579668043 1,0002315664651016 ), 1,2209686872211023E-05
( 1,0000040009152975 1,0001491230417567 0,9997996185148553 ), 1,238094028721548E-05
( 0,9998219343305583 0,9999567035334285 1,0001707008906202 ), 1,2443301475428825E-05
( 1,0000223622668396 0,9997653846181622 1,000087340416733 ), 1,2532981049417913E-05
( 1,0001115054154026 0,9998763080933099 1,00019043029599 ), 1,269646622148457E-05
( 0,9999540446699383 0,9997601814234598 1,0000667105301557 ), 1,2711998024883542E-05
( 0,9998156195581352 1,0000714676073454 1,0001585783821816 ), 1,2746862989132524E-05
( 1,0000409045297578 0,9998904191144996 1,0002257956223428 ), 1,2828985703094986E-05
( 0,9997722954226136 0,9998867561163512 0,999984702662208 ), 1,2877144563105958E-05
( 1,0000929567410537 0,999870376995092 0,9998006723971108 ), 1,2930118241882838E-05
( 0,9999426161835931 1,0002120873404003 1,0001315578206174 ), 1,3010829860604645E-05
( 0,9999928368616634 0,9998233800547576 0,9998135209342076 ), 1,3097915172011199E-05
( 1,0000713289881926 0,999865844450985 1,0002086882942487 ), 1,3220121179102762E-05
( 1,0000925688871212 0,9998821008941494 0,9997887793570654 ), 1,3308806003919926E-05
( 1,0002148775740798 1,000100366902581 0,9998946727745783 ), 1,335966441828873E-05
( 0,9998798388447138 1,0002289258837909 0,9999767111446706 ), 1,3369270750018813E-05
( 1,0001162519069005 0,9999581605683546 1,0002285310930394 ), 1,3389778580119582E-05
( 0,999942272533509 1,0001321174618587 1,0002166709189417 ), 1,3437842664387745E-05
( 1,0001486070457837 0,9998149689229313 0,9998927063373061 ), 1,3457426888408008E-05
( 1,0001652765473632 1,0000334461645444 0,9998002487666018 ), 1,3557228605520777E-05
( 0,9997948983749838 1,000041088976931 0,999842129064295 ), 1,3625212513801443E-05
( 0,9999968474484882 0,999852362356898 1,0002172341688405 ), 1,3688555618784903E-05
( 0,9998782289869592 0,9997768979269649 1,0000667403420238 ), 1,3700358245216648E-05
( 1,0002345025471968 0,9999192095870844 1,0000907786041684 ), 1,3839689252392873E-05
( 1,000263290081107 1,0000209725060147 1,0000060564775382 ), 1,3847406275857566E-05
( 0,9997583883562828 1,0000552787745673 1,0000921165214607 ), 1,3871053301528491E-05
( 1,0000949212230943 0,9997797805441716 0,9998885493115898 ), 1,3873141057274552E-05
( 0,999878852164956 1,0000731032108807 1,0002249697327859 ), 1,4012879333336059E-05
( 1,0000450745164953 0,9998097440135356 0,999819225559862 ), 1,4067674030115995E-05
( 1,0001235920166431 1,000164381507805 1,0001705932297869 ), 1,4164859962306764E-05
( 1,0001233781095922 1,0001859389909242 1,0001489367463192 ), 1,4279789205318139E-05
( 0,9999593946379354 0,9997848417145856 0,9998439203700401 ), 1,4344288608469924E-05
( 0,9999552695880484 1,0001924162426445 0,9998086393637885 ), 1,5007112459386462E-05
( 0,9999404998893832 1,0002264192587083 1,000146295088499 ), 1,5119101277605296E-05
( 1,0001387898767975 1,0001254668896393 0,9997962162133479 ), 1,5183421513853546E-05
( 0,9997262358681921 0,9999858233833244 0,9999551178458608 ), 1,5308363167321204E-05
( 0,9999804405897078 1,0002738211215834 1,000047504311351 ), 1,539864201305363E-05
( 0,9998586397625071 1,0000654467910237 1,0002316875344945 ), 1,5463691546813152E-05
( 0,9997948826087047 0,9998462351104276 1,000115145634989 ), 1,566807358699407E-05
( 1,0000838643383994 1,0002599328030084 1,0000676149420002 ), 1,5706712428453784E-05
( 0,9999564325549849 0,9997740203123843 0,9998378974145502 ), 1,572102132740838E-05
( 1,0001706528596361 1,000024541561812 1,0002225401266225 ), 1,572233171032167E-05
( 1,000044903911036 0,9998193347036047 0,9997824584146366 ), 1,6264310559677142E-05
( 0,9998800359028384 0,999739663417279 0,9999655221259318 ), 1,6537017927475972E-05
( 1,0001362216000522 0,999758137181707 0,9999139499696175 ), 1,6755906578680424E-05
( 0,9998651711052607 1,000213556795793 1,000145402242705 ), 1,6848872377295265E-05
( 1,0000501137407363 1,0000047193286918 1,0002889122255931 ), 1,70624953526044E-05
( 0,9999042632421479 1,0002554565328925 1,0001109677750921 ), 1,7208013776581765E-05
( 1,0001084641506066 0,9997315460764772 0,9999460361774526 ), 1,720933472881825E-05
( 1,0000896205504777 1,0001465876585016 1,000241487887382 ), 1,7426001491571697E-05
( 0,9997104798255911 0,9999296356469248 0,9999788794380128 ), 1,7700369220108314E-05
( 0,9999673839417448 0,9997510606962013 0,999837495636586 ), 1,7744632256011528E-05
( 0,9999731609267567 0,999778727681649 0,9997965562204099 ), 1,8067792183273923E-05
( 0,9999748393592395 1,0001488948276034 1,0002616412912058 ), 1,8105038925853023E-05
( 1,0002861631350854 0,9999047552062219 1,0000209763605985 ), 1,8133214624072025E-05
( 0,9998714327228064 0,9998006839232955 0,9998118240741275 ), 1,8185930581893217E-05
( 0,9998247244419352 0,9999295347923901 1,0002370620005558 ), 1,822930568096126E-05
( 0,9997498071469687 0,9999470410409086 0,9998362174599706 ), 1,8296873051326656E-05
( 1,0000467096825265 0,9998086994895565 0,9997685376259258 ), 1,8322004621040833E-05
( 1,000059296062092 1,0001057116123993 0,9997198687931421 ), 1,8483087863785386E-05
( 0,9997963022231511 1,000218165508623 0,9999325989620407 ), 1,8575820256216957E-05
( 0,9999379538008384 0,9998936639277812 0,9997195375208309 ), 1,8612406208262655E-05
( 1,000123252718906 1,0002036893927226 0,9998068965312236 ), 1,8642813280678183E-05
( 1,000270104787593 0,9998588919720879 0,9999652056397549 ), 1,866446984877257E-05
( 0,9997938492756681 0,9998112207570568 1,0001274924257995 ), 1,8726235417432235E-05
( 1,0000180718740634 1,0002483263073878 1,0001805752500788 ), 1,876788211774283E-05
( 1,000271636447601 1,0000991468971319 1,0001048184058334 ), 1,8768555456460945E-05
( 0,9997781824692854 0,9999286226001876 1,0002031422173159 ), 1,8959240101423802E-05
( 0,9999197023675853 0,9997209951738759 0,9998925647291358 ), 1,9012651769401145E-05
( 1,000248211652096 0,9999175018477238 0,9998331362389286 ), 1,9096918656202888E-05
( 1,0000755119133748 0,9997056832887892 0,9999242459837613 ), 1,945492764576784E-05
( 0,9998724576096273 0,9999246263393435 1,000276716022965 ), 1,954558598527001E-05
( 0,999988195712431 0,9996985424746365 0,9999083093429036 ), 1,9724762388761974E-05
( 0,9999849056959931 0,99980245035041 0,9997510894290993 ), 2,0079294341002196E-05
( 0,9997864166359848 1,000064673667115 1,000228356446483 ), 2,0225515392269244E-05
( 1,000216666961704 0,9997935434604946 0,9998868994332536 ), 2,030753306669908E-05
( 1,0001933292202285 0,9998050618043217 0,9998326871781722 ), 2,0507920289958292E-05
( 0,9999830354569671 0,9997297978122078 0,9998207909418322 ), 2,0913082103390934E-05
( 0,9998724920950371 1,000129262581178 1,0002691825640528 ), 2,091574667417717E-05
( 1,0000222171417188 0,999697827413974 0,9998811834181125 ), 2,1013536276370814E-05
( 0,9999969349834817 1,0002323464973588 0,9997719096822265 ), 2,1033422800798007E-05
( 1,0001492874914695 0,9997140555553857 1,000055514726532 ), 2,125430818722407E-05
( 0,9997825140331963 0,9998135781316275 0,999836127577341 ), 2,1606369664084468E-05
( 1,0000727267680465 0,9998037405353972 0,9997438280618302 ), 2,1710245199813016E-05
( 0,9997215862885067 0,9998578253317869 1,0001135245099015 ), 2,194526457799384E-05
( 0,9997100595794426 1,000155210094214 0,9999459003339675 ), 2,2037863253387968E-05
( 0,9998988117317588 1,0003185565198993 0,999989824048854 ), 2,2184369520061864E-05
( 1,0003005105138718 1,0001438865158887 0,9999651332710041 ), 2,2264663002147245E-05
( 1,0002461444132815 0,999804484312332 0,9998794347275856 ), 2,248762884704547E-05
( 0,9998907532725141 1,0001825228983228 1,0002625389706437 ), 2,265164427228683E-05
( 0,9997350164511909 1,0001802599014915 1,0001072960858828 ), 2,2660809172236895E-05
( 1,0001855888164932 1,0002686135513696 0,9999120301230408 ), 2,2683184560889913E-05
( 1,0001229047407743 0,9999306414072506 1,000307616063667 ), 2,2724584084699018E-05
( 1,0000643308123511 1,0001922456058963 1,0002721495061513 ), 2,2847260908065437E-05
( 0,9999323339938708 0,9999978144280678 1,0003328554496305 ), 2,288972030584091E-05
( 0,9999051460633697 1,0002314285492697 0,9997685208003002 ), 2,3041067350959565E-05
( 1,0002228457993882 0,9997514021164526 0,9999269731019799 ), 2,317101845505931E-05
( 0,9999409162040673 1,000335496787718 0,9999680887786965 ), 2,3225220939337987E-05
( 1,000213729409057 1,0002480678395032 1,0000994838617656 ), 2,3234675996519627E-05
( 0,9999716358525528 0,9997564416976921 0,9997607957900153 ), 2,328008216068156E-05
( 0,9999851896083634 0,9996853536182396 0,9998643324693989 ), 2,3336333377699248E-05
( 1,0002890740743329 0,9999114541106622 1,0001631359132108 ), 2,341373740932795E-05
( 0,999976511803335 0,9997898686163414 0,9997262705791864 ), 2,373457095572462E-05
( 0,9999816313304882 0,9996738800407744 0,999883734396865 ), 2,3848571778728456E-05
( 1,000053208091508 1,000317524170118 1,0001426566207987 ), 2,4601328448170534E-05
( 0,9999362663528985 1,0003305981202186 0,9998962908183343 ), 2,462296772165473E-05
( 1,0002058310957942 0,9998890326449634 0,9997321994820332 ), 2,5076221906061846E-05
( 1,0003113538272506 1,0000589529776285 1,0001640602615993 ), 2,5261739828863483E-05
( 0,9999390927854193 1,0000568310267564 1,000347181068779 ), 2,5289853120114003E-05
( 1,0001300751963245 1,0003040506892222 0,999865271847766 ), 2,529856691069199E-05
( 0,9998646749216186 1,0002959205396473 0,9998525431107008 ), 2,5319859489059127E-05
( 1,0002208447873564 0,9998865544341771 0,9997428448466795 ), 2,5348768723176818E-05
( 0,9998944118055357 0,9996586183792137 0,9999882624500672 ), 2,5360064430657303E-05
( 1,0003029322915669 0,9998110161044238 1,0000292900281225 ), 2,5461791366865327E-05
( 1,0003326237065047 1,0000382538447636 1,000129851220663 ), 2,5585275601258672E-05
( 1,0001120664474332 1,000182048391499 1,000290294373455 ), 2,5785277866674505E-05
( 1,0001993411213603 0,9999166406081028 1,0002893958084123 ), 2,5877386377715084E-05
( 1,0000630319238413 1,0002629440705997 1,0002396180078545 ), 2,5895994440361392E-05
( 1,0002029447406444 0,9997043048560112 0,9999511914168998 ), 2,5990243024409665E-05
( 0,999975998732161 1,0002977723045448 1,0002061632787762 ), 2,6137695755323875E-05
( 1,0001977676866243 0,9997730448685999 0,9997967837038132 ), 2,617139487881559E-05
( 1,0000439859496912 0,9999896157268868 1,0003623463221871 ), 2,645308473603336E-05
( 1,0001526675084333 1,000279473807769 1,0001832609587007 ), 2,6782442034800624E-05
( 1,000050166607041 1,0003625867576542 1,0000343693235534 ), 2,681607111654216E-05
( 1,000152393946195 0,9997625411541147 1,000236274593862 ), 2,6869486312364188E-05
( 1,0000125381506693 1,0002950103560495 1,000220475638734 ), 2,6941207138975187E-05
( 1,000342920801363 1,0000215353404813 0,9998655238776026 ), 2,7009540893629946E-05
( 0,9999908215738035 1,0001495674489742 1,0003375186443397 ), 2,705541477965312E-05
( 0,9998818205569764 0,9997985115063024 1,000287371188177 ), 2,720871409422898E-05
( 1,0000719837574665 0,9996654427597822 1,0001429979780858 ), 2,7290535413726502E-05
( 1,0001401905673146 0,9999788216714347 1,0003427571419414 ), 2,7295642244240526E-05
( 1,0002525844956045 0,999819618992787 1,0002034641751703 ), 2,732531271476546E-05
( 0,9997144814298939 0,9998578189498873 0,9998088171799138 ), 2,7435076059845187E-05
( 0,9998523988677576 0,9997780596804536 0,999740304032005 ), 2,74744416088879E-05
( 0,999841950773011 1,0003305543118453 1,000066168904753 ), 2,7501903616666823E-05
( 0,9998891790589854 0,9997286326677781 1,0002334266790343 ), 2,78561331867877E-05
( 0,9999679673567649 0,9997216526314464 0,999750071753453 ), 2,7966825520309158E-05
( 0,9998900052969852 0,9996490620648183 1,0000858926701999 ), 2,829741135812469E-05
( 1,0001320731056071 0,9998310026053179 0,9996869083978485 ), 2,857436102488009E-05
( 1,000171793370075 1,0002590075866036 1,0002206188661042 ), 2,882052787356315E-05
( 0,9996809427817552 0,9999640465813324 0,9997944720264372 ), 2,8832692144931116E-05
( 0,999988564039874 0,9998907118823948 0,9996347250453967 ), 2,8866129664351092E-05
( 1,0000878154895871 1,0003326701423394 0,9998338615790566 ), 2,8961855509379575E-05
( 0,9998685132894721 0,9998687970802107 0,9996658692043925 ), 2,8994271005444716E-05
( 0,9996635430916057 1,000117202854624 1,0001389394906832 ), 2,901363240681576E-05
( 1,0002644241944156 0,9998412867166452 1,0002261566979684 ), 2,90162090621493E-05
( 0,9996204003340796 1,0000502962103137 1,0000125992383724 ), 2,912084137918214E-05
( 1,0000810563090325 1,000245803368127 1,0002828835813804 ), 2,9166118544310393E-05
( 0,9998981765156734 0,999769470845083 0,9997090170568863 ), 2,939828584658244E-05
( 0,9998753968107282 0,9998583428070562 0,9996640570665412 ), 2,9451370110678E-05
( 0,9998179631592446 1,000312184995862 1,0001363950797035 ), 2,9600191780332352E-05
( 1,0000233127148452 0,9996426434759363 0,9998518735216421 ), 2,979622332333065E-05
( 0,9996350697323994 1,0001080220194565 1,0000762834273478 ), 2,9890140748278782E-05
( 1,0001857329277566 0,9996786773840336 0,9998843903605349 ), 2,9979126299650716E-05
( 0,9998151386066575 0,999745638704527 1,0002292630781464 ), 3,0043493111975295E-05
( 1,0001156228120494 1,0003654685725927 1,0000694074299896 ), 3,0106643041705183E-05
( 0,9997938424798549 1,0003044398975276 1,000130202892395 ), 3,018284306932628E-05
( 1,000347111715324 0,9999319752574009 1,0001643994197418 ), 3,0183576171793902E-05
( 0,9998104694675864 0,9997126999855638 1,0001840704549645 ), 3,0224047236515617E-05
( 0,9998269914464216 0,99973948271963 1,0002349028106425 ), 3,0350123886080382E-05
( 0,9999375801688005 1,0001000829572642 1,0003737037265366 ), 3,0466526322214804E-05
( 0,9996851752873596 0,9998062934582395 1,0001358561546834 ), 3,076935919210655E-05
( 1,0001667456994716 0,9998114474642117 1,0003053307353993 ), 3,1064830285032485E-05
( 0,999878818755715 0,9996243380053613 1,0000342919204261 ), 3,114412525562216E-05
( 1,0003874093135352 1,000057247350898 1,0000642197568588 ), 3,124424196698783E-05
( 0,9996318208062541 0,9998449081275952 0,9999868581576348 ), 3,169949523851301E-05
( 1,0001269112045945 1,0003790690173304 0,9999772129927157 ), 3,180601183672138E-05
( 0,9999759623602563 0,9998105222639737 0,9996473688942985 ), 3,190705480449196E-05
( 1,000357621524514 1,000181524745214 1,0000122807943777 ), 3,1940163722765647E-05
( 1,0003592527046246 0,9999912066917385 1,00018205993479 ), 3,219617701333277E-05
( 1,0000480923987698 1,0003967206839504 1,0000610510072585 ), 3,242268809700022E-05
( 0,9997646345262593 0,9996715700789209 0,9999863599332941 ), 3,242701271943815E-05
( 0,999688489012144 0,9997411068921248 0,999989947268085 ), 3,256918567728917E-05
( 1,0002410670056268 0,9999998460715327 0,9996728437151979 ), 3,2763364366417136E-05
( 0,9998663163600062 1,0000961305800289 1,0003725019320033 ), 3,290730139582365E-05
( 1,0002922905864615 0,9998175825180593 1,000217722271221 ), 3,2955480548935157E-05
( 0,9996070101115078 1,0000045682738694 0,9998849261780326 ), 3,327111249262771E-05
( 0,9999969446715218 1,0004089229574165 1,0000244373903482 ), 3,329503604376782E-05
( 1,0002528175537915 0,9998550237964254 0,9997087351138217 ), 3,3681026899046174E-05
( 1,0002361639512993 1,0000734801385767 1,0003326091554148 ), 3,408406675831088E-05
( 0,9998783044573047 0,9998155903042032 0,9996484602548009 ), 3,4202176792064165E-05
( 1,0000391357251557 0,9997305473068913 0,9996851082258441 ), 3,437998764610484E-05
( 1,0004064888357125 0,9999885799484345 0,9999002418350977 ), 3,478114718546976E-05
( 1,0000257587133803 1,0002557142558584 1,0003307694721415 ), 3,4810209555757865E-05
( 1,0000625264696088 1,0000620527296022 1,0004095688525974 ), 3,481913144298687E-05
( 1,000024647252507 1,0002974660562347 1,0002951481132163 ), 3,4957856406947485E-05
( 0,9998923981961382 0,9996250083517122 0,9998440057313056 ), 3,502235949071064E-05
( 1,00021949965755 1,0001888120588365 1,0003048597592552 ), 3,506967536281991E-05
( 0,9995778148277172 0,9999771956719655 1,0000148243155311 ), 3,550821857345454E-05
( 0,9999736931859683 0,9996284739684081 1,0002033938553108 ), 3,5728953502456307E-05
( 0,9999667922834122 0,9997051107838935 0,9996941875387765 ), 3,602475158714924E-05
( 1,0000370939422862 0,9996889677188204 0,9997097757035337 ), 3,617622764195971E-05
( 1,00004766275245 0,9996939515893711 0,9997056256867164 ), 3,622511576395482E-05
( 1,0002910134549878 1,0003120023706082 1,0000404941237222 ), 3,6439474285998585E-05
( 0,9997492125373029 0,9996573500774386 1,0000581542609919 ), 3,64416865679118E-05
( 1,0001497107771475 1,0003766774423628 1,0001407418637682 ), 3,652545463239676E-05
( 0,9999399592183507 1,000295091772543 1,0003060909051584 ), 3,6578667867104286E-05
( 0,9999108335883122 1,0000207298102202 0,9995797492838633 ), 3,6700738078820905E-05
( 0,9996594378879275 0,9998894909977603 1,0002385684678323 ), 3,672429006940092E-05
( 1,0001587897768633 1,0002738889358695 1,0002927024508057 ), 3,6881887215400866E-05
( 0,999921244776086 0,9996113796100073 1,0001737453977595 ), 3,7181767904570506E-05
( 0,9999481380166073 0,999993550670174 1,0004300083384206 ), 3,722595776878279E-05
( 1,00036910040973 0,9998622252082533 0,9998186700016534 ), 3,7317057469010706E-05
( 1,0002903151932283 1,0002344536150447 1,0002262142883898 ), 3,7778668847465724E-05
( 1,0003416848530005 0,9997430509250502 0,9999111508348663 ), 3,7826522873984914E-05
( 1,0002092779383 0,9999515569927164 0,9996193958117926 ), 3,789357396044579E-05
( 0,9997301351430725 0,9996549005019337 0,9999697859262099 ), 3,825664686019081E-05
( 1,0001174709548064 0,999714641631307 0,9996860095382999 ), 3,845211240616209E-05
( 1,0002114461966591 1,000385643947681 0,999963595969386 ), 3,863803421211287E-05
( 0,99999319138751 0,9996944808997188 0,9996809959340548 ), 3,871657497001024E-05
( 0,9998923012165642 1,000008727641209 0,9995710173094139 ), 3,882557707868273E-05
( 1,0000811590986594 1,0000604249552516 1,000432239382375 ), 3,9096879554278985E-05
( 1,000141933552056 1,000299432220597 0,9996996584315473 ), 3,96803601390161E-05
( 0,9995822565989619 1,0001584001138348 0,9999770113101318 ), 3,9703915611255525E-05
( 1,0001749102293525 1,0002043076084501 1,0003575260245479 ), 3,971015699733016E-05
( 0,9999387522657059 0,9997907967619906 1,000393143085479 ), 4,009081145284199E-05
( 1,000114269225445 0,9995638422560306 0,9999739281110847 ), 4,0466164712427144E-05
( 1,0003218422524187 1,000027074080311 1,0003158336059867 ), 4,0485127499323426E-05
( 1,0003387880736287 0,9999567166067181 0,9997027876299863 ), 4,066758769738499E-05
( 1,0002985954648447 0,9999211501553668 0,9996659458884272 ), 4,106093909328479E-05
( 0,9998805380372572 0,9996775672950983 0,9997017337372006 ), 4,110618818486955E-05
( 0,9997384601436407 0,9999821211504126 0,999627557949884 ), 4,115361199552581E-05
( 0,999974503566596 0,9997162227880075 0,9996444800080893 ), 4,1181032393922123E-05
( 0,9996875287027124 0,9997329478424863 0,9998032460872939 ), 4,1199532567759434E-05
( 0,9997692315450935 0,9996759191821274 1,0002254241876887 ), 4,1483481442838865E-05
( 1,0000274589653988 1,0004385292784916 0,9998712751655825 ), 4,1589307166134404E-05
( 1,0001661792045289 1,0000304830911226 0,9995742943014686 ), 4,1616704063329735E-05
( 1,0000095871064367 0,9999924226413138 1,0004613677268 ), 4,225937169977101E-05
( 1,0000458286026697 0,9997070891839345 1,000356573391294 ), 4,26625348453058E-05
( 0,999620103664397 0,9997795678665563 1,0001492100320075 ), 4,268903884252495E-05
( 0,9998587862223873 0,999950026735673 0,9995607282609192 ), 4,273329779636015E-05
( 0,9998696506591753 1,0003838155726912 1,0002261617471582 ), 4,274444825469459E-05
( 1,000316630514922 1,0001365392113732 0,9996888211169962 ), 4,279913937921265E-05
( 0,999715903641148 0,9997893147077352 0,9996976228552891 ), 4,295802054343767E-05
( 0,9997387692443677 0,9996556321116422 1,0001751472303206 ), 4,315171513979976E-05
( 0,9999684507708053 1,0003355765251862 1,0003251201045107 ), 4,350936136177097E-05
( 1,000156374762251 0,9995560908844883 1,0000210546883976 ), 4,4033429450252015E-05
( 1,000343419333488 1,000031480662054 0,9996777774231232 ), 4,419286506873732E-05
( 0,9997947590151057 0,9998802222275506 1,0004080136815612 ), 4,423065178826846E-05
( 1,0000452909007442 1,0001256593314056 1,0004530773785207 ), 4,4265342953764275E-05
( 1,0002872693926663 0,9999990550280023 1,0003794623156073 ), 4,4939013108091785E-05
( 1,000379298805264 0,9999312281101101 1,0002791564068583 ), 4,494084080874927E-05
( 1,0004010998734743 0,9998142077868652 0,9998229830728298 ), 4,4982381599112387E-05
( 1,0002453111552485 1,0000330842166136 1,0004081030250833 ), 4,5197706263877535E-05
( 0,9998049867774847 0,9998382032688484 1,0004046796224972 ), 4,522820638186431E-05
( 0,9995864285271542 0,999863799945431 0,9998020269647886 ), 4,538914154750273E-05
( 0,9998633344803827 0,9996678189891773 0,9996787150618744 ), 4,607569423598079E-05
( 1,0003906324674963 0,9999729895524693 0,9997182339161642 ), 4,616887786923485E-05
( 1,00035654915057 1,000189199688325 0,9997356682447212 ), 4,6184690617678825E-05
( 1,00016196106348 1,000254888722329 0,9996231807428537 ), 4,626351074676904E-05
( 0,9999937072175636 1,0002628741265036 1,0004055343707405 ), 4,634447651596929E-05
( 1,000077245203631 0,9996027792946977 0,9997349317680752 ), 4,642616501726593E-05
( 0,9999621432235322 0,999703165764807 0,9996183364670044 ), 4,666393321883788E-05
( 0,9999402813916504 0,9996057857266744 0,9997233576972335 ), 4,672174757658354E-05
( 1,0001975493017974 1,0001596173076517 1,0004137022176633 ), 4,6751657674093394E-05
( 0,9996870210654277 1,000240862916443 1,0002842612623892 ), 4,697431828049048E-05
( 1,0002349602746015 1,0004126652974699 0,9998880519001124 ), 4,722351670949365E-05
( 1,000103421275293 1,0003776978252719 1,0002916728434688 ), 4,73015471555982E-05
( 1,0004023890608718 1,0002455004391244 1,0001314793346185 ), 4,7509774397269666E-05
( 1,0004039170908459 0,9998875682810523 1,0002548789173462 ), 4,776350400703677E-05
( 1,000223543060862 1,0003861798831073 0,9997928867917687 ), 4,801132100595851E-05
( 1,000080583912886 0,9996510105994556 0,9996625699150615 ), 4,8039917960096545E-05
( 0,9999773722817857 1,0002315685036858 0,9995657841483274 ), 4,814564622179773E-05
( 1,0004769568772656 0,9998768910428726 0,999974902133619 ), 4,826351993969524E-05
( 0,9997542163307485 0,9997981491438221 1,0003800944372714 ), 4,873007165429044E-05
( 1,000147715323778 0,9998151822685203 0,9995629740379949 ), 4,899669111324556E-05
( 1,0004744703297415 1,0000886852798716 0,9998817292251313 ), 4,8997882387880054E-05
( 1,0004080262828745 1,0000651522460533 0,9997196214286717 ), 4,946753852408392E-05
( 1,000270482097072 1,000346230985698 1,0002398128375956 ), 4,970645954927022E-05
( 1,0001204520971232 0,9995386482179155 0,999847666887029 ), 4,970900275580448E-05
( 1,0000604166412712 1,0001754432085541 1,000466775843529 ), 5,0056311604151915E-05
( 1,0001937932530223 1,0002829961699276 1,0003729226183387 ), 5,092999622036132E-05
( 1,0002565912776473 0,9996935262864265 0,9996881890657606 ), 5,098502187905751E-05
( 0,999995405340648 1,0003308944275666 1,000384041609958 ), 5,098678265369472E-05
( 1,0003194689905788 0,9999716163277167 1,0003944747135973 ), 5,127964395512663E-05
( 1,0001804527383427 1,0001401304606046 1,0004542463139856 ), 5,129215283972144E-05
( 1,0004310546368977 0,9997628987847003 0,9998671274085188 ), 5,15184747698072E-05
( 1,0000531042679963 0,9996320158083386 0,9996514027147871 ), 5,153281851733027E-05
( 1,0002893448272443 0,9995866145117791 0,99992150061226 ), 5,173470998087737E-05
( 0,9995209399693532 1,0001547026271713 1,0000873413835367 ), 5,179219061091089E-05
( 0,9999490193868006 1,000435024836172 1,0002641123518792 ), 5,189953533601965E-05
( 0,9999573986427525 1,0004560894916703 0,9997724707378547 ), 5,189975009756154E-05
( 1,000460422385319 0,9997797841390619 1,000042505418527 ), 5,2036331020133275E-05
( 0,9998416996044936 0,9998233738263366 1,0004549301271581 ), 5,222018919681659E-05
( 1,0000426097746788 0,999493246775137 1,000068476243658 ), 5,2237272385013966E-05
( 1,0000986940423502 1,0002725883652515 0,9995752855972093 ), 5,246025043348368E-05
( 0,9994932508627357 0,999911070780088 0,99995998517269 ), 5,283261942423678E-05
( 0,9996590949127454 0,9998428715335173 1,0003543648782867 ), 5,2867524139799116E-05
( 0,9997480193536621 0,999974119082566 1,0004504915858687 ), 5,299183390405915E-05
( 1,0000657237327457 0,9995169680377446 0,999825460735802 ), 5,318956537081476E-05
( 0,999948047789064 0,9995833027789495 1,000303755811475 ), 5,328872443755017E-05
( 1,0003316086265763 1,00007104079248 0,9996066870025861 ), 5,3507550646259006E-05
( 1,0002748763650906 1,0003171405294775 1,0003103426713307 ), 5,405145280690249E-05
( 1,00038215382826 1,0001711961158617 1,0003116308898647 ), 5,4054576203554916E-05
( 0,9999615944714534 1,0001877151982792 1,0004856288431396 ), 5,407120163525292E-05
( 1,0003213053804472 0,99989702012852 1,0003988534828567 ), 5,4146355864759244E-05
( 0,9997936809297998 0,9997593097385727 1,000417690458982 ), 5,4550793915808526E-05
( 1,0000036768602647 0,9998458769687589 1,0005023997389473 ), 5,479048165568656E-05
( 0,9997012818782968 0,9997266791778741 1,000335372518753 ), 5,4837840480104205E-05
( 0,9998506999514051 0,9995216698356238 0,9998365454812093 ), 5,5114801078559594E-05
( 0,9999046324177444 0,9996634154019387 1,00039514946059 ), 5,5257581173862036E-05
( 0,9998694381942549 1,000462872790434 1,000219829672599 ), 5,5474897852292315E-05
( 1,0004365376719313 1,0001899828933014 0,9997671612734378 ), 5,57228576596458E-05
( 0,9995693020027985 1,0000050263641713 0,9996906815451347 ), 5,57886076641978E-05
( 0,9997835654459011 1,0002135606565432 0,9995644301591188 ), 5,598089555292063E-05
( 1,000263526747535 1,0000597465339256 1,000462459090599 ), 5,691556337694692E-05
( 1,0001550550056626 1,000496185251061 1,0001302434558907 ), 5,697920256153566E-05
( 0,9997161459882141 1,0004426696962152 1,0001131631188345 ), 5,740183508606833E-05
( 0,9997698237075265 0,9997459494052144 0,9995821680617851 ), 5,7951566148517486E-05
( 0,999801169690406 1,000466899307311 0,9998122718761334 ), 5,808327917122824E-05
( 0,9996031084664314 0,999862894281248 1,0003440144769011 ), 5,845954181182833E-05
( 1,000357034081225 1,0001422953761097 1,0003874165880342 ), 5,908370197005297E-05
( 1,0000136413369713 0,9994551847970569 1,0000333690422258 ), 5,91452238296597E-05
( 1,000176852921396 0,9994912691713788 1,000093468839517 ), 5,92835660100377E-05
( 0,9999873698242453 1,0003111030995642 1,0004500841222248 ), 5,94224402590271E-05
( 1,0000342246991862 1,0001272550520746 1,000533308996675 ), 5,987143857311139E-05
( 1,0004586455217108 1,000028335543909 1,0003011050252035 ), 5,98792321149233E-05
( 1,0001114753459825 1,000201750319677 1,000501121428712 ), 6,036127253850054E-05
( 1,0000193174349132 1,0000560752352985 0,999448661841119 ), 6,100379309970094E-05
( 1,0003558544605093 0,9995755438616095 1,0000414071076673 ), 6,120590345659593E-05
( 1,0000217049593076 1,000298028674831 1,000468540139699 ), 6,12678166511671E-05
( 0,9995972191984063 0,9996656106649753 1,0001953359449944 ), 6,193892269479306E-05
( 0,9996069706181847 1,000166949112238 0,9996365426303122 ), 6,238344433384668E-05
( 1,0001625843158741 1,0005371238913765 0,9999931276084797 ), 6,249007346070812E-05
( 0,9996924448304312 0,9997155315304753 0,9996246621357997 ), 6,276944911931537E-05
( 1,000431722388873 0,9996948120910701 1,00019298081216 ), 6,284373484177763E-05
( 1,0005172905066482 0,9999965796669612 1,0002245326211219 ), 6,309182298736005E-05
( 1,0001499298485663 1,0005353913541364 1,0000970993056195 ), 6,319797141429717E-05
( 1,0002424713096523 1,000456179322176 1,0002301824311681 ), 6,346080790109454E-05
( 0,9994627203553641 1,000052179739637 0,9998298678808414 ), 6,355228745746899E-05
( 0,9996541573715279 0,9999703965947386 0,9995522613778305 ), 6,367457167044677E-05
( 1,0004919437094895 1,0002822840492838 0,9999927121312381 ), 6,383182073932403E-05
( 1,0004031773410886 0,9996006704009374 0,9999866303219818 ), 6,392087444595518E-05
( 1,0002990938741774 0,9998488011265282 1,0004599466449122 ), 6,425304451340708E-05
( 1,000263251873619 1,0002195523687356 1,000454482293469 ), 6,429069873092885E-05
( 1,000383543814267 0,9999369293120182 1,0004207979734805 ), 6,510326242192832E-05
( 1,000342401513454 1,0001950217218742 0,9995836450683673 ), 6,519631214274568E-05
( 1,0003687877099043 1,0003981450266053 1,000186029982069 ), 6,529695551193981E-05
( 0,9999061645169048 0,9998399761369021 1,0005432857224517 ), 6,538444218051609E-05
( 0,9995913131566162 1,000056723116585 1,0004009662207087 ), 6,567099153187428E-05
( 1,000284007129536 1,000410096801117 1,0002918537422592 ), 6,626650964136616E-05
( 0,9999449879050383 1,0000120013215887 0,9994228719832158 ), 6,67086942129913E-05
( 1,0001182598336102 0,9994728669250099 1,0002140450043997 ), 6,699099102291939E-05
( 0,9999863218692191 1,0005281956511762 0,9997571192263971 ), 6,708996298954162E-05
( 1,000358797944443 1,0001878492157068 1,0004194247208078 ), 6,744145194659268E-05
( 0,9994289394969651 0,9999309811991526 0,9998912388379364 ), 6,798943176278271E-05
( 0,9999434291561389 1,0004411815924734 1,0003816548415987 ), 6,814801603738374E-05
( 1,0001301932186604 1,0005451444479887 0,9998231591580476 ), 6,852564565207331E-05
( 0,9995407332560213 0,9997732707071305 0,9997117101466888 ), 6,853315349886202E-05
( 0,9994251892922926 1,0000852485733 1,0000948407503818 ), 6,877640245406269E-05
( 1,0001635334376981 0,999890647919017 1,0005556015445058 ), 6,892018618742668E-05
( 1,000587277416057 1,0000189822469907 1,000084493114615 ), 6,991213901130777E-05
( 1,0003256005065833 1,0002191486053784 0,9995542245596595 ), 6,998427134519147E-05
( 1,0004501933316856 0,9996159463812921 0,999919426629012 ), 7,075913320875316E-05
( 0,9995899847136829 0,9998711262779836 0,9995830744703033 ), 7,11330221427886E-05
( 1,0005166502859046 0,9998772287164163 0,9997184048908644 ), 7,167823945053442E-05
( 0,9994408947404151 0,9999293669243653 1,000211453542332 ), 7,187745284653602E-05
( 0,9996674821657564 1,0002713331168644 0,9995769760808678 ), 7,204387349801777E-05
( 1,000574929019854 0,9998854103706513 1,0001406776661372 ), 7,210838332483149E-05
( 0,9995119786710176 0,9997403975355842 0,9997572952227577 ), 7,230670534141836E-05
( 0,999854184922828 1,000577729980717 0,9998914426220228 ), 7,277384947457222E-05
( 1,000275250710405 0,9996240153344329 1,0003875491951046 ), 7,287370770825419E-05
( 1,0004204843389344 1,0004083253553986 1,0001599337750546 ), 7,322955351440896E-05
( 1,0000647695376428 0,9995061848675265 0,9996497438575761 ), 7,354942253101626E-05
( 1,0005097765188868 1,0001851652552964 0,9997194317823436 ), 7,39757574379496E-05
( 1,0003978541069314 0,9995350778969601 0,9999940768193442 ), 7,429293696503692E-05
( 0,9994121405892848 1,0000858523571423 0,999837407394912 ), 7,526703704030524E-05
( 0,9996359896123405 0,9996630854435086 1,0003662595000875 ), 7,542090354206721E-05
( 1,0006128697860364 0,9999165252502642 1,0000044696892185 ), 7,590420275249699E-05
( 1,0001190424506554 1,0003349150289946 1,0005063458339731 ), 7,592961750191307E-05
( 0,9996531243789505 1,0001113430849 1,000502076603995 ), 7,63414023268183E-05
( 1,0005893280777869 0,999810065183687 0,9999300834250457 ), 7,702984402158108E-05
( 1,000367691392307 0,9999736537919885 1,0005025970328696 ), 7,707425317349248E-05
( 1,00031305425326 1,0004391158971617 1,0003139981681863 ), 7,725792652735208E-05
( 1,0005438293623463 1,0001773341184608 1,0002499051830283 ), 7,730348961842992E-05
( 1,0000377127901274 0,9998897073991752 0,9993855310936264 ), 7,76027083340125E-05
( 0,9995745550039205 0,9998098861175997 0,9995812934011923 ), 7,786130341713715E-05
( 1,0005915306247863 0,9998653194061391 1,0001597031839708 ), 7,807761203793007E-05
( 1,0001961794789962 1,0004875115315826 1,0003428267710281 ), 7,810375931427416E-05
( 0,9997627326213144 0,9994359476744695 1,0001554498753256 ), 7,908209293105983E-05
( 0,9998502199385509 1,0005863798935761 0,9998188862832211 ), 7,91737654672886E-05
( 1,0002473422020468 0,9996693650725537 1,0004802831922976 ), 7,958882289926805E-05
( 1,0001986396846978 0,9995031829282296 0,9996561025506373 ), 8,025954549850667E-05
( 1,000504714624793 1,0002338529089272 1,0003091848566106 ), 8,035257679139818E-05
( 1,0001101374492851 1,000429978411644 1,0004579991949833 ), 8,070088177447587E-05
( 1,000305050846795 1,0002513009708345 1,0005015832996138 ), 8,090305452412849E-05
( 1,0001344421363807 0,9995473192924708 0,9995690805692121 ), 8,10800322703642E-05
( 1,0006061177676164 0,9998096366803332 0,9999108623062699 ), 8,16506492640201E-05
( 1,0000458808784152 1,0006403892207119 0,9999878053359285 ), 8,180728863749209E-05
( 1,000078382494747 1,000139826759148 1,0006220051484351 ), 8,185364951174279E-05
( 1,000501881355925 0,9996071468953932 0,9999035490534103 ), 8,243607015145926E-05
( 1,0005737229589875 1,0001628375586953 1,000250743551321 ), 8,30362273376295E-05
( 0,9997573925707254 1,0005552764676104 0,9997711210694857 ), 8,324047015406677E-05
( 0,9997147444668318 0,999420759767623 1,0000545325099246 ), 8,329757075031807E-05
( 1,0004393412573767 1,0002081077485017 1,0004303758876245 ), 8,363272823430634E-05
( 0,9998261146216016 0,9994710744919993 0,9996656791464589 ), 8,367552362642527E-05
( 0,9999336922092564 0,9993596136296339 0,9999032943202726 ), 8,40870708032071E-05
( 0,9997015752858016 0,9995814970699307 1,0004041068863183 ), 8,481344580246741E-05
( 1,0006409209544596 0,9999192934737742 1,0001132856120223 ), 8,533365280882776E-05
( 1,000035835767596 1,0005131663832025 1,0004074609918634 ), 8,543717214237745E-05
( 1,0002055971558623 1,0003986986647253 1,0004811362919477 ), 8,584875665818004E-05
( 0,9999894226200332 0,999537376573641 0,999527012903011 ), 8,686573682581411E-05
( 1,0000922131524599 1,0002019399838882 0,9993759748081791 ), 8,703261726950018E-05
( 0,9996013421572552 0,999490574154778 0,999856551641855 ), 8,709807351436893E-05
( 0,9999579967966299 0,9995391809333712 0,9995251328203062 ), 8,721653566112764E-05
( 1,0002718060127427 1,0001313442168698 1,0005903478564504 ), 8,722109501491104E-05
( 1,00013589438092 0,9993532988381676 0,9999436634421218 ), 8,726532107061757E-05
( 1,000218614990822 1,0003559600574163 1,0005163237052452 ), 8,750875670671121E-05
( 0,9993724803458122 0,9998773094315624 1,0001838248499026 ), 8,781328910600905E-05
( 0,999460816027947 0,9999200205042285 1,0003817945917997 ), 8,786445126673925E-05
( 1,0005766911471103 1,0002269867347204 1,0002466402154646 ), 8,826993106936243E-05
( 1,0006063208333797 1,0002786927247254 1,0000200747496548 ), 8,842278251108837E-05
( 1,0004908820342457 1,0003570088964255 1,0002793930491194 ), 8,85782455526396E-05
( 1,0001004902883521 0,9995400485380257 0,9995254756401427 ), 8,864688214060834E-05
( 1,0004983852671634 1,0002054083309913 0,9995991169896282 ), 8,953184018878346E-05
( 0,9999157310393716 1,0005574038627336 1,000367943851022 ), 8,990784728268864E-05
( 1,0001048444729221 1,0001210961126659 1,0006550639678558 ), 9,022174421602358E-05
( 0,999583662593965 0,9996816504370485 1,0004254376418034 ), 9,04033518587255E-05
( 0,9994564949565546 0,9996190235593426 0,999868067111042 ), 9,085300443700817E-05
( 0,9993408638772818 1,0001463725446593 1,0000514789012132 ), 9,096967799138156E-05
( 1,0002648079557468 1,0002775953462681 1,000558253743445 ), 9,102810650674087E-05
( 1,000136076881661 0,9994878023692897 0,9995770135417135 ), 9,121682202462011E-05
( 0,9999909526533264 0,9995884942001174 0,9994584168544284 ), 9,180213077542021E-05
( 1,0000738603109243 0,99958306006991 0,9994637168115362 ), 9,262798414511053E-05
( 1,000307378627252 1,0003836009954838 0,9995244761405275 ), 9,279869625089532E-05
( 1,0000724745763323 1,0001055610074039 1,0006719537567248 ), 9,283100562385016E-05
( 1,00020192246352 0,9994939740168627 0,9995846159585265 ), 9,312099284386477E-05
( 0,999994990886904 0,9993138548258068 0,9999806347976641 ), 9,348127596098266E-05
( 1,0002699067487748 0,9997171239696399 0,9994318528211774 ), 9,436704944931762E-05
( 1,0000491596775822 0,9995279105049902 0,999499468873245 ), 9,43981706207353E-05
( 1,0001746646104015 1,0003684705178153 0,9994392955969101 ), 9,536058718140339E-05
( 1,0006665916747737 1,0001643054749971 1,000100858299688 ), 9,552826981007456E-05
( 0,9998025512101876 0,9993618872305796 1,000191951066542 ), 9,582706680433262E-05
( 0,9993946895811942 1,0003310531101102 1,0000872663517741 ), 9,594475519847379E-05
( 0,9995570401243586 1,0003952349199872 0,9996355831147855 ), 9,626450253108487E-05
( 0,9995398009124318 1,0005268646811911 0,9999808310727047 ), 9,715987483360777E-05
( 0,9994671050917465 0,9995568157322168 0,9998929483593365 ), 9,757893850093069E-05
( 0,9996122922856882 0,9995768995636749 0,9995944722494673 ), 9,796278721552198E-05
( 0,9997477535687065 1,0005572253183925 1,00034672947004 ), 9,807498325642428E-05
( 0,9995208733287787 1,0002668933682382 1,0004418185300552 ), 9,840202664435083E-05
( 1,0004713655614639 0,9994914515660331 1,0001241760520783 ), 9,844737433439832E-05
( 1,0005222057360383 0,9995774679165906 1,0002129836279565 ), 9,852029348778046E-05
( 0,999725604945195 1,0005866435470987 1,0002848333876622 ), 9,930970847449316E-05
( 0,9998321175195465 0,9995320744861266 0,9994923489228452 ), 0,00010015785936445809
( 1,0001558172677214 0,9993880409477842 0,9996713803992953 ), 0,00010053781836916187
( 1,0005023954817585 0,9994954799940243 1,0000096300408094 ), 0,00010059152872088362
( 1,0006724109708127 1,000011548791238 0,9997654702062162 ), 0,00010063903564372367
( 1,0004486450516996 0,9994488184189573 1,0000493996590767 ), 0,00010068862888346075
( 1,0006896958117686 0,9998842302080204 0,9998567454366172 ), 0,00010110141845132148
( 1,0002296826488117 0,999809884523928 0,9993501393204464 ), 0,00010142127296575154
( 0,9998689758091338 1,000696311516018 1,0001095705221252 ), 0,0001019778967439322
( 1,0003017436346178 1,0001018611042167 1,0006428283601791 ), 0,0001021030078511842
( 1,0006993296183007 1,0001407679102716 0,9999211098898079 ), 0,00010219184087034705
( 0,9997513491057025 0,9995919981326624 1,0005391922312492 ), 0,00010296959510469605
( 1,0001936554597892 0,9994360498485908 0,9995930509788246 ), 0,00010339189596209053
( 0,9998093592834666 0,9993827662732869 0,9996767622708633 ), 0,00010352168006377838
( 0,999745728541686 1,0001975344795881 1,000648402184853 ), 0,00010397702376252482
( 1,000392851462491 0,9997435232182523 0,999445957391206 ), 0,00010456759370569557
( 0,9997663818602042 1,0006877463236405 0,999973932701712 ), 0,0001048008591411076
( 0,9999464107182594 0,999425919384609 0,9995523659800093 ), 0,00010570649721231007
( 0,9998434428700181 0,9993678481515559 0,9996546979248493 ), 0,00010779813574401942
( 0,9998526928714626 0,9996585938821997 1,000637308752372 ), 0,00010800849899084142
( 0,9999119306353624 0,9992698162564047 0,9999197936017472 ), 0,00010859122826900602
( 1,0001302043429572 0,9996000943634545 0,9993907586523053 ), 0,0001087292149826169
( 0,9998469710735128 0,9992758643926654 1,000043566484738 ), 0,00010905362448454525
( 0,9996915811876562 0,9996816866337552 1,000603302865176 ), 0,00011118277755173267
( 1,00066265231804 1,0000595795698957 0,9996564952967736 ), 0,00011122904475868722
( 0,9996739632770388 0,9993353413178679 0,9998842731486597 ), 0,00011138984393710416
( 1,0006811250451222 0,999710630934752 0,9998804638913221 ), 0,00011148721476672563
( 1,0001096413020636 0,99996108496011 0,9992551831276478 ), 0,00011274359710000681
( 1,0000304057859695 0,9993246093229043 1,0003360258333385 ), 0,0001130814499816779
( 0,9997123750507236 1,000470009260577 1,00051682385819 ), 0,00011323095524673477
( 0,9994920269598391 1,000560824349823 1,0000111930776363 ), 0,00011361623326422432
( 0,9993092960257486 0,9996794245340956 0,9999876000951126 ), 0,000115066138857145
( 0,9999203934451097 0,9996277222659306 0,9993403037742383 ), 0,00011509247634222675
( 0,9998386677972583 0,9996789680779264 1,0006733919193767 ), 0,00011557242638104981
( 0,9998670627761193 0,9994114057311657 1,0004711928356163 ), 0,00011628507262884114
( 0,9997607101282268 0,9994211443102565 0,9995553828841517 ), 0,00011705478907941824
( 1,0006676688771472 0,999637988991645 1,0001252640962368 ), 0,00011755209062513927
( 1,00042433160071 1,0004797727010921 0,9995668373281347 ), 0,00011861241134170086
( 1,0000613117795036 1,0005186326364022 1,000572543111715 ), 0,00011914317255445894
( 0,9992928430448368 0,9997042596592354 0,9998726097285378 ), 0,00011978135490409159
( 1,000328209412658 1,0006764377968649 0,9997997205300112 ), 0,00012010669886564074
( 1,0005156360221954 0,9994664154419513 0,9997611429160643 ), 0,0001205519974547542
( 1,0002721192279218 0,99935005428533 1,0003350984479693 ), 0,00012077488016615234
( 1,0003412993288854 0,9993080921208332 0,9998760764715579 ), 0,00012113384246958958
( 0,9995202407693989 1,0006068991040138 1,000127368059701 ), 0,00012195507767387426
( 0,9992197346943121 0,9999384020700519 0,9999189317391881 ), 0,00012284023484454565
( 0,9993456144370025 1,0000963154885523 0,9995661148843485 ), 0,0001241443878043924
( 1,000453669855115 1,0004091616492632 1,0005061937703743 ), 0,0001248801377720099
( 1,0007452794288492 0,9997443802163486 0,9998923614896805 ), 0,00012545679313546998
( 0,9994079405306526 1,0000207367279803 0,9994665917734982 ), 0,0001260758102858972
( 1,0001576153137506 1,0003858351955217 0,9993195586049034 ), 0,0001263184448205834
( 1,0005202909396338 1,000597614659143 1,0000993621519145 ), 0,00012651822983400507
( 1,00054114832716 1,0000081379625967 0,9994122869188331 ), 0,0001266363942953319
( 0,9998780294442763 0,9999938409415565 1,0007913919226818 ), 0,00012721191151143785
( 1,0005226884569738 1,0005346132083726 1,000289805900255 ), 0,00012756639642574896
( 1,0005960368678404 1,0005379982912013 0,9999950140304136 ), 0,0001279085932281987
( 0,9999250807559059 0,9996245342625087 1,0007080178826604 ), 0,0001285334421936568
( 0,9996472144444326 1,0007198220323303 1,0000903476223517 ), 0,00012910626402629077
( 0,999946054727839 1,000497631963758 1,0006337328021007 ), 0,00012938421726360616
( 1,0005922550981445 1,0002949374427528 1,0004662153552193 ), 0,00012996871452486403
( 1,0005313928769477 0,9994291916410475 1,0002193716955359 ), 0,00013020946835240466
( 1,000426525081749 0,9997100661072847 0,9993746781670231 ), 0,00013034599649586198
( 0,9994319953084619 0,9995017403369985 0,999703104918593 ), 0,00013074795324286015
( 0,9996683365218013 0,9994218537408023 1,0004704812045044 ), 0,00013205091610757336
( 0,9993228974423497 0,9998381999207732 1,0004280545859638 ), 0,00013250152598587306
( 1,0004746920185015 0,9993554465248334 1,0001908132984882 ), 0,00013434927183197942
( 1,0001237414748827 1,0005423368916242 1,0006103202114947 ), 0,00013528977034127365
( 1,0001297954879378 0,9993349690198041 1,0004729238975436 ), 0,00013545602334374962
( 0,9995161644109176 1,0000963617185088 1,0006635593152626 ), 0,00013563920419557007
( 1,0005366948856562 1,0005568302221919 0,9997056301622438 ), 0,00013584983281589302
( 1,0005402512002408 0,9996934354376694 1,0005526601669097 ), 0,0001371456406609184
( 1,0005745815440383 1,0004206050211626 1,000430422675033 ), 0,00013734994582748072
( 0,9994616747765741 1,0004235874465954 1,0004723741335622 ), 0,00013735818062343697
( 1,0000088476852416 0,9994147637817326 0,9994081803669467 ), 0,0001374518723480378
( 1,0003241577252575 1,0007006843500672 0,9996852548746747 ), 0,00013790242488553872
( 1,0005982321331575 1,000279256710045 0,9994876528192378 ), 0,00013855008344876296
( 0,9993960287154742 0,9998585842938877 0,9994391529609519 ), 0,00013874121254886518
( 1,0005758052569873 0,9994383996766584 1,0002314587487622 ), 0,0001389774419280343
( 0,999410861781344 0,9994431202181712 1,0002223543915165 ), 0,00014019172365919985
( 0,9995940678250141 1,000653098025455 1,0003400685099115 ), 0,00014025602935774373
( 0,9997534849821375 1,0007607086096584 0,99972694352468 ), 0,00014165313230307675
( 0,9995158072442042 1,000593066476429 0,9996347357112421 ), 0,0001427605316592917
( 1,0005120031744053 1,0005052446354765 1,0004504718275111 ), 0,00014291048808345863
( 1,0001774674325021 1,000517990102569 0,9993493188387801 ), 0,00014347588514951326
( 1,000316722941832 1,0001899344209246 0,9992307443916506 ), 0,0001444575152795835
( 0,9999490266601837 0,9991512612606409 0,9999152557253599 ), 0,0001448531306635914
( 1,0002899991369376 0,9993971190828269 0,9994633501075284 ), 0,000145928744586854
( 0,9995732696865317 1,00040106565392 1,0006267162155533 ), 0,00014596200622918332
( 1,0005434157304132 1,0006333668746523 1,0002023361610537 ), 0,00014629300805779621
( 0,9999500511433697 0,9997281363315327 1,0008183589842066 ), 0,00014802324997020833
( 1,0000251634821107 0,9994187277273899 0,999359864591824 ), 0,00014845344132652372
( 1,0004167131831514 1,0003405478561456 0,9993225673982784 ), 0,0001485037821069568
( 1,000008609163787 1,0005449582615384 1,0006722266223556 ), 0,00014858402816031457
( 0,9998880224934062 0,999379932839811 0,999406310567491 ), 0,0001486925877358658
( 1,0000518198448494 0,9994701831986336 0,999316366770976 ), 0,00014894178048052709
( 1,0008672696367602 1,0000019881080633 0,9999954578315228 ), 0,0001492264327858095
( 0,9995538470106063 0,9993662749040942 1,0003901788702145 ), 0,00014936916587160454
( 0,9994095314298342 1,0006080021427555 0,9998059145436633 ), 0,0001499820482457892
( 1,0001480682710517 0,9994279586165841 1,0006378843718815 ), 0,00014999456334408023
( 0,9995838885332905 0,9993595806073157 0,9995842814805643 ), 0,00015000562510181226
( 1,0003333330809931 0,9994251744185693 1,0005708873080157 ), 0,0001522554058226433
( 0,9999999178803254 0,9995673731341792 1,000762398420603 ), 0,00015244768306743595
( 1,0000085834788366 1,00076940474271 1,0004283648362258 ), 0,000153863481791916
( 0,9993222160731124 0,9994412847446071 0,9999202076250008 ), 0,00015433309403078965
( 1,000275928317216 1,0002686855684573 1,0007972450499676 ), 0,0001555248513440688
( 0,9995939505674655 1,0007032025866602 0,9996420120046712 ), 0,00015623862619662532
( 1,0005658355882296 0,9994500816835992 0,9995899021600654 ), 0,00015688044389605693
( 0,9998625458684357 0,9996880809660966 0,9991748651503218 ), 0,00015812505947110367
( 1,0005864773159727 1,0006491795538965 0,9998212944024762 ), 0,00015818286325952613
( 1,0005845300044653 1,0001113719839017 0,9993309704981961 ), 0,00015904666772570408
( 0,9995809994966423 1,0003493049798313 0,9992878893580133 ), 0,0001596413450428713
( 0,999254539849745 0,9995391864588548 1,0001916781272355 ), 0,00015966581295145943
( 1,0007031556861368 1,000259382101619 1,000495669843982 ), 0,00016018069563727977
( 1,000799339124152 0,9996179379558516 1,000156080092846 ), 0,00016055356427102652
( 1,0007778614457725 0,999556300674302 0,9998950953845629 ), 0,00016128109677993052
( 1,0009045812197805 0,9999793074779673 0,9999840855674801 ), 0,0001624724944377931
( 0,9998633910995041 0,9997511500146623 0,9991394684101313 ), 0,00016289996476359647
( 1,000342872072841 0,9995939046519425 1,000738971983277 ), 0,00016437839378014019
( 0,9995565813661537 0,9995822856945865 0,9993177435875884 ), 0,00016597049641831063
( 1,000559463107484 1,0003243413843752 1,0006523937230576 ), 0,00016740580755225665
( 1,0008840203800853 1,0001956638185585 0,999826514883706 ), 0,0001686077697371502
( 0,9995160903727389 1,0007868055365963 1,0000636389986384 ), 0,00017007756285281062
( 0,999235624530256 1,0003695731800673 1,0003708960428703 ), 0,00017030310697663253
( 0,999473177804345 0,9997123204190066 0,9992917712572302 ), 0,0001709917641576908
( 1,0000280505848929 0,999184763712913 1,0004477478560896 ), 0,00017178247232862986
( 0,9993195018377636 0,9993785285117976 0,9998593688706414 ), 0,00017241869158723944
( 0,9997441006868837 1,0006003621901116 1,0006662024044088 ), 0,00017255028402729522
( 0,9997178456308163 0,9992281984733431 0,9995582469530694 ), 0,0001726870465823538
( 1,000710067178582 0,9994533340227771 0,9997154189047961 ), 0,0001753834351880812
( 1,0005957048349878 0,9992720418514305 1,0000747864164699 ), 0,0001766441475687941
( 1,000151894859785 0,9990648556299494 1,0000680739954206 ), 0,0001789890650769621
( 1,0000523150228184 0,9990768814545672 0,9997649610961113 ), 0,00018056172012137495
( 1,0002261909635046 1,0009192503829667 1,000133723573296 ), 0,00018134291986271478
( 0,9998908526258974 0,9995008022773598 0,999190373037908 ), 0,00018184732330439601
( 0,999948314609044 1,0009567601172595 0,9999683687679685 ), 0,00018233405259948654
( 0,9993696873595729 0,9993586648074815 1,0003336476920452 ), 0,0001825057473894276
( 1,000355559204394 1,0004150820486861 1,0007898751288282 ), 0,00018303986357892654
( 0,999292021963182 1,0005389994288507 0,9996331132996426 ), 0,00018378209348668406
( 0,9995579493458434 0,9992411346134713 1,0003941758578918 ), 0,00018384176888019965
( 1,0001611044764176 1,0004293543682017 0,9991527521792328 ), 0,00018413303275366388
( 0,9998755983275444 0,9991926051191817 0,9994565003803055 ), 0,00019100246461789538
( 1,00000351853484 0,9990678522173686 1,000319056892161 ), 0,00019258052192583364
( 1,000014818977058 1,0007902437139136 1,0006019186103121 ), 0,0001958147836873536
( 1,0002918549501452 1,000503700752715 1,0008060440068172 ), 0,00019613023668085816
( 0,9999940387389896 1,000733091444059 1,0006725794142655 ), 0,00019637246752779447
( 1,0003749932892703 0,9994357265147068 1,000728861057217 ), 0,00019646007714158031
( 0,9999818155039142 1,0003449968716402 0,9990634551694568 ), 0,00019769120296331266
( 0,9994220679391028 1,00026640311316 1,0007759748773615 ), 0,00019980295882504606
( 0,999527397088982 0,9994795621565434 0,9992836558245601 ), 0,00019985161352664704
( 0,9997209278205603 1,0009054819544383 1,000333365066211 ), 0,00020015953492702465
( 0,9997790603207655 0,9992321330070866 0,9993910369692952 ), 0,0002002308727000468
( 0,9989954456252084 0,999955383602247 0,9999433507639597 ), 0,00020123423669460294
( 0,9995594061301026 0,999114845409742 1,0002039149522697 ), 0,00020220137010795725
( 1,0002817209893595 1,0004316551108876 1,0008744679505746 ), 0,00020442023139111143
( 1,0001307219505107 1,000494442288441 1,000877058631458 ), 0,00020450080151945826
( 0,9992637678676574 0,9993409574666877 1,000262252101283 ), 0,0002073493684591199
( 0,9997042610483882 0,999209390047464 0,9994222276284925 ), 0,00020758654338237648
( 1,0000434497105923 0,9993352746299189 0,9992049690434208 ), 0,00021343417019892286
( 0,9991309550627391 0,9994357833087315 0,9999224253420838 ), 0,00021418314721088905
( 0,9998984274922067 0,9995099961231747 0,9990774292826963 ), 0,00021853978496721993
( 0,9990925062942981 1,0000982773538831 0,9994655603097639 ), 0,00022196633723226
( 1,000237506944897 0,9992116359047837 1,0006723600107033 ), 0,00022418177700345154
( 1,0000014466736324 0,9992610851816393 0,999224127607526 ), 0,00022774876227060759
( 0,9990465746326944 0,9998017717939808 0,9995515309428538 ), 0,00022803900921175568
( 0,9998966897673544 0,9991236662709961 0,9993837212916529 ), 0,00022982351558198388
( 0,9995969486024533 1,0001570847055927 0,999011459728989 ), 0,00023099478971744247
( 1,0006323115492113 1,0002141303479277 0,9991488770536315 ), 0,00023213416264411535
( 0,9999822719301433 1,0007790560537775 1,0007527727771188 ), 0,00023289390382785768
( 0,9999661394990362 1,0007586902037855 1,0007738740876273 ), 0,00023323692123256023
( 0,9997499826089482 0,999027501751936 0,9995503389823026 ), 0,00024014439627961792
( 0,9999513315200168 1,0002234834561798 1,001086756357485 ), 0,000244686541069683
( 1,000071135242978 0,999028225462662 0,9994661607627281 ), 0,00024489263825344665
( 0,999980674940565 0,9991935474698876 0,9992237207508705 ), 0,0002486539380299746
( 0,9996929512221219 1,0008154460425083 1,000710284154808 ), 0,0002507145236769759
( 0,998904603824903 0,999818735054417 1,0001929141236834 ), 0,00025195019451373923
( 1,0005956604785067 0,9993833562840272 0,9992661457107554 ), 0,0002526723936853159
( 1,0000500711808682 1,0000984700798243 1,0011297671582853 ), 0,0002556424854347483
( 1,0010237961679411 0,99989333472725 0,9995021923879187 ), 0,00025936684379956887
( 1,0008440755844514 0,9994071883173874 0,9994876016101815 ), 0,0002631550230347557
( 0,9999820127854027 1,0007710479195446 1,0008703994647503 ), 0,0002683115359403132
( 0,9997110320219335 1,0005445937510193 1,0010084339889864 ), 0,000277157766440439
( 1,0000358879961841 1,0010767227516044 1,0004863332122567 ), 0,0002771805780810155
( 1,000954940190509 1,0006032072159428 1,0003892221816362 ), 0,00028315716872739927
( 1,0011706414886286 0,9997564974974195 0,9999522122127452 ), 0,00028409200980661353
( 1,000411171378486 0,9995459952954233 1,001033801672671 ), 0,0002864631173906673
( 0,9996009554366081 0,9994189515628151 1,0009766219052358 ), 0,00028779564971515015
( 1,0009109577695792 1,0005440149786728 1,000570162965549 ), 0,0002878429689410211
( 0,9997965095609113 0,9998804968612984 0,9988168554751209 ), 0,000288762442828272
( 1,0000972239498445 0,9995135857368849 1,0011032235557809 ), 0,0002902770886734629
( 0,999344619598382 0,998981141036281 0,9997517206239156 ), 0,000303388236570612
( 0,9998807058426957 1,0008344997169 1,000911619574726 ), 0,0003058545894774056
( 1,0011303123192403 1,0005252715658983 0,9999231169273094 ), 0,0003093769016970782
( 0,9993528138265486 1,0008862552035447 1,0006424640385592 ), 0,0003208109413961324
( 0,999613540760311 0,9989727838495773 1,0006451270329775 ), 0,00032153571717685736
( 0,9998792931105157 1,001261727799196 1,0002018525954084 ), 0,0003268040177140108
( 0,9989948300093674 1,0007296621375164 1,0003439046522673 ), 0,00032953712241123867
( 1,0001819167089134 0,9987256396228962 0,999886791246076 ), 0,00033129408373611113
( 1,0006397209859403 0,9991411371609282 0,9992737408227025 ), 0,00033217530650375693
( 1,0005606920368135 0,999016139654979 0,9993203312567761 ), 0,00034605576554369577
( 0,9994648030582776 0,9991064283111557 1,0008604300388957 ), 0,00036211353815929215
( 1,0009946996520138 1,0005781618707628 1,0007221406143696 ), 0,00036606934174088224
( 1,0007038037169005 1,0011225991095578 0,9996704618026047 ), 0,000369834161510596
( 0,9989776492955682 1,0008451628930135 0,9996748958628082 ), 0,00037003867996432405
( 0,9989046722629468 0,9992808929567587 0,9996084382419426 ), 0,00037102747441508654
( 0,9995856929335025 1,000564827121686 0,9988192832515942 ), 0,00037392251764600815
( 1,0013858320401516 0,999992085198695 1,0000256476017757 ), 0,0003811585798558781
( 1,0013636178118783 1,0002045398509214 0,9998474215418046 ), 0,0003818172682734655
( 1,00003574521907 0,9990744330336061 0,9989530453166972 ), 0,0003876699847751297
( 0,9990179214397616 1,000933650058711 1,0003934807594255 ), 0,0003949990892806454
( 1,0009745843732838 1,0002475581439811 1,0009994218813607 ), 0,0003987557175051393
( 1,0009320011704852 0,9989918878398599 0,9995527135630622 ), 0,0004136426398133608
( 1,0005664826474694 1,000762539817439 0,9989117018293802 ), 0,0004139959664790638
( 0,9998717999874069 1,0011222414022634 0,9990869588550271 ), 0,00041850764801765195
( 1,0006900177329168 1,001313586652796 0,9997471969934943 ), 0,0004494638669925166
( 0,9994353970065641 1,0007917820547791 1,0011784720938248 ), 0,00046314313654960415
( 1,000728110749878 0,9997876579977528 1,0013277190227328 ), 0,0004638528224987226
( 1,0013431019091017 1,00046315026197 1,0005887329151801 ), 0,00046920247677206817
( 0,9989807235825757 1,0011604243912116 1,000095490869504 ), 0,00047507330873486353
( 1,000747155578903 0,998509902087649 1,0001508768610887 ), 0,0005557716107205124
( 1,0013699372640994 0,9991820863961819 1,0006626341520506 ), 0,0005921569677127536
( 0,9989958764198794 1,000029718667307 0,9985816986691086 ), 0,0005992848562392794
( 0,9998485436895879 1,0006454935214304 1,0016112652584372 ), 0,0006022695749692275
( 1,000931361491125 1,0014319273521535 1,000693062224399 ), 0,0006741697315106876
( 0,9984755941341114 0,9992515805822035 0,9991425986293985 ), 0,0007179931690899366
( 1,001237323359683 1,0012396873591338 0,9992512704312039 ), 0,0007198405710369116
( 0,9991136365565847 0,9992588298417509 0,9983315876488281 ), 0,0008170866945427235
( 0,9999850157778643 1,0014576293089157 1,0014313621376218 ), 0,0008280244514793367
( 0,9991799808183434 1,0012308274928015 1,001533621311946 ), 0,0009005681496887519
( 1,000020483881429 1,0014977786760049 1,0016234004240627 ), 0,0009679848120249801
( 1,0003322319769465 1,0014794760511994 1,0016142195158029 ), 0,0009730921960908745
( 0,9990331655101509 0,9980547802646927 1,0011562756007941 ), 0,001201376469673221
( 0,9996579295979803 1,0018823591070425 1,0018286543483834 ), 0,0013895752741603928
( 1,000212846113452 1,00203565778783 1,0022188458938284 ), 0,0018078176757043707
( 0,9993537417478414 1,001939010696916 1,0024031896463357 ), 0,001974512466521361
( 1,0006364158897445 0,9974013749143539 1,0020028396483307 ), 0,002215849505308398
( 1,0000501657263665 0,997492198910802 0,9976384624577215 ), 0,0023545592007927496
( 0,9998091007447555 0,9971203094022381 0,9969390249954888 ), 0,0035111661854791976
( 0,9987631189843194 1,0042601241422973 1,000360109105645 ), 0,0039295769058682595
( 0,9996054897193589 0,9957698174496968 0,996741225204753 ), 0,005687559650645824
( 0,9995687832813637 0,99565420776004 0,99594289584545 ), 0,007048850602419776
( 0,9966533896189758 0,9959261620765136 1,0028110886998713 ), 0,0070819348374016045
( 0,9966548208166398 1,0037569581523405 1,0034080195316246 ), 0,0073242494042062845
( 0,9998719221700336 1,005043205529233 1,0045095605101517 ), 0,009082983162414848
( 0,9970382279486654 1,0036301385571196 1,0063073132117077 ), 0,012245989540272006
( 0,99434186898635 0,9994829451837801 0,9940136605525183 ), 0,01351258307903791
( 1,0000022376057491 0,9920993870525242 0,9921590156677571 ), 0,024575939161003646
( 0,9950902935141278 1,0107435983627886 0,9999083890620879 ), 0,027674309744803338
( 1,000187358536119 1,0082451639702108 1,0087074162869065 ), 0,028529375282026592
( 1,00728867812039 0,999378112009275 0,9903435350907793 ), 0,02910832367096461
( 0,9907605211968407 1,0001173857616392 1,0093221666094925 ), 0,034170253506353276
( 1,0000544140957368 1,009709841885951 1,0090323898478086 ), 0,03488073742060038
( 0,9956224758244048 0,9913745220985953 0,9908569174171958 ), 0,03513828519382045
( 1,0047909505431294 1,0117542522036065 1,0074281191740535 ), 0,042896028820877063
( 1,0003899154004632 1,0101312137818275 1,0111909377133925 ), 0,0452224453040273
( 0,9948166158462293 1,0062358379871534 0,9871059130776695 ), 0,04600967520916299
( 1,0003390996695105 0,9891599858660152 0,988845405989287 ), 0,04800096685720945
( 0,9990957022265166 0,9835091045468327 1,0000830007524089 ), 0,05406824804082078
( 0,9999832228127776 1,0134590145458293 1,013667683447492 ), 0,07295459254559233
( 0,9999694915293627 1,0139006633003094 1,013752206601879 ), 0,07580826034234889
( 0,9999898341336815 0,9802016741655987 0,981386804993333 ), 0,1463200116026826
( 1,002142260552608 0,9802273164677808 0,9813687292603936 ), 0,1471629217106738
( 0,9993515472817521 0,9797660519792473 0,9783323696503805 ), 0,17419816024672485
( 1,0003330584873957 0,978389837770715 0,978652709876015 ), 0,18280324271560744
( 0,9996878838188658 1,0219652883811352 1,0236480515794848 ), 0,20633119357077234
( 0,999691557430952 1,0245945077326661 1,0239492265603638 ), 0,23336418125645864
( 0,9996767117753967 0,9615110276193563 0,9613827685741044 ), 0,5869154819464519
( 0,999165963049175 1,0416632580503287 1,0397122014036702 ), 0,6538243868553195
( 1,000742574398184 0,9583617483941419 0,958654863319133 ), 0,6793650694988429
( 0,9929811339026825 0,9404234815407202 0,9991898942348725 ), 0,7059246281195541
( 1,0013908810529857 1,0474458591495577 1,0477334812571133 ), 0,8923772638375809
( 1,000192210545222 0,9478677407264609 0,9474319351936947 ), 1,07770834976926
( 0,9989223907185796 1,0580198864886545 1,0610706019985194 ), 1,3916905752473454
( 0,9677059186406118 0,9688078015326275 1,9863688308997705 ), 1,40818979404132
( 1,0004113305477578 1,0621679551353027 1,0606020334505382 ), 1,4770385223674722
( 1,0160929895783766 -0,024848372400170765 0,9637530381346443 ), 1,482818672759251
( 1,000338114993033 1,0677112374539177 1,0681288304274799 ), 1,8029835908229686
( 0,9998182665745724 0,9306075478167464 0,9318053724581143 ), 1,849028805296495
( 1,0023709320429468 0,0063128443473804904 0,00688615238369893 ), 1,9920286152002475
( 1,0035889553777655 0,001174962269891694 0,007547000728682446 ), 1,9966830170272303
( 1,0052428375524547 0,002188680039266179 0,0024951623536651063 ), 1,9982705744837332
( 1,0034594977827702 0,008800343303720272 0,010611329495790446 ), 2,001242509118441
( 0,9997427846027891 0,0013247393455827101 0,012124548172962435 ), 2,002613245802017
( 1,00428443298346 0,008366336383248428 -0,0008807831792632427 ), 2,002707729404804
( 1,0024949312937095 -0,0027423536639725743 0,00546747438383044 ), 2,0032066419674983
( 0,9973682824075343 0,0028269670051007225 0,012500706215389514 ), 2,003290542478595
( 0,9950969098978013 -0,0023499509206711625 0,007635414273201961 ), 2,006857619236939
( 1,005082539338515 0,005538898790334697 0,01354868329432964 ), 2,0094315741182243
( 1,0058521331858477 0,005648789957453189 0,013373889665222622 ), 2,0105419249337473
( 1,0058014527553207 0,0055525551218833236 0,013725990540792987 ), 2,011589992935111
( 0,9990009421487093 0,0035558582953728185 0,016742330915671864 ), 2,0176694477595234
( 1,0032922055243916 -0,006214922500858325 0,009314072263052232 ), 2,020819909839844
( 1,0138648698603216 0,0034959556053303434 0,005383468991565409 ), 2,0285287808372345
( 0,986276261073453 0,005032561989541065 0,00995518873337723 ), 2,0320464571119317
( 0,9878354507428623 0,007043297902690972 0,012892567614105814 ), 2,0322700742427955
( 1,0127721481308225 0,010790829833431001 -0,0004333885314739159 ), 2,03476073145859
( 0,9925641986215326 0,00739402198274716 -0,007914358971901283 ), 2,0352766313196504
( 0,9947917435558157 0,01063820678623175 0,01889279151020387 ), 2,039493992664436
( 1,0060450625113975 0,019857322867977978 0,007528612061071163 ), 2,0418475548917314
( 0,986779755787849 0,0011540326360201837 0,017187927710490304 ), 2,0567877120978437
( 1,0139208243323776 0,01805304985819263 0,006465751466221999 ), 2,0622666576819135
( 1,003879324181332 0,023657256641430743 0,010129248612863073 ), 2,0665910094772286
( 0,9855565311260815 2,0045072716694166 1,984542628602433 ), 2,0708538653153568
( 1,0019092248590267 -0,015138284429358384 -0,003708272483890905 ), 2,0865752505651542
( 1,0150213185190462 0,017656380688250817 -0,006325930084471763 ), 2,091794538705134
( 1,0232442487986477 2,0000647089985506 1,993762227438905 ), 2,102373956150373
( 0,9938500998091933 0,017740929994985076 0,024816416180104578 ), 2,106700122852999
( 1,0121875099806121 0,025466694250389763 0,012608744991571386 ), 2,1132218711197517
( 0,9883843072691312 -0,008262107540187247 0,023313196534808987 ), 2,1178290434675517
( 0,9854429730179711 0,01299537966618539 0,025603997360723347 ), 2,128078689720226
( 0,986150207519847 1,981581909340945 1,9765297860946132 ), 2,130567062170172
( 0,9817324217125464 -3,8528712910915544E-05 -0,017350379124371304 ), 2,16057440821681
( 0,9888179373137873 0,0310673499986334 0,014270180003691204 ), 2,1653746285401994
( 1,0283824325983777 0,013509122025672733 -0,013510490472995166 ), 2,2317747501062506
( 1,005155461688597 -0,025771209759168502 0,025267465077129108 ), 2,2641549167179065
( 0,998353206478261 0,9200327215528309 0,9259075805574855 ), 2,312556368266801
( 1,039460124736518 0,015164712648969804 0,004401715172142784 ), 2,3176456978376834
( 1,0216078803028554 -0,019444800983337722 -0,019392347413315185 ), 2,319597652876027
( 1,035099376456603 0,017541551416277036 0,022814146011946874 ), 2,32678627519536
( 0,9881188246508676 -0,003505737217673121 0,04386447045836518 ), 2,329039785897109
( 0,9970105502777705 0,012262809159597059 0,04731389790880496 ), 2,353315087488973
( 1,0270129177440397 0,040635938520677276 0,017736069783220995 ), 2,415854311477929
( 1,011069220960873 -0,024179965909847105 0,04063654761169119 ), 2,433001466918533
( 1,0288595794788464 1,9949286094882654 2,036023699366717 ), 2,4881555740497774
( 0,9732277101690978 -0,03753306581869721 0,00027299666854293213 ), 2,494594980455844
( 1,017249463749446 0,05354518016366788 0,012078779975448716 ), 2,5201451640594357
( 1,0302812937728825 -0,011191225210949686 0,04560628001543914 ), 2,5472191643596567
( 0,948838036079803 -0,019700093353614112 -0,005468096620640572 ), 2,648031163105685
( 1,0245163384617848 1,9426861884622981 2,001635151277747 ), 2,6528982550540974
( 1,0093676565703458 0,04756463639806162 0,04405579871664208 ), 2,662312568124918
( 1,0111278011800953 0,022025089435477267 0,0643214874620493 ), 2,7576947241320298
( 1,0617462340071189 0,002526845134559464 0,03247797511980663 ), 2,886800101919448
( 0,969512100093514 1,9727024054429412 2,0523406693407726 ), 2,9200549009814374
( 1,1135130340831332 0,9395440017467864 0,9984266337302268 ), 3,1672837475668913
( 0,0229920575789897 0,04363649023842764 -0,002873406774589693 ), 3,354241591211295
( 1,0555683861183167 0,060842609530505826 -0,023796341517912198 ), 3,370036140868031
( 1,0693341872183728 0,06283925515480937 -0,009333584402133208 ), 3,622402313355554
( 1,0060351390391298 1,9983978603785817 2,0947940953861015 ), 3,925033526308095
( 0,9076806086735466 -0,03722128615876195 0,012557493199110517 ), 3,998433368333899
( 1,0221500943059894 1,0062515830651815 0,8543261363911328 ), 4,030593275860227
( 1,0615490442629332 2,0483748842619867 1,928244247061106 ), 4,160647473762545
( 0,0532488006070187 0,08575984187857948 0,03588312445131348 ), 4,886252647944751
( 1,8831574689535393 0,9770128390079476 -0,045066516703650694 ), 4,95096230682995
( 1,0342234049936738 0,11495250005985722 -0,06647281402457826 ), 5,508662952247892
( 0,9915797770212076 0,05654621248687175 -1,0108509765976263 ), 5,595466808075386
( 1,0504758929020397 -0,9895135071361256 2,026024666015146 ), 5,667247159772895
( 0,0295779785609748 0,15397033534070564 0,94175819152305 ), 6,820982614889253
( 1,8728296909460354 1,0181416599004889 0,1112131186835817 ), 6,9866861465542485
( 1,0605163589777087 0,8697215609358874 1,1353796438092456 ), 7,3252754477410456
( 2,904559648172112 0,9293452786395563 2,0476555218668633 ), 7,888968439669892
( 2,8881528047569356 0,9496541611462413 0,08159264143961989 ), 8,562245509246903
( 0,8222831605855738 -0,06756251309344585 0,017847280715527332 ), 8,699137274990711
( 0,08272952242433346 0,024027007120359878 2,859463976755949 ), 10,337837937495589
( -0,018285402459045502 -1,033213134983671 0,18773097932315458 ), 12,30010283550726
( 2,065778138484439 3,1114175251734144 0,18681478833809304 ), 15,582588297316802
Liczba wywoa funkcji celu: 37018
