Iteracja nr: 55
( 0,9999999994950239 1,000000001322115 1,0000000016995714 ), 0
( 0,9999999994464392 1,0000000012670216 1,0000000017698223 ), 0
( 0,9999999995132052 1,0000000013817607 1,0000000017385797 ), 0
( 0,9999999994491844 1,0000000013786121 1,0000000016939272 ), 0
( 0,9999999994515971 1,000000001426898 1,0000000017804813 ), 0
( 0,9999999994374924 1,0000000012889643 1,0000000016135635 ), 0
( 0,9999999995965236 1,0000000013437305 1,0000000015543837 ), 0
( 0,9999999995239116 1,000000001223058 1,0000000015654904 ), 0
( 0,999999999549091 1,00000000126452 1,0000000015928883 ), 0
( 0,9999999994946457 1,000000001292349 1,000000001755466 ), 0
( 0,9999999994546882 1,0000000014460944 1,0000000016662913 ), 0
( 0,9999999994801556 1,0000000011889096 1,0000000016096902 ), 0
( 0,9999999995801094 1,0000000013605586 1,0000000014469292 ), 0
( 0,9999999995450808 1,0000000011995602 1,00000000152244 ), 0
( 0,9999999995176385 1,00000000133437 1,0000000015367712 ), 0
( 0,9999999993688732 1,0000000013224881 1,0000000015361208 ), 0
( 0,9999999994202852 1,0000000010606183 1,000000001538183 ), 0
( 0,9999999994920127 1,0000000012490802 1,0000000014773591 ), 0
( 0,9999999995048181 1,0000000011357835 1,000000001458765 ), 0
( 0,9999999994128821 1,0000000011540162 1,0000000016180581 ), 0
( 0,9999999994547693 1,0000000012419066 1,0000000015982213 ), 0
( 0,9999999995081654 1,0000000013299515 1,0000000016440287 ), 0
( 0,9999999994499323 1,000000001225539 1,0000000015680603 ), 0
( 0,9999999994524816 1,0000000010563812 1,000000001684076 ), 0
( 0,9999999995100025 1,0000000012938193 1,0000000015418633 ), 0
( 0,9999999994347438 1,0000000011763825 1,0000000015229427 ), 0
( 0,9999999994869507 1,0000000011879928 1,0000000014855843 ), 0
( 0,9999999995038775 1,0000000013732306 1,0000000016263058 ), 0
( 0,9999999995463124 1,0000000012980994 1,0000000016831196 ), 0
( 0,9999999995219047 1,0000000013037682 1,0000000015729542 ), 0
( 0,9999999994341682 1,0000000013018064 1,0000000015734234 ), 0
( 0,9999999995526685 1,000000001262682 1,0000000014810735 ), 0
( 0,9999999993661892 1,000000001336868 1,0000000017101374 ), 0
( 0,9999999994850587 1,000000001222481 1,0000000014938268 ), 0
( 0,9999999994068269 1,0000000013212935 1,0000000017783357 ), 0
( 0,9999999994540717 1,000000001241844 1,0000000015993524 ), 0
( 0,9999999994452362 1,0000000012892267 1,000000001550135 ), 0
( 0,9999999994239087 1,0000000012473422 1,0000000015755677 ), 0
( 0,9999999994625136 1,000000001204946 1,000000001217644 ), 0
( 0,9999999995669748 1,0000000010276757 1,0000000013105683 ), 0
( 0,9999999995898213 1,0000000012793122 1,0000000015541002 ), 0
( 0,9999999995016652 1,0000000012843537 1,0000000015840036 ), 0
( 0,9999999993427824 1,0000000009905656 1,0000000014980053 ), 0
( 0,9999999995776736 1,0000000013187489 1,0000000016046777 ), 0
( 0,9999999996071045 1,000000001208616 1,0000000014055792 ), 0
( 0,9999999994525913 1,0000000011658734 1,000000001603886 ), 0
( 0,9999999995122645 1,0000000013000547 1,0000000015830182 ), 0
( 0,9999999995088312 1,0000000012458794 1,0000000015494532 ), 0
( 0,9999999996121937 1,0000000012466472 1,0000000016661832 ), 0
( 0,9999999995256391 1,0000000013958021 1,0000000017618975 ), 0
( 0,9999999992926369 1,0000000012889705 1,0000000017043873 ), 0
( 0,9999999993918361 1,0000000013398533 1,0000000017438924 ), 0
( 0,9999999994108826 1,0000000012832067 1,0000000016814392 ), 0
( 0,9999999995284116 1,0000000013963117 1,000000001623691 ), 0
( 0,9999999994614882 1,0000000011822583 1,0000000014797819 ), 0
( 0,999999999456384 1,0000000014053785 1,0000000017425932 ), 0
( 0,9999999993086205 1,0000000011310854 1,0000000015528736 ), 0
( 0,9999999994414764 1,0000000013019679 1,0000000016108364 ), 0
( 0,9999999996146162 1,0000000012328092 1,0000000013267234 ), 0
( 0,9999999994879597 1,000000001276263 1,0000000015925645 ), 0
( 0,9999999995066867 1,000000001331728 1,0000000015989425 ), 0
( 0,9999999995368416 1,000000001212823 1,0000000014894177 ), 0
( 0,9999999995567556 1,0000000013055605 1,0000000016711643 ), 0
( 0,999999999437195 1,0000000011360557 1,0000000016345716 ), 0
( 0,9999999995065499 1,0000000013722206 1,0000000016102184 ), 0
( 0,9999999995412777 1,0000000011582235 1,0000000014549477 ), 0
( 0,9999999994254736 1,0000000012923527 1,0000000016325226 ), 0
( 0,9999999995148536 1,0000000013555137 1,00000000167934 ), 0
( 0,9999999994570926 1,0000000013418862 1,000000001695179 ), 0
( 0,9999999994711591 1,000000001307891 1,000000001589756 ), 0
( 0,9999999993981661 1,000000001292941 1,000000001651497 ), 0
( 0,9999999993937566 1,0000000011023142 1,0000000015680708 ), 0
( 0,9999999995403245 1,0000000012294894 1,0000000015999828 ), 0
( 0,9999999995573783 1,0000000012957133 1,00000000171008 ), 0
( 0,9999999995836429 1,0000000014371635 1,0000000017822015 ), 0
( 0,9999999993860826 1,0000000012306776 1,0000000013509136 ), 0
( 0,9999999995837238 1,0000000012461672 1,0000000012525458 ), 0
( 0,9999999993630855 1,000000001216722 1,0000000015029784 ), 0
( 0,9999999994282657 1,0000000012995767 1,0000000016194353 ), 0
( 0,9999999994865303 1,00000000143678 1,0000000017113875 ), 0
( 0,9999999994000337 1,000000001359007 1,000000001682631 ), 0
( 0,9999999994483723 1,000000001375924 1,0000000017761828 ), 0
( 0,9999999994632648 1,0000000013511663 1,0000000016783972 ), 0
( 0,9999999995505714 1,0000000012058368 1,0000000015398383 ), 0
( 0,9999999994055172 1,0000000012433978 1,0000000015337005 ), 0
( 0,9999999994915877 1,0000000012188688 1,0000000015696644 ), 0
( 0,99999999936221 1,0000000013245696 1,0000000016902466 ), 0
( 0,9999999993498999 1,0000000011807981 1,0000000016307558 ), 0
( 0,9999999995112928 1,0000000011755403 1,0000000013507893 ), 0
( 0,9999999995446168 1,000000001241608 1,0000000014557306 ), 0
( 0,9999999994050474 1,0000000012742742 1,0000000016968669 ), 0
( 0,9999999996097608 1,0000000012865506 1,0000000016398327 ), 0
( 0,9999999994055941 1,0000000011927144 1,000000001638961 ), 0
( 0,9999999994112886 1,0000000012907626 1,00000000153197 ), 0
( 0,9999999994690035 1,00000000132667 1,0000000017220423 ), 0
( 0,9999999994053556 1,0000000010259855 1,0000000016099952 ), 0
( 0,9999999993709443 1,0000000014698223 1,0000000018259347 ), 0
( 0,999999999429515 1,0000000013627102 1,0000000015277695 ), 0
( 0,9999999994180212 1,0000000013351331 1,0000000015929897 ), 0
( 0,9999999993937717 1,0000000013946437 1,000000001754592 ), 0
( 0,9999999995951 1,0000000010411034 1,0000000014588182 ), 0
( 0,9999999993623887 1,0000000012671697 1,0000000015477892 ), 0
( 0,999999999424664 1,0000000013221146 1,000000001544601 ), 0
( 0,9999999994126415 1,0000000011782995 1,000000001590205 ), 0
( 0,9999999993235198 1,0000000012873804 1,0000000016178014 ), 0
( 0,9999999994836257 1,0000000012759727 1,0000000016190995 ), 0
( 0,9999999994839089 1,0000000013160302 1,0000000015060087 ), 0
( 0,9999999994053742 1,0000000011409185 1,0000000015884571 ), 0
( 0,9999999995058757 1,0000000011608356 1,0000000015484183 ), 0
( 0,9999999995146812 1,0000000013682788 1,000000001648807 ), 0
( 0,9999999994865635 1,0000000012224552 1,000000001548628 ), 0
( 0,999999999430832 1,0000000012829224 1,0000000016011732 ), 0
( 0,9999999994587474 1,0000000013131483 1,000000001656605 ), 0
( 0,9999999997456068 1,0000000012821673 1,0000000016148678 ), 0
( 0,9999999994969481 1,0000000013112744 1,0000000015298367 ), 0
( 0,9999999994850969 1,0000000012978285 1,00000000149633 ), 0
( 0,9999999994783916 1,000000001253578 1,0000000017580528 ), 0
( 0,9999999995488862 1,0000000012601167 1,0000000015082477 ), 0
( 0,9999999994905846 1,000000001313221 1,0000000016394206 ), 0
( 0,9999999994848406 1,0000000012725165 1,000000001589241 ), 0
( 0,999999999473901 1,000000001344901 1,000000001624993 ), 0
( 0,9999999995361825 1,0000000014355193 1,000000001651202 ), 0
( 0,9999999994122211 1,000000001161034 1,0000000016093102 ), 0
( 0,9999999994579714 1,0000000013658283 1,0000000016707655 ), 0
( 0,9999999994230312 1,0000000013722148 1,000000001630014 ), 0
( 0,9999999994651312 1,0000000013288033 1,0000000016129234 ), 0
( 0,999999999541627 1,00000000165064 1,0000000015613513 ), 0
( 0,9999999995596545 1,0000000013656916 1,0000000018080162 ), 0
( 0,9999999995351387 1,000000001287157 1,0000000017063841 ), 0
( 0,9999999995964287 1,0000000013095056 1,0000000015456385 ), 0
( 0,9999999994738612 1,0000000013944723 1,0000000017985033 ), 0
( 0,9999999995363964 1,0000000013388646 1,0000000014892776 ), 0
( 0,9999999993682984 1,0000000011604824 1,0000000015293764 ), 0
( 0,9999999997307516 1,0000000010465624 1,0000000012242551 ), 0
( 0,9999999995014989 1,0000000013717392 1,000000001587225 ), 0
( 0,9999999994836097 1,0000000014515662 1,0000000015106645 ), 0
( 0,9999999995001498 1,0000000012747403 1,000000001529516 ), 0
( 0,9999999994209966 1,0000000011090446 1,0000000013513912 ), 0
( 0,9999999993903445 1,0000000013108594 1,0000000015979835 ), 0
( 0,9999999995744078 1,0000000013949193 1,0000000014904538 ), 0
( 0,9999999995299141 1,0000000013286727 1,0000000015978887 ), 0
( 0,9999999994816726 1,0000000011910037 1,0000000014627433 ), 0
( 0,9999999993871567 1,0000000012625656 1,0000000017116903 ), 0
( 0,999999999539504 1,0000000012872357 1,0000000016021904 ), 0
( 0,9999999995114113 1,000000001288641 1,0000000016519184 ), 0
( 0,9999999996232226 1,000000001260894 1,0000000015023267 ), 0
( 0,9999999993957198 1,000000001185872 1,0000000014192065 ), 0
( 0,9999999994394233 1,000000001368771 1,0000000016360433 ), 0
( 0,9999999994049632 1,0000000011971795 1,0000000014698551 ), 0
( 0,9999999995100504 1,0000000013361083 1,0000000015507553 ), 0
( 0,9999999993664457 1,000000001374799 1,0000000016495594 ), 0
( 0,9999999994322206 1,0000000012687462 1,0000000015490365 ), 0
( 0,9999999994510559 1,0000000012886348 1,000000001518541 ), 0
( 0,9999999994292279 1,0000000012621117 1,000000001481909 ), 0
( 0,9999999994312789 1,0000000011991603 1,000000001634101 ), 0
( 0,9999999994651316 1,000000001285167 1,0000000016543054 ), 0
( 0,9999999994192411 1,0000000012288757 1,0000000016508745 ), 0
( 0,999999999512214 1,0000000013993593 1,0000000017297894 ), 0
( 0,999999999425949 1,0000000011767873 1,000000001595387 ), 0
( 0,9999999995451329 1,0000000012879753 1,0000000016332335 ), 0
( 0,9999999993280902 1,0000000011811732 1,000000001453447 ), 0
( 0,9999999995844003 1,0000000011500552 1,0000000014644008 ), 0
( 0,9999999995484151 1,0000000013028536 1,0000000015366413 ), 0
( 0,9999999994407768 1,0000000013006263 1,0000000016415054 ), 0
( 0,9999999994072494 1,000000001204393 1,000000001630466 ), 0
( 0,9999999995616629 1,0000000012633283 1,0000000016066612 ), 0
( 0,9999999995195383 1,0000000013214618 1,000000001665709 ), 0
( 0,9999999994177894 1,00000000072962 1,0000000014078387 ), 0
( 0,9999999994049164 1,0000000014213022 1,0000000016561439 ), 0
( 0,9999999993307152 1,000000001094768 1,0000000014776271 ), 0
( 0,999999999454492 1,0000000013146377 1,0000000017276307 ), 0
( 0,9999999993971028 1,000000001324235 1,0000000016551611 ), 0
( 0,9999999995335758 1,0000000013684278 1,0000000015543367 ), 0
( 0,9999999994826799 1,0000000012109949 1,0000000015132564 ), 0
( 0,9999999995358559 1,0000000011760537 1,000000001346738 ), 0
( 0,9999999995525343 1,0000000013185968 1,0000000015743988 ), 0
( 0,9999999994190499 1,0000000013013706 1,000000001656741 ), 0
( 0,9999999994278582 1,0000000013571249 1,0000000015464483 ), 0
( 0,9999999995627451 1,0000000012518244 1,0000000015371004 ), 0
( 0,9999999992765961 1,000000001273211 1,000000001577044 ), 0
( 0,999999999443677 1,0000000011712786 1,0000000015331953 ), 0
( 0,9999999995208406 1,0000000012314967 1,0000000015880441 ), 0
( 0,9999999994147027 1,0000000012281032 1,000000001564008 ), 0
( 0,9999999994776883 1,0000000011841086 1,0000000016467616 ), 0
( 0,9999999994892745 1,0000000013519257 1,000000001599221 ), 0
( 0,9999999993508267 1,0000000012675319 1,0000000016005788 ), 0
( 0,9999999994322435 1,0000000012962746 1,0000000015941155 ), 0
( 0,9999999994610351 1,00000000111834 1,0000000014495871 ), 0
( 0,9999999995073364 1,0000000012462262 1,0000000017050972 ), 0
( 0,999999999447394 1,0000000012348629 1,0000000015787716 ), 0
( 0,9999999995043329 1,0000000013911212 1,0000000017076134 ), 0
( 0,9999999994361548 1,0000000013110504 1,0000000016430048 ), 0
( 0,9999999994612478 1,0000000012847652 1,0000000016050488 ), 0
( 0,9999999994440885 1,000000001217728 1,0000000015830017 ), 0
( 0,99999999957122 1,0000000012656898 1,0000000015415935 ), 0
( 0,9999999995293 1,000000001270763 1,0000000014999602 ), 0
( 0,9999999994251602 1,0000000012860106 1,0000000016583912 ), 0
( 0,9999999994510401 1,0000000012196384 1,000000001564934 ), 0
( 0,9999999994471813 1,0000000013394235 1,0000000016938133 ), 0
( 0,99999999944017 1,0000000013116361 1,0000000017405934 ), 0
( 0,9999999993769558 1,0000000012147956 1,0000000015824937 ), 0
( 0,9999999994443659 1,0000000012469874 1,0000000015431991 ), 0
( 0,9999999995172861 1,0000000012838852 1,0000000015679702 ), 0
( 0,9999999996061681 1,0000000011944565 1,000000001607942 ), 0
( 0,9999999994359835 1,0000000012267025 1,0000000016142552 ), 0
( 0,999999999486003 1,000000001285678 1,0000000015853627 ), 0
( 0,9999999994072541 1,0000000012260455 1,0000000014528796 ), 0
( 0,9999999994046872 1,000000001283652 1,0000000016296229 ), 0
( 0,9999999994552 1,0000000011244656 1,000000001376978 ), 0
( 0,9999999994298212 1,0000000011587769 1,0000000015202033 ), 0
( 0,9999999993755552 1,0000000011824095 1,0000000015148813 ), 0
( 0,9999999995284216 1,0000000012821975 1,0000000016637691 ), 0
( 0,9999999994418668 1,0000000013159396 1,0000000017556199 ), 0
( 0,9999999994926034 1,0000000013044172 1,0000000016786508 ), 0
( 0,9999999995510187 1,0000000013849801 1,0000000015448753 ), 0
( 0,9999999994405422 1,000000001319539 1,0000000015621495 ), 0
( 0,9999999995011007 1,0000000011973968 1,0000000015807848 ), 0
( 0,999999999530064 1,0000000014281565 1,0000000016051405 ), 0
( 0,9999999995152701 1,0000000012457786 1,0000000016201145 ), 0
( 0,9999999995728523 1,0000000011235426 1,000000001497601 ), 0
( 0,9999999995328386 1,0000000013079493 1,0000000015940673 ), 0
( 0,9999999994059382 1,0000000013369275 1,000000001601365 ), 0
( 0,9999999994611406 1,0000000011717471 1,000000001669564 ), 0
( 0,9999999995306352 1,0000000013155346 1,0000000015798434 ), 0
( 0,9999999994833136 1,0000000012227686 1,0000000015608488 ), 0
( 0,9999999994093667 1,000000001270034 1,000000001567299 ), 0
( 0,9999999995267062 1,0000000012304824 1,0000000014432933 ), 0
( 0,9999999994309993 1,0000000012566168 1,0000000015995378 ), 0
( 0,9999999995461415 1,0000000011799628 1,000000001448279 ), 0
( 0,9999999994736387 1,000000001269609 1,0000000016884 ), 0
( 0,9999999993511747 1,0000000012146708 1,0000000015455015 ), 0
( 0,9999999994534735 1,0000000013044945 1,0000000016702035 ), 0
( 0,9999999995387039 1,0000000012539236 1,000000001652119 ), 0
( 0,9999999993610135 1,000000001315336 1,0000000015685735 ), 0
( 0,9999999994307438 1,000000001321779 1,0000000015726458 ), 0
( 0,9999999995141395 1,0000000010389545 1,000000001627215 ), 0
( 0,9999999994894457 1,000000001002287 1,0000000012457293 ), 0
( 0,9999999995118584 1,0000000008820342 1,0000000013817214 ), 0
( 0,9999999994589154 1,0000000012104935 1,000000001760846 ), 0
( 0,9999999994434768 1,0000000012309802 1,0000000015795338 ), 0
( 0,9999999994756373 1,0000000012426848 1,0000000015119013 ), 0
( 0,9999999993593093 1,0000000012854888 1,0000000016915847 ), 0
( 0,9999999994212341 1,000000001142301 1,0000000015539254 ), 0
( 0,9999999995001349 1,0000000012219046 1,0000000016047181 ), 0
( 0,9999999994176662 1,0000000012233083 1,0000000014677193 ), 0
( 0,9999999995457017 1,000000001365406 1,000000001631413 ), 0
( 0,9999999995593892 1,0000000011742511 1,0000000013913761 ), 0
( 0,9999999995134748 1,0000000013363453 1,000000001678388 ), 0
( 0,9999999995407515 1,000000001111366 1,0000000016075254 ), 0
( 0,9999999995033289 1,0000000012409582 1,0000000014166233 ), 0
( 0,9999999994452216 1,000000001198117 1,0000000014219153 ), 0
( 0,9999999995568467 1,000000001325976 1,0000000015887087 ), 0
( 0,9999999994779303 1,0000000013192132 1,000000001545636 ), 0
( 0,9999999994248514 1,000000001248999 1,0000000015125 ), 0
( 0,9999999995055857 1,0000000013635397 1,0000000015449573 ), 0
( 0,9999999993988011 1,0000000012546542 1,0000000016709631 ), 0
( 0,9999999994565293 1,0000000014079942 1,0000000018078576 ), 0
( 0,9999999995164263 1,0000000012291037 1,0000000015878558 ), 0
( 0,9999999994419824 1,0000000013876271 1,0000000015548096 ), 0
( 0,9999999992570968 1,000000001180009 1,0000000016050838 ), 0
( 0,9999999994931623 1,000000001070071 1,0000000015610482 ), 0
( 0,9999999995240412 1,0000000011724741 1,0000000015470873 ), 0
( 0,9999999993931367 1,0000000013341799 1,0000000016845931 ), 0
( 0,9999999994784984 1,0000000012827066 1,000000001615345 ), 0
( 0,9999999995185092 1,0000000013672625 1,0000000017245478 ), 0
( 0,9999999994600866 1,0000000013166237 1,0000000016759667 ), 0
( 0,9999999993916093 1,000000001376011 1,000000001744545 ), 0
( 0,9999999995988876 1,0000000012585009 1,0000000015151034 ), 0
( 0,999999999487878 1,000000001214695 1,000000001283172 ), 0
( 0,9999999994640617 1,0000000013225103 1,0000000017974846 ), 0
( 0,9999999995713166 1,0000000012340775 1,0000000016506467 ), 0
( 0,9999999995707753 1,0000000013980048 1,0000000016425772 ), 0
( 0,999999999345715 1,0000000011766563 1,0000000013821044 ), 0
( 0,9999999994595561 1,0000000013751889 1,0000000016995663 ), 0
( 0,9999999995648169 1,0000000013620005 1,0000000015172659 ), 0
( 0,9999999995161858 1,0000000013662094 1,0000000016157515 ), 0
( 0,9999999994851075 1,0000000011140315 1,0000000014904042 ), 0
( 0,9999999994636495 1,0000000011548333 1,0000000015877508 ), 0
( 0,9999999993485059 1,0000000012759638 1,0000000016741206 ), 0
( 0,9999999995321874 1,0000000013057329 1,0000000016941966 ), 0
( 0,9999999996027561 1,0000000013380537 1,0000000015871973 ), 0
( 0,9999999994923773 1,0000000014215955 1,0000000017157822 ), 0
( 0,9999999995149242 1,0000000013203942 1,0000000017121713 ), 0
( 0,9999999994531478 1,0000000011625938 1,0000000014871016 ), 0
( 0,9999999996143537 1,0000000012552899 1,0000000016693134 ), 0
( 0,9999999994335707 1,0000000013054986 1,000000001628225 ), 0
( 0,9999999994068135 1,0000000012363772 1,0000000015538362 ), 0
( 0,9999999995377027 1,0000000012826007 1,000000001543212 ), 0
( 0,9999999995831048 1,0000000013679695 1,0000000017033173 ), 0
( 0,9999999994515583 1,0000000011184547 1,000000001431091 ), 0
( 0,9999999993851149 1,0000000012231276 1,0000000016543527 ), 0
( 0,9999999995521843 1,0000000012616208 1,0000000015877095 ), 0
( 0,9999999995090882 1,0000000012870156 1,0000000015079833 ), 0
( 0,9999999994417775 1,0000000013796413 1,0000000016917696 ), 0
( 0,9999999993432428 1,0000000012482821 1,0000000018656952 ), 0
( 0,9999999993884559 1,0000000013803765 1,0000000017407333 ), 0
( 0,9999999994658372 1,0000000012803578 1,0000000016911448 ), 0
( 0,9999999994371287 1,0000000013083152 1,0000000015636805 ), 0
( 0,9999999994366883 1,0000000011787877 1,000000001565262 ), 0
( 0,9999999996094853 1,000000001330015 1,0000000016838353 ), 0
( 0,9999999995434933 1,0000000011969625 1,0000000015529713 ), 0
( 0,9999999994847989 1,0000000013647143 1,0000000016530315 ), 0
( 0,9999999994315761 1,0000000012790364 1,0000000016429862 ), 0
( 0,9999999993718643 1,000000001292148 1,0000000015815949 ), 0
( 0,9999999994878459 1,0000000015292638 1,0000000017249415 ), 0
( 0,9999999995070857 1,0000000013240444 1,0000000017299226 ), 0
( 0,999999999439752 1,0000000013039068 1,0000000015724333 ), 0
( 0,9999999994992189 1,0000000011801007 1,0000000015440145 ), 0
( 0,9999999994138032 1,000000001176937 1,000000001457376 ), 0
( 0,9999999996131268 1,0000000011634549 1,0000000015507022 ), 0
( 0,999999999511688 1,0000000012715153 1,000000001667818 ), 0
( 0,9999999994323926 1,0000000011381958 1,0000000016819441 ), 0
( 0,9999999995379016 1,000000001288665 1,000000001609334 ), 0
( 0,9999999994909597 1,0000000012654233 1,0000000015973063 ), 0
( 0,9999999993092245 1,0000000013226003 1,0000000016003217 ), 0
( 0,9999999994080416 1,0000000013927337 1,0000000016406954 ), 0
( 0,9999999994662504 1,0000000012705519 1,0000000016215764 ), 0
( 0,9999999995125498 1,0000000012754426 1,0000000016220192 ), 0
( 0,9999999995147212 1,0000000012218235 1,0000000016881105 ), 0
( 0,999999999501255 1,0000000012799566 1,0000000016925294 ), 0
( 0,9999999994486235 1,000000001290783 1,0000000015668566 ), 0
( 0,999999999402398 1,0000000013365433 1,0000000015311328 ), 0
( 0,9999999993989521 1,000000001377223 1,0000000016739874 ), 0
( 0,9999999995267936 1,0000000011449917 1,0000000014275043 ), 0
( 0,999999999470255 1,0000000011936483 1,0000000014880266 ), 0
( 0,9999999994405407 1,0000000014491353 1,0000000016880097 ), 0
( 0,9999999994232468 1,0000000013327275 1,0000000015704298 ), 0
( 0,9999999995843292 1,0000000014454002 1,0000000017853303 ), 0
( 0,9999999995228025 1,000000001371122 1,000000001641145 ), 0
( 0,9999999994521659 1,0000000013522286 1,0000000015012451 ), 0
( 0,9999999993551115 1,0000000013843995 1,0000000017866058 ), 0
( 0,9999999996442144 1,0000000010363062 1,000000001157472 ), 0
( 0,9999999993824817 1,0000000013358208 1,0000000016173711 ), 0
( 0,9999999994852894 1,0000000012960164 1,0000000015659112 ), 0
( 0,9999999994573984 1,0000000012933765 1,0000000016434256 ), 0
( 0,9999999994873678 1,000000001272726 1,0000000016815824 ), 0
( 0,9999999995264819 1,0000000012637897 1,0000000014696897 ), 0
( 0,999999999426349 1,0000000011286374 1,0000000014491135 ), 0
( 0,9999999994330516 1,0000000011912482 1,0000000014568562 ), 0
( 0,999999999437174 1,000000001275684 1,0000000015270631 ), 0
( 0,9999999994321827 1,0000000012078811 1,000000001493095 ), 0
( 0,9999999994504828 1,0000000012318138 1,0000000016022133 ), 0
( 0,9999999994769155 1,0000000011824952 1,0000000015097694 ), 0
( 0,999999999463868 1,0000000011985295 1,0000000016170623 ), 0
( 0,9999999994432105 1,0000000012024093 1,0000000014654091 ), 0
( 0,999999999428061 1,000000001346226 1,000000001603544 ), 0
( 0,999999999439223 1,0000000014137909 1,0000000017313018 ), 0
( 0,9999999995382642 1,000000001156356 1,0000000014680839 ), 0
( 0,9999999995215779 1,0000000013208254 1,000000001613526 ), 0
( 0,9999999995003214 1,0000000013316979 1,0000000015912838 ), 0
( 0,9999999994159957 1,00000000110423 1,0000000015265724 ), 0
( 0,9999999994037565 1,0000000013659356 1,0000000016629031 ), 0
( 0,9999999994482868 1,000000001222226 1,000000001648785 ), 0
( 0,9999999995032747 1,0000000011151664 1,0000000015674912 ), 0
( 0,9999999995073944 1,000000001326692 1,0000000016310095 ), 0
( 0,9999999994801626 1,0000000012795636 1,0000000016013493 ), 0
( 0,999999999480069 1,0000000012978376 1,0000000014709414 ), 0
( 0,9999999994456594 1,0000000011945949 1,0000000014171382 ), 0
( 0,9999999994361418 1,0000000013627524 1,0000000016269053 ), 0
( 0,9999999994427231 1,0000000012567276 1,0000000017009474 ), 0
( 0,999999999468598 1,0000000013797798 1,0000000017052344 ), 0
( 0,9999999995567992 1,0000000012404424 1,0000000016994917 ), 0
( 0,9999999994418213 1,0000000013267292 1,0000000015814126 ), 0
( 0,9999999993975338 1,0000000012084254 1,000000001694708 ), 0
( 0,9999999994029971 1,0000000011644254 1,0000000016184634 ), 0
( 0,9999999995324054 1,0000000012259835 1,0000000016069264 ), 0
( 0,9999999994226638 1,0000000013897319 1,0000000017470831 ), 0
( 0,9999999994780309 1,0000000013373394 1,000000001606358 ), 0
( 0,9999999994516042 1,0000000012468104 1,0000000016307833 ), 0
( 0,9999999994459698 1,0000000013117758 1,0000000014183204 ), 0
( 0,9999999993718763 1,0000000012596757 1,0000000016603738 ), 0
( 0,9999999994420636 1,0000000012249732 1,0000000016337602 ), 0
( 0,9999999993844109 1,0000000013285106 1,0000000016266246 ), 0
( 0,9999999995095286 1,0000000011782748 1,000000001480017 ), 0
( 0,9999999995283572 1,0000000013602057 1,0000000017555304 ), 0
( 0,9999999995230545 1,0000000012240637 1,0000000014111958 ), 0
( 0,999999999481844 1,0000000011876349 1,000000001482542 ), 0
( 0,9999999995775091 1,0000000012988202 1,0000000016172017 ), 0
( 0,9999999994219069 1,0000000011931343 1,0000000017019932 ), 0
( 0,9999999994783916 1,0000000012968577 1,0000000016288793 ), 0
( 0,9999999994755876 1,0000000012963548 1,0000000016834687 ), 0
( 0,9999999994798816 1,0000000011082346 1,0000000016244313 ), 0
( 0,9999999995866597 1,0000000022748603 1,0000000024424556 ), 0
( 0,9999999994447443 1,0000000009276682 1,0000000014368642 ), 0
( 0,9999999994937636 1,0000000013027697 1,0000000016383244 ), 0
( 0,9999999995363196 1,0000000011957584 1,0000000014908355 ), 0
( 0,9999999996603007 1,0000000011037367 1,0000000014898016 ), 0
( 0,9999999994772241 1,0000000012526638 1,0000000016487134 ), 0
( 0,9999999993834366 1,0000000012767494 1,0000000017016708 ), 0
( 0,9999999994541781 1,0000000012928452 1,0000000015294548 ), 0
( 0,9999999994047128 1,0000000011656789 1,0000000016093178 ), 0
( 0,9999999995493795 1,000000001349416 1,0000000016459127 ), 0
( 0,9999999993830168 1,0000000013123116 1,0000000016655144 ), 0
( 0,9999999994404378 1,0000000013014934 1,0000000016976813 ), 0
( 0,9999999994598918 1,0000000013447303 1,0000000016968358 ), 0
( 0,9999999994303436 1,0000000012646324 1,0000000015303672 ), 0
( 0,9999999994822464 1,0000000013538328 1,000000001623632 ), 0
( 0,9999999993680833 1,0000000012463603 1,00000000144911 ), 0
( 0,9999999994726645 1,000000001308018 1,0000000017755228 ), 0
( 0,9999999994975011 1,0000000012158428 1,000000001640441 ), 0
( 0,9999999993931874 1,0000000011775374 1,0000000014328485 ), 0
( 0,9999999994827767 1,0000000014897785 1,000000001806012 ), 0
( 0,9999999993465992 1,0000000013202754 1,0000000016186286 ), 0
( 0,9999999994780966 1,000000001265845 1,0000000015769663 ), 0
( 0,9999999995341602 1,000000001463773 1,0000000017421289 ), 0
( 0,9999999993562416 1,0000000012376251 1,000000001519054 ), 0
( 0,9999999994461813 1,0000000014842827 1,0000000018528676 ), 0
( 0,999999999480149 1,0000000013479977 1,0000000016102375 ), 0
( 0,9999999994660596 1,0000000013186094 1,0000000016805102 ), 0
( 0,9999999994443514 1,000000001251379 1,0000000015597055 ), 0
( 0,9999999993588571 1,0000000012760164 1,0000000016075634 ), 0
( 0,9999999995353984 1,0000000012017656 1,0000000015217398 ), 0
( 0,999999999533823 1,00000000133176 1,0000000016669792 ), 0
( 0,9999999993704741 1,0000000014470514 1,000000001879971 ), 0
( 0,9999999994911313 1,00000000131228 1,0000000015983033 ), 0
( 0,9999999994935823 1,0000000013812014 1,00000000174703 ), 0
( 0,9999999993468116 1,0000000013507233 1,0000000016855648 ), 0
( 0,9999999995833871 1,0000000015216453 1,0000000017424973 ), 0
( 0,9999999994113539 1,0000000014895722 1,0000000016767265 ), 0
( 0,9999999994472066 1,0000000012788164 1,0000000015410946 ), 0
( 0,9999999993540785 1,0000000011864292 1,0000000016362671 ), 0
( 0,9999999994445269 1,0000000013380204 1,0000000016691708 ), 0
( 0,9999999994585942 1,0000000014636652 1,0000000017112873 ), 0
( 0,9999999994838182 1,0000000010934695 1,0000000016375183 ), 0
( 0,9999999995383639 1,0000000013893444 1,0000000015769557 ), 0
( 0,9999999995005794 1,0000000011763306 1,000000001513076 ), 0
( 0,9999999994503292 1,0000000012763184 1,0000000015052226 ), 0
( 0,9999999994575143 1,0000000012478976 1,0000000017331125 ), 0
( 0,9999999995507908 1,000000001320256 1,0000000016932278 ), 0
( 0,999999999359003 1,0000000012763444 1,0000000013448809 ), 0
( 0,999999999394567 1,0000000010536687 1,0000000013432409 ), 0
( 0,9999999993999492 1,0000000012685972 1,000000001767875 ), 0
( 0,9999999995470296 1,0000000013233243 1,0000000016097046 ), 0
( 0,9999999994439712 1,000000001197831 1,000000001675601 ), 0
( 0,9999999994158688 1,0000000013596368 1,0000000017294948 ), 0
( 0,9999999994920132 1,0000000011936383 1,0000000015534392 ), 0
( 0,9999999994320924 1,0000000014296613 1,0000000017562112 ), 0
( 0,9999999995773755 1,000000001270302 1,0000000015786004 ), 0
( 0,999999999401883 1,000000001299598 1,0000000017364956 ), 0
( 0,9999999994087588 1,0000000013861545 1,0000000016707102 ), 0
( 0,999999999563924 1,0000000013445147 1,0000000013634465 ), 0
( 0,9999999994132318 1,0000000010689463 1,0000000015024633 ), 0
( 0,9999999993543804 1,0000000012723134 1,0000000016090271 ), 0
( 0,9999999995545805 1,000000001214832 1,0000000014973571 ), 0
( 0,9999999995064986 1,0000000013772745 1,0000000017048034 ), 0
( 0,9999999994477183 1,0000000011273973 1,0000000016115478 ), 0
( 0,9999999994845654 1,0000000012956523 1,0000000015767807 ), 0
( 0,9999999995363259 1,000000001256531 1,0000000016090176 ), 0
( 0,9999999994416978 1,0000000012752084 1,0000000015026707 ), 0
( 0,9999999994498722 1,0000000012188022 1,000000001623724 ), 0
( 0,9999999995305466 1,0000000013830912 1,0000000016148367 ), 0
( 0,9999999995337465 1,0000000012576895 1,0000000016487343 ), 0
( 0,9999999994801676 1,0000000013007477 1,0000000015283368 ), 0
( 0,9999999995441776 1,0000000014529857 1,0000000017184352 ), 0
( 0,9999999993830812 1,0000000013122312 1,000000001647807 ), 0
( 0,9999999993618782 1,0000000012395385 1,0000000017366804 ), 0
( 0,9999999994116917 1,0000000012211037 1,000000001678194 ), 0
( 0,9999999994538612 1,000000001169608 1,0000000016093809 ), 0
( 0,9999999994545906 1,0000000012951555 1,0000000015957997 ), 0
( 0,9999999993893788 1,0000000013825114 1,0000000016895634 ), 0
( 0,9999999994469614 1,0000000014847625 1,000000001656565 ), 0
( 0,9999999995045356 1,0000000012515537 1,0000000016859993 ), 0
( 0,9999999995612229 1,000000001149142 1,0000000016205826 ), 0
( 0,999999999532146 1,0000000012507768 1,0000000013773687 ), 0
( 0,9999999991287797 1,0000000008729528 1,0000000015033657 ), 0
( 0,999999999473133 1,000000001265759 1,000000001608812 ), 0
( 0,9999999994129504 1,00000000133502 1,0000000017756467 ), 0
( 0,9999999994539643 1,0000000012425572 1,0000000017468027 ), 0
( 0,9999999993654483 1,0000000013542865 1,0000000016061477 ), 0
( 0,9999999994763025 1,0000000012739214 1,0000000016168675 ), 0
( 0,9999999995002584 1,000000001464619 1,0000000017989692 ), 0
( 0,9999999994248246 1,000000001315956 1,000000001577461 ), 0
( 0,999999999404444 1,0000000012450763 1,0000000015002495 ), 0
( 0,9999999995305013 1,0000000013129768 1,0000000016619883 ), 0
( 0,999999999430487 1,0000000013103783 1,0000000016651949 ), 0
( 0,9999999993952312 1,000000001268244 1,0000000015862534 ), 0
( 0,9999999995144814 1,0000000012682708 1,0000000017416113 ), 0
( 0,9999999994956166 1,0000000011896724 1,0000000015718529 ), 0
( 0,9999999995443796 1,0000000012792232 1,000000001612337 ), 0
( 0,9999999993572549 1,0000000012763162 1,0000000016903172 ), 0
( 0,9999999994740536 1,0000000013102053 1,0000000016263064 ), 0
( 0,9999999994953039 1,000000001258737 1,0000000017424735 ), 0
( 0,9999999994472485 1,0000000013607162 1,0000000017117117 ), 0
( 0,9999999994677815 1,0000000011054249 1,0000000015281305 ), 0
( 0,9999999994922808 1,0000000015283041 1,0000000019024293 ), 0
( 0,9999999995345324 1,0000000013750834 1,0000000016166402 ), 0
( 0,999999999510421 1,0000000014798964 1,000000001793766 ), 0
( 0,9999999993397396 1,0000000012675645 1,000000001581979 ), 0
( 0,9999999995248186 1,000000001264837 1,0000000015858008 ), 0
( 0,9999999994791956 1,0000000012066161 1,0000000017131392 ), 0
( 0,9999999994680503 1,0000000013168817 1,0000000015836326 ), 0
( 0,9999999994167229 1,0000000011953754 1,0000000017303667 ), 0
( 0,9999999993152916 1,0000000011646037 1,0000000014526333 ), 0
( 0,99999999948126 1,0000000014614208 1,000000001684849 ), 0
( 0,9999999994365435 1,000000001156632 1,000000001596876 ), 0
( 0,9999999995199229 1,00000000141165 1,0000000017277029 ), 0
( 0,9999999994773799 1,0000000013007093 1,00000000166615 ), 0
( 0,9999999995733576 1,000000001378177 1,0000000015646593 ), 0
( 0,999999999516955 1,0000000012834154 1,000000001416182 ), 0
( 0,9999999995018857 1,000000001292663 1,0000000016195694 ), 0
( 0,9999999994928065 1,0000000013635275 1,000000001682788 ), 0
( 0,9999999994884265 1,0000000012653982 1,0000000016506085 ), 0
( 0,999999999413205 1,0000000011908072 1,000000001440179 ), 0
( 0,9999999993473468 1,0000000013744366 1,0000000018265467 ), 0
( 0,9999999994496219 1,000000001308575 1,0000000016701265 ), 0
( 0,9999999995152108 1,0000000014149204 1,000000001654417 ), 0
( 0,9999999995019591 1,0000000012687214 1,0000000015848702 ), 0
( 0,9999999994133847 1,0000000015298578 1,0000000017660096 ), 0
( 0,9999999993866344 1,0000000010647778 1,0000000014574315 ), 0
( 0,9999999994409415 1,0000000012138892 1,0000000015201311 ), 0
( 0,9999999995142265 1,0000000011926793 1,0000000015330544 ), 0
( 0,9999999993118777 1,000000001181673 1,000000001447032 ), 0
( 0,9999999995033352 1,0000000012104304 1,0000000014833959 ), 0
( 0,9999999994480863 1,0000000011244863 1,0000000013832255 ), 0
( 0,9999999993900299 1,00000000136485 1,000000001781097 ), 0
( 0,9999999995533368 1,0000000012056067 1,000000001433725 ), 0
( 0,9999999994594485 1,0000000012093007 1,0000000015080885 ), 0
( 0,9999999993343344 1,0000000011249155 1,0000000014618564 ), 0
( 0,9999999993910383 1,000000001255458 1,0000000016728308 ), 0
( 0,9999999995045099 1,000000001239999 1,000000001658787 ), 0
( 0,9999999994715495 1,000000001269146 1,000000001638203 ), 0
( 0,9999999994523487 1,000000001093615 1,0000000013677526 ), 0
( 0,9999999994261722 1,0000000013111587 1,0000000016258601 ), 0
( 0,9999999995196419 1,0000000012313255 1,000000001451949 ), 0
( 0,9999999993822344 1,000000001218359 1,0000000015157875 ), 0
( 0,9999999994873778 1,0000000012954238 1,0000000016367971 ), 0
( 0,9999999994736557 1,0000000013829222 1,0000000016602701 ), 0
( 0,9999999994720074 1,000000001159329 1,000000001656771 ), 0
( 0,9999999995063997 1,0000000013332884 1,0000000016533526 ), 0
( 0,9999999994903854 1,0000000013444303 1,0000000016695119 ), 0
( 0,9999999994736358 1,000000001303902 1,0000000016472677 ), 0
( 0,999999999459732 1,000000001380406 1,0000000017531554 ), 0
( 0,9999999994827026 1,0000000014407606 1,0000000017248842 ), 0
( 0,9999999993620279 1,000000001301805 1,0000000016653832 ), 0
( 0,9999999996084594 1,0000000013756067 1,0000000017942978 ), 0
( 0,9999999994835225 1,00000000121256 1,0000000017014987 ), 0
( 0,9999999995653248 1,0000000013989938 1,000000001896934 ), 0
( 0,9999999995333317 1,0000000012445869 1,0000000015640327 ), 0
( 0,9999999995600553 1,00000000130576 1,0000000016417143 ), 0
( 0,9999999995669963 1,0000000012891563 1,0000000015129331 ), 0
( 0,9999999993298718 1,000000001365137 1,0000000014969226 ), 0
( 0,9999999995723584 1,00000000130402 1,0000000015386683 ), 0
( 0,9999999995292533 1,0000000012271733 1,00000000161847 ), 0
( 0,9999999993692071 1,0000000012089667 1,000000001548168 ), 0
( 0,9999999993677208 1,0000000012182246 1,000000001554052 ), 0
( 0,9999999995349063 1,000000001333017 1,0000000015195762 ), 0
( 0,9999999994876623 1,000000001387933 1,0000000017225898 ), 0
( 0,9999999993847526 1,0000000012451753 1,0000000015662103 ), 0
( 0,9999999994774761 1,0000000011892365 1,000000001508655 ), 0
( 0,9999999994363604 1,000000001258308 1,0000000016086639 ), 0
( 0,9999999995851324 1,000000001272342 1,0000000016094712 ), 0
( 0,9999999993845384 1,0000000012559591 1,0000000015586654 ), 0
( 0,9999999992872829 1,000000001064747 1,0000000013213248 ), 0
( 0,9999999994717611 1,000000001485508 1,0000000017713024 ), 0
( 0,9999999994210689 1,0000000011756347 1,0000000014567163 ), 0
( 0,9999999994813719 1,0000000013825319 1,000000001663383 ), 0
( 0,999999999406843 1,000000001273052 1,0000000018019772 ), 0
( 0,9999999995260284 1,0000000012112868 1,0000000015840804 ), 0
( 0,9999999994946321 1,0000000011884933 1,000000001573663 ), 0
( 0,9999999994060887 1,000000001297624 1,0000000015983928 ), 0
( 0,9999999995231407 1,0000000009802925 1,0000000012322252 ), 0
( 0,9999999995684431 1,000000001311861 1,0000000015507664 ), 0
( 0,9999999994419839 1,0000000011548758 1,0000000014904258 ), 0
( 0,9999999994184703 1,0000000013240382 1,0000000015899033 ), 0
( 0,9999999996661555 1,000000001371984 1,0000000019057458 ), 0
( 0,9999999994252612 1,0000000011652757 1,0000000013211785 ), 0
( 0,9999999995942704 1,000000001202972 1,0000000015204962 ), 0
( 0,9999999993948746 1,0000000012702357 1,0000000018029322 ), 0
( 0,9999999993753663 1,0000000012841108 1,0000000016532093 ), 0
( 0,999999999482564 1,0000000012701689 1,000000001734136 ), 0
( 0,9999999994163223 1,0000000011569599 1,0000000014648662 ), 0
( 0,9999999994381028 1,0000000013046595 1,0000000015394 ), 0
( 0,99999999946056 1,0000000012398444 1,0000000016252408 ), 0
( 0,9999999994473747 1,0000000012525574 1,0000000016190589 ), 0
( 0,9999999995453864 1,00000000115616 1,0000000016300157 ), 0
( 0,9999999994167357 1,0000000013719683 1,0000000016568098 ), 0
( 0,9999999993783485 1,000000001351621 1,0000000015944974 ), 0
( 0,9999999995630727 1,0000000011797179 1,0000000015369983 ), 0
( 0,9999999995063814 1,0000000013429167 1,0000000016663213 ), 0
( 0,9999999994328838 1,000000001228547 1,0000000015161192 ), 0
( 0,9999999994463283 1,0000000012524861 1,0000000015574584 ), 0
( 0,9999999994340389 1,000000001137716 1,0000000016153672 ), 0
( 0,999999999535844 1,0000000012795631 1,0000000016089023 ), 0
( 0,9999999994421127 1,0000000013622798 1,0000000017178332 ), 0
( 0,9999999994373786 1,0000000010113006 1,0000000013838055 ), 0
( 0,9999999995552535 1,0000000014748598 1,0000000016047992 ), 0
( 0,9999999994560118 1,0000000011919024 1,0000000016868633 ), 0
( 0,9999999995104613 1,0000000011155032 1,000000001484215 ), 0
( 0,9999999994796304 1,0000000013823567 1,0000000016570234 ), 0
( 0,9999999995026047 1,0000000012156642 1,0000000016350423 ), 0
( 0,9999999993600366 1,0000000012461454 1,0000000015687354 ), 0
( 0,9999999994873442 1,000000001199614 1,0000000014894506 ), 0
( 0,9999999994408393 1,0000000012992034 1,0000000016685473 ), 0
( 0,9999999995032122 1,0000000013737635 1,0000000016584822 ), 0
( 0,9999999996282978 1,0000000012531183 1,0000000014378403 ), 0
( 0,999999999214711 1,0000000009605572 1,0000000014586155 ), 0
( 0,9999999994416205 1,0000000012996642 1,0000000016718649 ), 0
( 0,9999999994010049 1,0000000013036954 1,0000000016899917 ), 0
( 0,9999999994897959 1,0000000010150323 1,0000000014712727 ), 0
( 0,999999999483458 1,0000000013666623 1,0000000016488884 ), 0
( 0,9999999994277128 1,0000000012707413 1,0000000014847448 ), 0
( 0,9999999994343933 1,0000000012552726 1,0000000016623138 ), 0
( 0,9999999994958327 1,0000000013118227 1,0000000016650041 ), 0
( 0,9999999994737447 1,0000000012119061 1,0000000014839718 ), 0
( 0,9999999994479376 1,0000000013112171 1,0000000016588293 ), 0
( 0,9999999993958391 1,0000000012336834 1,0000000015884387 ), 0
( 0,9999999993848603 1,0000000013403632 1,0000000017474462 ), 0
( 0,9999999993664899 1,0000000012628627 1,0000000015471417 ), 0
( 0,9999999994930568 1,0000000011717134 1,000000001682378 ), 0
( 0,9999999995639604 1,000000001274246 1,0000000015485644 ), 0
( 0,9999999994189452 1,0000000013033012 1,0000000014714732 ), 0
( 0,9999999994850636 1,0000000013449544 1,0000000016172654 ), 0
( 0,9999999994184393 1,0000000011433843 1,000000001609028 ), 0
( 0,999999999430001 1,0000000013556576 1,0000000017367867 ), 0
( 0,9999999994526895 1,0000000013315817 1,0000000016831647 ), 0
( 0,9999999994420276 1,000000001385966 1,000000001660306 ), 0
( 0,9999999994732077 1,0000000014619226 1,0000000018043842 ), 0
( 0,9999999994564319 1,0000000013804435 1,000000001627453 ), 0
( 0,9999999995105963 1,0000000011593637 1,000000001653835 ), 0
( 0,9999999993746754 1,0000000012356238 1,000000001507013 ), 0
( 0,9999999996039619 1,000000001341958 1,0000000015809063 ), 0
( 0,9999999995515774 1,0000000012843746 1,0000000016015824 ), 0
( 0,999999999609031 1,00000000117354 1,000000001649129 ), 0
( 0,9999999994808298 1,0000000012942707 1,0000000016752582 ), 0
( 0,9999999994703711 1,0000000013644392 1,0000000017181359 ), 0
( 0,9999999992885477 1,000000001245073 1,0000000015762613 ), 0
( 0,9999999996059914 1,0000000012480927 1,0000000015920931 ), 0
( 0,9999999994698765 1,0000000013370305 1,0000000016199944 ), 0
( 0,99999999946342 1,0000000013039618 1,000000001731838 ), 0
( 0,999999999399869 1,0000000012961863 1,0000000015853585 ), 0
( 0,9999999994517196 1,0000000013663837 1,0000000017321842 ), 0
( 0,9999999994227936 1,0000000012441108 1,0000000014366535 ), 0
( 0,9999999993864741 1,0000000011110615 1,0000000016154829 ), 0
( 0,9999999994748825 1,0000000013158765 1,0000000015035717 ), 0
( 0,9999999995560777 1,0000000012833128 1,0000000016292538 ), 0
( 0,9999999993754597 1,00000000139735 1,0000000015961916 ), 0
( 0,999999999357876 1,0000000014334012 1,00000000182399 ), 0
( 0,9999999994211254 1,000000001323475 1,000000001657837 ), 0
( 0,9999999995206394 1,000000001346149 1,0000000016988186 ), 0
( 0,9999999994597196 1,0000000013475843 1,0000000016027542 ), 0
( 0,9999999995183213 1,0000000013977053 1,0000000017283763 ), 0
( 0,9999999994480926 1,0000000012929213 1,0000000016613395 ), 0
( 0,9999999994462797 1,0000000013626797 1,0000000015988755 ), 0
( 0,9999999994272347 1,0000000013054082 1,000000001584997 ), 0
( 0,9999999995755956 1,0000000012037011 1,000000001539234 ), 0
( 0,9999999993991839 1,0000000012114503 1,0000000015615382 ), 0
( 0,9999999992807719 1,0000000011928514 1,000000001634052 ), 0
( 0,9999999995253783 1,000000001333366 1,0000000016850434 ), 0
( 0,9999999994550439 1,000000001329484 1,0000000015620552 ), 0
( 0,9999999994381091 1,0000000011605135 1,0000000012695545 ), 0
( 0,9999999994501613 1,0000000013413097 1,000000001566765 ), 0
( 0,9999999994655836 1,0000000014971475 1,0000000017119597 ), 0
( 0,9999999995172955 1,0000000012030597 1,0000000015723003 ), 0
( 0,9999999995174935 1,0000000012094468 1,000000001595916 ), 0
( 0,9999999993864293 1,0000000011873613 1,0000000014734272 ), 0
( 0,9999999996287682 1,0000000012887846 1,0000000014136625 ), 0
( 0,9999999995342868 1,0000000012535097 1,000000001663132 ), 0
( 0,9999999995280937 1,000000001221588 1,0000000015354147 ), 0
( 0,9999999994808375 1,0000000012691865 1,0000000015698298 ), 0
( 0,9999999994295625 1,0000000013717834 1,0000000016639976 ), 0
( 0,9999999994203284 1,0000000013653223 1,000000001638819 ), 0
( 0,9999999994441853 1,0000000013047474 1,0000000016172361 ), 0
( 0,9999999995024866 1,000000001436883 1,0000000017361146 ), 0
( 0,9999999994271456 1,00000000133439 1,0000000016668524 ), 0
( 0,9999999994364156 1,000000001187687 1,0000000014143025 ), 0
( 0,9999999994760538 1,000000001465123 1,0000000017213613 ), 0
( 0,9999999995003653 1,0000000012170287 1,0000000014880874 ), 0
( 0,9999999994585353 1,0000000010643688 1,0000000014023132 ), 0
( 0,9999999994081654 1,0000000013723127 1,0000000017447566 ), 0
( 0,9999999993925642 1,0000000011391912 1,0000000015418422 ), 0
( 0,9999999995228832 1,0000000013230912 1,000000001576601 ), 0
( 0,9999999995540765 1,0000000014659984 1,0000000016407802 ), 0
( 0,9999999994952982 1,0000000012927812 1,0000000016711321 ), 0
( 0,9999999995186938 1,0000000013182022 1,0000000014233972 ), 0
( 0,9999999995750634 1,0000000012742607 1,0000000016015254 ), 0
( 0,9999999994387582 1,0000000011282308 1,0000000015400645 ), 0
( 0,9999999994376845 1,0000000013132337 1,0000000016637778 ), 0
( 0,9999999995222703 1,0000000012805221 1,0000000014735184 ), 0
( 0,9999999993955953 1,0000000012885153 1,0000000015077741 ), 0
( 0,9999999995580608 1,0000000013177601 1,0000000014780566 ), 0
( 0,9999999994208567 1,00000000126704 1,0000000016798245 ), 0
( 0,9999999994377807 1,0000000012824448 1,0000000015441746 ), 0
( 0,9999999994996019 1,0000000013210038 1,0000000016387594 ), 0
( 0,9999999996608782 1,000000001262714 1,0000000016630157 ), 0
( 0,9999999995543116 1,0000000013177186 1,0000000015757715 ), 0
( 0,9999999995304896 1,000000001354199 1,0000000017243518 ), 0
( 0,9999999995444562 1,000000001339458 1,0000000016946051 ), 0
( 0,9999999996163734 1,0000000013468386 1,000000001607461 ), 0
( 0,9999999994724716 1,0000000013465915 1,0000000015869213 ), 0
( 0,9999999993864517 1,000000001271606 1,0000000015269794 ), 0
( 0,9999999994439629 1,0000000012485086 1,0000000015556563 ), 0
( 0,999999999414342 1,0000000012435404 1,0000000016563735 ), 0
( 0,9999999995553973 1,000000001334316 1,0000000017435353 ), 0
( 0,999999999424564 1,0000000012635466 1,0000000014979311 ), 0
( 0,9999999995830754 1,0000000012926964 1,0000000016282782 ), 0
( 0,9999999995111966 1,000000001144872 1,0000000014777815 ), 0
( 0,9999999995108612 1,0000000011735262 1,0000000015466703 ), 0
( 0,9999999994349088 1,000000001327623 1,0000000017017647 ), 0
( 0,9999999995237308 1,000000001152923 1,0000000013981125 ), 0
( 0,9999999994787304 1,0000000012951566 1,000000001656073 ), 0
( 0,9999999994510546 1,0000000011939794 1,0000000014886328 ), 0
( 0,9999999994072413 1,0000000012770702 1,000000001769517 ), 0
( 0,999999999414473 1,000000001268916 1,000000001579976 ), 0
( 0,9999999995245795 1,0000000011428996 1,0000000015839579 ), 0
( 0,9999999993699856 1,0000000012965455 1,000000001518654 ), 0
( 0,9999999994908974 1,0000000012122294 1,000000001592596 ), 0
( 0,9999999995073944 1,0000000014155273 1,0000000017435988 ), 0
( 0,9999999994709896 1,000000000951354 1,0000000012759553 ), 0
( 0,9999999995186956 1,0000000013822852 1,0000000015822 ), 0
( 0,999999999415148 1,0000000012113153 1,0000000016716264 ), 0
( 0,99999999971303 1,0000000011637515 1,0000000013201278 ), 0
( 0,99999999941358 1,0000000012088568 1,000000001480169 ), 0
( 0,999999999449728 1,000000001216603 1,0000000016256345 ), 0
( 0,9999999994231651 1,0000000013150223 1,0000000016439772 ), 0
( 0,9999999993905154 1,0000000013712342 1,0000000016379607 ), 0
( 0,9999999993961679 1,0000000014438182 1,0000000017409498 ), 0
( 0,9999999995651047 1,0000000012803683 1,0000000017958863 ), 0
( 0,9999999995821074 1,0000000012509167 1,0000000015886767 ), 0
( 0,9999999994731272 1,0000000013902959 1,0000000016143762 ), 0
( 0,9999999993474732 1,0000000011376036 1,0000000015361825 ), 0
( 0,9999999994737553 1,0000000013309074 1,0000000013879924 ), 0
( 0,9999999995434029 1,0000000014069526 1,000000001694938 ), 0
( 0,9999999994696832 1,0000000012921895 1,0000000016616026 ), 0
( 0,9999999994907615 1,0000000013179717 1,000000001647752 ), 0
( 0,9999999994835568 1,0000000013771129 1,0000000017666935 ), 0
( 0,9999999995249425 1,0000000013596322 1,0000000015966017 ), 0
( 0,9999999995225541 1,0000000013257242 1,0000000015717356 ), 0
( 0,9999999994567392 1,0000000012206367 1,000000001581693 ), 0
( 0,9999999994685689 1,0000000013195114 1,0000000016493211 ), 0
( 0,9999999994101009 1,000000001405385 1,0000000017775323 ), 0
( 0,9999999994452905 1,0000000012260497 1,0000000015539388 ), 0
( 0,9999999992942022 1,0000000011701404 1,0000000013857555 ), 0
( 0,999999999438185 1,0000000014011186 1,0000000017666981 ), 0
( 0,9999999995279056 1,0000000011879122 1,0000000014402801 ), 0
( 0,9999999994198996 1,0000000013943178 1,0000000016178936 ), 0
( 0,9999999995034682 1,0000000012960988 1,000000001654367 ), 0
( 0,9999999994624625 1,0000000013772052 1,0000000016432693 ), 0
( 0,9999999994946511 1,000000001157097 1,0000000015363093 ), 0
( 0,999999999428506 1,0000000013363628 1,0000000017276178 ), 0
( 0,9999999995087256 1,0000000013076193 1,00000000151752 ), 0
( 0,9999999994456067 1,0000000012193273 1,000000001673647 ), 0
( 0,9999999995646036 1,000000001337196 1,0000000015660362 ), 0
( 0,999999999450209 1,0000000013799903 1,0000000016586041 ), 0
( 0,9999999995296376 1,000000001404748 1,0000000016471724 ), 0
( 0,9999999995469737 1,0000000012347154 1,0000000014914523 ), 0
( 0,9999999995312949 1,0000000012712291 1,0000000015975508 ), 0
( 0,9999999993957305 1,0000000013362245 1,0000000015837454 ), 0
( 0,9999999993244227 1,000000001277222 1,000000001601311 ), 0
( 0,9999999995114698 1,0000000013084718 1,0000000015788995 ), 0
( 0,9999999995434194 1,000000001218317 1,0000000013772221 ), 0
( 0,9999999995286389 1,0000000014072854 1,0000000017248274 ), 0
( 0,9999999994200708 1,0000000013750363 1,0000000016593256 ), 0
( 0,9999999994103771 1,0000000013289667 1,0000000015337083 ), 0
( 0,999999999580269 1,0000000013295185 1,0000000013976131 ), 0
( 0,999999999489392 1,0000000012241248 1,000000001688374 ), 0
( 0,9999999994763866 1,0000000013131465 1,0000000016261592 ), 0
( 0,9999999994368471 1,000000001326158 1,0000000016342736 ), 0
( 0,9999999993656608 1,0000000013450419 1,000000001589642 ), 0
( 0,9999999994967669 1,0000000014460646 1,0000000017123094 ), 0
( 0,9999999994283757 1,0000000013068038 1,00000000161596 ), 0
( 0,9999999994344309 1,0000000013371506 1,0000000016111725 ), 0
( 0,9999999994410596 1,000000001353289 1,0000000015755617 ), 0
( 0,9999999994757411 1,0000000012163732 1,0000000016849935 ), 0
( 0,9999999994658803 1,000000001458953 1,0000000017969066 ), 0
( 0,999999999529373 1,0000000012031949 1,0000000016651944 ), 0
( 0,9999999994687317 1,000000001269527 1,000000001605471 ), 0
( 0,9999999994866651 1,0000000012843873 1,000000001691775 ), 0
( 0,9999999993312488 1,0000000013469639 1,0000000017012474 ), 0
( 0,9999999993841239 1,0000000012323862 1,0000000015759987 ), 0
( 0,9999999994525552 1,0000000013840065 1,0000000015553998 ), 0
( 0,9999999994445989 1,0000000013183108 1,000000001678753 ), 0
( 0,9999999994713957 1,0000000011277939 1,0000000016446513 ), 0
( 0,9999999996001534 1,000000001262643 1,000000001558912 ), 0
( 0,9999999993879699 1,0000000012839596 1,0000000015339603 ), 0
( 0,9999999994829121 1,0000000013289 1,0000000016459047 ), 0
( 0,9999999993985449 1,0000000012720538 1,0000000016199617 ), 0
( 0,9999999994329583 1,0000000012776127 1,0000000016206696 ), 0
( 0,9999999995306175 1,0000000013517598 1,0000000016754589 ), 0
( 0,9999999994928599 1,0000000012875327 1,0000000016734032 ), 0
( 0,9999999994702958 1,0000000014596377 1,0000000017078519 ), 0
( 0,9999999994498809 1,0000000012603727 1,000000001466384 ), 0
( 0,9999999995073473 1,00000000142432 1,0000000017341597 ), 0
( 0,9999999994381932 1,0000000013158536 1,0000000016516115 ), 0
( 0,9999999994696458 1,0000000013717567 1,0000000017319242 ), 0
( 0,9999999994643375 1,0000000011435233 1,0000000015750294 ), 0
( 0,999999999576741 1,0000000013436456 1,00000000158893 ), 0
( 0,9999999995000871 1,0000000013116528 1,0000000015814414 ), 0
( 0,9999999994603672 1,0000000013432107 1,0000000015976598 ), 0
( 0,9999999995227697 1,0000000013062276 1,0000000016864612 ), 0
( 0,9999999994265155 1,0000000010600065 1,0000000014611055 ), 0
( 0,9999999994506419 1,0000000011954364 1,0000000016295585 ), 0
( 0,9999999994831892 1,0000000013230097 1,0000000016204806 ), 0
( 0,9999999995838942 1,0000000012566823 1,0000000015852932 ), 0
( 0,9999999994914082 1,000000001326763 1,0000000016341057 ), 0
( 0,9999999996233558 1,0000000012363184 1,0000000016034767 ), 0
( 0,9999999994427142 1,0000000011839807 1,000000001570291 ), 0
( 0,999999999516639 1,000000001255666 1,0000000015532617 ), 0
( 0,9999999993507329 1,0000000013521877 1,000000001646028 ), 0
( 0,9999999994599587 1,00000000129103 1,000000001708372 ), 0
( 0,9999999993247507 1,000000001032857 1,0000000012690622 ), 0
( 0,9999999995131768 1,0000000013520294 1,0000000016234094 ), 0
( 0,9999999995685195 1,0000000014092123 1,000000001549517 ), 0
( 0,9999999994517471 1,000000001192487 1,0000000014190036 ), 0
( 0,9999999994596446 1,0000000012664574 1,0000000014871937 ), 0
( 0,9999999994988045 1,000000001249244 1,0000000016481856 ), 0
( 0,9999999995507268 1,0000000013225738 1,0000000016325157 ), 0
( 0,9999999992911807 1,0000000010685248 1,0000000015265318 ), 0
( 0,9999999995522857 1,000000001347992 1,0000000016721002 ), 0
( 0,9999999995350997 1,0000000013758872 1,0000000015673298 ), 0
( 0,9999999994380026 1,0000000013355381 1,0000000016386115 ), 0
( 0,9999999993623927 1,0000000011484504 1,0000000016163704 ), 0
( 0,9999999994992943 1,0000000011757806 1,0000000015446067 ), 0
( 0,9999999994089369 1,000000001237465 1,0000000015585226 ), 0
( 0,9999999994443981 1,0000000013895405 1,0000000015835737 ), 0
( 0,9999999993918848 1,0000000012564627 1,000000001421514 ), 0
( 0,999999999461824 1,0000000012106949 1,0000000014525519 ), 0
( 0,9999999993951507 1,00000000127188 1,0000000015937769 ), 0
( 0,9999999994545843 1,000000001223723 1,0000000014495283 ), 0
( 0,9999999993758232 1,000000001264561 1,000000001595086 ), 0
( 0,9999999995892074 1,000000001077304 1,0000000014946018 ), 0
( 0,9999999992914789 1,0000000012136805 1,0000000016362964 ), 0
( 0,999999999351411 1,0000000011807404 1,0000000013886874 ), 0
( 0,9999999996257468 1,0000000013049881 1,0000000015221562 ), 0
( 0,999999999520173 1,000000001239953 1,0000000016307287 ), 0
( 0,9999999994845109 1,000000001170682 1,0000000014661845 ), 0
( 0,9999999994483282 1,0000000012985049 1,0000000016321147 ), 0
( 0,9999999994688203 1,000000001280128 1,0000000015842878 ), 0
( 0,9999999996533612 1,000000001329707 1,0000000017775506 ), 0
( 0,9999999994557716 1,000000001273797 1,000000001666528 ), 0
( 0,9999999994348813 1,0000000012694614 1,000000001651216 ), 0
( 0,9999999995057056 1,0000000012883485 1,000000001655097 ), 0
( 0,9999999994496505 1,0000000013355415 1,0000000016559962 ), 0
( 0,9999999994936996 1,0000000014335417 1,0000000017926916 ), 0
( 0,9999999994437283 1,000000001423479 1,000000001693872 ), 0
( 0,9999999994893428 1,0000000013088162 1,0000000015421944 ), 0
( 0,9999999993644008 1,000000001283469 1,000000001619676 ), 0
( 0,9999999995592295 1,000000001284502 1,0000000015506567 ), 0
( 0,9999999994947505 1,0000000012865513 1,0000000015967918 ), 0
( 0,9999999995623454 1,0000000014253385 1,0000000015840946 ), 0
( 0,9999999994950589 1,0000000012412784 1,0000000015529977 ), 0
( 0,9999999993374982 1,0000000014420516 1,0000000019054438 ), 0
( 0,9999999994622474 1,0000000012780956 1,0000000015661417 ), 0
( 0,9999999993190879 1,000000001329613 1,0000000017516233 ), 0
( 0,9999999994352083 1,0000000013408914 1,000000001509265 ), 0
( 0,9999999995576897 1,0000000014094907 1,000000001611211 ), 0
( 0,9999999995090681 1,0000000012737047 1,0000000016160664 ), 0
( 0,9999999996351044 1,000000001122824 1,0000000014355157 ), 0
( 0,9999999994802631 1,0000000012684611 1,0000000015163892 ), 0
( 0,9999999994566254 1,0000000012489831 1,0000000015866561 ), 0
( 0,9999999994117381 1,000000001350481 1,0000000017387545 ), 0
( 0,9999999994569158 1,0000000013394954 1,000000001656499 ), 0
( 0,9999999993914646 1,0000000013422217 1,0000000015891983 ), 0
( 0,9999999994450259 1,0000000012787764 1,0000000016793111 ), 0
( 0,9999999994353669 1,0000000012385253 1,0000000016805632 ), 0
( 0,9999999995019442 1,0000000012765664 1,0000000015175934 ), 0
( 0,9999999994441563 1,0000000012488512 1,0000000015027832 ), 0
( 0,9999999994411225 1,0000000012756654 1,0000000015623443 ), 0
( 0,9999999994832252 1,0000000014224761 1,0000000016811121 ), 0
( 0,9999999993987024 1,0000000012606596 1,0000000016039106 ), 0
( 0,9999999995354124 1,000000001031704 1,0000000014299208 ), 0
( 0,9999999994807736 1,0000000015244812 1,0000000016695474 ), 0
( 0,9999999995023302 1,000000001526304 1,0000000017569184 ), 0
( 0,9999999994501003 1,0000000012254815 1,0000000016553148 ), 0
( 0,9999999993725122 1,000000001338753 1,0000000016309083 ), 0
( 0,9999999994666103 1,0000000013052455 1,0000000015459514 ), 0
( 0,9999999994088268 1,000000001262313 1,0000000016650958 ), 0
( 0,9999999994933543 1,000000001292195 1,0000000016298223 ), 0
( 0,9999999995593525 1,000000001084046 1,0000000014981765 ), 0
( 0,9999999994082889 1,0000000012372312 1,0000000016750048 ), 0
( 0,9999999994521523 1,000000001290603 1,0000000016434505 ), 0
( 0,9999999994637842 1,0000000011526666 1,0000000016463957 ), 0
( 0,9999999995147544 1,0000000013785906 1,0000000016596124 ), 0
( 0,9999999994631614 1,0000000012978196 1,0000000016355983 ), 0
( 0,999999999517988 1,000000001287448 1,0000000016613393 ), 0
( 0,9999999994486558 1,0000000012277013 1,0000000013972883 ), 0
( 0,9999999994373096 1,0000000013043762 1,0000000016422093 ), 0
( 0,9999999995996808 1,0000000014545178 1,0000000016205752 ), 0
( 0,9999999994464412 1,0000000013479364 1,000000001693134 ), 0
( 0,9999999995507051 1,0000000013158743 1,0000000016199457 ), 0
( 0,9999999995386304 1,0000000013231143 1,0000000015599952 ), 0
( 0,9999999994802818 1,0000000013429562 1,000000001649683 ), 0
( 0,9999999994575012 1,0000000012620829 1,0000000015293726 ), 0
( 0,9999999995805432 1,0000000013003285 1,0000000015401014 ), 0
( 0,9999999993703146 1,0000000013260213 1,0000000016654564 ), 0
( 0,9999999995758104 1,000000001316004 1,0000000017079365 ), 0
( 0,9999999995538259 1,0000000013674093 1,0000000015666282 ), 0
( 0,9999999995014722 1,00000000124273 1,000000001518723 ), 0
( 0,9999999996851642 1,000000001193723 1,0000000013307941 ), 0
( 0,9999999994236756 1,0000000013499666 1,0000000017133428 ), 0
( 0,9999999994836618 1,0000000014491468 1,0000000016659172 ), 0
( 0,9999999994485322 1,0000000014242165 1,000000001823484 ), 0
( 0,9999999994683164 1,000000001324934 1,00000000162376 ), 0
( 0,9999999994971468 1,0000000012069423 1,0000000015533486 ), 0
( 0,9999999995222493 1,0000000012038575 1,0000000015818333 ), 0
( 0,9999999995372301 1,0000000012169195 1,0000000016581214 ), 0
( 0,9999999994661937 1,0000000012149015 1,0000000014884098 ), 0
( 0,9999999994217419 1,0000000013888712 1,0000000015167438 ), 0
( 0,9999999994784909 1,0000000012295898 1,0000000015427188 ), 0
( 0,9999999995388195 1,0000000012801016 1,0000000016441446 ), 0
( 0,9999999995857902 1,0000000013402186 1,0000000016968829 ), 0
( 0,9999999993739986 1,0000000011649681 1,000000001611369 ), 0
( 0,9999999994482601 1,0000000012891967 1,000000001692205 ), 0
( 0,9999999995042419 1,0000000011210097 1,0000000014760386 ), 0
( 0,9999999993619663 1,0000000012684085 1,0000000018286133 ), 0
( 0,9999999995569693 1,000000001203076 1,0000000015728212 ), 0
( 0,9999999994236777 1,0000000012621395 1,0000000014771004 ), 0
( 0,9999999994570921 1,0000000012653185 1,000000001626063 ), 0
( 0,9999999993755089 1,0000000013527763 1,0000000016747839 ), 0
( 0,9999999993862713 1,000000001195252 1,000000001536272 ), 0
( 0,9999999993781731 1,0000000012141697 1,0000000015082586 ), 0
( 0,9999999994475621 1,0000000011929049 1,0000000014830388 ), 0
( 0,9999999994919758 1,0000000012390795 1,0000000016022523 ), 0
( 0,9999999995743643 1,0000000012410888 1,0000000015211672 ), 0
( 0,9999999994939015 1,0000000011655368 1,0000000015752477 ), 0
( 0,9999999994883295 1,000000001212743 1,0000000015508084 ), 0
( 0,9999999995705352 1,0000000014190904 1,000000001685524 ), 0
( 0,9999999994796894 1,000000001163732 1,0000000014296841 ), 0
( 0,9999999994461694 1,0000000013394361 1,000000001705532 ), 0
( 0,9999999995081279 1,0000000011740937 1,0000000015321076 ), 0
( 0,999999999492987 1,0000000012314116 1,0000000015944908 ), 0
( 0,9999999995049391 1,0000000012013561 1,0000000014279122 ), 0
( 0,9999999994246035 1,0000000012517525 1,000000001708264 ), 0
( 0,9999999995513023 1,0000000013047723 1,0000000018353044 ), 0
( 0,99999999942492 1,0000000012161816 1,0000000015887356 ), 0
( 0,9999999994197976 1,0000000012480892 1,0000000013825718 ), 0
( 0,9999999994671951 1,0000000012046242 1,0000000015708856 ), 0
( 0,999999999479335 1,0000000012450896 1,0000000016112491 ), 0
( 0,9999999993681288 1,0000000012680328 1,000000001678602 ), 0
( 0,9999999993944314 1,0000000012960943 1,0000000014438155 ), 0
( 0,9999999995053934 1,000000001194502 1,000000001553686 ), 0
( 0,9999999994248883 1,0000000013487145 1,0000000016066757 ), 0
( 0,9999999997501916 1,0000000015258317 1,0000000015497919 ), 0
( 0,9999999995329687 1,0000000011775618 1,00000000149939 ), 0
( 0,9999999995206715 1,0000000012901609 1,000000001573303 ), 0
( 0,9999999994361202 1,0000000013305863 1,000000001556649 ), 0
( 0,9999999996226029 1,000000001435479 1,0000000017034396 ), 0
( 0,9999999994939878 1,000000001309841 1,0000000015934483 ), 0
( 0,9999999994891647 1,0000000010061025 1,0000000015093087 ), 0
( 0,9999999992453785 1,0000000012290204 1,0000000016181296 ), 0
( 0,9999999994336786 1,0000000012854642 1,0000000014767505 ), 0
( 0,999999999390206 1,000000001268228 1,0000000015316355 ), 0
( 0,9999999993651553 1,0000000013308243 1,0000000017413773 ), 0
( 0,9999999993503146 1,0000000013478638 1,0000000015228816 ), 0
( 0,9999999994280919 1,0000000013835428 1,000000001644134 ), 0
( 0,9999999995620834 1,0000000012799604 1,0000000016964035 ), 0
( 0,9999999993662194 1,0000000011053634 1,0000000015407697 ), 0
( 0,9999999994933088 1,0000000011831323 1,000000001655596 ), 0
( 0,9999999995332413 1,000000001364702 1,0000000016063515 ), 0
( 0,9999999995475206 1,0000000012547006 1,000000001647253 ), 0
( 0,9999999995225936 1,0000000012698693 1,0000000016226138 ), 0
( 0,9999999994334534 1,0000000012013615 1,0000000015007884 ), 0
( 0,9999999994872213 1,0000000012395718 1,0000000016603927 ), 0
( 0,9999999994122865 1,0000000013168893 1,0000000016718975 ), 0
( 0,9999999995547201 1,000000001223445 1,000000001569993 ), 0
( 0,9999999995173684 1,0000000012415722 1,000000001709382 ), 0
( 0,9999999994417081 1,0000000012983898 1,0000000016482455 ), 0
( 0,9999999994975717 1,0000000011811845 1,000000001601412 ), 0
( 0,9999999994771356 1,000000001250804 1,0000000014654622 ), 0
( 0,9999999994647429 1,000000001327901 1,0000000016301882 ), 0
( 0,999999999527609 1,0000000014044979 1,000000001751002 ), 0
( 0,999999999388247 1,0000000013564776 1,0000000016274873 ), 0
( 0,9999999994060222 1,0000000013607604 1,0000000016016977 ), 0
( 0,9999999994988682 1,0000000012167893 1,0000000015106911 ), 0
( 0,9999999994795888 1,0000000013477541 1,0000000016624366 ), 0
( 0,9999999993930834 1,0000000012364574 1,0000000015810988 ), 0
( 0,9999999994649145 1,000000001273353 1,000000001639036 ), 0
( 0,9999999993888696 1,000000001284611 1,0000000015223396 ), 0
( 0,9999999994074384 1,0000000013696704 1,0000000015350758 ), 0
( 0,9999999994457027 1,000000001324624 1,0000000016108805 ), 0
( 0,9999999995133465 1,0000000013216692 1,0000000015789476 ), 0
( 0,9999999994620206 1,0000000011465924 1,0000000015826955 ), 0
( 0,9999999994854684 1,000000001258019 1,0000000014583923 ), 0
( 0,999999999517268 1,0000000012975019 1,0000000015632615 ), 0
( 0,9999999994854729 1,0000000013349795 1,0000000015359751 ), 0
( 0,9999999993473153 1,0000000011787407 1,0000000014128598 ), 0
( 0,9999999994209573 1,000000001282877 1,0000000015934147 ), 0
( 0,9999999994440509 1,0000000012964003 1,000000001634758 ), 0
( 0,9999999993005511 1,0000000014019976 1,0000000016913 ), 0
( 0,9999999994399406 1,0000000012594457 1,0000000016066117 ), 0
( 0,999999999514062 1,000000001270981 1,0000000016597477 ), 0
( 0,9999999994547146 1,0000000013299624 1,0000000016597517 ), 0
( 0,9999999995348163 1,0000000013553372 1,0000000016188189 ), 0
( 0,9999999993997578 1,0000000013814923 1,0000000017732247 ), 0
( 0,9999999994715401 1,000000001431284 1,0000000016567174 ), 0
( 0,9999999994732709 1,0000000012696013 1,0000000016712978 ), 0
( 0,9999999993637395 1,0000000012784407 1,0000000016699249 ), 0
( 0,9999999995197476 1,0000000013149781 1,0000000013562218 ), 0
( 0,9999999994921078 1,0000000013243164 1,0000000016470383 ), 0
( 0,9999999994809587 1,0000000013469752 1,0000000016178503 ), 0
( 0,9999999994489892 1,0000000011595531 1,0000000015809953 ), 0
( 0,9999999994433493 1,0000000010986556 1,0000000015737027 ), 0
( 0,9999999994682119 1,0000000012253465 1,0000000015241985 ), 0
( 0,999999999426731 1,0000000012965942 1,000000001538876 ), 0
( 0,9999999995812501 1,0000000013945634 1,0000000015287478 ), 0
( 0,9999999995499668 1,0000000012152606 1,0000000015515516 ), 0
( 0,9999999995063722 1,0000000012565808 1,0000000015979402 ), 0
( 0,999999999401971 1,0000000013791894 1,000000001743159 ), 0
( 0,999999999482965 1,000000001270103 1,000000001644453 ), 0
( 0,9999999995568414 1,0000000012613595 1,0000000016006636 ), 0
( 1,000000169866626 1,0000128849859675 1,000012678559007 ), 6,483405456947366E-08
Liczba wywoa funkcji celu: 113056
