Iteracja nr: 75
( 0,9999999994684134 1,000000001271387 1,000000001608747 ), 0
( 0,9999999994644537 1,0000000012697217 1,0000000016022559 ), 0
( 0,9999999994685107 1,00000000125525 1,0000000015917943 ), 0
( 0,9999999994697095 1,0000000012677444 1,000000001598654 ), 0
( 0,9999999994647384 1,0000000012702985 1,0000000016049382 ), 0
( 0,999999999463659 1,0000000012677241 1,0000000016025246 ), 0
( 0,999999999467648 1,000000001273199 1,0000000016115305 ), 0
( 0,9999999994684362 1,0000000012669825 1,000000001598651 ), 0
( 0,9999999994698123 1,000000001267298 1,0000000016017778 ), 0
( 0,9999999994701181 1,0000000012626649 1,0000000015996273 ), 0
( 0,999999999465611 1,0000000012774524 1,00000000160893 ), 0
( 0,9999999994692074 1,0000000012628358 1,000000001597622 ), 0
( 0,9999999994694487 1,0000000012729184 1,0000000015990913 ), 0
( 0,9999999994643831 1,0000000012683303 1,0000000016041302 ), 0
( 0,999999999464018 1,000000001266924 1,0000000016014197 ), 0
( 0,999999999466127 1,0000000012691368 1,0000000016013 ), 0
( 0,999999999468202 1,0000000012736856 1,0000000016051709 ), 0
( 0,9999999994663517 1,0000000012653272 1,0000000016005073 ), 0
( 0,999999999464494 1,0000000012706913 1,0000000015949173 ), 0
( 0,9999999994688198 1,0000000012687698 1,0000000015995159 ), 0
( 0,9999999994689824 1,0000000012711798 1,0000000016091237 ), 0
( 0,9999999994673864 1,0000000012636885 1,0000000016038695 ), 0
( 0,9999999994686218 1,0000000012705235 1,0000000016064516 ), 0
( 0,9999999994675416 1,0000000012712074 1,000000001605502 ), 0
( 0,9999999994672223 1,0000000012655155 1,0000000016019557 ), 0
( 0,9999999994674972 1,0000000012628767 1,0000000016041755 ), 0
( 0,9999999994690962 1,000000001259882 1,000000001587566 ), 0
( 0,9999999994623031 1,0000000012779717 1,0000000016117427 ), 0
( 0,9999999994653656 1,0000000012654635 1,0000000016051778 ), 0
( 0,9999999994645636 1,0000000012625145 1,000000001601864 ), 0
( 0,9999999994671893 1,0000000012649135 1,0000000016061996 ), 0
( 0,9999999994658342 1,0000000012723202 1,0000000016071042 ), 0
( 0,9999999994658595 1,0000000012739905 1,0000000016106663 ), 0
( 0,9999999994668498 1,0000000012759833 1,000000001605419 ), 0
( 0,9999999994679695 1,000000001282836 1,0000000016111903 ), 0
( 0,9999999994662346 1,0000000012734453 1,0000000016025903 ), 0
( 0,999999999467233 1,0000000012644483 1,0000000015919186 ), 0
( 0,9999999994603028 1,000000001264849 1,0000000016079333 ), 0
( 0,999999999464367 1,0000000012672923 1,0000000016013921 ), 0
( 0,9999999994646637 1,000000001272016 1,0000000016020023 ), 0
( 0,9999999994680221 1,0000000012681585 1,0000000015991148 ), 0
( 0,9999999994647512 1,0000000012738222 1,0000000016063249 ), 0
( 0,9999999994685097 1,0000000012613919 1,0000000015918433 ), 0
( 0,9999999994654074 1,0000000012680321 1,0000000016043848 ), 0
( 0,9999999994688419 1,000000001269562 1,0000000015993267 ), 0
( 0,999999999464039 1,000000001270663 1,000000001604345 ), 0
( 0,9999999994677264 1,0000000012759336 1,0000000016108463 ), 0
( 0,9999999994673634 1,000000001275025 1,000000001607735 ), 0
( 0,9999999994685516 1,0000000012726855 1,0000000016070771 ), 0
( 0,9999999994644532 1,0000000012649852 1,0000000016083768 ), 0
( 0,9999999994651788 1,0000000012699972 1,000000001602332 ), 0
( 0,9999999994665458 1,00000000126341 1,0000000015979655 ), 0
( 0,9999999994628977 1,000000001273778 1,000000001604226 ), 0
( 0,9999999994716209 1,0000000012726695 1,000000001603123 ), 0
( 0,9999999994642341 1,0000000012705659 1,0000000016072024 ), 0
( 0,9999999994661289 1,0000000012603967 1,000000001590662 ), 0
( 0,9999999994665267 1,0000000012622954 1,0000000016000186 ), 0
( 0,9999999994646143 1,0000000012700574 1,000000001601229 ), 0
( 0,999999999463625 1,0000000012688781 1,0000000016069832 ), 0
( 0,9999999994636725 1,0000000012679333 1,0000000016010524 ), 0
( 0,9999999994664457 1,000000001269342 1,000000001607239 ), 0
( 0,9999999994664681 1,0000000012701133 1,0000000016085957 ), 0
( 0,9999999994678542 1,000000001257155 1,0000000015916255 ), 0
( 0,9999999994645963 1,0000000012673491 1,0000000015952009 ), 0
( 0,9999999994675536 1,0000000012699253 1,0000000016023276 ), 0
( 0,999999999464416 1,0000000012664516 1,0000000015981716 ), 0
( 0,9999999994653535 1,0000000012629542 1,000000001605999 ), 0
( 0,9999999994701911 1,000000001265535 1,0000000015948682 ), 0
( 0,9999999994652419 1,0000000012650245 1,0000000015986181 ), 0
( 0,9999999994695371 1,0000000012700623 1,0000000016062551 ), 0
( 0,99999999946555 1,0000000012617842 1,0000000015976576 ), 0
( 0,9999999994675606 1,0000000012686678 1,000000001601782 ), 0
( 0,9999999994642365 1,0000000012669366 1,0000000016072137 ), 0
( 0,9999999994645699 1,0000000012763943 1,0000000016055102 ), 0
( 0,999999999467082 1,0000000012630725 1,00000000159981 ), 0
( 0,999999999466417 1,0000000012646915 1,0000000015978585 ), 0
( 0,9999999994662441 1,0000000012698702 1,000000001598097 ), 0
( 0,9999999994696417 1,0000000012684895 1,0000000016022441 ), 0
( 0,9999999994658505 1,0000000012653327 1,0000000016010415 ), 0
( 0,9999999994652982 1,000000001271122 1,0000000016051935 ), 0
( 0,9999999994654045 1,000000001268849 1,0000000016132002 ), 0
( 0,9999999994679751 1,000000001278605 1,0000000016103796 ), 0
( 0,9999999994654337 1,0000000012620032 1,0000000016018424 ), 0
( 0,9999999994676673 1,0000000012515307 1,0000000015872135 ), 0
( 0,9999999994683787 1,0000000012680914 1,0000000015995016 ), 0
( 0,9999999994662616 1,0000000012687098 1,0000000016072554 ), 0
( 0,999999999469226 1,0000000012627537 1,0000000015964032 ), 0
( 0,9999999994649144 1,0000000012630732 1,0000000015980848 ), 0
( 0,9999999994692484 1,0000000012493202 1,0000000015886692 ), 0
( 0,9999999994674582 1,000000001278609 1,0000000016082398 ), 0
( 0,9999999994689969 1,0000000012762476 1,000000001607398 ), 0
( 0,9999999994656414 1,0000000012588057 1,0000000015966566 ), 0
( 0,9999999994687255 1,0000000012654064 1,000000001600704 ), 0
( 0,9999999994667302 1,000000001274043 1,0000000016059765 ), 0
( 0,999999999462319 1,0000000012652868 1,0000000015996382 ), 0
( 0,9999999994676951 1,0000000012719583 1,0000000016044828 ), 0
( 0,9999999994684265 1,0000000012702666 1,000000001598197 ), 0
( 0,9999999994701311 1,0000000012691554 1,0000000015968902 ), 0
( 0,9999999994677344 1,000000001267139 1,000000001596403 ), 0
( 0,9999999994669893 1,000000001269922 1,0000000015994763 ), 0
( 0,9999999994673214 1,0000000012768768 1,0000000016147 ), 0
( 0,9999999994697075 1,000000001255031 1,0000000015909634 ), 0
( 0,9999999994648657 1,0000000012672816 1,000000001600953 ), 0
( 0,9999999994707996 1,0000000012649881 1,0000000015945139 ), 0
( 0,9999999994686876 1,000000001260286 1,0000000015975476 ), 0
( 0,9999999994673072 1,0000000012661718 1,0000000016062132 ), 0
( 0,9999999994659966 1,0000000012685974 1,0000000016067487 ), 0
( 0,9999999994657013 1,0000000012696286 1,0000000016014627 ), 0
( 0,9999999994688982 1,0000000012789172 1,0000000016212234 ), 0
( 0,9999999994672477 1,0000000012733075 1,0000000016065245 ), 0
( 0,9999999994651431 1,0000000012682428 1,0000000016025339 ), 0
( 0,9999999994656557 1,000000001262696 1,0000000016011044 ), 0
( 0,9999999994694847 1,0000000012485912 1,0000000015823267 ), 0
( 0,9999999994662201 1,0000000012706596 1,0000000016045347 ), 0
( 0,9999999994670808 1,0000000012677797 1,0000000016016897 ), 0
( 0,9999999994655745 1,0000000012624144 1,0000000015974255 ), 0
( 0,999999999463789 1,0000000012694805 1,0000000016052875 ), 0
( 0,9999999994675388 1,000000001264663 1,0000000016009174 ), 0
( 0,9999999994638228 1,000000001270843 1,000000001603084 ), 0
( 0,9999999994704241 1,0000000012786627 1,000000001606288 ), 0
( 0,9999999994646523 1,0000000012684704 1,0000000016033934 ), 0
( 0,9999999994653718 1,000000001268294 1,0000000015959458 ), 0
( 0,9999999994655124 1,0000000012719574 1,0000000016006694 ), 0
( 0,9999999994705061 1,0000000012575587 1,0000000015989519 ), 0
( 0,9999999994664805 1,0000000012689783 1,000000001606626 ), 0
( 0,9999999994662199 1,0000000012635841 1,0000000016000405 ), 0
( 0,999999999462331 1,0000000012690253 1,0000000016026998 ), 0
( 0,999999999466355 1,0000000012711634 1,000000001606727 ), 0
( 0,9999999994671557 1,0000000012727168 1,0000000016066717 ), 0
( 0,9999999994675374 1,0000000012700274 1,000000001605352 ), 0
( 0,9999999994704992 1,0000000012583399 1,0000000015918267 ), 0
( 0,9999999994675055 1,0000000012633858 1,0000000015988015 ), 0
( 0,9999999994680414 1,0000000012717967 1,0000000016008737 ), 0
( 0,9999999994678083 1,0000000012772399 1,0000000016177084 ), 0
( 0,999999999465786 1,0000000012668853 1,0000000016029933 ), 0
( 0,9999999994630041 1,0000000012671337 1,0000000015973487 ), 0
( 0,9999999994685872 1,0000000012730486 1,0000000016065744 ), 0
( 0,999999999466795 1,000000001267598 1,0000000015967485 ), 0
( 0,9999999994627168 1,0000000012659427 1,0000000015993384 ), 0
( 0,9999999994638183 1,0000000012662567 1,0000000015970218 ), 0
( 0,9999999994693045 1,0000000012696095 1,0000000016019364 ), 0
( 0,9999999994680733 1,0000000012721808 1,0000000016019197 ), 0
( 0,999999999465148 1,000000001272966 1,0000000016018007 ), 0
( 0,9999999994646469 1,000000001270488 1,0000000016037915 ), 0
( 0,9999999994688243 1,0000000012678376 1,0000000015975195 ), 0
( 0,9999999994685821 1,000000001272851 1,0000000016052089 ), 0
( 0,9999999994726271 1,0000000012755756 1,0000000016021775 ), 0
( 0,9999999994668092 1,0000000012628953 1,0000000016056023 ), 0
( 0,99999999946625 1,0000000012679444 1,0000000016009007 ), 0
( 0,9999999994661922 1,0000000012726051 1,0000000016063275 ), 0
( 0,9999999994670925 1,0000000012686048 1,000000001604095 ), 0
( 0,9999999994656189 1,0000000012736154 1,0000000016049577 ), 0
( 0,9999999994669723 1,0000000012616905 1,0000000015949357 ), 0
( 0,999999999469345 1,0000000012668648 1,000000001607143 ), 0
( 0,9999999994696354 1,0000000012630632 1,0000000015947352 ), 0
( 0,9999999994674253 1,0000000012709693 1,000000001599819 ), 0
( 0,9999999994641813 1,0000000012680934 1,000000001615267 ), 0
( 0,9999999994644888 1,000000001269126 1,0000000016022577 ), 0
( 0,9999999994677904 1,00000000126943 1,000000001607129 ), 0
( 0,9999999994719503 1,0000000012588204 1,0000000016018644 ), 0
( 0,9999999994631165 1,0000000012643258 1,0000000015998969 ), 0
( 0,9999999994659766 1,0000000012711447 1,0000000016083956 ), 0
( 0,9999999994666156 1,0000000012704078 1,000000001597806 ), 0
( 0,9999999994624098 1,0000000012719212 1,000000001603559 ), 0
( 0,9999999994684766 1,000000001268106 1,000000001598024 ), 0
( 0,9999999994677191 1,000000001273142 1,0000000016031079 ), 0
( 0,9999999994604921 1,0000000012771635 1,0000000016017627 ), 0
( 0,9999999994711014 1,000000001272366 1,0000000016029955 ), 0
( 0,9999999994696446 1,0000000012745955 1,000000001601595 ), 0
( 0,9999999994678272 1,0000000012583787 1,0000000015957913 ), 0
( 0,9999999994664345 1,0000000012632209 1,000000001599077 ), 0
( 0,9999999994637074 1,0000000012680552 1,0000000015988693 ), 0
( 0,9999999994659063 1,0000000012668175 1,0000000015937254 ), 0
( 0,9999999994657827 1,0000000012658645 1,000000001596942 ), 0
( 0,9999999994654579 1,0000000012686603 1,000000001596376 ), 0
( 0,9999999994675886 1,0000000012683752 1,0000000016015147 ), 0
( 0,9999999994637431 1,0000000012776509 1,000000001608468 ), 0
( 0,9999999994688639 1,0000000012729955 1,0000000016060355 ), 0
( 0,9999999994681043 1,0000000012596135 1,0000000015995172 ), 0
( 0,9999999994704432 1,000000001270202 1,0000000016013155 ), 0
( 0,9999999994666449 1,00000000126679 1,000000001597813 ), 0
( 0,9999999994718575 1,000000001269907 1,0000000016022077 ), 0
( 0,9999999994645729 1,0000000012678625 1,0000000016007236 ), 0
( 0,9999999994638369 1,0000000012464192 1,000000001582763 ), 0
( 0,9999999994658106 1,000000001268535 1,0000000016040382 ), 0
( 0,9999999994674883 1,0000000012685686 1,000000001595164 ), 0
( 0,9999999994625803 1,000000001260566 1,0000000015976294 ), 0
( 0,9999999994706105 1,0000000012698556 1,0000000016038118 ), 0
( 0,9999999994673542 1,0000000012643697 1,0000000015965986 ), 0
( 0,9999999994692648 1,0000000012646537 1,000000001598688 ), 0
( 0,9999999994660373 1,0000000012594872 1,0000000015939408 ), 0
( 0,9999999994624669 1,0000000012687378 1,0000000016074713 ), 0
( 0,9999999994593665 1,0000000012636716 1,0000000015951171 ), 0
( 0,9999999994690317 1,0000000012638848 1,000000001595223 ), 0
( 0,9999999994641738 1,000000001272862 1,0000000015997932 ), 0
( 0,999999999467744 1,0000000012655417 1,0000000015954107 ), 0
( 0,9999999994662033 1,0000000012707722 1,0000000016001902 ), 0
( 0,9999999994662808 1,0000000012664878 1,0000000015959347 ), 0
( 0,9999999994651452 1,0000000012691397 1,0000000016029535 ), 0
( 0,9999999994650924 1,0000000012688517 1,0000000016010946 ), 0
( 0,9999999994654356 1,000000001267489 1,0000000016086414 ), 0
( 0,9999999994700135 1,0000000012661205 1,0000000015985395 ), 0
( 0,9999999994617642 1,0000000012691317 1,0000000016031474 ), 0
( 0,9999999994651422 1,0000000012668397 1,0000000016009836 ), 0
( 0,9999999994667357 1,0000000012701624 1,0000000015969215 ), 0
( 0,9999999994662764 1,0000000012636863 1,0000000015998223 ), 0
( 0,9999999994684287 1,000000001272555 1,0000000016077775 ), 0
( 0,9999999994669664 1,0000000012504282 1,0000000015811261 ), 0
( 0,9999999994641506 1,0000000012694426 1,0000000016066433 ), 0
( 0,9999999994612555 1,000000001263629 1,0000000015982473 ), 0
( 0,9999999994686415 1,0000000012743984 1,0000000016033548 ), 0
( 0,999999999463994 1,000000001265203 1,000000001607324 ), 0
( 0,9999999994685563 1,0000000012657464 1,0000000015971695 ), 0
( 0,9999999994685113 1,0000000012667833 1,0000000016014863 ), 0
( 0,999999999466106 1,0000000012666836 1,0000000016021462 ), 0
( 0,9999999994632424 1,0000000012643295 1,000000001597048 ), 0
( 0,9999999994625164 1,000000001266485 1,0000000016022201 ), 0
( 0,9999999994662935 1,0000000012668502 1,0000000016045065 ), 0
( 0,9999999994701826 1,0000000012762595 1,0000000016078112 ), 0
( 0,999999999468137 1,000000001267029 1,00000000160357 ), 0
( 0,9999999994669148 1,000000001269839 1,0000000016003463 ), 0
( 0,9999999994673398 1,0000000012635857 1,0000000015971908 ), 0
( 0,9999999994655506 1,0000000012680674 1,0000000016054431 ), 0
( 0,999999999462181 1,0000000012677395 1,0000000016016386 ), 0
( 0,9999999994652784 1,0000000012714945 1,0000000016069055 ), 0
( 0,9999999994616423 1,0000000012773294 1,0000000016165047 ), 0
( 0,9999999994666328 1,0000000012761796 1,0000000016007087 ), 0
( 0,9999999994610623 1,0000000012698012 1,000000001597065 ), 0
( 0,9999999994667487 1,0000000012651644 1,0000000015986572 ), 0
( 0,9999999994633396 1,0000000012708312 1,0000000016061916 ), 0
( 0,9999999994695218 1,00000000126639 1,0000000015996353 ), 0
( 0,9999999994632759 1,000000001269968 1,0000000016060466 ), 0
( 0,9999999994655799 1,0000000012625165 1,000000001599723 ), 0
( 0,9999999994694201 1,0000000012731565 1,0000000016041564 ), 0
( 0,9999999994675004 1,0000000012703691 1,0000000016025046 ), 0
( 0,9999999994676207 1,000000001272532 1,0000000016049455 ), 0
( 0,9999999994618561 1,0000000012707606 1,0000000016058705 ), 0
( 0,999999999466658 1,0000000012646801 1,0000000016000943 ), 0
( 0,9999999994661154 1,0000000012641663 1,0000000015979507 ), 0
( 0,9999999994646834 1,000000001271531 1,0000000016052104 ), 0
( 0,9999999994635634 1,0000000012636328 1,000000001605314 ), 0
( 0,9999999994653294 1,0000000012734866 1,000000001604517 ), 0
( 0,9999999994680624 1,0000000012654138 1,0000000016017259 ), 0
( 0,9999999994664397 1,0000000012643897 1,0000000016066635 ), 0
( 0,9999999994674573 1,0000000012700516 1,0000000016044948 ), 0
( 0,999999999467148 1,0000000012651993 1,0000000015955168 ), 0
( 0,9999999994690647 1,0000000012659467 1,0000000016026882 ), 0
( 0,9999999994630087 1,0000000012740775 1,000000001608463 ), 0
( 0,9999999994666533 1,0000000012707981 1,0000000016038904 ), 0
( 0,999999999466063 1,0000000012704304 1,0000000016023067 ), 0
( 0,9999999994682472 1,0000000012581525 1,0000000015887442 ), 0
( 0,9999999994619959 1,0000000012667198 1,0000000016003205 ), 0
( 0,999999999465308 1,0000000012585153 1,0000000015887058 ), 0
( 0,999999999467547 1,000000001263045 1,0000000015914692 ), 0
( 0,9999999994658496 1,0000000012695653 1,0000000016024835 ), 0
( 0,9999999994673775 1,000000001268207 1,0000000015958808 ), 0
( 0,999999999465477 1,0000000012713937 1,0000000015986796 ), 0
( 0,9999999994636206 1,000000001266289 1,0000000015957087 ), 0
( 0,9999999994663756 1,0000000012705146 1,0000000016061545 ), 0
( 0,9999999994660772 1,0000000012672348 1,0000000015982309 ), 0
( 0,9999999994644111 1,0000000012751424 1,0000000016079633 ), 0
( 0,9999999994676577 1,0000000012672057 1,0000000016043809 ), 0
( 0,9999999994683088 1,0000000012687738 1,00000000160656 ), 0
( 0,9999999994624039 1,0000000012731591 1,0000000015989579 ), 0
( 0,9999999994644894 1,000000001270954 1,0000000016032846 ), 0
( 0,9999999994671083 1,0000000012753052 1,000000001600683 ), 0
( 0,999999999464019 1,0000000012700865 1,0000000016060286 ), 0
( 0,9999999994647305 1,0000000012498373 1,0000000015800568 ), 0
( 0,9999999994636704 1,000000001274117 1,000000001594033 ), 0
( 0,9999999994669037 1,0000000012718602 1,0000000016132418 ), 0
( 0,9999999994670051 1,0000000012523036 1,0000000015885198 ), 0
( 0,9999999994666051 1,0000000012680685 1,000000001602155 ), 0
( 0,9999999994683844 1,0000000012661745 1,0000000015984343 ), 0
( 0,9999999994656878 1,0000000012763324 1,000000001608163 ), 0
( 0,9999999994638107 1,00000000126805 1,000000001597624 ), 0
( 0,9999999994708958 1,0000000012673438 1,0000000016050645 ), 0
( 0,9999999994669801 1,0000000012715817 1,0000000016014383 ), 0
( 0,9999999994633193 1,0000000012660348 1,0000000016023025 ), 0
( 0,9999999994658479 1,0000000012667913 1,0000000015992982 ), 0
( 0,9999999994635508 1,0000000012705854 1,0000000015976613 ), 0
( 0,9999999994604446 1,000000001255913 1,0000000015932808 ), 0
( 0,999999999461638 1,0000000012662962 1,0000000016012383 ), 0
( 0,9999999994655372 1,0000000012724735 1,0000000016089812 ), 0
( 0,9999999994672676 1,0000000012712291 1,0000000016012698 ), 0
( 0,9999999994666566 1,0000000012732464 1,0000000016060762 ), 0
( 0,9999999994661086 1,0000000012674317 1,0000000016066 ), 0
( 0,9999999994658522 1,0000000012712549 1,0000000016006259 ), 0
( 0,9999999994631017 1,0000000012562196 1,0000000016006474 ), 0
( 0,9999999994697824 1,0000000012609003 1,0000000015948431 ), 0
( 0,9999999994655475 1,0000000012597103 1,0000000015896613 ), 0
( 0,9999999994687286 1,0000000012759833 1,000000001611727 ), 0
( 0,9999999994676133 1,0000000012650183 1,000000001603129 ), 0
( 0,999999999467561 1,0000000012720152 1,000000001595846 ), 0
( 0,9999999994659091 1,0000000012723196 1,0000000016063983 ), 0
( 0,9999999994679616 1,0000000012666952 1,0000000016055548 ), 0
( 0,9999999994656291 1,0000000012670645 1,0000000016057198 ), 0
( 0,9999999994661554 1,0000000012715795 1,0000000016077808 ), 0
( 0,999999999467084 1,0000000012682269 1,0000000016064006 ), 0
( 0,9999999994673393 1,0000000012669423 1,0000000015944266 ), 0
( 0,9999999994682385 1,0000000012718355 1,0000000016010246 ), 0
( 0,9999999994693504 1,0000000012718253 1,000000001603978 ), 0
( 0,9999999994704555 1,0000000012676635 1,000000001600561 ), 0
( 0,999999999467445 1,0000000012745334 1,0000000016039792 ), 0
( 0,9999999994689377 1,0000000012640566 1,000000001596505 ), 0
( 0,9999999994660359 1,0000000012708792 1,0000000016056465 ), 0
( 0,9999999994694799 1,0000000012706236 1,0000000016042956 ), 0
( 0,9999999994651018 1,0000000012629484 1,000000001598496 ), 0
( 0,9999999994683426 1,0000000012211652 1,0000000015585113 ), 0
( 0,9999999994632988 1,0000000012684536 1,0000000016150188 ), 0
( 0,9999999994664795 1,0000000012696222 1,000000001600904 ), 0
( 0,9999999994645112 1,0000000012735886 1,00000000160513 ), 0
( 0,9999999994666928 1,0000000012706451 1,0000000016032784 ), 0
( 0,9999999994666587 1,0000000012708339 1,000000001608617 ), 0
( 0,9999999994646336 1,0000000012656993 1,0000000016035084 ), 0
( 0,999999999467213 1,0000000012734593 1,0000000016072892 ), 0
( 0,9999999994665343 1,0000000012669004 1,000000001599276 ), 0
( 0,9999999994646497 1,0000000012629955 1,0000000016036739 ), 0
( 0,9999999994649885 1,0000000012682357 1,0000000016012223 ), 0
( 0,9999999994668726 1,0000000012627084 1,0000000016002224 ), 0
( 0,9999999994660986 1,000000001267031 1,0000000016042532 ), 0
( 0,9999999994645645 1,0000000012714219 1,0000000015994153 ), 0
( 0,9999999994661172 1,0000000012651455 1,000000001599873 ), 0
( 0,9999999994669053 1,0000000012714818 1,0000000016021777 ), 0
( 0,9999999994687413 1,000000001266977 1,0000000015954458 ), 0
( 0,9999999994685341 1,000000001260441 1,0000000015984825 ), 0
( 0,9999999994706928 1,0000000012705423 1,000000001601645 ), 0
( 0,9999999994691452 1,000000001270016 1,0000000016041641 ), 0
( 0,9999999994637238 1,0000000012656398 1,0000000015960693 ), 0
( 0,9999999994658515 1,0000000012658399 1,000000001600632 ), 0
( 0,9999999994635848 1,0000000012668258 1,0000000016036283 ), 0
( 0,99999999946527 1,0000000012711527 1,000000001607762 ), 0
( 0,9999999994660849 1,0000000012743164 1,000000001603804 ), 0
( 0,9999999994685663 1,0000000012628434 1,0000000015999204 ), 0
( 0,9999999994682404 1,000000001273672 1,0000000016035144 ), 0
( 0,9999999994652052 1,0000000012657397 1,0000000015995731 ), 0
( 0,9999999994663923 1,0000000012676387 1,0000000016024249 ), 0
( 0,9999999994611477 1,0000000012675192 1,000000001601326 ), 0
( 0,9999999994632284 1,0000000012692907 1,0000000016003983 ), 0
( 0,9999999994669522 1,0000000012615846 1,0000000016007509 ), 0
( 0,9999999994648756 1,0000000012668904 1,0000000016025714 ), 0
( 0,9999999994673937 1,000000001278155 1,0000000016077497 ), 0
( 0,9999999994687718 1,0000000012687815 1,0000000016025579 ), 0
( 0,999999999465298 1,0000000012641175 1,0000000015992716 ), 0
( 0,999999999464363 1,0000000012699606 1,0000000016017385 ), 0
( 0,9999999994644845 1,0000000012775252 1,0000000016100852 ), 0
( 0,9999999994671078 1,0000000012732275 1,0000000016064905 ), 0
( 0,9999999994655756 1,0000000012751986 1,00000000160639 ), 0
( 0,9999999994701465 1,0000000012795505 1,000000001607747 ), 0
( 0,9999999994679236 1,000000001264068 1,0000000016017463 ), 0
( 0,9999999994652383 1,0000000012664643 1,0000000016006803 ), 0
( 0,9999999994675552 1,0000000012663568 1,0000000015948962 ), 0
( 0,9999999994600747 1,0000000012640355 1,00000000160517 ), 0
( 0,9999999994663286 1,0000000012723216 1,0000000015992112 ), 0
( 0,9999999994677916 1,000000001268304 1,0000000015991164 ), 0
( 0,9999999994662614 1,0000000012689512 1,0000000016074564 ), 0
( 0,9999999994635783 1,00000000125875 1,0000000015865698 ), 0
( 0,9999999994631679 1,000000001269992 1,0000000016024782 ), 0
( 0,9999999994652061 1,000000001255042 1,000000001580347 ), 0
( 0,9999999994661809 1,00000000127143 1,000000001604766 ), 0
( 0,9999999994652112 1,0000000012724148 1,0000000016026067 ), 0
( 0,9999999994675439 1,0000000012699004 1,0000000016000037 ), 0
( 0,9999999994647206 1,0000000012667911 1,0000000015983757 ), 0
( 0,9999999994680352 1,0000000012731425 1,0000000016080917 ), 0
( 0,9999999994652282 1,000000001270458 1,0000000015938417 ), 0
( 0,9999999994702005 1,0000000012739214 1,0000000016054111 ), 0
( 0,9999999994666571 1,000000001268871 1,0000000015988941 ), 0
( 0,9999999994682877 1,0000000012635286 1,0000000016018848 ), 0
( 0,9999999994673587 1,000000001279536 1,0000000016097859 ), 0
( 0,999999999467789 1,000000001270916 1,0000000016032162 ), 0
( 0,9999999994696134 1,0000000012675214 1,0000000016010056 ), 0
( 0,9999999994623477 1,0000000012703267 1,0000000016015396 ), 0
( 0,9999999994652752 1,0000000012719472 1,0000000016018311 ), 0
( 0,9999999994675804 1,000000001271665 1,0000000016045234 ), 0
( 0,9999999994686939 1,0000000012653867 1,0000000015945476 ), 0
( 0,9999999994675438 1,0000000012686423 1,0000000016000226 ), 0
( 0,9999999994645931 1,000000001248285 1,0000000015828565 ), 0
( 0,9999999994669897 1,0000000012687655 1,0000000016033352 ), 0
( 0,99999999946643 1,000000001267756 1,0000000015993158 ), 0
( 0,9999999994643183 1,000000001270683 1,0000000016023018 ), 0
( 0,9999999994670182 1,0000000012613424 1,0000000015924824 ), 0
( 0,9999999994639245 1,0000000012685712 1,000000001600561 ), 0
( 0,9999999994694383 1,00000000127699 1,0000000016169297 ), 0
( 0,9999999994681765 1,000000001264442 1,0000000015986945 ), 0
( 0,9999999994698185 1,0000000012781407 1,0000000016104418 ), 0
( 0,9999999994648574 1,0000000012601802 1,0000000016056996 ), 0
( 0,9999999994685911 1,000000001271242 1,0000000015997452 ), 0
( 0,9999999994706635 1,0000000012687236 1,0000000016117667 ), 0
( 0,999999999470798 1,000000001268957 1,0000000016003385 ), 0
( 0,9999999994672415 1,0000000012640275 1,0000000015967259 ), 0
( 0,9999999994658211 1,000000001267145 1,000000001593342 ), 0
( 0,9999999994683598 1,0000000012661436 1,000000001598862 ), 0
( 0,9999999994673914 1,0000000012663581 1,0000000015970838 ), 0
( 0,9999999994658503 1,0000000012750963 1,000000001596417 ), 0
( 0,9999999994688846 1,0000000012754737 1,0000000016108472 ), 0
( 0,9999999994664143 1,0000000012673118 1,0000000016026134 ), 0
( 0,9999999994660338 1,0000000012659112 1,0000000016028625 ), 0
( 0,9999999994662 1,0000000012762342 1,0000000016050838 ), 0
( 0,9999999994662335 1,0000000012776264 1,0000000016088355 ), 0
( 0,9999999994617834 1,0000000012704227 1,000000001603273 ), 0
( 0,9999999994669333 1,0000000012590753 1,0000000015853916 ), 0
( 0,9999999994623099 1,0000000012647137 1,0000000015937223 ), 0
( 0,9999999994689228 1,0000000012711203 1,0000000016063522 ), 0
( 0,9999999994663787 1,0000000012701338 1,000000001608014 ), 0
( 0,9999999994668807 1,0000000012744314 1,0000000016040311 ), 0
( 0,9999999994677515 1,0000000012741497 1,0000000016124855 ), 0
( 0,9999999994695924 1,000000001265331 1,0000000015962875 ), 0
( 0,9999999994686259 1,0000000012654138 1,0000000015911523 ), 0
( 0,9999999994698985 1,000000001262344 1,000000001602713 ), 0
( 0,9999999994649157 1,0000000012671997 1,000000001597484 ), 0
( 0,999999999465573 1,000000001269451 1,0000000015986321 ), 0
( 0,999999999463574 1,000000001265984 1,0000000016042196 ), 0
( 0,9999999994687401 1,0000000012554375 1,0000000015867392 ), 0
( 0,9999999994658315 1,0000000012645562 1,0000000016003845 ), 0
( 0,9999999994668635 1,000000001265592 1,000000001601286 ), 0
( 0,9999999994660095 1,000000001262844 1,0000000016017192 ), 0
( 0,9999999994638128 1,0000000012661077 1,0000000016005863 ), 0
( 0,9999999994672355 1,0000000012712082 1,0000000016037773 ), 0
( 0,9999999994692711 1,000000001253063 1,0000000015885342 ), 0
( 0,9999999994631532 1,0000000012704744 1,000000001603975 ), 0
( 0,9999999994662099 1,0000000012614134 1,0000000015941086 ), 0
( 0,999999999463856 1,0000000012667964 1,0000000016039927 ), 0
( 0,9999999994679252 1,000000001264082 1,0000000016006538 ), 0
( 0,9999999994675092 1,0000000012712644 1,0000000016029413 ), 0
( 0,9999999994649087 1,00000000127135 1,0000000016009474 ), 0
( 0,9999999994642886 1,0000000012691164 1,0000000016044388 ), 0
( 0,999999999463999 1,00000000126509 1,0000000016015562 ), 0
( 0,9999999994630443 1,000000001264104 1,0000000015995851 ), 0
( 0,9999999994684442 1,0000000012666166 1,000000001605782 ), 0
( 0,9999999994672707 1,0000000012696408 1,0000000016046258 ), 0
( 0,9999999994609924 1,000000001270609 1,0000000016018922 ), 0
( 0,9999999994661407 1,0000000012660146 1,000000001596421 ), 0
( 0,999999999465622 1,000000001266841 1,0000000016023385 ), 0
( 0,9999999994631765 1,0000000012693606 1,000000001604628 ), 0
( 0,9999999994673858 1,0000000012646697 1,0000000015953694 ), 0
( 0,9999999994661228 1,0000000012691108 1,0000000015981347 ), 0
( 0,9999999994638553 1,0000000012709729 1,000000001601405 ), 0
( 0,9999999994654065 1,0000000012755863 1,0000000016136446 ), 0
( 0,9999999994667899 1,000000001259934 1,0000000015932624 ), 0
( 0,9999999994703314 1,0000000012641128 1,0000000015977462 ), 0
( 0,9999999994625123 1,000000001267653 1,0000000016037935 ), 0
( 0,9999999994657478 1,0000000012730041 1,0000000016042794 ), 0
( 0,9999999994641708 1,000000001263001 1,0000000015996398 ), 0
( 0,9999999994662492 1,000000001275703 1,0000000016054502 ), 0
( 0,9999999994661227 1,0000000012608707 1,0000000016018944 ), 0
( 0,9999999994678999 1,0000000012710337 1,0000000015974737 ), 0
( 0,9999999994691713 1,0000000012716945 1,0000000016051094 ), 0
( 0,9999999994671002 1,00000000127218 1,000000001600469 ), 0
( 0,9999999994662001 1,0000000012715369 1,0000000016102422 ), 0
( 0,9999999994653088 1,0000000012540367 1,000000001586941 ), 0
( 0,9999999994631791 1,0000000012749894 1,000000001606489 ), 0
( 0,9999999994661781 1,000000001271578 1,0000000016041524 ), 0
( 0,9999999994668812 1,0000000012688732 1,0000000016056718 ), 0
( 0,9999999994671828 1,000000001260398 1,0000000015905561 ), 0
( 0,9999999994657667 1,0000000012693764 1,0000000016030508 ), 0
( 0,9999999994673798 1,0000000012698067 1,0000000016029362 ), 0
( 0,9999999994704896 1,0000000012735384 1,0000000016082835 ), 0
( 0,9999999994639042 1,0000000012723433 1,0000000016035357 ), 0
( 0,9999999994669935 1,0000000012698724 1,0000000016058825 ), 0
( 0,9999999994658534 1,0000000012642127 1,0000000016061796 ), 0
( 0,9999999994687104 1,0000000012669925 1,0000000015987986 ), 0
( 0,9999999994684052 1,0000000012632604 1,0000000015972943 ), 0
( 0,999999999467602 1,0000000012716048 1,000000001597949 ), 0
( 0,9999999994669867 1,0000000012713433 1,0000000016040942 ), 0
( 0,9999999994635985 1,000000001276833 1,0000000016129973 ), 0
( 0,9999999994661121 1,0000000012682055 1,0000000016021917 ), 0
( 0,9999999994660789 1,0000000012684844 1,0000000015997745 ), 0
( 0,9999999994683249 1,0000000012764654 1,0000000016121662 ), 0
( 0,9999999994677202 1,0000000012591208 1,0000000015941497 ), 0
( 0,9999999994620777 1,0000000012652703 1,0000000016065 ), 0
( 0,9999999994606561 1,0000000012725214 1,000000001608014 ), 0
( 0,9999999994607577 1,0000000012724461 1,0000000016043207 ), 0
( 0,9999999994646808 1,0000000012719494 1,0000000016057449 ), 0
( 0,9999999994626132 1,0000000012735788 1,0000000016074881 ), 0
( 0,9999999994630387 1,0000000012608368 1,0000000015991755 ), 0
( 0,9999999994644012 1,000000001269665 1,0000000016075783 ), 0
( 0,9999999994652679 1,0000000012670276 1,0000000015993034 ), 0
( 0,9999999994631881 1,0000000012673413 1,0000000016057442 ), 0
( 0,9999999994660677 1,0000000012730659 1,0000000016023656 ), 0
( 0,9999999994703015 1,000000001266309 1,0000000015949964 ), 0
( 0,9999999994668267 1,0000000012710435 1,0000000016060406 ), 0
( 0,9999999994679706 1,0000000012715273 1,000000001600224 ), 0
( 0,9999999994675394 1,0000000012634114 1,0000000015923045 ), 0
( 0,9999999994678875 1,0000000012549146 1,000000001592332 ), 0
( 0,9999999994652665 1,0000000012635792 1,0000000016042419 ), 0
( 0,9999999994649603 1,0000000012671342 1,0000000016038022 ), 0
( 0,9999999994641521 1,0000000012741268 1,0000000015937631 ), 0
( 0,9999999994674027 1,000000001270706 1,0000000015962294 ), 0
( 0,9999999994655863 1,000000001266021 1,000000001597215 ), 0
( 0,9999999994682697 1,0000000012614023 1,0000000015970874 ), 0
( 0,9999999994647343 1,000000001265397 1,0000000016015809 ), 0
( 0,9999999994636595 1,0000000012682229 1,000000001601996 ), 0
( 0,999999999469362 1,0000000012641896 1,0000000015962724 ), 0
( 0,9999999994665744 1,0000000012688277 1,0000000016026518 ), 0
( 0,9999999994650016 1,0000000012684864 1,000000001605321 ), 0
( 0,999999999465175 1,0000000012728458 1,0000000016182635 ), 0
( 0,9999999994700031 1,0000000012695909 1,0000000016052497 ), 0
( 0,9999999994717074 1,0000000012616186 1,0000000015959314 ), 0
( 0,9999999994655773 1,0000000012699615 1,0000000016017876 ), 0
( 0,9999999994641087 1,0000000012568548 1,0000000015897184 ), 0
( 0,9999999994643834 1,0000000012790426 1,0000000016070258 ), 0
( 0,9999999994667825 1,0000000012691412 1,00000000160085 ), 0
( 0,9999999994697581 1,0000000012387107 1,0000000015700434 ), 0
( 0,9999999994650416 1,0000000012699568 1,0000000016008577 ), 0
( 0,999999999468607 1,0000000012681531 1,0000000015988955 ), 0
( 0,9999999994648632 1,000000001261056 1,0000000016006882 ), 0
( 0,9999999994671199 1,0000000012707135 1,0000000016079758 ), 0
( 0,9999999994652686 1,0000000012752717 1,0000000016073676 ), 0
( 0,999999999467025 1,0000000012748778 1,0000000016066344 ), 0
( 0,9999999994689681 1,0000000012707504 1,0000000016016972 ), 0
( 0,9999999994660338 1,0000000012704156 1,0000000016043717 ), 0
( 0,9999999994673793 1,000000001267491 1,000000001601087 ), 0
( 0,9999999994661843 1,000000001272971 1,000000001604697 ), 0
( 0,9999999994671729 1,000000001266133 1,0000000016021615 ), 0
( 0,9999999994621929 1,0000000012623191 1,0000000015972117 ), 0
( 0,9999999994684876 1,0000000012646297 1,000000001597633 ), 0
( 0,9999999994691663 1,000000001265756 1,0000000015962804 ), 0
( 0,9999999994667471 1,0000000012637127 1,0000000015965151 ), 0
( 0,9999999994658715 1,0000000012636598 1,0000000015900141 ), 0
( 0,9999999994672581 1,0000000012731587 1,000000001604974 ), 0
( 0,9999999994691706 1,0000000012704997 1,0000000015953732 ), 0
( 0,9999999994686268 1,0000000012667445 1,000000001599397 ), 0
( 0,9999999994677354 1,0000000012707795 1,0000000016022221 ), 0
( 0,9999999994654085 1,0000000012669392 1,0000000015985433 ), 0
( 0,9999999994665267 1,0000000012754835 1,0000000016044042 ), 0
( 0,9999999994658656 1,0000000012689987 1,0000000016091068 ), 0
( 0,9999999994657423 1,0000000012665975 1,000000001605144 ), 0
( 0,9999999994668095 1,0000000012696504 1,0000000015999693 ), 0
( 0,9999999994660367 1,000000001267595 1,0000000015974233 ), 0
( 0,9999999994666507 1,0000000012734656 1,0000000016043502 ), 0
( 0,9999999994635639 1,0000000012705232 1,0000000016039772 ), 0
( 0,9999999994665756 1,0000000012683994 1,0000000016012158 ), 0
( 0,9999999994719172 1,0000000012680288 1,0000000016009698 ), 0
( 0,9999999994705295 1,0000000012471248 1,0000000015797181 ), 0
( 0,9999999994683828 1,0000000012764805 1,0000000016047272 ), 0
( 0,9999999994669084 1,00000000126767 1,000000001601613 ), 0
( 0,9999999994681656 1,0000000012678583 1,0000000015980388 ), 0
( 0,999999999465768 1,0000000012678192 1,000000001605015 ), 0
( 0,9999999994674701 1,0000000012737988 1,0000000016040291 ), 0
( 0,9999999994706996 1,000000001268366 1,0000000015988484 ), 0
( 0,9999999994668594 1,0000000012560257 1,000000001590286 ), 0
( 0,999999999465875 1,000000001270563 1,0000000015948098 ), 0
( 0,9999999994697699 1,0000000012690944 1,0000000015992063 ), 0
( 0,9999999994662077 1,0000000012669923 1,0000000016004753 ), 0
( 0,9999999994667593 1,000000001270912 1,000000001602707 ), 0
( 0,9999999994672747 1,0000000012775672 1,000000001600681 ), 0
( 0,9999999994661666 1,0000000012687207 1,0000000015948955 ), 0
( 0,9999999994670262 1,0000000012734744 1,0000000016042438 ), 0
( 0,9999999994682001 1,000000001265086 1,0000000016010184 ), 0
( 0,9999999994666735 1,000000001272947 1,0000000016031863 ), 0
( 0,9999999994649089 1,000000001263779 1,0000000015934296 ), 0
( 0,9999999994644594 1,0000000012681416 1,0000000016023607 ), 0
( 0,99999999946828 1,0000000012723584 1,0000000016052393 ), 0
( 0,9999999994713389 1,0000000012666512 1,0000000015998125 ), 0
( 0,9999999994680949 1,0000000012710086 1,0000000016048023 ), 0
( 0,9999999994636214 1,0000000012656358 1,0000000015964088 ), 0
( 0,9999999994638973 1,0000000012695083 1,0000000016054482 ), 0
( 0,9999999994640595 1,0000000012705137 1,0000000016039896 ), 0
( 0,99999999946801 1,0000000012677046 1,0000000016004271 ), 0
( 0,9999999994663481 1,0000000012660053 1,0000000016042971 ), 0
( 0,9999999994625909 1,0000000012731898 1,0000000016064445 ), 0
( 0,9999999994651403 1,0000000012698815 1,0000000016102106 ), 0
( 0,9999999994678557 1,0000000012679657 1,0000000015970005 ), 0
( 0,9999999994659184 1,0000000012658843 1,000000001605197 ), 0
( 0,9999999994656883 1,0000000012698425 1,0000000016063015 ), 0
( 0,9999999994691009 1,0000000012717136 1,0000000016038033 ), 0
( 0,9999999994685064 1,0000000012688348 1,0000000015991632 ), 0
( 0,9999999994647666 1,0000000012676142 1,0000000015977504 ), 0
( 0,9999999994681236 1,0000000012696495 1,000000001605822 ), 0
( 0,9999999994670365 1,0000000012684191 1,0000000016016033 ), 0
( 0,9999999994652959 1,000000001270953 1,000000001607651 ), 0
( 0,9999999994679307 1,0000000012693127 1,000000001599489 ), 0
( 0,9999999994698403 1,0000000012748231 1,0000000016074582 ), 0
( 0,99999999946548 1,0000000012706005 1,0000000016021555 ), 0
( 0,9999999994628246 1,0000000012772752 1,0000000016074588 ), 0
( 0,999999999464412 1,0000000012725774 1,0000000016038142 ), 0
( 0,9999999994654845 1,0000000012673278 1,0000000015991881 ), 0
( 0,9999999994639315 1,0000000012654222 1,0000000016001689 ), 0
( 0,9999999994676692 1,0000000012671924 1,0000000016002313 ), 0
( 0,9999999994667054 1,0000000012711865 1,0000000016078774 ), 0
( 0,9999999994678728 1,0000000012635295 1,0000000015956918 ), 0
( 0,9999999994632214 1,0000000012704655 1,0000000016051636 ), 0
( 0,9999999994673759 1,0000000012637504 1,000000001602271 ), 0
( 0,999999999470311 1,0000000012712986 1,0000000016031585 ), 0
( 0,999999999461799 1,0000000012707797 1,0000000016033397 ), 0
( 0,9999999994732355 1,000000001270289 1,0000000015978348 ), 0
( 0,9999999994633063 1,000000001265907 1,000000001604088 ), 0
( 0,9999999994667517 1,0000000012632706 1,0000000015966513 ), 0
( 0,9999999994647901 1,0000000012738595 1,0000000016047517 ), 0
( 0,9999999994666812 1,0000000012728645 1,0000000016036603 ), 0
( 0,9999999994693822 1,0000000012718078 1,0000000016049122 ), 0
( 0,9999999994630241 1,0000000012809156 1,0000000016144026 ), 0
( 0,9999999994697756 1,0000000012671508 1,000000001597844 ), 0
( 0,9999999994705233 1,0000000012653014 1,0000000015959976 ), 0
( 0,9999999994662255 1,0000000012689227 1,0000000016070996 ), 0
( 0,9999999994628008 1,000000001277621 1,0000000016138682 ), 0
( 0,9999999994666277 1,0000000012678318 1,0000000016018737 ), 0
( 0,9999999994704057 1,0000000012610482 1,0000000016018873 ), 0
( 0,99999999946576 1,0000000012655672 1,0000000015992407 ), 0
( 0,9999999994653992 1,000000001270617 1,0000000016042119 ), 0
( 0,9999999994653701 1,0000000012410715 1,0000000015753954 ), 0
( 0,9999999994661912 1,0000000012657633 1,0000000016013662 ), 0
( 0,9999999994664605 1,0000000012606285 1,000000001592411 ), 0
( 0,9999999994616152 1,0000000012710417 1,000000001603453 ), 0
( 0,9999999994673388 1,0000000012723655 1,0000000016007797 ), 0
( 0,9999999994673459 1,0000000012251278 1,0000000015568358 ), 0
( 0,9999999994687602 1,0000000012682264 1,0000000016002402 ), 0
( 0,9999999994663266 1,000000001269747 1,0000000016064878 ), 0
( 0,9999999994661092 1,0000000012675965 1,0000000016009427 ), 0
( 0,9999999994643748 1,0000000012717634 1,0000000016000181 ), 0
( 0,9999999994665562 1,0000000012679822 1,0000000016038058 ), 0
( 0,9999999994658917 1,000000001271201 1,0000000016063824 ), 0
( 0,9999999994669134 1,0000000012675225 1,0000000015989672 ), 0
( 0,9999999994626944 1,000000001272551 1,0000000016119102 ), 0
( 0,9999999994647409 1,0000000012569625 1,0000000015893715 ), 0
( 0,9999999994664677 1,0000000012709898 1,000000001603473 ), 0
( 0,9999999994674055 1,0000000012720736 1,00000000160208 ), 0
( 0,9999999994655342 1,0000000012658807 1,0000000016016017 ), 0
( 0,9999999994713707 1,0000000012800934 1,0000000016106494 ), 0
( 0,9999999994704345 1,0000000012672705 1,0000000015995945 ), 0
( 0,9999999994663982 1,000000001273013 1,0000000016099924 ), 0
( 0,9999999994670229 1,000000001266995 1,0000000015997683 ), 0
( 0,9999999994589134 1,000000001267074 1,0000000016092994 ), 0
( 0,9999999994673255 1,000000001269959 1,0000000016001764 ), 0
( 0,9999999994646506 1,000000001267696 1,000000001599237 ), 0
( 0,9999999994633837 1,000000001271981 1,0000000016103032 ), 0
( 0,9999999994669908 1,0000000012721357 1,0000000016052724 ), 0
( 0,9999999994642685 1,0000000012697947 1,000000001600544 ), 0
( 0,9999999994634796 1,0000000012686094 1,0000000015992916 ), 0
( 0,9999999994662536 1,0000000012632713 1,0000000016056574 ), 0
( 0,9999999994628098 1,0000000012739707 1,0000000016109516 ), 0
( 0,9999999994687327 1,00000000127423 1,000000001601856 ), 0
( 0,9999999994703456 1,0000000012697037 1,000000001602193 ), 0
( 0,9999999994628849 1,0000000012673091 1,0000000016018267 ), 0
( 0,9999999994653895 1,0000000012681731 1,0000000016022264 ), 0
( 0,9999999994671744 1,0000000012674142 1,00000000160367 ), 0
( 0,999999999467552 1,0000000012727892 1,0000000016018493 ), 0
( 0,9999999994643554 1,0000000012570391 1,000000001592077 ), 0
( 0,999999999466451 1,0000000012648447 1,0000000015991803 ), 0
( 0,9999999994640529 1,0000000012727515 1,0000000016091652 ), 0
( 0,999999999466433 1,000000001269797 1,0000000016051738 ), 0
( 0,9999999994661962 1,000000001270248 1,0000000016017803 ), 0
( 0,9999999994673812 1,0000000012614514 1,0000000015995942 ), 0
( 0,9999999994636336 1,0000000012642278 1,0000000016026522 ), 0
( 0,9999999994672888 1,0000000012627133 1,0000000015957176 ), 0
( 0,9999999994663387 1,0000000012715795 1,0000000016025434 ), 0
( 0,9999999994666416 1,0000000012727754 1,0000000016046733 ), 0
( 0,9999999994697347 1,0000000012735726 1,0000000016056032 ), 0
( 0,9999999994673076 1,0000000012683945 1,0000000016018633 ), 0
( 0,9999999994658557 1,0000000012695454 1,000000001599738 ), 0
( 0,9999999994675657 1,0000000012663675 1,0000000015942876 ), 0
( 0,9999999994697966 1,0000000012707149 1,0000000016040154 ), 0
( 0,9999999994683295 1,000000001273521 1,0000000015967747 ), 0
( 0,9999999994670085 1,0000000012709014 1,0000000016022825 ), 0
( 0,9999999994673582 1,0000000012656454 1,0000000016005928 ), 0
( 0,9999999994671785 1,0000000012678392 1,000000001597844 ), 0
( 0,9999999994687159 1,0000000012610988 1,0000000015916373 ), 0
( 0,9999999994690179 1,000000001262374 1,000000001593114 ), 0
( 0,9999999994691661 1,0000000012723045 1,000000001601851 ), 0
( 0,9999999994682113 1,0000000012655577 1,0000000016014061 ), 0
( 0,9999999994666625 1,0000000012731596 1,0000000016049133 ), 0
( 0,9999999994646561 1,000000001266824 1,0000000015932113 ), 0
( 0,9999999994661337 1,0000000012694614 1,000000001602533 ), 0
( 0,9999999994689166 1,0000000012718473 1,0000000016047554 ), 0
( 0,9999999994659272 1,000000001267177 1,000000001599924 ), 0
( 0,9999999994655074 1,0000000012677912 1,0000000015974788 ), 0
( 0,9999999994655351 1,0000000012659034 1,0000000016018307 ), 0
( 0,9999999994626035 1,000000001265531 1,0000000016028854 ), 0
( 0,9999999994685289 1,0000000012716213 1,0000000016133395 ), 0
( 0,9999999994655758 1,0000000012726944 1,000000001603367 ), 0
( 0,9999999994663312 1,0000000012700065 1,0000000016042476 ), 0
( 0,999999999465935 1,0000000012723511 1,0000000016087105 ), 0
( 0,9999999994660009 1,0000000012656118 1,0000000015999908 ), 0
( 0,9999999994662652 1,000000001271193 1,0000000016057176 ), 0
( 0,9999999994653412 1,0000000012633885 1,0000000016062418 ), 0
( 0,9999999994681487 1,0000000012664128 1,0000000016025115 ), 0
( 0,9999999994639466 1,0000000012699561 1,0000000016033863 ), 0
( 0,9999999994675604 1,0000000012722046 1,0000000016087458 ), 0
( 0,999999999464495 1,0000000012734747 1,0000000016046064 ), 0
( 0,9999999994668439 1,0000000012660404 1,0000000015948802 ), 0
( 0,9999999994641019 1,0000000012733874 1,0000000016057848 ), 0
( 0,9999999994646764 1,0000000012715677 1,0000000015988337 ), 0
( 0,9999999994661041 1,0000000012712196 1,0000000016046808 ), 0
( 0,9999999994648618 1,000000001266119 1,000000001598703 ), 0
( 0,9999999994689172 1,0000000012667722 1,0000000015970567 ), 0
( 0,9999999994682123 1,0000000012751056 1,0000000016080066 ), 0
( 0,9999999994671976 1,000000001275957 1,000000001607963 ), 0
( 0,999999999466148 1,0000000012634362 1,0000000016018333 ), 0
( 0,99999999946477 1,0000000012671082 1,0000000016015091 ), 0
( 0,9999999994676659 1,0000000012669585 1,000000001596275 ), 0
( 0,9999999994634395 1,000000001275889 1,0000000016066513 ), 0
( 0,9999999994671535 1,0000000012684884 1,0000000016010488 ), 0
( 0,999999999464056 1,0000000012691717 1,000000001603231 ), 0
( 0,9999999994659371 1,0000000012636856 1,0000000016026485 ), 0
( 0,9999999994691574 1,0000000011843242 1,0000000015166055 ), 0
( 0,9999999994687249 1,0000000012649695 1,0000000015977166 ), 0
( 0,999999999464936 1,000000001268891 1,0000000016055903 ), 0
( 0,9999999994635469 1,0000000012641 1,0000000016003476 ), 0
( 0,9999999994664519 1,000000001265698 1,000000001601434 ), 0
( 0,9999999994674809 1,0000000012699473 1,0000000016007429 ), 0
( 0,9999999994690386 1,0000000012743202 1,00000000160002 ), 0
( 0,9999999994662161 1,0000000012692087 1,0000000016011419 ), 0
( 0,9999999994629404 1,0000000012662593 1,0000000016017012 ), 0
( 0,9999999994651915 1,0000000012710226 1,0000000016040913 ), 0
( 0,9999999994681944 1,0000000012680224 1,000000001600596 ), 0
( 0,9999999994669003 1,0000000012651855 1,0000000015994648 ), 0
( 0,9999999994684872 1,0000000012654955 1,00000000160257 ), 0
( 0,9999999994676928 1,0000000012526638 1,0000000015909607 ), 0
( 0,9999999994665659 1,0000000012656514 1,000000001598051 ), 0
( 0,9999999994674318 1,000000001261292 1,0000000015998007 ), 0
( 0,9999999994681671 1,0000000012674968 1,0000000016024766 ), 0
( 0,9999999994687548 1,0000000012727734 1,000000001608656 ), 0
( 0,9999999994675991 1,0000000012700212 1,0000000015994326 ), 0
( 0,9999999994666647 1,0000000012683066 1,0000000016066566 ), 0
( 0,9999999994694004 1,0000000012728123 1,000000001604745 ), 0
( 0,9999999994637315 1,000000001268913 1,000000001600623 ), 0
( 0,9999999994696014 1,0000000012634285 1,0000000015983117 ), 0
( 0,9999999994614037 1,0000000012714436 1,0000000016019706 ), 0
( 0,9999999994695488 1,0000000012712376 1,0000000016021988 ), 0
( 0,9999999994685823 1,0000000012752877 1,000000001610206 ), 0
( 0,9999999994689125 1,000000001267682 1,0000000016034343 ), 0
( 0,9999999994634304 1,000000001268492 1,0000000016036081 ), 0
( 0,9999999994632207 1,0000000012670338 1,0000000016063888 ), 0
( 0,9999999994584193 1,0000000012641774 1,0000000016087378 ), 0
( 0,9999999994666254 1,0000000012643144 1,0000000016014767 ), 0
( 0,9999999994629908 1,0000000012681287 1,0000000016039634 ), 0
( 0,9999999994682524 1,0000000012614407 1,0000000015930757 ), 0
( 0,9999999994617936 1,0000000012780603 1,0000000016077475 ), 0
( 0,9999999994669175 1,000000001265851 1,0000000015993682 ), 0
( 0,9999999994653138 1,0000000012684271 1,0000000015988115 ), 0
( 0,9999999994669228 1,000000001272034 1,000000001613325 ), 0
( 0,9999999994667058 1,0000000012668893 1,0000000016008113 ), 0
( 0,9999999994669543 1,0000000012656727 1,0000000016030637 ), 0
( 0,9999999994659358 1,0000000012496877 1,0000000015790629 ), 0
( 0,9999999994657667 1,0000000012661756 1,000000001597743 ), 0
( 0,999999999467754 1,0000000012672239 1,0000000015995614 ), 0
( 0,9999999994648784 1,000000001267565 1,0000000016030697 ), 0
( 0,9999999994665906 1,0000000012644978 1,0000000016012804 ), 0
( 0,9999999994643654 1,0000000012673744 1,0000000015954817 ), 0
( 0,9999999994675701 1,0000000012618526 1,000000001603114 ), 0
( 0,9999999994674312 1,000000001275988 1,0000000016022679 ), 0
( 0,9999999994680299 1,0000000012636703 1,0000000016036847 ), 0
( 0,999999999462431 1,0000000012644026 1,0000000015992052 ), 0
( 0,9999999994645083 1,000000001269516 1,0000000016080262 ), 0
( 0,9999999994687405 1,0000000012634123 1,000000001600967 ), 0
( 0,9999999994673192 1,0000000012714587 1,0000000015971975 ), 0
( 0,9999999994656029 1,000000001267176 1,0000000016014567 ), 0
( 0,9999999994671473 1,0000000012679846 1,0000000016054078 ), 0
( 0,9999999994671973 1,0000000012694086 1,0000000015977524 ), 0
( 0,9999999994630148 1,0000000012641463 1,000000001604892 ), 0
( 0,9999999994673138 1,0000000012681955 1,0000000015975161 ), 0
( 0,9999999994645152 1,00000000127248 1,0000000016025117 ), 0
( 0,9999999994618157 1,0000000012702475 1,0000000016006099 ), 0
( 0,9999999994641604 1,0000000012729067 1,0000000016045536 ), 0
( 0,9999999994634836 1,0000000012709793 1,0000000015989814 ), 0
( 0,9999999994659544 1,0000000012635935 1,0000000015943078 ), 0
( 0,9999999994670538 1,0000000012778096 1,0000000016111104 ), 0
( 0,9999999994688425 1,0000000012609267 1,0000000015905168 ), 0
( 0,9999999994674421 1,0000000012709915 1,000000001607181 ), 0
( 0,9999999994696194 1,0000000012587618 1,000000001589606 ), 0
( 0,9999999994685519 1,0000000012598746 1,000000001591711 ), 0
( 0,9999999994648725 1,0000000012749815 1,0000000016096282 ), 0
( 0,9999999994662337 1,000000001274248 1,000000001622055 ), 0
( 0,999999999467117 1,0000000012745371 1,0000000016064645 ), 0
( 0,9999999994671638 1,0000000012631278 1,0000000015975719 ), 0
( 0,9999999994688065 1,0000000012671857 1,0000000015950692 ), 0
( 0,9999999994678193 1,0000000012623613 1,0000000015900898 ), 0
( 0,9999999994695633 1,000000001271391 1,000000001600182 ), 0
( 0,9999999994657113 1,000000001256124 1,000000001590413 ), 0
( 0,9999999994626767 1,000000001270236 1,0000000016033277 ), 0
( 0,9999999994676462 1,000000001257188 1,0000000015962363 ), 0
( 0,999999999468337 1,0000000012658508 1,0000000016018595 ), 0
( 0,999999999467388 1,0000000012623955 1,0000000015949282 ), 0
( 0,9999999994664591 1,0000000012495538 1,000000001582704 ), 0
( 0,9999999994682357 1,0000000012649957 1,0000000016004031 ), 0
( 0,9999999994682459 1,0000000012669341 1,0000000015931225 ), 0
( 0,9999999994682947 1,0000000012676464 1,0000000016032196 ), 0
( 0,9999999994667396 1,0000000012686483 1,0000000016128814 ), 0
( 0,9999999994647109 1,000000001265866 1,0000000016056687 ), 0
( 0,9999999994620662 1,0000000012722796 1,000000001606361 ), 0
( 0,9999999994703854 1,000000001267662 1,0000000015983588 ), 0
( 0,9999999994651914 1,000000001271746 1,0000000015984063 ), 0
( 0,9999999994670848 1,000000001265869 1,0000000015918056 ), 0
( 0,9999999994688076 1,000000001258359 1,000000001597965 ), 0
( 0,999999999466559 1,0000000012670074 1,0000000016005557 ), 0
( 0,9999999994686801 1,0000000012746741 1,0000000016084705 ), 0
( 0,9999999994664176 1,0000000012733645 1,000000001609705 ), 0
( 0,9999999994596751 1,000000001267878 1,0000000016048145 ), 0
( 0,999999999463173 1,000000001255943 1,000000001598885 ), 0
( 0,9999999994672893 1,0000000012752503 1,000000001608282 ), 0
( 0,9999999994662105 1,0000000012677208 1,0000000016063273 ), 0
( 0,9999999994648504 1,0000000012633683 1,0000000015984556 ), 0
( 0,9999999994663208 1,0000000012686148 1,0000000016018864 ), 0
( 0,9999999994616895 1,0000000012642496 1,0000000016038382 ), 0
( 0,9999999994656441 1,0000000012662107 1,0000000016055581 ), 0
( 0,9999999994686781 1,0000000012713428 1,0000000016029271 ), 0
( 0,9999999994682566 1,0000000012693007 1,0000000016031072 ), 0
( 0,9999999994693134 1,0000000012723749 1,000000001604613 ), 0
( 0,9999999994667965 1,0000000012681398 1,0000000015987398 ), 0
( 0,9999999994686307 1,0000000012745731 1,0000000016096753 ), 0
( 0,9999999994677659 1,000000001265025 1,0000000016034793 ), 0
( 0,9999999994652382 1,0000000012662533 1,0000000016016868 ), 0
( 0,999999999468197 1,0000000012684753 1,0000000016023962 ), 0
( 0,9999999994668554 1,0000000012687382 1,0000000016002368 ), 0
( 0,9999999994617903 1,000000001271366 1,0000000016106767 ), 0
( 0,9999999994682898 1,0000000012739962 1,0000000016158508 ), 0
( 0,9999999994691785 1,0000000012652888 1,0000000015991637 ), 0
( 0,9999999994660004 1,000000001235133 1,0000000015715294 ), 0
( 0,9999999994644545 1,0000000012630763 1,0000000015972919 ), 0
( 0,999999999465551 1,0000000012562489 1,000000001593984 ), 0
( 0,9999999994688266 1,0000000012665748 1,0000000015995254 ), 0
( 0,9999999994691564 1,0000000012664938 1,0000000016009722 ), 0
( 0,9999999994673239 1,0000000012666554 1,0000000016015396 ), 0
( 0,9999999994658307 1,0000000012700032 1,0000000015992727 ), 0
( 0,9999999994582892 1,0000000012676802 1,0000000016038493 ), 0
( 0,9999999994673674 1,000000001263208 1,0000000015972261 ), 0
( 0,9999999994693607 1,0000000012642936 1,0000000015969046 ), 0
( 0,999999999463017 1,000000001274747 1,0000000016194628 ), 0
( 0,9999999994697589 1,0000000012688819 1,000000001605216 ), 0
( 0,9999999994669319 1,0000000012690136 1,0000000016000963 ), 0
( 0,9999999994677833 1,0000000012642225 1,0000000016010169 ), 0
( 0,9999999994706216 1,0000000012670256 1,0000000016050279 ), 0
( 0,9999999994662653 1,0000000012647348 1,0000000016007704 ), 0
( 0,9999999994655653 1,000000001266322 1,000000001601348 ), 0
( 0,9999999994680232 1,0000000012624912 1,0000000015899706 ), 0
( 0,9999999994674905 1,0000000012712627 1,0000000016070274 ), 0
( 0,9999999994663842 1,0000000012665757 1,0000000016020694 ), 0
( 0,9999999994669532 1,0000000012680372 1,000000001597769 ), 0
( 0,9999999994627329 1,0000000012636434 1,0000000015958403 ), 0
( 0,9999999994687047 1,0000000012728856 1,0000000016030304 ), 0
( 0,9999999994670973 1,0000000012649004 1,0000000015976804 ), 0
( 0,9999999994656915 1,0000000012715082 1,0000000016076618 ), 0
( 0,999999999460141 1,0000000012678125 1,0000000016039778 ), 0
( 0,9999999994668876 1,0000000012686516 1,000000001602092 ), 0
( 0,9999999994637526 1,0000000012681571 1,000000001598925 ), 0
( 0,9999999994699279 1,0000000012617796 1,0000000015950778 ), 0
( 0,9999999994685291 1,0000000012724335 1,0000000016018713 ), 0
( 0,9999999994690871 1,000000001268067 1,0000000016034256 ), 0
( 0,9999999994670344 1,0000000012711265 1,0000000016080206 ), 0
( 0,9999999994636766 1,0000000012713743 1,0000000016071313 ), 0
( 0,999999999468993 1,0000000012677488 1,000000001598193 ), 0
( 0,999999999460977 1,0000000012749188 1,0000000016077646 ), 0
( 0,9999999994660047 1,0000000012709802 1,0000000016045507 ), 0
( 0,999999999467189 1,0000000012650738 1,0000000016065622 ), 0
( 0,9999999994751086 1,0000000012756425 1,0000000015973303 ), 0
( 0,9999999994664003 1,000000001270286 1,0000000016000534 ), 0
( 0,9999999994678047 1,0000000012668033 1,0000000016016475 ), 0
( 0,9999999994689235 1,0000000012650703 1,0000000015996646 ), 0
( 0,9999999994638461 1,0000000012724295 1,000000001602829 ), 0
( 0,9999999994637152 1,0000000012717702 1,0000000016043538 ), 0
( 0,9999999994684495 1,0000000012699908 1,0000000015973671 ), 0
( 0,9999999994709795 1,000000001257316 1,000000001592961 ), 0
( 0,9999999994662807 1,0000000012624168 1,000000001601247 ), 0
( 0,9999999994625991 1,0000000012735666 1,0000000016114392 ), 0
( 0,9999999994674845 1,0000000012642636 1,0000000016010038 ), 0
( 0,9999999994648618 1,0000000012644015 1,0000000016026924 ), 0
( 0,9999999994685251 1,0000000012696346 1,0000000015980044 ), 0
( 0,9999999994657127 1,000000001270191 1,000000001603153 ), 0
( 0,9999999994645787 1,000000001267733 1,0000000015971684 ), 0
( 0,9999999994665745 1,0000000012644348 1,0000000015982788 ), 0
( 0,99999999946559 1,0000000012667882 1,0000000016014832 ), 0
( 0,9999999994700033 1,000000001274934 1,0000000016027595 ), 0
( 0,9999999994710012 1,0000000012636372 1,0000000015972934 ), 0
( 0,9999999994665468 1,0000000012709935 1,0000000016036954 ), 0
( 0,9999999994649325 1,0000000012741073 1,0000000016099866 ), 0
( 0,9999999994634255 1,00000000127109 1,000000001607208 ), 0
( 0,999999999465766 1,000000001263245 1,0000000015936448 ), 0
( 0,9999999994645434 1,0000000012734267 1,0000000016064794 ), 0
( 0,999999999469007 1,000000001269386 1,0000000016038557 ), 0
( 0,9999999994674396 1,00000000124836 1,0000000015766874 ), 0
( 0,9999999994660537 1,0000000012701296 1,000000001603127 ), 0
( 0,9999999994674942 1,0000000012665327 1,000000001600894 ), 0
( 0,9999999994660536 1,0000000012703225 1,0000000016006891 ), 0
( 0,9999999994700521 1,0000000012640289 1,0000000015944386 ), 0
( 0,9999999994666675 1,0000000012762145 1,0000000015998796 ), 0
( 0,9999999994669676 1,0000000012716543 1,0000000016056112 ), 0
( 0,9999999994684338 1,0000000012653865 1,0000000015969333 ), 0
( 0,9999999994710377 1,0000000012689598 1,000000001602158 ), 0
( 0,9999999994667175 1,0000000012681363 1,000000001602757 ), 0
( 0,9999999994667753 1,000000001274703 1,0000000016024622 ), 0
( 0,9999999994648932 1,0000000012653196 1,000000001598825 ), 0
( 0,999999999465918 1,0000000012761907 1,0000000016093789 ), 0
( 0,9999999994693926 1,0000000012716916 1,0000000015996178 ), 0
( 0,9999999994680248 1,0000000012704537 1,0000000016085815 ), 0
( 0,9999999994671246 1,000000001269917 1,00000000160393 ), 0
( 0,9999999994680246 1,0000000012711843 1,0000000016048856 ), 0
( 0,999999999466617 1,0000000012717825 1,00000000160806 ), 0
( 0,9999999994658814 1,0000000012711083 1,000000001604655 ), 0
( 0,9999999994713485 1,0000000012812456 1,000000001611918 ), 0
( 0,9999999994638993 1,0000000012701116 1,0000000016053954 ), 0
( 0,9999999994686603 1,0000000012702597 1,0000000015993042 ), 0
( 0,9999999994662572 1,0000000012745036 1,000000001602605 ), 0
( 0,9999999994686964 1,0000000012709997 1,0000000015993673 ), 0
( 0,9999999994678362 1,0000000012675165 1,0000000016008692 ), 0
( 0,9999999994683416 1,0000000012645986 1,0000000015947732 ), 0
( 0,9999999994671427 1,0000000012698214 1,0000000016011101 ), 0
( 0,9999999994691825 1,0000000012729942 1,0000000015998451 ), 0
( 0,999999999464684 1,0000000012694925 1,0000000016053023 ), 0
( 0,9999999994642077 1,000000001272361 1,0000000016036474 ), 0
( 0,9999999994651189 1,0000000012653054 1,0000000016069033 ), 0
( 0,9999999994684515 1,0000000012606436 1,0000000015985595 ), 0
( 0,99999999946666 1,0000000012710637 1,0000000016067887 ), 0
( 0,9999999994686084 1,000000001273739 1,0000000016044748 ), 0
( 0,999999999469873 1,000000001273974 1,0000000016033836 ), 0
( 0,9999999994706026 1,0000000012708765 1,0000000015978132 ), 0
( 0,9999999994692308 1,0000000012670955 1,000000001598165 ), 0
( 0,9999999994648855 1,000000001275406 1,0000000016079953 ), 0
( 0,9999999994666783 1,0000000012708026 1,0000000016010204 ), 0
( 0,9999999994664381 1,0000000012677168 1,0000000016011041 ), 0
( 0,9999999994685494 1,0000000012763677 1,0000000016075818 ), 0
( 0,9999999994670726 1,0000000012631307 1,0000000015980175 ), 0
( 0,9999999994663945 1,000000001271202 1,0000000016022395 ), 0
( 0,9999999994692461 1,000000001273028 1,000000001604594 ), 0
( 0,9999999994674754 1,0000000012749477 1,0000000016066104 ), 0
( 0,9999999994646059 1,0000000012551664 1,000000001588103 ), 0
( 0,9999999994645367 1,0000000012679182 1,000000001601497 ), 0
( 0,9999999994638207 1,000000001270402 1,0000000016034063 ), 0
( 0,9999999994681016 1,0000000012670602 1,0000000015970438 ), 0
( 0,9999999994670926 1,0000000012646442 1,0000000016049955 ), 0
( 0,9999999994676788 1,0000000012656853 1,0000000015990262 ), 0
( 0,9999999994636353 1,0000000012673833 1,0000000015980122 ), 0
( 0,9999999994669422 1,0000000012678922 1,0000000015983128 ), 0
( 0,999999999466991 1,000000001268475 1,0000000016040975 ), 0
( 0,9999999994645258 1,0000000012657313 1,0000000015993373 ), 0
( 0,9999999994698245 1,0000000012697996 1,0000000015982136 ), 0
( 0,999999999465161 1,0000000012694281 1,0000000016028157 ), 0
( 0,999999999467172 1,0000000012725954 1,000000001609453 ), 0
( 0,9999999994654494 1,0000000012701997 1,0000000016065527 ), 0
( 0,9999999994657417 1,000000001265084 1,0000000015968864 ), 0
( 0,9999999994661193 1,0000000012693278 1,0000000016005373 ), 0
( 0,999999999469096 1,0000000012437529 1,0000000015775161 ), 0
( 0,9999999994675906 1,0000000012656665 1,0000000016031636 ), 0
( 0,9999999994639069 1,0000000012690806 1,0000000016049733 ), 0
( 0,9999999994667883 1,0000000012620962 1,0000000015950994 ), 0
( 0,9999999994640355 1,0000000012690584 1,0000000016048645 ), 0
( 0,9999999994659613 1,000000001259545 1,0000000016035406 ), 0
( 0,999999999464157 1,0000000012699053 1,0000000015957724 ), 0
( 0,9999999994686019 1,000000001260755 1,0000000016007093 ), 0
( 0,9999999994700018 1,000000001261362 1,0000000015961237 ), 0
( 0,9999999994662945 1,0000000012673376 1,0000000016051986 ), 0
( 0,9999999994659444 1,0000000012709596 1,0000000016036774 ), 0
( 0,9999999994654483 1,0000000012720969 1,0000000016075603 ), 0
( 0,9999999994683902 1,0000000012693262 1,0000000016055768 ), 0
( 0,9999999994659678 1,0000000012673895 1,0000000016014887 ), 0
( 0,9999999994617135 1,0000000012821915 1,0000000016100032 ), 0
( 0,9999999994635328 1,0000000012752095 1,0000000016097923 ), 0
( 0,9999999994694083 1,0000000012650456 1,0000000016022754 ), 0
( 0,9999999994669282 1,0000000012731334 1,0000000016108177 ), 0
( 0,999999999466272 1,0000000012688874 1,000000001601285 ), 0
( 0,9999999994690504 1,0000000012723125 1,0000000016022734 ), 0
( 0,9999999994627856 1,0000000012703072 1,0000000016046733 ), 0
( 0,9999999994700873 1,0000000012681038 1,000000001600037 ), 0
( 0,9999999994650343 1,0000000012722294 1,0000000016022326 ), 0
( 0,9999999994709116 1,0000000012723091 1,00000000160686 ), 0
( 0,9999999994691917 1,0000000012730066 1,000000001605902 ), 0
( 0,9999999994704215 1,0000000012665218 1,0000000016105046 ), 0
( 0,9999999994667275 1,0000000012714807 1,0000000016054675 ), 0
( 0,9999999994654218 1,000000001272077 1,000000001600318 ), 0
( 0,9999999994664753 1,0000000012738985 1,000000001602902 ), 0
( 0,9999999994683887 1,000000001268755 1,0000000016048725 ), 0
( 0,9999999994640784 1,0000000012723715 1,000000001612047 ), 0
( 0,9999999994608054 1,0000000012683037 1,0000000016091042 ), 0
( 0,9999999994658312 1,0000000012703243 1,0000000016006152 ), 0
( 0,9999999994689235 1,0000000012645451 1,0000000016015775 ), 0
( 0,9999999994607033 1,00000000127011 1,0000000015973995 ), 0
( 0,999999999469258 1,000000001270039 1,0000000015964101 ), 0
( 0,9999999994672241 1,000000001276014 1,000000001601028 ), 0
( 0,9999999994667924 1,000000001270386 1,000000001603923 ), 0
( 0,9999999994664258 1,0000000012706867 1,0000000016064774 ), 0
( 0,9999999994647621 1,0000000012735268 1,0000000016050574 ), 0
( 0,9999999994664533 1,0000000012715973 1,0000000016000838 ), 0
( 0,9999999994672696 1,0000000012676062 1,0000000015934836 ), 0
( 0,9999999994691832 1,0000000012718473 1,0000000015995703 ), 0
( 0,9999999994683789 1,0000000012685903 1,0000000015993193 ), 0
( 0,9999999994657799 1,0000000012588397 1,0000000015978165 ), 0
( 0,999999999465841 1,0000000012720227 1,000000001603941 ), 0
( 0,9999999994654419 1,0000000012673702 1,00000000160195 ), 0
( 0,9999999994627679 1,000000001247683 1,0000000015979136 ), 0
( 0,9999999994698918 1,0000000012743218 1,0000000016021777 ), 0
( 0,9999999994671777 1,000000001269905 1,0000000016046926 ), 0
( 0,9999999994658693 1,000000001268924 1,0000000015974102 ), 0
( 0,9999999994654915 1,0000000012639068 1,0000000016038944 ), 0
( 0,999999999465115 1,000000001269671 1,0000000015934178 ), 0
( 0,9999999994653826 1,000000001266486 1,0000000016034802 ), 0
( 0,9999999994678249 1,000000001273256 1,000000001605668 ), 0
( 0,9999999994660527 1,0000000012601435 1,0000000015969235 ), 0
( 0,9999999994674401 1,000000001257959 1,0000000015867698 ), 0
( 0,9999999994670609 1,0000000012683867 1,0000000015997383 ), 0
( 0,999999999466965 1,0000000012677728 1,0000000016027017 ), 0
( 0,9999999994658918 1,00000000126561 1,000000001595397 ), 0
( 0,9999999994717018 1,000000001268629 1,0000000016008441 ), 0
( 0,9999999994691314 1,0000000012753403 1,000000001607173 ), 0
( 0,9999999994648675 1,0000000012565213 1,0000000015864856 ), 0
( 0,999999999465453 1,0000000012737296 1,0000000016049455 ), 0
( 0,9999999994665141 1,0000000012708277 1,0000000016033295 ), 0
( 0,9999999994647044 1,0000000012702461 1,0000000016039667 ), 0
( 0,9999999994664263 1,0000000012681385 1,0000000016063342 ), 0
( 0,9999999994642719 1,0000000012740724 1,0000000015951536 ), 0
( 0,9999999994679666 1,0000000012659147 1,0000000016036195 ), 0
( 0,9999999994668981 1,0000000012736323 1,0000000016047768 ), 0
( 0,9999999994696023 1,0000000012599957 1,0000000015957906 ), 0
Liczba wywoa funkcji celu: 153076
