Iteracja nr: 39
( 0,999999998972752 1,0000000007538783 1,0000000003442557 ), 0
( 0,9999999996048244 1,0000000002462306 1,0000000032552743 ), 0
( 1,0000000001463267 1,0000000020243163 1,000000002061628 ), 0
( 1,0000000006937326 1,0000000012625037 0,999999998739999 ), 0
( 0,9999999989432182 1,0000000015207748 1,0000000016986283 ), 0
( 1,0000000001070166 1,000000000755957 1,0000000022736035 ), 0
( 0,999999999365526 1,00000000132748 1,0000000013468908 ), 0
( 0,9999999970773894 0,999999999762504 0,9999999977056381 ), 0
( 0,9999999991382587 1,0000000019521407 1,0000000025288032 ), 0
( 0,999999999792845 1,000000002227968 1,0000000018022968 ), 0
( 0,9999999997307939 1,000000000754495 1,000000002060142 ), 0
( 0,9999999991361672 1,0000000018946724 1,00000000331815 ), 0
( 0,9999999990382887 1,0000000025641547 1,0000000024409963 ), 0
( 0,9999999988048273 1,000000002362273 1,0000000030350054 ), 0
( 1,0000000009761152 1,0000000021064397 1,0000000023954112 ), 0
( 0,9999999989094078 1,0000000021692037 1,0000000029655431 ), 0
( 0,9999999990340128 1,0000000020391313 1,0000000036386834 ), 0
( 0,9999999988494751 1,000000002143794 1,0000000024754019 ), 0
( 0,9999999991268178 1,0000000026562084 1,0000000023032443 ), 0
( 0,9999999992393956 1,0000000021119948 1,0000000024628868 ), 0
( 0,9999999990139444 1,0000000018318997 1,00000000293053 ), 0
( 0,9999999999307161 1,0000000019878847 1,0000000013906023 ), 0
( 1,0000000004507006 1,0000000015794153 1,0000000014449704 ), 0
( 0,9999999989705002 1,0000000020345372 1,000000002371831 ), 0
( 1,0000000003692375 1,000000000546322 1,000000000943476 ), 0
( 0,9999999991234859 1,0000000013305284 1,000000003184487 ), 0
( 0,9999999989209027 1,0000000016305701 1,0000000004919203 ), 0
( 0,9999999991782647 1,00000000127508 1,0000000023846825 ), 0
( 1,0000000018296709 1,00000000034713 1,0000000005018799 ), 0
( 0,9999999985091979 1,0000000012782306 1,0000000020651247 ), 0
( 0,9999999986880662 1,0000000022156494 1,000000001608505 ), 0
( 0,9999999997316015 1,0000000017334236 1,0000000007870247 ), 0
( 0,9999999982361244 1,0000000006625858 1,0000000007166219 ), 0
( 0,9999999991815346 1,0000000016665247 1,0000000022753268 ), 0
( 0,9999999991649124 1,0000000005771088 1,0000000017547743 ), 0
( 1,0000000009344447 1,0000000016284458 1,0000000005830667 ), 0
( 1,0000000010274566 0,9999999997760894 1,000000002307893 ), 0
( 0,9999999996111127 1,0000000003106135 1,000000002195316 ), 0
( 1,0000000010526418 0,9999999999015962 0,9999999996233995 ), 0
( 0,9999999991088732 1,0000000005300518 1,0000000019681698 ), 0
( 0,9999999996025893 1,0000000012051249 1,0000000015878951 ), 0
( 0,9999999995526601 1,000000002673 1,0000000016025796 ), 0
( 0,9999999991236435 1,0000000016168655 1,0000000036227528 ), 0
( 1,0000000000649625 1,0000000009962675 1,0000000028882432 ), 0
( 0,9999999987860811 1,0000000022124529 1,0000000031011147 ), 0
( 0,9999999996098764 1,000000001459653 1,0000000023185427 ), 0
( 0,9999999996464984 1,0000000012505004 1,000000001008157 ), 0
( 0,9999999991166405 1,0000000019076483 1,0000000023831643 ), 0
( 0,9999999989253179 1,0000000021582294 1,0000000028726188 ), 0
( 0,9999999992542971 1,0000000016132096 1,0000000023380882 ), 0
( 1,0000000006604508 1,0000000004147185 0,999999999595942 ), 0
( 0,9999999999861405 1,00000000151414 1,0000000009100434 ), 0
( 0,9999999985978564 1,0000000019760151 1,0000000023641566 ), 0
( 0,9999999992471236 1,000000001897351 1,0000000024005775 ), 0
( 0,9999999993578564 1,0000000010988688 1,0000000000047742 ), 0
( 0,9999999992614602 1,0000000005989145 1,0000000013778938 ), 0
( 1,0000000000866038 1,0000000021245634 1,0000000022129432 ), 0
( 0,9999999987936742 1,0000000024558242 1,0000000035832908 ), 0
( 0,9999999988119658 1,0000000018371982 1,000000001758214 ), 0
( 0,9999999997555274 1,0000000006351226 1,000000001315696 ), 0
( 0,9999999991967599 1,0000000024238398 1,0000000030188132 ), 0
( 0,9999999975613721 1,0000000002050848 1,0000000023077185 ), 0
( 0,9999999986513971 1,0000000024589106 1,000000003127103 ), 0
( 0,9999999996911632 1,000000001226624 1,0000000011681767 ), 0
( 0,999999998224745 1,000000001556573 1,0000000032488077 ), 0
( 0,9999999990893171 0,9999999985411161 1,0000000023639215 ), 0
( 0,9999999998934214 1,0000000016017592 1,0000000010327377 ), 0
( 0,9999999986775726 1,00000000197218 1,0000000025737814 ), 0
( 0,9999999998648361 1,0000000008012513 1,0000000014590462 ), 0
( 1,0000000002026495 1,0000000013726684 1,000000001028302 ), 0
( 1,0000000004338485 1,0000000023922382 1,0000000018728803 ), 0
( 1,0000000020648678 1,0000000014183095 0,9999999996245027 ), 0
( 0,9999999995884629 1,0000000021340207 1,0000000030462017 ), 0
( 0,9999999989579372 1,0000000024700768 1,0000000029426466 ), 0
( 0,9999999995931886 1,0000000017815869 1,000000003306355 ), 0
( 0,9999999987316919 0,9999999990738595 0,9999999981432117 ), 0
( 0,9999999987902034 1,0000000020019126 1,0000000013597323 ), 0
( 1,0000000006599838 1,000000000880514 0,9999999991577577 ), 0
( 0,9999999984900776 1,0000000008178505 1,0000000007643743 ), 0
( 0,9999999978451162 1,0000000013539043 1,0000000020465292 ), 0
( 0,9999999981968469 1,0000000005070055 0,9999999994235619 ), 0
( 0,9999999988717586 1,0000000020112678 1,000000001732787 ), 0
( 0,9999999984465555 1,0000000024105626 1,0000000017100195 ), 0
( 0,9999999999821002 1,00000000183972 1,0000000030883962 ), 0
( 0,9999999999342821 1,0000000009310408 1,0000000021027353 ), 0
( 1,000000000424687 1,000000001640369 1,00000000290308 ), 0
( 0,9999999987528139 1,0000000027905842 1,000000003296005 ), 0
( 0,9999999995454026 1,000000001905176 1,0000000026035087 ), 0
( 0,9999999994489877 1,000000000253636 1,0000000031668463 ), 0
( 0,9999999986375896 0,9999999977535562 0,999999998656573 ), 0
( 0,9999999978063541 0,999999999783747 1,0000000026121698 ), 0
( 0,9999999998259091 1,0000000012125643 1,0000000028349827 ), 0
( 0,9999999989151814 1,0000000003597052 1,0000000009757373 ), 0
( 1,000000000626983 1,000000002439383 1,0000000007478318 ), 0
( 0,9999999983850683 0,9999999980996057 1,0000000017850241 ), 0
( 0,9999999983354971 1,00000000209412 1,0000000014478505 ), 0
( 0,999999999950792 0,9999999999251534 1,0000000009546186 ), 0
( 0,999999999243474 1,0000000027994536 1,0000000019417288 ), 0
( 1,0000000001797908 1,0000000014245891 1,0000000031587029 ), 0
( 0,9999999993176977 1,0000000015586197 1,0000000031854737 ), 0
( 1,0000000010568684 1,0000000009820584 1,000000002195887 ), 0
( 1,0000000003530758 1,0000000012826447 1,0000000019153306 ), 0
( 1,0000000000078357 1,0000000023790108 1,000000001776673 ), 0
( 0,9999999995630159 0,9999999999469906 1,0000000002646616 ), 0
( 1,0000000005474627 1,0000000007983236 1,00000000107966 ), 0
( 0,9999999996992995 1,0000000026741622 1,00000000050005 ), 0
( 1,000000001414078 1,0000000008857766 0,9999999995892459 ), 0
( 0,9999999997678524 1,0000000030496827 1,000000001247853 ), 0
( 0,9999999994989357 1,0000000023482833 1,0000000013410375 ), 0
( 0,9999999978346283 0,999999999837797 0,9999999998866371 ), 0
( 0,9999999988568385 1,0000000019362256 1,0000000023981244 ), 0
( 0,999999998429113 1,0000000010820733 1,0000000026119507 ), 0
( 1,000000001061251 1,0000000017825286 1,0000000011362395 ), 0
( 1,0000000000714409 0,9999999985658379 1,000000000198396 ), 0
( 1,0000000007375536 1,0000000013762256 0,9999999987517368 ), 0
( 1,0000000018849622 1,000000000727964 1,0000000021041913 ), 0
( 1,000000002635014 1,0000000005644516 0,9999999980796762 ), 0
( 0,999999999853316 1,000000001661716 1,0000000020005637 ), 0
( 0,9999999987558188 1,0000000017855 1,0000000029664895 ), 0
( 0,9999999988657582 1,0000000021938829 1,0000000026775553 ), 0
( 1,0000000009066665 1,0000000021506186 1,0000000006581469 ), 0
( 0,9999999999358709 1,000000002814717 1,0000000032897196 ), 0
( 0,9999999992283657 1,0000000030175278 1,0000000021068445 ), 0
( 0,9999999990523609 1,0000000026731524 1,0000000018203066 ), 0
( 1,000000000013613 0,9999999994818882 1,0000000010732675 ), 0
( 0,9999999993395445 1,000000001722702 1,00000000033769 ), 0
( 0,9999999990305232 1,000000001709407 1,0000000017468011 ), 0
( 0,9999999990412883 1,000000001826915 1,000000002161309 ), 0
( 1,000000000275987 1,0000000004920457 1,0000000019794624 ), 0
( 1,0000000011705363 1,0000000008895586 1,000000000769854 ), 0
( 0,9999999988477243 1,0000000022499578 1,0000000031041647 ), 0
( 0,9999999995988094 1,0000000020074422 1,0000000024956806 ), 0
( 0,9999999999665002 1,0000000022116327 1,0000000027225373 ), 0
( 0,9999999991773246 1,0000000019622741 1,0000000025069877 ), 0
( 1,0000000013204098 1,0000000002491134 1,0000000005353469 ), 0
( 0,9999999993463979 0,9999999996704135 1,0000000005218108 ), 0
( 0,9999999982037568 1,0000000008928516 1,000000002363812 ), 0
( 0,999999997834888 1,0000000003528453 1,0000000019534954 ), 0
( 0,9999999995547493 1,000000001287667 1,0000000012869712 ), 0
( 0,9999999988296394 0,9999999997927496 1,0000000014421304 ), 0
( 0,999999998605073 1,0000000023072915 1,0000000033684842 ), 0
( 0,9999999992588966 1,0000000014628319 1,0000000024277413 ), 0
( 0,9999999985566213 1,0000000016762787 1,000000000961813 ), 0
( 0,9999999995796788 1,000000001774454 1,0000000026439222 ), 0
( 1,000000000371057 1,0000000025529268 1,0000000025423286 ), 0
( 0,9999999999730215 1,0000000014881265 1,000000000192418 ), 0
( 0,999999999756457 1,0000000023460551 1,0000000025905926 ), 0
( 0,9999999982530051 1,0000000012299868 1,0000000016833668 ), 0
( 0,9999999987580758 1,0000000013619683 1,0000000027757856 ), 0
( 0,9999999988432348 1,0000000022595488 1,000000002742349 ), 0
( 1,000000001539363 1,0000000013277899 1,0000000014515606 ), 0
( 0,9999999993791077 0,9999999997535626 0,9999999986858611 ), 0
( 0,9999999992436821 0,9999999988146534 1,0000000017293185 ), 0
( 0,9999999994483136 1,0000000024225106 1,0000000021003588 ), 0
( 0,9999999987933119 1,0000000008124414 1,0000000017610804 ), 0
( 0,9999999991671737 1,000000001818164 1,000000002173549 ), 0
( 0,9999999989544458 1,0000000023772695 1,0000000018659925 ), 0
( 0,9999999996350497 0,9999999992880653 1,0000000020532525 ), 0
( 0,9999999992428087 0,9999999992454839 0,9999999980378212 ), 0
( 0,9999999991085149 1,0000000022962026 1,0000000014983237 ), 0
( 0,9999999991803459 1,0000000017250772 1,0000000024511648 ), 0
( 1,0000000002788831 1,0000000018349455 1,0000000031089633 ), 0
( 0,9999999991339977 1,0000000016993842 1,000000001735568 ), 0
( 0,9999999983219601 1,000000001043701 1,000000002840727 ), 0
( 0,9999999987604734 1,000000000857572 1,000000002171171 ), 0
( 0,9999999983536254 1,0000000015022352 1,0000000016527042 ), 0
( 0,9999999992497132 1,0000000001201947 1,0000000016667874 ), 0
( 0,9999999990041396 1,0000000019601494 1,0000000025099527 ), 0
( 0,9999999994595068 1,000000001059885 1,0000000012790888 ), 0
( 0,9999999999064144 0,9999999996661008 1,000000002873527 ), 0
( 1,000000001097723 1,0000000000883347 1,0000000004694003 ), 0
( 0,9999999993556816 1,0000000006729939 1,0000000001799187 ), 0
( 0,9999999988660466 1,0000000019931734 1,0000000028020584 ), 0
( 0,9999999989263503 1,0000000023121578 1,0000000013712214 ), 0
( 0,9999999997372555 1,0000000025824898 1,000000003225719 ), 0
( 0,999999999863226 1,0000000027459053 1,0000000028271794 ), 0
( 0,9999999987234335 1,000000002575704 1,0000000026520575 ), 0
( 0,9999999997904906 1,0000000015108854 1,0000000025979283 ), 0
( 0,9999999985488902 1,0000000013542252 1,0000000015468031 ), 0
( 0,9999999991287701 1,0000000018284947 1,0000000032057672 ), 0
( 0,9999999989106875 1,0000000024197393 1,00000000131339 ), 0
( 0,9999999997201798 1,0000000009265 1,0000000008532053 ), 0
( 0,9999999991785733 1,0000000023856026 1,0000000023503417 ), 0
( 1,0000000008568626 1,0000000007970784 0,9999999993668978 ), 0
( 0,9999999998523481 1,0000000023283504 1,0000000015643842 ), 0
( 0,9999999992095056 1,0000000021425441 1,0000000009244405 ), 0
( 0,9999999996791415 1,0000000020424735 1,0000000007956718 ), 0
( 1,0000000006478102 1,0000000004559462 1,000000000144434 ), 0
( 1,000000002320178 1,0000000011225478 1,0000000030441212 ), 0
( 0,9999999997475222 1,0000000018309438 1,0000000015674921 ), 0
( 1,0000000002877114 0,9999999989288225 1,0000000013723196 ), 0
( 0,999999998856041 1,000000001222695 0,9999999983726566 ), 0
( 0,9999999989066638 0,9999999990209808 0,9999999993256575 ), 0
( 0,9999999994374646 1,000000001075601 1,000000001159815 ), 0
( 0,9999999984520952 1,00000000175381 1,0000000027627978 ), 0
( 0,9999999990207722 1,0000000021248712 1,000000003706317 ), 0
( 0,9999999982542981 1,0000000012016503 1,0000000014848067 ), 0
( 1,000000001566228 0,9999999993943518 1,0000000009761747 ), 0
( 0,9999999990069691 1,0000000015089527 1,0000000026071731 ), 0
( 0,9999999999511706 1,000000001637098 1,0000000026510996 ), 0
( 0,9999999994932851 1,0000000007012642 1,0000000016836428 ), 0
( 1,000000000565631 1,0000000022879938 1,0000000023099427 ), 0
( 0,9999999998815499 1,0000000011917198 1,0000000007162995 ), 0
( 0,9999999994635613 1,00000000073665 1,0000000017333968 ), 0
( 0,9999999994589014 1,0000000017412751 1,0000000011946781 ), 0
( 0,9999999987985926 1,0000000012809627 1,0000000016241504 ), 0
( 0,9999999990181834 1,0000000024244955 1,000000002667374 ), 0
( 0,9999999993483982 1,000000001838433 1,0000000020918725 ), 0
( 0,9999999999282895 1,0000000012896153 1,00000000179968 ), 0
( 0,9999999989147135 1,0000000014426997 1,0000000026118854 ), 0
( 1,0000000004718737 1,0000000021052897 1,0000000018244073 ), 0
( 0,9999999988666929 1,0000000018964879 1,0000000026097127 ), 0
( 0,9999999990133056 1,0000000016622674 1,0000000016535353 ), 0
( 0,9999999996583515 1,0000000004680898 0,9999999996588789 ), 0
( 1,0000000008464711 0,9999999996181461 1,0000000024468618 ), 0
( 0,9999999977683696 1,0000000013121437 1,0000000005635148 ), 0
( 0,999999998916785 1,0000000023094295 1,0000000020652973 ), 0
( 0,9999999987991943 1,0000000018615003 1,0000000020689328 ), 0
( 0,9999999991197578 1,0000000019802502 1,0000000018454056 ), 0
( 0,9999999996256501 1,0000000030963947 1,0000000028390132 ), 0
( 0,9999999983325807 1,0000000018719948 1,0000000012498422 ), 0
( 0,9999999990850904 1,0000000002452591 1,000000000765939 ), 0
( 0,9999999986331846 1,0000000027754512 1,0000000018999147 ), 0
( 0,9999999997121052 1,0000000005678074 1,000000001146772 ), 0
( 0,9999999987232427 1,0000000020324784 1,0000000026134543 ), 0
( 0,9999999979576863 1,0000000004448084 1,000000002163641 ), 0
( 0,9999999993887921 1,0000000006684768 1,0000000005135417 ), 0
( 0,9999999987509015 1,0000000023624411 1,0000000033015481 ), 0
( 0,9999999998695002 1,0000000020076227 1,0000000015861954 ), 0
( 0,9999999989092322 1,0000000029472715 1,0000000022657984 ), 0
( 0,999999999712059 1,0000000019005997 1,0000000030573053 ), 0
( 1,0000000010607215 1,000000001939035 1,0000000030874574 ), 0
( 0,9999999995895442 1,000000000883575 1,0000000022837097 ), 0
( 0,9999999978974733 1,0000000006385426 1,0000000013948327 ), 0
( 1,000000000787371 1,0000000004732768 1,0000000019779454 ), 0
( 0,9999999993841725 1,0000000022770301 1,0000000012185617 ), 0
( 0,9999999987493247 1,0000000017967479 1,000000002813255 ), 0
( 0,9999999987856097 0,9999999991229052 1,000000001850667 ), 0
( 0,9999999996083639 1,0000000000794624 0,9999999997765519 ), 0
( 1,0000000014601504 1,0000000017948054 1,0000000024682505 ), 0
( 0,9999999990645052 0,9999999982754223 0,9999999974974744 ), 0
( 1,0000000002315765 1,0000000030002631 0,9999999972111553 ), 0
( 1,0000000002686698 1,000000001724514 1,0000000005228296 ), 0
( 0,9999999988732478 1,0000000018520294 1,0000000029636376 ), 0
( 0,9999999994872236 1,000000001197472 1,0000000011263313 ), 0
( 1,000000000866132 1,000000002781601 1,0000000013621246 ), 0
( 0,9999999995703821 1,0000000017032311 1,0000000007412388 ), 0
( 1,0000000008013157 1,0000000020663404 1,0000000003982397 ), 0
( 0,9999999998115964 1,0000000001863134 0,9999999978407269 ), 0
( 0,9999999992725687 1,00000000258269 1,0000000007904803 ), 0
( 0,9999999991895876 1,0000000014758208 1,0000000023129465 ), 0
( 0,9999999990616713 1,000000000923671 1,0000000012609849 ), 0
( 0,9999999991900286 1,0000000011267474 1,0000000015123438 ), 0
( 0,9999999984719307 1,0000000022952178 1,0000000031524823 ), 0
( 0,9999999992817147 0,9999999992410423 1,0000000000908023 ), 0
( 0,9999999995987263 1,0000000017247226 1,0000000027608882 ), 0
( 0,9999999983691624 1,0000000001006093 1,0000000004331473 ), 0
( 0,9999999998483345 1,0000000021971105 1,0000000002900913 ), 0
( 1,000000001234132 1,000000000247102 0,9999999976960307 ), 0
( 0,9999999991639631 1,0000000017799417 1,00000000164416 ), 0
( 0,99999999906496 1,0000000009227534 1,000000003262202 ), 0
( 0,9999999991152589 1,0000000019329243 1,0000000008644376 ), 0
( 0,9999999989638773 1,0000000023849829 1,0000000032482894 ), 0
( 0,9999999982188238 1,0000000007040089 1,000000001484506 ), 0
( 0,9999999995205441 1,0000000002062466 1,0000000027510165 ), 0
( 0,9999999998874234 0,9999999999863234 0,9999999993059278 ), 0
( 0,9999999988539916 1,0000000008774483 0,9999999998850619 ), 0
( 1,000000001174866 1,0000000013312114 1,000000003270303 ), 0
( 0,99999999952318 1,0000000012536707 1,000000001468183 ), 0
( 0,9999999998901911 1,0000000011529342 1,0000000017018802 ), 0
( 0,9999999982225231 1,0000000005315384 1,0000000019409807 ), 0
( 0,9999999992063981 1,0000000015390988 1,0000000010268517 ), 0
( 1,000000000618041 1,0000000015430421 0,9999999996838551 ), 0
( 1,0000000008236447 1,0000000015403208 1,0000000019376514 ), 0
( 0,9999999991162059 1,0000000030839566 1,0000000027325915 ), 0
( 0,9999999997893585 1,0000000017545931 1,0000000026400837 ), 0
( 0,9999999996638756 1,000000002177737 1,0000000002417073 ), 0
( 0,9999999997865764 0,9999999998137175 1,000000002664749 ), 0
( 0,9999999994202098 1,0000000022168316 1,000000002629777 ), 0
( 1,0000000001742384 1,0000000008304357 1,0000000012259793 ), 0
( 1,0000000019510797 1,0000000010200307 1,0000000018619764 ), 0
( 0,9999999987870615 1,000000001371675 1,00000000215072 ), 0
( 0,9999999988637313 1,0000000018085256 1,0000000019291293 ), 0
( 0,9999999986424578 1,0000000025460154 1,000000002412843 ), 0
( 0,999999998501547 1,0000000007463157 1,0000000028613385 ), 0
( 0,9999999990379734 1,0000000007986798 1,0000000011673116 ), 0
( 1,0000000001722775 1,000000001617458 1,0000000025246276 ), 0
( 1,0000000004419607 1,0000000016514332 1,0000000013384374 ), 0
( 0,9999999986131426 1,0000000020860838 1,0000000028903842 ), 0
( 0,9999999989590569 1,0000000028362879 1,0000000014688673 ), 0
( 0,9999999991125661 1,0000000028497802 1,0000000018307258 ), 0
( 0,9999999997370904 1,0000000016834638 1,0000000013503174 ), 0
( 1,0000000006127592 1,0000000009953771 1,0000000018832664 ), 0
( 0,9999999991553712 1,0000000006532204 1,000000002310275 ), 0
( 0,9999999988475011 1,000000000643135 1,000000002215413 ), 0
( 0,9999999973608444 0,9999999998126623 0,9999999977876037 ), 0
( 0,9999999989843372 1,000000000708352 1,000000000956519 ), 0
( 0,9999999986054439 1,000000000263022 1,0000000008494776 ), 0
( 0,9999999995717415 1,000000000945813 1,0000000007794918 ), 0
( 0,9999999999874859 1,000000001675336 1,0000000022430415 ), 0
( 0,9999999993153542 0,9999999981450984 0,9999999972804487 ), 0
( 0,9999999987786585 1,0000000019217112 1,0000000023401556 ), 0
( 0,999999999653376 1,0000000019641195 1,0000000035970171 ), 0
( 0,999999999865062 1,00000000180081 1,0000000027357012 ), 0
( 1,000000000914975 1,0000000008020788 0,9999999992131402 ), 0
( 0,9999999997318514 1,0000000019294646 1,000000001009804 ), 0
( 0,9999999990453727 1,0000000008020764 0,9999999998483505 ), 0
( 0,9999999989149487 1,000000001308864 1,000000001915016 ), 0
( 1,0000000009545371 1,0000000015762496 1,0000000003183465 ), 0
( 0,9999999991737981 1,0000000016441182 1,000000002193961 ), 0
( 0,9999999987784997 1,000000001102982 1,0000000008034335 ), 0
( 1,000000000310134 1,0000000006501313 1,0000000002803537 ), 0
( 1,000000000422268 1,0000000009896486 1,0000000020139719 ), 0
( 0,9999999986443434 1,0000000009895753 1,0000000024053501 ), 0
( 1,0000000000345688 1,000000002062545 1,0000000009049461 ), 0
( 0,9999999979317477 1,0000000013022419 1,000000002463887 ), 0
( 1,0000000001228402 0,9999999995330349 1,0000000009052405 ), 0
( 1,0000000000139972 1,0000000020603246 1,0000000010989198 ), 0
( 0,999999999557457 1,0000000004369338 1,000000002526187 ), 0
( 0,9999999984734409 1,0000000022220377 1,0000000034552898 ), 0
( 0,9999999993546362 1,0000000030082208 1,000000000775807 ), 0
( 0,999999999379284 1,0000000017498238 1,0000000031817224 ), 0
( 0,9999999990136749 1,0000000023684694 1,000000002905547 ), 0
( 0,9999999993940344 1,0000000021776334 1,0000000026237335 ), 0
( 0,9999999986588533 0,9999999994057155 0,9999999982197698 ), 0
( 0,9999999994040499 1,0000000019366915 1,0000000026047626 ), 0
( 0,9999999989406841 1,0000000020605893 1,000000003007911 ), 0
( 0,9999999992696474 1,0000000022248614 1,0000000024976425 ), 0
( 0,9999999995084182 1,0000000023765605 1,0000000020109923 ), 0
( 0,9999999985606659 1,000000001880785 1,0000000021198847 ), 0
( 0,9999999991414105 1,00000000140541 1,00000000198669 ), 0
( 0,9999999989550021 1,0000000013954655 1,000000002720029 ), 0
( 0,9999999993394676 1,000000000716321 1,0000000011843508 ), 0
( 1,0000000005759948 1,0000000035131709 1,0000000008865015 ), 0
( 0,9999999992703249 1,0000000014009154 1,0000000007448027 ), 0
( 0,9999999988933878 1,0000000009232697 1,0000000010346928 ), 0
( 0,9999999982737896 1,0000000004700624 1,000000001823807 ), 0
( 0,9999999987815629 1,0000000020270194 1,000000000288936 ), 0
( 1,0000000006864482 1,0000000016537172 1,0000000018814164 ), 0
( 1,0000000010420875 1,0000000010691865 1,0000000010181505 ), 0
( 0,9999999990984164 1,0000000016780708 1,0000000020279523 ), 0
( 0,9999999989459862 1,0000000024178612 1,0000000029471539 ), 0
( 0,9999999983392958 1,0000000020943587 1,0000000033999121 ), 0
( 0,9999999992204013 1,0000000002755371 1,0000000020947197 ), 0
( 0,9999999998788782 1,0000000025542326 1,000000001434001 ), 0
( 0,999999999065851 1,0000000014707107 0,999999999666906 ), 0
( 0,9999999988641297 1,0000000025171576 1,00000000305037 ), 0
( 0,9999999992084067 0,9999999985663599 1,0000000011318346 ), 0
( 1,0000000001821483 1,0000000007000922 1,0000000003998926 ), 0
( 0,9999999989482113 1,0000000032149603 1,0000000030239968 ), 0
( 1,0000000014295582 1,000000000941504 1,000000000138684 ), 0
( 0,9999999989614996 1,0000000018849082 1,0000000017186903 ), 0
( 1,0000000007240366 0,9999999998858142 1,0000000018347395 ), 0
( 1,0000000002950147 1,0000000011292305 0,9999999995879106 ), 0
( 0,9999999991287176 1,0000000021138309 1,0000000022183653 ), 0
( 1,0000000000177998 1,0000000023038138 1,0000000002856706 ), 0
( 0,999999998587073 1,0000000007082308 1,0000000001578342 ), 0
( 0,9999999984285292 1,0000000018693131 1,0000000021785282 ), 0
( 0,9999999989132584 1,0000000011247112 1,0000000018238875 ), 0
( 0,9999999996525298 1,0000000013079198 1,0000000013208874 ), 0
( 1,0000000002509182 1,0000000000957865 1,0000000002863616 ), 0
( 0,9999999984430519 1,00000000162689 1,000000001427535 ), 0
( 1,0000000009297625 1,0000000000780365 1,0000000003128349 ), 0
( 0,9999999984518801 1,0000000015474255 1,00000000201521 ), 0
( 0,9999999989620386 1,0000000014769548 1,0000000022291295 ), 0
( 0,9999999998685049 0,9999999978020793 1,0000000014298818 ), 0
( 0,9999999984892073 1,0000000014586754 1,0000000028518443 ), 0
( 0,9999999989630823 1,0000000017009383 1,0000000022175104 ), 0
( 0,9999999988212435 1,0000000005359013 1,000000001724942 ), 0
( 0,9999999992399904 1,0000000005872105 1,0000000017976427 ), 0
( 0,9999999993007221 1,000000001093445 1,000000002511487 ), 0
( 0,999999999519078 1,0000000022563331 1,0000000022433688 ), 0
( 1,0000000002588043 1,0000000020561979 1,0000000007623864 ), 0
( 0,9999999989089499 1,0000000004257 1,0000000023141016 ), 0
( 1,0000000005145646 1,0000000016894797 1,0000000032105518 ), 0
( 0,9999999994275829 1,0000000025953732 1,000000002762644 ), 0
( 1,0000000016086423 1,00000000090508 1,0000000000829437 ), 0
( 1,0000000019309268 1,0000000015009662 0,9999999996148391 ), 0
( 0,9999999986855642 1,0000000017883144 1,000000001330455 ), 0
( 0,9999999990799727 1,0000000013339119 1,0000000022297195 ), 0
( 1,0000000013130261 1,0000000010379346 1,0000000031246694 ), 0
( 0,999999998850132 1,0000000025421938 1,0000000016072448 ), 0
( 0,9999999991585508 0,9999999988707431 1,0000000015434094 ), 0
( 0,9999999990706406 1,000000002429521 1,0000000023080675 ), 0
( 1,000000001648499 1,000000001948797 1,0000000014105175 ), 0
( 1,0000000000348337 1,00000000193479 0,9999999984663507 ), 0
( 0,9999999986835141 1,0000000014427994 1,0000000008348124 ), 0
( 0,9999999992593094 1,0000000010723296 1,000000002200446 ), 0
( 0,9999999981091557 1,0000000006172982 1,0000000028296316 ), 0
( 1,0000000002524978 1,0000000003837661 1,000000000642173 ), 0
( 0,9999999994539273 1,0000000015814718 1,0000000024171405 ), 0
( 0,9999999993391939 1,0000000017389747 1,0000000016737127 ), 0
( 0,9999999990269035 1,0000000003188718 1,0000000009929155 ), 0
( 0,9999999997740007 1,0000000012511727 1,000000001877745 ), 0
( 0,9999999986659316 1,0000000019814537 1,0000000031885372 ), 0
( 0,999999999886938 1,0000000024193945 1,0000000028602438 ), 0
( 0,999999999187321 1,0000000005694953 1,000000001884311 ), 0
( 0,9999999995117118 1,0000000012248265 1,0000000012144838 ), 0
( 1,0000000002460723 1,0000000015511312 1,0000000024142424 ), 0
( 0,9999999990228069 1,0000000014820147 1,0000000021567275 ), 0
( 0,9999999990912817 1,0000000020478088 1,0000000032810692 ), 0
( 0,9999999986430573 1,0000000004945426 1,0000000011558103 ), 0
( 0,999999999093108 0,9999999992939657 0,9999999983083883 ), 0
( 0,9999999987756021 1,0000000014525443 1,0000000017602872 ), 0
( 0,9999999990382935 1,0000000010321375 1,0000000019652662 ), 0
( 0,9999999992145401 1,0000000016668438 1,000000002320794 ), 0
( 1,0000000013002879 0,9999999995558271 0,9999999984243378 ), 0
( 0,9999999999451219 1,0000000015337283 1,0000000019330453 ), 0
( 0,9999999991252397 1,0000000019489925 1,0000000027072735 ), 0
( 0,999999999863332 1,0000000006935326 1,0000000018031046 ), 0
( 1,000000000545706 1,0000000009313506 1,0000000027068539 ), 0
( 0,9999999997320573 1,0000000008257692 1,0000000004125715 ), 0
( 0,9999999990998923 1,0000000024475764 1,0000000029558156 ), 0
( 0,9999999987680938 1,0000000009602468 1,0000000034650534 ), 0
( 0,9999999999699921 1,0000000013587962 1,0000000018796733 ), 0
( 1,0000000003143947 1,0000000020209323 1,0000000014138866 ), 0
( 0,9999999999514684 1,00000000181375 1,0000000023856628 ), 0
( 0,9999999992922498 1,0000000019080924 1,000000001634657 ), 0
( 0,9999999993690816 1,0000000028973772 1,0000000031760916 ), 0
( 0,9999999991550396 1,0000000024141777 1,0000000024919824 ), 0
( 1,0000000010215437 0,9999999999121744 1,0000000010257266 ), 0
( 0,9999999996714495 1,000000001734763 1,0000000024250244 ), 0
( 0,999999998810118 1,000000000838491 1,00000000176076 ), 0
( 0,9999999999080527 1,000000002853085 1,0000000020453168 ), 0
( 0,999999998965047 1,0000000024124196 1,0000000018313329 ), 0
( 0,9999999999598268 1,0000000020814488 1,000000002441 ), 0
( 1,0000000001036515 1,0000000025233928 1,0000000020566329 ), 0
( 0,9999999997363674 1,000000000340295 1,0000000029246519 ), 0
( 0,9999999994342367 1,0000000021224558 1,0000000017188124 ), 0
( 0,9999999981066218 1,0000000009897498 1,0000000010762882 ), 0
( 0,9999999987312682 1,0000000015806572 1,0000000007564493 ), 0
( 1,0000000004443366 1,000000002114968 1,0000000011580217 ), 0
( 1,0000000012211896 1,0000000012407695 1,0000000015561479 ), 0
( 0,9999999988618152 1,000000001193664 1,0000000029451366 ), 0
( 0,9999999987443207 1,0000000010171017 1,0000000023528224 ), 0
( 1,0000000000816915 1,0000000024528328 1,0000000012449326 ), 0
( 0,9999999986066805 1,0000000012812427 1,0000000011520076 ), 0
( 0,9999999991897611 1,0000000006358536 1,000000001920669 ), 0
( 0,9999999989549759 1,0000000017991293 1,000000002950038 ), 0
( 0,9999999975451586 1,0000000002764466 1,0000000022362303 ), 0
( 1,0000000003208886 1,0000000019242679 1,0000000017941861 ), 0
( 0,9999999993740599 1,000000001921156 1,0000000028478133 ), 0
( 0,9999999996337956 1,000000002217022 1,0000000023354303 ), 0
( 0,9999999994958587 1,0000000014573858 1,000000002007568 ), 0
( 0,99999999978999 1,0000000019119835 1,0000000013569845 ), 0
( 1,000000001803626 1,0000000007284848 1,0000000015402157 ), 0
( 0,9999999985456147 0,9999999996374463 0,9999999978169684 ), 0
( 0,9999999999950914 1,0000000028538716 1,0000000017128545 ), 0
( 0,9999999992966465 0,9999999998696582 1,0000000011212375 ), 0
( 0,999999999057469 1,0000000015181827 1,0000000027879639 ), 0
( 0,9999999987958349 1,0000000020330082 1,0000000005052274 ), 0
( 0,9999999995049162 1,0000000028341205 1,0000000034812166 ), 0
( 0,9999999987760508 1,000000000800616 1,0000000031582057 ), 0
( 0,9999999996174688 1,0000000021091502 1,00000000214188 ), 0
( 0,9999999985162061 0,999999998820365 1,0000000013577623 ), 0
( 1,000000000421712 1,0000000007801095 1,0000000004304659 ), 0
( 0,9999999994220434 1,0000000029777354 1,0000000036060077 ), 0
( 1,0000000000741858 1,0000000014894301 1,0000000030144605 ), 0
( 0,9999999988743751 1,0000000023719855 1,000000003197099 ), 0
( 0,9999999992866717 1,0000000005881506 1,000000001975147 ), 0
( 1,0000000007408425 1,0000000001930498 0,99999999850583 ), 0
( 0,9999999996267969 1,0000000001456528 1,0000000023092217 ), 0
( 0,9999999980978066 1,0000000006806085 1,0000000006024266 ), 0
( 0,9999999977071703 1,0000000015198924 1,000000000422699 ), 0
( 0,9999999993404484 1,0000000005884402 1,0000000012453205 ), 0
( 0,9999999999133969 1,000000003392835 1,00000000131753 ), 0
( 0,9999999983695922 1,000000001408039 1,0000000025266527 ), 0
( 0,9999999985338137 1,0000000023256264 1,000000003350781 ), 0
( 0,9999999992667918 0,9999999999882427 1,0000000023674278 ), 0
( 1,0000000005746252 1,0000000014144417 1,000000000374665 ), 0
( 1,0000000008636838 1,000000000606458 0,9999999996380541 ), 0
( 0,9999999999813379 1,0000000013533943 1,0000000028368787 ), 0
( 0,9999999974325476 1,0000000015897803 1,0000000007768448 ), 0
( 0,9999999985037366 1,0000000019410182 1,0000000020470043 ), 0
( 0,9999999994056225 0,9999999982272447 1,0000000022183069 ), 0
( 0,9999999995958139 1,0000000016918746 1,0000000024153293 ), 0
( 0,9999999992230438 1,0000000015994257 1,0000000017917658 ), 0
( 0,9999999989508649 1,0000000020195756 1,0000000032658531 ), 0
( 0,9999999991131857 1,0000000019406294 1,0000000028002034 ), 0
( 0,9999999994180272 1,0000000011522652 1,0000000016395416 ), 0
( 0,999999999867014 1,00000000166564 1,0000000013361097 ), 0
( 0,99999999977504 1,0000000022464925 1,0000000011997017 ), 0
( 0,9999999987454226 1,0000000021119164 1,000000002290953 ), 0
( 0,9999999988648012 1,0000000022995563 1,0000000023159303 ), 0
( 0,9999999995315126 1,0000000018120758 1,0000000009442134 ), 0
( 0,9999999985709136 1,0000000012880983 1,0000000017459296 ), 0
( 0,9999999988282103 1,0000000014338528 1,000000000818871 ), 0
( 0,9999999986075421 1,0000000010228303 1,000000001932814 ), 0
( 1,0000000006157552 1,0000000026696227 1,0000000029784575 ), 0
( 0,9999999990461934 1,0000000026476596 1,0000000017230253 ), 0
( 1,0000000008489631 0,999999999790669 1,0000000017331991 ), 0
( 1,0000000005007479 1,000000001979282 1,000000001575812 ), 0
( 0,9999999992193997 1,0000000013546058 1,0000000031763487 ), 0
( 0,9999999987446733 1,0000000012942367 1,0000000023233284 ), 0
( 0,9999999985534217 1,0000000007422563 1,0000000008954828 ), 0
( 0,9999999986281035 1,0000000021282531 1,0000000025822093 ), 0
( 1,000000000637583 1,0000000017326451 1,0000000000358908 ), 0
( 0,999999998422001 1,0000000018684359 1,0000000012984898 ), 0
( 1,0000000008591745 1,0000000014430828 1,0000000004622516 ), 0
( 1,0000000008964423 1,0000000013248542 1,000000002196997 ), 0
( 0,9999999998309821 1,0000000023830955 1,0000000023846172 ), 0
( 0,9999999989179826 1,0000000015136683 1,000000002106234 ), 0
( 0,9999999982980766 1,0000000000274427 1,000000001899895 ), 0
( 1,0000000005169751 1,0000000015821255 1,0000000028644518 ), 0
( 0,9999999995430056 1,0000000019928692 1,0000000019608537 ), 0
( 0,9999999985180871 1,000000001713725 1,0000000025332312 ), 0
( 0,9999999990123248 1,0000000021727644 1,000000002525841 ), 0
( 1,000000000967761 0,9999999997871263 1,0000000006271477 ), 0
( 0,9999999984674685 1,0000000019589221 1,0000000024761535 ), 0
( 0,999999999906118 1,0000000016567896 1,0000000026927092 ), 0
( 1,0000000007819803 1,0000000003982719 0,9999999989036663 ), 0
( 1,0000000007979888 1,000000000785918 1,0000000000763811 ), 0
( 0,999999998394643 1,0000000009402092 1,0000000012812569 ), 0
( 0,999999999641208 1,0000000026921012 1,0000000024200912 ), 0
( 1,0000000000027092 0,9999999989223308 1,0000000020340307 ), 0
( 0,9999999994016976 1,00000000221323 0,9999999995373816 ), 0
( 0,999999998762415 1,0000000022533273 1,000000002086994 ), 0
( 0,9999999988070113 1,0000000017160857 1,0000000029106904 ), 0
( 0,9999999988560976 1,0000000014044323 1,0000000026746616 ), 0
( 0,9999999974489874 1,000000000494003 1,0000000021166862 ), 0
( 1,0000000004544465 1,0000000009836243 1,000000001184573 ), 0
( 0,99999999983131 1,000000001927232 1,0000000024056586 ), 0
( 0,9999999995889041 0,9999999978430606 1,0000000009941863 ), 0
( 1,0000000010137184 1,0000000012813248 0,9999999999320293 ), 0
( 0,9999999991774786 1,0000000023369358 1,0000000024976194 ), 0
( 0,9999999998363656 1,0000000009135874 1,0000000016533637 ), 0
( 0,9999999995378425 1,0000000023375057 1,000000000941305 ), 0
( 0,9999999982203517 0,9999999999315518 1,0000000014267558 ), 0
( 0,9999999991110055 1,0000000022133995 1,0000000026683153 ), 0
( 0,999999998940188 1,0000000025279048 1,0000000031924159 ), 0
( 1,0000000006915475 1,0000000004090834 0,9999999999432778 ), 0
( 0,9999999994324885 1,000000000536335 1,0000000025346376 ), 0
( 1,0000000004378367 1,0000000017773427 1,000000001277766 ), 0
( 0,9999999990402347 1,000000001309451 1,0000000008165566 ), 0
( 0,9999999995964578 1,0000000019611972 1,00000000184646 ), 0
( 1,000000000024973 1,0000000011302652 1,0000000018864692 ), 0
( 0,9999999991805554 1,000000001541136 1,00000000273643 ), 0
( 0,9999999997423292 1,0000000024952518 1,0000000006815888 ), 0
( 1,0000000009376422 1,000000001331156 0,9999999996928314 ), 0
( 0,9999999992360402 1,0000000001572062 0,9999999996205553 ), 0
( 0,9999999988303702 1,000000002734877 1,000000003077714 ), 0
( 0,9999999995886505 1,0000000024963194 0,9999999997673247 ), 0
( 0,9999999998754812 1,0000000021972846 1,0000000012621522 ), 0
( 0,9999999997188691 1,000000001584395 1,0000000017233066 ), 0
( 1,0000000002644873 1,0000000015753479 1,0000000010813188 ), 0
( 0,9999999989349324 1,0000000020376265 1,0000000022315425 ), 0
( 0,9999999989422811 1,000000002813331 1,0000000021899071 ), 0
( 1,0000000000269376 1,0000000000974645 1,0000000000860356 ), 0
( 0,9999999982351095 1,0000000012980192 1,0000000024772786 ), 0
( 0,999999999775801 0,9999999988472078 1,000000001063551 ), 0
( 0,9999999992032471 1,0000000012248906 0,9999999985710633 ), 0
( 0,9999999988097945 1,0000000030686234 1,0000000024382465 ), 0
( 0,9999999999110548 1,0000000004492502 1,0000000015215529 ), 0
( 1,0000000005982934 1,0000000018981896 1,000000001799494 ), 0
( 0,9999999989064193 0,9999999990238044 0,9999999997305095 ), 0
( 0,9999999989353155 1,000000002384728 1,0000000034109549 ), 0
( 1,0000000001763272 1,0000000019468833 1,0000000010461463 ), 0
( 0,999999999253925 1,0000000019992368 1,000000001955861 ), 0
( 0,999999997967537 1,0000000010454744 0,9999999989060604 ), 0
( 0,9999999982115396 1,0000000006684986 1,0000000018835298 ), 0
( 1,0000000000060953 1,000000002146981 1,0000000020697293 ), 0
( 1,000000000595088 1,0000000004984053 1,000000002550175 ), 0
( 0,9999999976895252 1,000000001604805 1,0000000020839728 ), 0
( 1,00000000018507 1,000000001862007 1,000000001980471 ), 0
( 1,0000000005300425 1,00000000087321 1,000000001248323 ), 0
( 0,9999999999198934 1,0000000021932465 1,000000001268684 ), 0
( 1,0000000011318788 1,000000000784841 0,9999999996169114 ), 0
( 0,999999999170562 1,0000000025358717 1,0000000027883786 ), 0
( 0,9999999989449692 1,0000000023854299 1,0000000011749568 ), 0
( 1,000000000936056 0,9999999999998221 1,0000000032863912 ), 0
( 0,9999999987188859 1,0000000026734266 1,0000000024654128 ), 0
( 0,9999999990851828 1,0000000028105385 1,0000000018223478 ), 0
( 1,0000000002630345 1,0000000024902764 1,0000000012967798 ), 0
( 0,9999999997085757 1,0000000002065952 1,0000000010406813 ), 0
( 0,9999999994670742 1,0000000022473738 1,0000000026964355 ), 0
( 0,9999999995383674 1,0000000009757128 1,0000000012194057 ), 0
( 0,9999999992795144 1,0000000014778356 1,0000000021295312 ), 0
( 1,000000001439063 1,0000000001856026 1,000000002107141 ), 0
( 0,9999999992626706 1,0000000026550708 1,0000000028178129 ), 0
( 0,9999999994166422 1,0000000006639445 1,0000000031983352 ), 0
( 0,9999999992508996 0,9999999997518663 0,9999999999752756 ), 0
( 0,9999999997826567 1,0000000018319088 1,0000000017535688 ), 0
( 1,0000000001811298 1,0000000012973032 1,0000000012982055 ), 0
( 0,9999999993284463 1,0000000013370385 1,0000000029717266 ), 0
( 0,9999999986669709 1,0000000021650168 1,0000000027523004 ), 0
( 1,0000000012641865 1,0000000014146952 1,0000000024129807 ), 0
( 0,9999999995613064 1,000000002245393 1,0000000022473108 ), 0
( 0,9999999994518519 1,000000002048497 1,0000000020368203 ), 0
( 0,9999999986714248 1,0000000012497996 1,0000000024408677 ), 0
( 0,9999999998961091 1,0000000026181535 1,0000000005369558 ), 0
( 0,9999999998193516 1,0000000026902593 1,0000000022693993 ), 0
( 0,9999999986668032 1,0000000021355326 1,0000000025954123 ), 0
( 0,9999999996226625 1,0000000015825767 1,0000000024865947 ), 0
( 0,9999999991432954 1,0000000022008344 1,0000000021751543 ), 0
( 0,9999999987583695 1,000000000769507 1,0000000022574997 ), 0
( 1,0000000013411827 1,0000000012241403 1,0000000017660666 ), 0
( 0,9999999997308582 1,0000000011518064 1,0000000021937827 ), 0
( 0,9999999994714914 1,0000000011036636 0,9999999998840536 ), 0
( 0,9999999996388601 1,0000000010996133 1,000000001650033 ), 0
( 0,9999999988697625 1,000000002546631 1,000000002564781 ), 0
( 0,9999999996675649 0,9999999997944319 1,000000001540233 ), 0
( 0,9999999985572328 0,9999999988469963 1,0000000000413953 ), 0
( 1,0000000010682892 1,0000000013492227 1,0000000004106373 ), 0
( 0,9999999988659308 1,0000000013368595 1,0000000001937657 ), 0
( 1,0000000006559888 1,0000000023731457 1,0000000013665247 ), 0
( 0,9999999991888485 1,0000000024838847 1,0000000028109726 ), 0
( 0,9999999974780223 1,0000000003517033 1,0000000005380207 ), 0
( 0,9999999993138972 1,0000000018791468 1,0000000026686253 ), 0
( 1,0000000007108358 1,0000000026249554 1,0000000007739107 ), 0
( 0,999999999307568 0,9999999995654202 1,0000000005347796 ), 0
( 0,9999999993475451 1,0000000009431798 1,0000000029220828 ), 0
( 0,999999998849964 1,0000000018339252 1,0000000029694236 ), 0
( 0,9999999994532613 1,0000000009252246 1,0000000015967563 ), 0
( 0,9999999996334892 0,9999999998550251 1,0000000015912105 ), 0
( 0,9999999987298684 1,0000000025858287 1,00000000302321 ), 0
( 1,0000000001616123 1,0000000016644826 1,0000000011147565 ), 0
( 1,0000000002833742 0,9999999992514529 1,0000000016251973 ), 0
( 0,9999999988007722 1,0000000021889033 1,00000000261136 ), 0
( 0,9999999999904922 1,0000000013791388 1,000000001066555 ), 0
( 0,9999999993152436 1,0000000019613329 1,0000000012490262 ), 0
( 0,9999999990484059 1,0000000026497835 1,000000003062419 ), 0
( 0,999999998413337 1,000000001037544 1,000000000797652 ), 0
( 0,9999999991411025 1,0000000026978388 1,0000000031423533 ), 0
( 0,9999999998222592 1,0000000001923788 1,0000000019957282 ), 0
( 0,9999999993792063 1,0000000030258995 1,0000000016017165 ), 0
( 0,9999999988654308 1,0000000015661474 1,0000000024204845 ), 0
( 0,9999999996424872 0,9999999996374003 1,0000000011717294 ), 0
( 0,9999999993754353 1,0000000008629268 1,0000000021204174 ), 0
( 0,9999999981956986 0,9999999995921132 0,9999999992643249 ), 0
( 0,99999999928835 1,000000000817713 1,0000000019192488 ), 0
( 0,999999998496847 1,0000000024724691 1,000000002809783 ), 0
( 1,0000000001043268 1,0000000006057486 1,000000001649257 ), 0
( 1,0000000012893706 0,9999999997752677 1,000000001101901 ), 0
( 0,9999999991987716 1,0000000018053792 1,0000000010812948 ), 0
( 1,0000000003535219 1,0000000016412895 1,0000000029026492 ), 0
( 0,999999997591212 1,0000000009957177 1,0000000021574322 ), 0
( 0,9999999990781876 1,0000000010527996 1,0000000011303676 ), 0
( 0,999999998617834 1,000000002420258 1,0000000025318247 ), 0
( 1,0000000008203993 1,0000000016934218 1,0000000018795083 ), 0
( 0,9999999987053626 1,0000000010218684 1,0000000026810767 ), 0
( 0,9999999991453778 1,0000000019442916 1,0000000005100234 ), 0
( 0,9999999993472726 1,000000001113587 1,0000000009019128 ), 0
( 0,9999999987133601 1,0000000013900228 1,0000000020111697 ), 0
( 1,0000000002760805 1,000000002609254 1,0000000021432764 ), 0
( 0,9999999998729312 0,9999999988371977 1,0000000027930485 ), 0
( 1,0000000006001684 0,9999999988438061 1,0000000017450026 ), 0
( 0,9999999987766877 0,9999999998898323 1,0000000021752824 ), 0
( 1,00000000240077 1,000000000029258 1,000000001714243 ), 0
( 0,999999999613367 1,0000000017662543 1,0000000024852933 ), 0
( 0,9999999982750325 1,0000000003960021 1,0000000006199292 ), 0
( 0,9999999997035842 1,0000000017447663 1,000000002220493 ), 0
( 1,0000000004183593 1,000000000728577 1,0000000009638181 ), 0
( 0,9999999993308145 1,0000000013256183 1,00000000219155 ), 0
( 0,9999999986946301 1,0000000020840736 1,0000000013438561 ), 0
( 0,9999999991021609 1,000000001082234 1,0000000018091184 ), 0
( 0,9999999991272639 1,000000002144224 1,0000000023519882 ), 0
( 1,0000000000912357 1,0000000014864532 0,9999999995699156 ), 0
( 0,9999999982348515 1,0000000014291726 1,000000002300706 ), 0
( 0,9999999992557781 1,0000000023384497 1,0000000023238111 ), 0
( 1,000000000484386 1,000000001390226 1,000000003292468 ), 0
( 0,9999999999607356 1,0000000013833485 1,0000000029411191 ), 0
( 0,9999999987116399 1,00000000102725 1,0000000020351796 ), 0
( 0,9999999988437465 1,00000000207874 1,0000000035338128 ), 0
( 0,9999999994358667 1,0000000024066389 1,000000002097294 ), 0
( 0,9999999997571517 1,000000002222574 1,0000000016039203 ), 0
( 1,0000000002229772 0,9999999996125157 1,0000000003711877 ), 0
( 0,9999999992404941 1,000000001305211 1,000000003236935 ), 0
( 0,9999999999162112 1,0000000015718469 1,0000000018697603 ), 0
( 0,9999999979274147 1,0000000010755254 1,0000000011557657 ), 0
( 1,0000000004261838 0,9999999990641143 1,0000000035888377 ), 0
( 0,9999999993429777 1,000000000179223 1,0000000007276355 ), 0
( 0,9999999993076942 0,9999999998236545 1,0000000020223192 ), 0
( 1,0000000004158953 0,9999999994720431 1,000000000856551 ), 0
( 0,9999999990507565 1,0000000026361735 1,0000000023754774 ), 0
( 1,000000000275523 1,0000000004901937 1,0000000017813402 ), 0
( 1,000000000229429 1,0000000005901513 1,0000000007052134 ), 0
( 0,9999999982110903 1,0000000003634306 1,0000000012700965 ), 0
( 0,9999999990212898 1,000000002755579 1,0000000030675538 ), 0
( 0,9999999996505093 1,0000000020745152 1,0000000021464368 ), 0
( 0,9999999991120341 1,0000000019503654 1,0000000027501872 ), 0
( 0,9999999993836047 1,0000000027788258 1,0000000010141907 ), 0
( 0,9999999993326011 1,0000000020189688 1,0000000029489933 ), 0
( 0,999999998559941 1,0000000013371606 1,0000000021215183 ), 0
( 1,0000000000381744 1,00000000193636 1,0000000021370548 ), 0
( 0,9999999988480289 1,0000000000085045 1,0000000013954244 ), 0
( 0,9999999998158067 0,9999999993532749 1,0000000005456329 ), 0
( 1,0000000001722607 1,0000000024568332 0,9999999998804416 ), 0
( 0,9999999982919555 1,000000001080536 1,0000000013872608 ), 0
( 0,9999999990820604 1,000000000661783 1,0000000009978691 ), 0
( 0,9999999987874774 1,0000000034679497 1,0000000018469433 ), 0
( 0,9999999984472115 1,0000000015504948 1,0000000024435958 ), 0
( 0,9999999988836644 1,0000000024882496 1,0000000027924287 ), 0
( 0,9999999992768419 1,0000000022560676 1,000000002488388 ), 0
( 0,9999999990802616 1,0000000014027453 1,0000000025033973 ), 0
( 0,9999999987644177 1,000000001435702 1,0000000021233055 ), 0
( 0,9999999988474554 1,0000000005741554 1,000000002441013 ), 0
( 1,00000000054452 1,0000000018837043 1,0000000010828323 ), 0
( 0,9999999997533934 1,000000002230404 1,0000000032831262 ), 0
( 0,9999999996951047 1,0000000027001492 1,0000000022720104 ), 0
( 0,999999998948104 1,0000000025387128 1,000000002843083 ), 0
( 0,9999999986610799 1,0000000018647912 1,0000000013364645 ), 0
( 1,0000000000652456 0,9999999990902371 1,0000000026629474 ), 0
( 1,0000000006554852 0,9999999998930325 1,0000000020327853 ), 0
( 0,9999999992161906 1,0000000004376923 1,0000000004254732 ), 0
( 0,9999999995209454 1,0000000025324463 0,9999999995759463 ), 0
( 0,999999999666187 1,000000000981262 1,00000000189076 ), 0
( 0,9999999994435477 1,0000000023864313 1,0000000026404543 ), 0
( 0,9999999990974484 1,0000000027911946 1,0000000031933027 ), 0
( 1,000000001911509 1,0000000002699538 1,0000000029518394 ), 0
( 1,0000000000281541 1,0000000011032482 1,0000000023126534 ), 0
( 0,99999999956622 1,0000000003289806 1,000000001770974 ), 0
( 0,999999999001232 1,0000000022032502 1,000000002323452 ), 0
( 0,9999999993103651 1,000000002501894 1,0000000024279456 ), 0
( 1,0000000001182787 1,0000000020053779 1,0000000025335283 ), 0
( 0,999999999972874 0,9999999995145501 1,0000000008863121 ), 0
( 0,9999999995401716 1,0000000009903425 1,0000000015208756 ), 0
( 0,9999999972660065 1,0000000009057068 1,000000002504391 ), 0
( 0,9999999985177941 0,9999999982707761 1,000000002859521 ), 0
( 0,9999999964654206 1,000000001672342 1,0000000030751977 ), 0
( 0,9999999997260542 1,0000000022521538 1,0000000033050807 ), 0
( 0,9999999986798181 1,0000000015971746 1,000000002293179 ), 0
( 0,9999999984946519 1,0000000022392799 1,0000000032742902 ), 0
( 1,0000000003951994 1,0000000010446748 1,0000000020536115 ), 0
( 0,9999999987921041 1,0000000010622838 1,0000000011107715 ), 0
( 0,9999999988177914 1,000000002187457 1,0000000028770766 ), 0
( 1,0000000005594074 1,0000000015457582 1,0000000010111898 ), 0
( 0,9999999989442125 1,0000000016768051 1,0000000017163087 ), 0
( 0,9999999996752102 0,9999999990651752 0,9999999986255543 ), 0
( 0,9999999994871535 1,0000000001321823 1,000000000667565 ), 0
( 0,9999999987418338 1,0000000014115937 1,0000000021913364 ), 0
( 0,9999999976113649 1,0000000003074774 1,0000000000586815 ), 0
( 1,0000000003866976 1,0000000015774888 1,0000000015138237 ), 0
( 0,9999999988893465 1,0000000023052724 1,0000000024631723 ), 0
( 0,9999999999104147 1,0000000022582183 1,000000003051518 ), 0
( 0,999999999176023 1,000000001496487 1,0000000007682939 ), 0
( 1,0000000004061547 1,0000000013989232 1,000000002816602 ), 0
( 0,9999999991439635 1,0000000007009737 1,0000000011416383 ), 0
( 0,9999999989640903 1,0000000021722713 1,0000000018855297 ), 0
( 0,9999999988275038 1,0000000024011808 1,000000003034937 ), 0
( 0,9999999989240459 1,0000000006647338 1,0000000014470398 ), 0
( 0,9999999999553942 1,0000000004529512 1,000000000137448 ), 0
( 0,9999999995655484 0,9999999994225282 0,9999999996399259 ), 0
( 1,000000000102155 1,00000000197717 1,0000000018194772 ), 0
( 1,0000000000157985 1,0000000001999254 1,000000001164826 ), 0
( 1,0000000000267597 1,000000001382383 1,0000000024885332 ), 0
( 0,9999999983381764 1,0000000019621649 1,0000000028697573 ), 0
( 0,9999999995511071 1,0000000016293202 1,0000000019143835 ), 0
( 0,9999999990188521 1,0000000024209417 1,0000000030356238 ), 0
( 0,9999999994232553 1,000000002499628 1,0000000025101665 ), 0
( 0,9999999997131266 1,0000000000531444 1,0000000023587226 ), 0
( 1,0000000009999035 0,9999999998070693 0,9999999996986565 ), 0
( 0,9999999989179263 0,9999999992285856 0,999999999504456 ), 0
( 0,9999999995375799 1,0000000017181252 1,000000001334491 ), 0
( 0,9999999985148714 1,0000000012988426 1,0000000018433575 ), 0
( 0,9999999995708169 1,0000000014477695 1,0000000022469318 ), 0
( 0,9999999999075923 1,0000000012273453 1,0000000027313114 ), 0
( 1,0000000003501637 1,0000000024483142 1,0000000021931523 ), 0
( 1,0000000020314073 1,0000000007906167 0,9999999982397005 ), 0
( 0,9999999993413753 1,000000001824927 1,000000002074384 ), 0
( 0,9999999996346116 1,0000000000732627 1,0000000016848045 ), 0
( 1,0000000010625822 1,0000000008471481 1,0000000013610537 ), 0
( 0,9999999978413622 1,0000000009226442 1,0000000014064907 ), 0
( 0,9999999984749712 0,9999999998407516 1,0000000024230793 ), 0
( 1,0000000003602258 1,000000001846692 1,0000000007910275 ), 0
( 0,9999999996524969 1,000000002826721 1,0000000029792135 ), 0
( 0,9999999987649093 1,0000000014856116 1,000000000287602 ), 0
( 0,999999998873385 1,0000000014107062 1,0000000005469318 ), 0
( 0,9999999996556269 1,0000000026226248 1,0000000025580849 ), 0
( 0,9999999990997447 1,0000000022817026 1,0000000027327132 ), 0
( 1,0000000005939311 1,0000000017474477 1,0000000025672644 ), 0
( 0,9999999992097194 1,000000001324733 1,0000000021638467 ), 0
( 0,9999999994275423 1,0000000022957627 1,0000000029553793 ), 0
( 0,9999999988686944 1,00000000327026 1,0000000028571499 ), 0
( 1,0000000021389366 0,9999999996423061 1,0000000010731915 ), 0
( 0,9999999996436858 1,000000000116465 1,0000000016142403 ), 0
( 0,9999999994570334 1,0000000012331283 1,0000000020475122 ), 0
( 0,9999999987393535 1,0000000020804838 1,0000000030461467 ), 0
( 0,9999999994187685 0,9999999998579151 1,000000000733137 ), 0
( 0,9999999990656716 1,0000000022041622 1,0000000030542708 ), 0
( 0,9999999996937063 1,0000000023574402 1,0000000023129234 ), 0
( 0,9999999996926393 1,0000000012191745 1,0000000022052473 ), 0
( 0,9999999999115767 1,000000002708307 1,0000000022648166 ), 0
( 0,9999999993107508 0,9999999999020436 1,0000000010677328 ), 0
( 1,0000000022686242 0,9999999995581896 1,0000000016858335 ), 0
( 0,9999999989589242 0,9999999990562899 1,0000000018161777 ), 0
( 0,9999999988994036 1,0000000024480316 1,0000000024286373 ), 0
( 1,0000000003723661 1,000000000797869 1,0000000008208536 ), 0
( 0,9999999999974231 1,0000000009029413 1,0000000025426186 ), 0
( 0,999999998708503 1,000000002530699 1,0000000026389622 ), 0
( 1,0000000005117022 0,9999999999820788 1,0000000002079055 ), 0
( 1,0000000010545729 1,0000000022996625 1,000000002840725 ), 0
( 0,9999999997581321 1,0000000019134088 1,000000002290432 ), 0
( 0,9999999989992318 1,0000000023985294 1,0000000023222693 ), 0
( 0,9999999985614709 1,000000001972266 1,0000000022357443 ), 0
( 0,9999999993085231 1,0000000016682664 1,0000000031535543 ), 0
( 0,9999999990900261 1,0000000006912495 1,000000003292324 ), 0
( 0,999999998855831 1,000000001672217 1,0000000023709747 ), 0
( 1,0000000011979002 1,0000000010784151 1,0000000019525492 ), 0
( 0,9999999998325378 1,0000000022509041 1,00000000246032 ), 0
( 1,0000000011690655 1,0000000013606427 0,9999999992124718 ), 0
( 0,999999998704737 1,000000000690267 1,0000000014392076 ), 0
( 1,0000000025451938 1,0000000004609866 1,0000000021732856 ), 0
( 1,0000000003041951 1,0000000010053607 1,0000000008414 ), 0
( 1,0000000000363227 1,0000000013107722 1,0000000021151714 ), 0
( 0,9999999988707371 1,000000001903659 1,0000000028348675 ), 0
( 1,0000000003136655 0,9999999997990721 1,0000000018188042 ), 0
( 0,9999999987693002 1,0000000020645101 1,0000000030380267 ), 0
( 0,9999999992998228 1,0000000020536857 1,00000000245101 ), 0
( 0,9999999984856255 1,0000000014254145 1,0000000024034994 ), 0
( 0,9999999987846574 1,0000000005109018 1,0000000010685706 ), 0
( 0,9999999984591158 1,0000000008082661 1,0000000007195493 ), 0
( 0,9999999981928076 1,000000001174267 1,0000000020940996 ), 0
( 0,9999999972526045 0,9999999988362559 1,0000000022727982 ), 0
( 1,0000000002064233 1,0000000002543379 1,000000000089044 ), 0
( 0,9999999995924833 0,999999999406856 1,0000000024576925 ), 0
( 0,9999999990805916 1,0000000004083713 1,000000002365262 ), 0
( 0,9999999994320513 0,999999999167803 1,000000001829062 ), 0
( 1,0000000000809761 1,0000000011481112 1,0000000021241933 ), 0
( 0,9999999987639508 1,0000000024572981 1,0000000017639892 ), 0
( 0,9999999988727504 1,0000000013244845 1,0000000020718671 ), 0
( 1,0000000000294502 1,0000000013756443 1,000000002798989 ), 0
( 0,9999999999499448 1,000000002451255 1,0000000021600677 ), 0
( 0,9999999988224625 1,0000000023196578 1,0000000016256045 ), 0
( 0,9999999989255823 1,0000000006672713 1,0000000014099435 ), 0
( 0,9999999996023531 1,000000000258985 1,0000000006441134 ), 0
( 0,999999998048299 1,0000000015736952 1,0000000024776503 ), 0
( 1,0000000003809275 1,0000000009644183 1,0000000020343698 ), 0
( 0,9999999987552113 1,0000000021691837 1,0000000019892632 ), 0
( 0,999999999712884 0,9999999969583822 0,9999999985938525 ), 0
( 0,9999999990644647 1,0000000007976573 1,0000000032434244 ), 0
( 0,9999999993403833 1,0000000024318503 1,0000000022497495 ), 0
( 0,9999999998810337 0,9999999997609452 1,000000001145719 ), 0
( 0,9999999989246089 1,0000000028633202 1,0000000031487277 ), 0
( 0,9999999992264451 1,000000002078949 1,0000000014743835 ), 0
( 1,0000000007781982 1,0000000015104655 1,0000000024262399 ), 0
( 1,0000000008657006 1,0000000021008053 0,9999999979907055 ), 0
( 0,999999999195572 1,0000000022537694 1,0000000028573168 ), 0
( 1,0000000002485026 1,0000000001717149 1,000000001500731 ), 0
( 0,999999998737462 0,9999999999638272 1,0000000005051195 ), 0
( 0,9999999998927761 1,0000000001811111 1,0000000017236046 ), 0
( 0,99999999951612 1,0000000003716154 1,0000000016850408 ), 0
( 1,0000000000518259 1,000000002244699 1,0000000016335557 ), 0
( 0,9999999985955175 1,000000002339236 1,0000000024954776 ), 0
( 1,0000000019200035 1,0000000012738075 0,9999999987717964 ), 0
( 0,9999999993739753 1,000000000522921 1,0000000025534552 ), 0
( 0,9999999993959847 1,0000000021556892 1,0000000022292053 ), 0
( 0,9999999986497456 1,0000000030240688 1,0000000028432605 ), 0
( 0,9999999996803481 1,000000000827284 1,0000000020135533 ), 0
( 0,9999999991593292 1,0000000025141365 1,0000000026476805 ), 0
( 1,0000000002266367 1,0000000010494834 1,0000000021581972 ), 0
( 0,9999999990504506 1,000000002085409 1,0000000026917646 ), 0
( 1,0000000003195706 1,0000000018905635 1,0000000018072215 ), 0
( 0,9999999979405363 1,0000000010220105 1,0000000009373833 ), 0
( 1,0000000005790617 1,0000000015239094 1,0000000011371746 ), 0
( 0,9999999986751803 1,0000000026665314 1,0000000027759879 ), 0
( 0,9999999993003343 1,000000002402997 1,0000000029159473 ), 0
( 0,9999999989667072 1,0000000017502153 1,0000000020742636 ), 0
( 0,9999999991981143 1,0000000016257684 1,0000000019477036 ), 0
( 0,999999998709683 1,000000001167866 1,000000003464434 ), 0
( 0,9999999978588924 0,9999999987372932 1,0000000022638456 ), 0
( 0,9999999986236614 1,0000000011409267 1,0000000023413247 ), 0
( 0,9999999994772634 1,000000001268734 1,0000000010854768 ), 0
( 0,9999999987129445 1,0000000027631635 1,0000000031767458 ), 0
( 0,9999999992196679 1,0000000015585735 1,0000000012790098 ), 0
( 0,9999999987559084 1,0000000020467876 1,000000002626214 ), 0
( 0,9999999989816449 1,0000000022902604 1,0000000031646705 ), 0
( 0,9999999983917927 1,0000000013436423 1,000000001546036 ), 0
( 1,0000000006120926 1,000000000876618 1,0000000004432195 ), 0
( 0,999999998766517 1,0000000021493212 1,0000000022991415 ), 0
( 0,9999999991125615 1,0000000027213685 1,0000000028469893 ), 0
( 1,0000000011887111 1,0000000014508916 1,0000000009506838 ), 0
( 1,000000000226394 1,0000000025104567 1,0000000019512734 ), 0
( 0,9999999987275913 1,0000000009741954 1,0000000021613276 ), 0
( 1,000000000103392 1,0000000000700917 0,9999999984494625 ), 0
( 1,0000000026174758 1,0000000007834189 1,0000000030672371 ), 0
( 0,999999999040646 1,0000000014790875 1,0000000027316602 ), 0
( 0,9999999991894375 1,0000000014730104 1,0000000017134936 ), 0
( 0,9999999989028684 1,0000000027333265 1,0000000023515692 ), 0
( 0,9999999998537217 1,0000000020284352 1,000000002671666 ), 0
( 0,9999999993688623 1,000000000752113 1,0000000003833258 ), 0
( 0,9999999982932896 0,9999999993393367 1,0000000008439585 ), 0
( 0,9999999987688839 1,000000001414065 1,0000000010704548 ), 0
( 0,9999999988414346 1,0000000014702113 1,0000000013341608 ), 0
( 0,9999999989659537 1,0000000020126323 1,00000000122067 ), 0
( 1,0000000020829587 1,000000000878223 1,0000000017588275 ), 0
( 0,9999999989612894 1,0000000020012088 1,0000000026457532 ), 0
( 0,9999999995750938 1,0000000014600883 1,0000000016655242 ), 0
( 0,9999999991269581 1,0000000023264677 1,000000002057969 ), 0
( 0,9999999970553289 1,0000000012092598 1,0000000004823588 ), 0
( 0,9999999990291822 1,000000001579949 1,0000000023990634 ), 0
( 0,9999999992425342 1,0000000009900596 1,0000000013940116 ), 0
( 1,0000000001165548 1,0000000026893816 1,0000000014308943 ), 0
( 1,0000000015374129 1,000000001081239 0,9999999990461833 ), 0
( 0,9999999980791843 1,0000000016740187 1,0000000025194997 ), 0
( 1,0000000024560958 1,0000000003875718 1,0000000021167739 ), 0
( 0,999999999119777 1,0000000020671944 1,000000002961577 ), 0
( 0,9999999990155194 1,0000000010585035 1,000000002578538 ), 0
( 0,9999999999678243 1,000000000699837 1,0000000017470485 ), 0
( 1,00000000030874 1,0000000030153142 1,0000000018673858 ), 0
( 0,9999999985366986 0,9999999988244707 1,0000000023168236 ), 0
( 0,999999998652619 1,0000000029890124 1,000000003104954 ), 0
( 0,9999999993219355 1,0000000027100542 1,0000000017191872 ), 0
( 1,0000000000016962 1,0000000022114468 0,9999999990540966 ), 0
( 0,9999999988941037 0,9999999988798438 0,9999999995756523 ), 0
( 0,9999999981677048 1,0000000014877115 1,0000000009551766 ), 0
( 1,0000000024188447 1,0000000012524488 0,9999999987259222 ), 0
( 0,9999999993228442 1,0000000029667417 1,0000000021719688 ), 0
( 0,9999999998563623 1,0000000012419177 1,0000000020464541 ), 0
( 0,9999999998533528 1,0000000010062517 1,0000000015303683 ), 0
( 0,9999999992865604 1,0000000024853466 1,0000000028413187 ), 0
( 0,9999999992481035 1,0000000010525043 1,0000000027200422 ), 0
( 1,0000000004884053 1,0000000018117576 1,0000000006797156 ), 0
( 0,9999999989514393 1,0000000017923347 1,0000000027099332 ), 0
( 0,9999999988675606 1,0000000028365676 1,0000000004700185 ), 0
( 1,0000000006118974 0,9999999991426718 0,9999999992877463 ), 0
( 0,9999999994950622 1,000000003023651 1,0000000031877305 ), 0
( 0,9999999987411651 1,0000000012954962 1,0000000023171818 ), 0
( 1,000000000395991 0,9999999988460924 0,9999999982787525 ), 0
( 0,9999999986847282 1,0000000026946498 1,0000000031621608 ), 0
( 1,0000000002877867 1,0000000012623844 1,0000000033923921 ), 0
( 1,0000000000580913 1,00000000239341 1,0000000018016166 ), 0
( 0,9999999987847638 1,0000000004611735 1,0000000008037664 ), 0
( 0,9999999988771155 1,0000000025348812 1,0000000027006894 ), 0
( 0,999999998435173 1,0000000016991308 1,0000000030782754 ), 0
( 0,9999999986886942 1,0000000006419256 1,0000000016955315 ), 0
( 0,9999999995815055 0,9999999993919548 0,9999999993273927 ), 0
( 0,9999999999766558 1,0000000021089046 1,0000000027969531 ), 0
( 0,9999999987808372 1,0000000017592166 1,000000002627647 ), 0
( 0,9999999990876063 1,0000000021438071 1,000000002950229 ), 0
( 0,9999999991824126 0,9999999986329037 1,0000000014915342 ), 0
( 0,9999999988846636 1,0000000014137884 1,000000001970837 ), 0
( 0,999999999987783 1,0000000003618519 1,0000000003101586 ), 0
( 0,9999999992756192 1,0000000009836705 1,000000001416251 ), 0
( 0,9999999987772011 1,0000000015023671 1,000000001999758 ), 0
( 0,9999999994839406 1,0000000018173039 1,0000000006301826 ), 0
( 0,9999999998716566 1,0000000006266647 1,000000001638627 ), 0
( 1,0000000012192471 1,0000000003248406 1,0000000017843276 ), 0
( 1,0000000002120204 1,0000000003671226 1,000000000174052 ), 0
( 0,999999998856692 1,000000000999106 1,0000000032469136 ), 0
( 0,9999999990512596 1,0000000010142076 1,0000000013742214 ), 0
( 0,9999999990938235 1,0000000020137534 1,000000002937795 ), 0
( 1,0000000007961332 1,000000001995198 1,0000000012999675 ), 0
( 0,9999999993066362 1,00000000091165 1,0000000010004064 ), 0
( 1,0000000006589802 1,000000001826649 1,0000000027916385 ), 0
( 0,9999999995867134 1,000000000286638 1,000000001208014 ), 0
( 0,9999999988047915 1,0000000014975743 1,0000000014112518 ), 0
( 1,0000000004932215 1,0000000007274397 1,0000000016804709 ), 0
( 0,999999999099689 1,0000000003997447 1,0000000002245175 ), 0
( 0,9999999989253135 1,000000001437495 1,000000002150018 ), 0
( 0,999999996379227 1,0000000011021821 1,0000000022053068 ), 0
( 0,9999999990127164 1,0000000009024446 1,0000000029605043 ), 0
( 0,9999999990432539 1,0000000021032198 1,0000000017830355 ), 0
( 0,9999999992620676 1,0000000003813991 1,0000000030852025 ), 0
( 0,999999999061417 1,0000000019143864 1,0000000018023492 ), 0
( 0,9999999989166816 1,000000000080046 1,0000000016444563 ), 0
( 1,0000000000085705 0,9999999994155331 1,0000000018206134 ), 0
( 0,9999999994694083 1,0000000015805885 1,000000000229053 ), 0
( 0,9999999987348633 1,0000000008998968 1,0000000015426018 ), 0
( 1,0000000005890715 0,9999999988500186 1,0000000030418 ), 0
( 0,9999999997843658 1,0000000020011115 1,0000000029406722 ), 0
( 0,9999999988933673 1,0000000007576213 1,0000000004865257 ), 0
( 0,999999998241618 1,0000000006962628 1,0000000013434474 ), 0
( 0,9999999981346211 1,0000000002540026 1,0000000017624457 ), 0
( 0,999999997944642 1,0000000016227832 0,9999999996096104 ), 0
( 0,9999999995591046 1,0000000007640357 1,000000002758763 ), 0
( 0,9999999985916761 1,0000000009076846 1,0000000016528423 ), 0
( 0,9999999988463649 1,00000000227052 1,0000000027289566 ), 0
( 0,9999999994568605 1,0000000019551791 1,000000001013847 ), 0
( 0,9999999987284421 1,0000000008208865 1,0000000023040019 ), 0
( 1,000000000737617 1,0000000019528075 1,0000000013616637 ), 0
( 0,9999999988531627 1,000000001681569 1,0000000024930848 ), 0
( 0,999999998560822 1,0000000007009326 1,0000000014455661 ), 0
( 1,000000001074299 0,999999999529181 0,9999999998168905 ), 0
( 0,9999999989512462 1,000000000568567 1,000000002879191 ), 0
( 0,9999999984343443 1,0000000011334473 1,0000000016473956 ), 0
( 0,9999999988198726 1,000000003048414 1,0000000010910886 ), 0
( 1,0000000019289794 1,0000000003443061 1,000000001738299 ), 0
( 0,9999999993265629 0,9999999997930497 0,9999999999052415 ), 0
( 0,9999999987970855 0,9999999988591785 0,9999999989998989 ), 0
( 1,000000000908517 0,9999999985966069 0,9999999979745878 ), 0
( 0,9999999992197972 1,0000000010378334 0,9999999997103096 ), 0
( 1,000000000208386 1,000000001298123 1,000000000450924 ), 0
( 0,999999999181956 1,0000000006109064 1,000000000766603 ), 0
( 0,9999999989899324 1,0000000030520295 1,000000002618255 ), 0
( 0,9999999950639886 0,9999999954822243 1,0000000004733902 ), 7,105427357601002E-15
( 0,9999999987187892 0,9999999955840718 0,9999999962826062 ), 7,105427357601002E-15
( 0,9999999982312453 1,0000000054403895 1,0000000045477648 ), 1,0658141036401503E-14
( 1,000000000130257 1,0000000091170085 1,0000000071963115 ), 2,4868995751603507E-14
( 0,9999999990758244 0,9999999906485099 0,9999999901985285 ), 3,552713678800501E-14
( 0,9999999932469533 0,9999999877166209 1,000000004613749 ), 4,263256414560601E-14
( 0,9999999995780574 0,999999976485947 0,9999999754910736 ), 2,2737367544323206E-13
( 1,0000000029659604 1,0000000495670496 1,000000046786333 ), 9,237055564881302E-13
( 0,9999999846172422 0,9999999870213683 1,0000004289762876 ), 3,658584546428756E-11
( 0,9999999948832665 0,9999995613011073 0,9999990637769155 ), 2,120756903423171E-10
( 1,0000000129336306 1,0000040614951877 1,0000040236806786 ), 6,484629722081081E-09
( 0,9999996797674245 1,0000625541875403 1,0000620495012558 ), 1,5401712332163697E-06
( 0,999997703177427 0,9999012253578278 0,9999018473653245 ), 3,8479423949411284E-06
( 0,999888304405185 0,9999026245137436 0,9999932946481619 ), 4,365191784927447E-06
( 0,9999968359500251 0,9993533328596294 0,9993597742421353 ), 0,00016428378626187623
( 0,986779755787849 0,0011540326360201837 0,017187927710490304 ), 2,0567877120978437
Liczba wywoa funkcji celu: 81040
