Iteracja nr: 24
( 0,9999999632213057 0,9999999894702216 1,0000001066430908 ), 2,547295707699959E-12
( 0,9999999584545272 0,9999999801825594 1,000000111442031 ), 2,8848035071860068E-12
( 0,9999999606741065 0,9999999501969274 0,9999998942351259 ), 3,0198066269804258E-12
( 1,000000064840447 1,0000000769033552 1,0000000791370478 ), 3,254285729781259E-12
( 0,9999999921932313 1,0000000562746156 1,0000001243388024 ), 3,709033080667723E-12
( 0,999999997654903 1,0000000520790353 1,0000001435933183 ), 4,632738637155853E-12
( 0,9999999292674253 1,0000001235067273 1,0000000674274165 ), 4,924061158817494E-12
( 0,9999999721272823 0,9999999542055314 1,0000001768791775 ), 6,778577699151356E-12
( 1,0000000995822298 1,0000001241869496 0,999999889913126 ), 7,435829729729448E-12
( 1,000000074497207 0,99999993361439 1,0000001851255456 ), 8,775202786637237E-12
( 0,9999999745025621 0,9999998225771443 1,0000001101926803 ), 8,782308213994838E-12
( 0,9999998977317559 0,9999998003670988 1,0000000081872602 ), 9,99733629214461E-12
( 1,000000115542774 0,9999998381330372 0,9999998943387244 ), 1,0061285138363019E-11
( 0,999999876785541 1,0000000680947048 1,0000002027180288 ), 1,2086331935279304E-11
( 1,0000001887208971 1,00000006862882 0,9999998450843918 ), 1,27613475342514E-11
( 0,9999997415677656 1,0000001201682949 1,0000000468946741 ), 1,6548540315852733E-11
( 0,9999998818098446 0,9999999143723168 1,0000002647747566 ), 1,8133050616597757E-11
( 1,0000001297347676 1,000000202441681 1,0000001963806684 ), 1,9120705019304296E-11
( 1,0000001682761188 1,0000002485813921 0,9999998782119478 ), 2,0818902157770935E-11
( 1,0000000003375848 1,0000002163544377 1,0000002594355129 ), 2,2637891561316792E-11
( 1,0000001018038163 1,0000003223465825 0,9999999062082412 ), 2,4414248400717042E-11
( 0,9999996643993967 0,999999998438748 0,9999998598681057 ), 2,62403432316205E-11
( 1,0000001072045663 0,9999996939605187 0,9999997285655892 ), 3,54773987965018E-11
( 0,9999999053873458 0,9999998652748615 1,0000003950362082 ), 3,6337155506771524E-11
( 0,9999997547952925 1,0000002633353888 1,0000002600156817 ), 3,909761403519951E-11
( 0,9999999596016018 1,000000257819598 1,0000003897721303 ), 4,3648640257742954E-11
( 1,0000001481916416 1,0000000945835736 1,0000004524697073 ), 4,674660658565699E-11
( 0,999999537670847 1,0000002095101799 1,0000000483474534 ), 5,157829718882567E-11
( 0,9999996797805469 1,0000002721675672 1,0000003368056969 ), 5,7543303455531714E-11
( 0,9999995652829436 1,0000002959946712 0,9999998773856154 ), 5,785949497294496E-11
( 1,0000003068699643 1,0000003767973038 0,999999739853056 ), 6,02753402745293E-11
( 1,0000004154148288 1,0000003327095373 1,0000002017256797 ), 6,426859044950106E-11
( 1,0000000805326423 1,0000005397122282 1,000000178605289 ), 6,540545882671722E-11
( 1,0000005184196534 1,0000001505388512 1,0000001976756083 ), 6,556888365594205E-11
( 1,000000032464417 1,0000004695958904 1,0000003439034293 ), 6,742340019627591E-11
( 0,999999607087437 1,0000002370709211 0,9999996180366962 ), 7,072387120388157E-11
( 1,0000001508973324 1,0000000171856762 1,000000582690806 ), 7,193534656835254E-11
( 1,0000006178011671 1,0000000666718665 1,0000001463570707 ), 8,08526579021418E-11
( 1,0000004837242717 1,0000001628969213 1,0000003901034715 ), 8,187583944163634E-11
( 0,9999997443736485 1,000000499229568 0,9999996419702534 ), 8,783729299466358E-11
( 0,9999995360225518 0,9999995200983136 1,0000000802119589 ), 8,967759868028224E-11
( 1,0000004471260358 0,9999996020025277 0,9999996712686614 ), 9,252687505068025E-11
( 0,9999998397805027 1,0000006067605893 1,0000002824199503 ), 9,395506594955805E-11
( 0,9999998620447694 1,0000006415214489 1,0000002316983225 ), 9,607603601580195E-11
( 1,0000003438148068 1,0000006082505084 1,0000000311034871 ), 9,704592685011448E-11
( 1,0000000205089468 1,000000463688838 1,0000005420705917 ), 1,0103207159772865E-10
( 0,9999994803379759 1,000000494250638 1,0000001308127449 ), 1,0543743655944127E-10
( 1,000000271273249 1,0000000500665693 0,9999993242600408 ), 1,056896792306361E-10
( 0,9999996918248713 1,0000003631812255 1,0000005550633868 ), 1,0613376844048616E-10
( 1,0000000670322309 0,9999992659451554 1,0000000854004918 ), 1,092388401957578E-10
( 0,9999996939304103 0,999999642781568 0,9999994192730209 ), 1,1080913964178762E-10
( 0,9999992849187258 0,9999997761868177 0,9999999180641764 ), 1,1271694688730349E-10
( 1,0000005388992517 0,9999998975528447 0,9999994751736654 ), 1,1434053703851532E-10
( 0,9999995066624627 1,0000003298904483 0,9999995095250465 ), 1,1760192819565418E-10
( 1,0000004192557654 0,9999997101263512 1,0000006089508038 ), 1,2511236491263844E-10
( 0,9999996358711902 0,9999996033723733 1,0000005886076166 ), 1,262527860035334E-10
( 1,0000007281796501 1,0000002013461846 1,000000263287309 ), 1,269917504487239E-10
( 0,9999993897657553 0,999999483064499 1,0000000998102692 ), 1,2887113598480937E-10
( 0,9999991958299937 1,0000001328998587 1,0000001473632858 ), 1,361044610348472E-10
( 0,9999991770814716 1,000000100491287 0,9999999053790946 ), 1,3812950783176348E-10
( 0,9999998107866036 1,0000003246596165 1,0000007511396036 ), 1,3994494452163053E-10
( 0,9999998003420638 1,000000810223232 1,000000095418935 ), 1,3994849723530933E-10
( 1,0000000243744969 1,0000005129278493 1,0000006657474207 ), 1,4024692518432857E-10
( 0,9999996338403015 1,000000590610166 1,0000004907464315 ), 1,4358292332872225E-10
( 0,9999996039230616 0,999999417455462 1,0000004786511878 ), 1,438991148461355E-10
( 1,0000003260064683 0,9999994983412878 0,9999993804548744 ), 1,4716050600327435E-10
( 1,00000041421805 0,9999993365220515 0,9999996081254076 ), 1,518394299182546E-10
( 0,999999630185034 1,0000000262319597 0,9999991763506584 ), 1,6186163520615082E-10
( 1,0000006041990928 0,9999993336497697 0,9999998559019586 ), 1,6463985730297281E-10
( 0,9999992068541093 0,9999998084190654 0,9999995297422346 ), 1,759588030836312E-10
( 0,9999997227517368 0,9999991672371112 1,0000003923573624 ), 1,8337331653128786E-10
( 0,9999995706930405 0,9999992544409609 0,9999995417260196 ), 1,8850698779715458E-10
( 0,9999996455261423 1,000000694922403 1,0000005922960804 ), 1,9033308262805804E-10
( 0,9999999360731915 0,9999990382226499 0,9999996072418716 ), 2,149285194263939E-10
( 1,0000003362756433 0,9999998990458324 1,00000098295778 ), 2,1614710021822248E-10
( 1,0000000854612678 1,0000007641906432 1,0000007073470327 ), 2,1657342585967854E-10
( 0,9999998641628078 0,9999994236737096 1,0000008695337839 ), 2,1955770534987096E-10
( 1,0000001482908836 1,0000001457450185 0,9999989663443558 ), 2,205453597525775E-10
( 0,9999997199607039 0,9999991243268822 0,9999994237292945 ), 2,3356960809906013E-10
( 0,9999999883020674 0,9999993841692245 1,0000009314604756 ), 2,473896643095941E-10
( 0,9999998362158278 0,9999997633286564 0,9999989058296537 ), 2,539515264743386E-10
( 0,9999989641209216 0,9999999855980699 1,0000004780647205 ), 2,582680735940812E-10
( 0,9999996739772118 1,0000006034171334 1,0000009297214834 ), 2,6481217219043174E-10
( 1,00000083849348 0,9999991902337149 1,0000001311077726 ), 2,729834136516729E-10
( 1,000001077416484 1,0000003621369973 1,00000030428897 ), 2,7468161079013953E-10
( 0,9999991766030347 0,999999810595099 1,0000008415652315 ), 2,82135204088263E-10
( 0,9999999260298876 0,9999989582147086 1,0000006743267698 ), 3,0661340133519843E-10
( 0,9999998778443439 1,0000003798926143 0,999998777022986 ), 3,283204819126695E-10
( 1,0000010824184091 1,000000442927257 1,0000005544449884 ), 3,3234925922442926E-10
( 0,9999996955336025 0,9999993358068734 0,9999989277419489 ), 3,340119292261079E-10
( 1,0000007912284823 0,9999990334660467 1,0000004466529122 ), 3,491180677883676E-10
( 1,0000003936432502 1,000000106480511 0,9999987352132542 ), 3,503544121485902E-10
( 0,9999997827112026 1,0000012840189125 1,000000329943591 ), 3,580531426905509E-10
( 1,000001090368481 0,9999992106943113 1,000000033518312 ), 3,596909436964779E-10
( 1,000000188030076 0,9999998698400409 0,9999986474218999 ), 3,7332625879571424E-10
( 1,000000898548301 0,9999999470643519 1,0000010572866618 ), 3,8251357636909233E-10
( 1,0000008010985437 0,9999988517268553 0,9999999202238173 ), 3,901732270605862E-10
( 0,9999986982600109 0,9999997042292681 0,999999545148186 ), 3,9458214473597764E-10
( 1,0000006517276263 1,0000012167204795 0,9999996894837214 ), 3,970939133068896E-10
( 1,0000000430539875 1,000000706268328 0,999998763577789 ), 4,0261483036374557E-10
( 1,00000135593852 0,999999531487531 1,0000000140959835 ), 4,083453575276508E-10
( 0,999999395684632 1,0000012757081709 1,0000003411405256 ), 4,184101953796926E-10
( 0,9999987126852891 0,9999992975732149 1,000000183480166 ), 4,333386982580123E-10
( 0,9999989156972942 0,9999990177769541 1,0000002921468873 ), 4,4158809942018706E-10
( 1,000000003522989 0,9999986662213167 0,9999993186743746 ), 4,4502712626126595E-10
( 1,0000000467834358 1,0000012854873253 0,9999990983074311 ), 4,895746030797454E-10
( 0,9999999851803959 1,0000015831769822 0,9999998188890256 ), 5,03810326790699E-10
( 1,000000655469716 1,00000093151359 1,000001119085305 ), 5,058424790149729E-10
( 1,0000001740437945 1,000001276655366 0,9999990529913688 ), 5,072813280548871E-10
( 1,0000000346892743 0,9999999510865413 1,0000016055944543 ), 5,121556512222014E-10
( 1,0000004483024878 1,0000015548524273 0,999999956696256 ), 5,198685926188773E-10
( 1,0000007409810454 1,0000014456795376 1,0000000599203023 ), 5,242810630079475E-10
( 1,0000014001897457 0,9999999658597644 0,9999991352368262 ), 5,375468958845886E-10
( 1,0000002711504767 0,9999983857206215 0,99999973864081 ), 5,451283868751489E-10
( 1,0000000604121317 1,0000011192304972 0,9999987602515147 ), 5,541664904740173E-10
( 0,9999990675440811 0,9999994102686073 1,0000012578389472 ), 5,553815185521671E-10
( 1,00000053600553 1,0000004536122677 1,0000015265106579 ), 5,60120838599687E-10
( 1,0000008446561472 1,0000002802872887 1,000001443638074 ), 5,705942385247909E-10
( 1,0000007381719045 0,9999985381751457 1,0000004672528349 ), 5,753690857090987E-10
( 1,00000023864567 1,0000005694283356 1,0000015873146952 ), 5,754898779741779E-10
( 0,9999984489837124 0,9999995723013198 1,0000006059646915 ), 5,864002616817743E-10
( 0,9999986741889823 1,0000010467204654 0,9999996500550737 ), 5,903899591430672E-10
( 1,0000001958175784 0,9999983494728368 0,9999994953959468 ), 5,985896223137388E-10
( 0,9999986423420159 0,9999989400006786 0,9999997119590693 ), 6,050591139228345E-10
( 1,0000007253257852 0,9999984402673062 1,0000003716614054 ), 6,144205144664738E-10
( 1,000000047844976 1,0000016605055744 1,0000006595582691 ), 6,33775698588579E-10
( 0,9999992852822857 0,9999991447574611 1,0000014269057604 ), 6,503952931780077E-10
( 1,0000016416945094 0,9999997284064829 1,0000007342392392 ), 6,562892451711377E-10
( 0,9999996010963403 0,9999990510200985 0,9999984922473275 ), 6,612452807530644E-10
( 1,000001092242393 0,999999147031383 1,0000011953581114 ), 6,645031191965245E-10
( 0,99999899383388 0,9999998255735455 1,000001520501375 ), 6,655511697317706E-10
( 0,9999992939450854 1,000001338063601 1,0000010494408327 ), 6,725997536705108E-10
( 1,000001138997681 1,000001359043949 1,000000529695449 ), 6,79470701925311E-10
( 0,9999983039830989 1,00000064097886 1,0000004461785814 ), 6,916742734119907E-10
( 0,9999990560326782 1,000001006472344 1,0000012715727675 ), 6,985310108120757E-10
( 1,000001262829483 0,9999988454512775 0,9999992065560438 ), 7,057323614390043E-10
( 0,9999984778611924 0,9999999008131603 0,9999988829639652 ), 7,091536247116892E-10
( 1,0000003823330637 1,0000009864083736 1,0000015689774877 ), 7,104183907813422E-10
( 1,000001122089722 0,9999988690902692 0,9999989507563485 ), 7,219398412416922E-10
( 0,9999997365320427 1,0000009748173961 1,0000016384030908 ), 7,348575081778108E-10
( 1,0000007982452028 1,0000017506701837 0,9999997549040043 ), 7,463718532108032E-10
( 0,9999988185554173 1,000001115801613 0,9999989389998907 ), 7,472529262031458E-10
( 1,0000000743508792 0,999998124048361 1,0000005369211475 ), 7,564651127722755E-10
( 1,000000990458038 1,0000000835302434 0,9999983151119922 ), 7,59214913159667E-10
( 0,9999993348193058 1,0000008782144425 1,0000016181410996 ), 7,602594109812344E-10
( 1,0000005255415063 0,9999981707112965 0,9999995246585451 ), 7,634994858563005E-10
( 1,0000011270266538 1,0000015943686162 1,0000003583015669 ), 7,81778197733729E-10
( 1,00000013078518 0,9999979662690096 0,9999998149254246 ), 8,307523557959939E-10
( 1,0000012518051606 0,9999984652764752 1,0000005347966598 ), 8,349161362275481E-10
( 0,9999996234531294 0,9999983981604008 0,9999987676378732 ), 8,384830607610638E-10
( 1,0000000584494682 0,999998545583111 0,9999985415522161 ), 8,423342023888836E-10
( 1,0000013508472452 1,0000000325087215 1,0000015578517303 ), 8,437126552962582E-10
( 0,9999999172083236 1,0000010225477873 1,0000018040509382 ), 8,544880358840601E-10
( 0,9999999203954729 0,9999986133652893 0,9999984453653947 ), 8,622080827080936E-10
( 0,9999983354089967 0,9999997374952231 1,0000012323678138 ), 8,646949822832539E-10
( 0,9999987178740521 0,9999984789681828 0,9999993600148217 ), 8,663718631396478E-10
( 1,0000016539073495 1,0000000965391356 1,0000012745936335 ), 8,668408213452494E-10
( 1,000000631137868 1,0000019142434844 0,9999994453825184 ), 8,67025562456547E-10
( 1,00000007337648 1,0000019393015478 0,9999992002449706 ), 8,740919099636812E-10
( 0,9999998824133352 0,9999984406924806 1,0000014282078098 ), 8,897984571376583E-10
( 0,9999997240034496 0,9999987196443384 0,9999983234574513 ), 8,97976804026257E-10
( 1,0000008027879355 1,0000019723519662 0,9999999460014946 ), 9,002150136439013E-10
( 0,9999978705110402 1,0000001094710311 0,9999998686391972 ), 9,054588190338109E-10
( 0,999999270115283 0,9999981197287816 1,0000007188306212 ), 9,096012831832923E-10
( 1,000001151992185 1,000001060165018 1,0000014914252515 ), 9,275602508296288E-10
( 1,0000004928979511 0,9999991183886531 1,00000191730498 ), 9,316991622654314E-10
( 0,9999984690571124 0,999999440919201 1,000001429074934 ), 9,32168120471033E-10
( 0,9999979609144994 1,0000002936932308 0,9999992505240696 ), 9,534417699796904E-10
( 0,9999989263356833 0,9999995486309369 1,0000019177976955 ), 9,987957128032576E-10
( 1,0000016525412632 1,0000013860005093 0,9999993169969168 ), 1,0154437291021168E-09
( 0,9999979013964547 1,000000442474248 0,9999992746256052 ), 1,016971395984001E-09
( 1,0000004373512097 0,9999978146651533 1,0000004049281057 ), 1,017934181390956E-09
( 0,9999992986491916 0,9999979915991201 0,9999991590974964 ), 1,0381207005139004E-09
( 0,9999990606324005 0,9999988888761492 0,9999982042166419 ), 1,059781595813547E-09
( 0,9999996498427924 0,9999986517518877 0,9999981467293683 ), 1,066354116119328E-09
( 1,0000011184812865 0,9999992248010622 0,9999980963499195 ), 1,0863558941309748E-09
( 1,0000001332016952 0,999998536915741 0,9999981748910355 ), 1,0890488510995056E-09
( 0,999999683884578 1,0000018706468408 1,0000013931832576 ), 1,0991314525199414E-09
( 0,9999982279690716 1,0000003583612609 1,0000015240274318 ), 1,1092460283634864E-09
( 1,000002121830093 1,0000009513475652 0,9999995207378977 ), 1,118316106385464E-09
( 0,9999995377199985 1,0000015139466114 1,0000017854568422 ), 1,1295639978925465E-09
( 0,9999995155195965 0,99999836068043 1,0000016670728185 ), 1,1310774539197155E-09
( 1,0000005313893268 1,0000007790107408 1,0000021938096022 ), 1,1312408787489403E-09
( 0,9999984357410572 0,9999989615407525 0,9999984919351883 ), 1,1505889574436878E-09
( 1,0000003455921114 1,000001075612324 1,0000021287530876 ), 1,1522551801590453E-09
( 1,0000016109352643 1,0000004664741977 0,9999982660246224 ), 1,1545182587724412E-09
( 1,0000003625235319 1,0000010600072884 1,000002140844404 ), 1,158262818989897E-09
( 0,999998354294436 1,0000005112131145 1,000001737133199 ), 1,1878356076522323E-09
( 1,0000007203112977 0,9999999042694757 0,9999976632092905 ), 1,188091403037106E-09
( 1,000000475037079 0,9999976624170933 0,9999994167136536 ), 1,1963372514856019E-09
( 0,9999997148101638 0,9999977095348748 1,0000008644597038 ), 1,205204824827888E-09
( 1,000002396229716 0,9999998924339831 1,0000006017551473 ), 1,2132836957334803E-09
( 1,0000013383256774 0,9999979547461902 0,9999994288573469 ), 1,2499441481850226E-09
( 1,0000009235007759 0,9999978183333638 0,9999991678849816 ), 1,250846537459438E-09
( 1,0000006598040363 0,9999976912901652 1,0000007595665235 ), 1,2582859199028462E-09
( 1,0000008006902972 0,9999989325779324 1,0000021365071445 ), 1,2588294850957027E-09
( 0,9999997201398616 1,0000017058587478 1,0000018338608148 ), 1,2600480658875313E-09
( 1,0000005963740255 1,000001266062577 1,0000020994157721 ), 1,262989712813578E-09
( 1,0000016349791239 1,0000014887773967 0,9999987797097342 ), 1,2654872705297748E-09
( 0,9999992844926957 0,9999976858907141 1,0000007581063315 ), 1,2779963753928314E-09
( 1,0000004869582428 0,9999978348975291 0,9999987566560292 ), 1,2837340079840942E-09
( 0,9999999330725902 0,9999974909677324 0,9999995460401746 ), 1,290700879508222E-09
( 1,000000940869353 0,9999976422003464 1,0000003867940548 ), 1,3082086525173509E-09
( 0,9999983981527985 0,9999985022355307 0,9999986593603103 ), 1,310681341237796E-09
( 0,9999990960204509 0,9999998210832426 0,9999975843481435 ), 1,3261640674500086E-09
( 0,9999993949934513 1,000002225407945 1,0000011839618856 ), 1,3332410730981792E-09
( 1,0000017253890274 1,000000919312524 0,9999982635420779 ), 1,356482925984892E-09
( 1,0000000746138848 1,0000015340336343 1,0000021218221813 ), 1,3611582971861935E-09
( 1,0000022931239527 0,9999990923493826 1,0000009302943234 ), 1,3783676422463031E-09
( 0,9999987596645675 1,0000023262626152 0,9999998214930356 ), 1,3851320090907393E-09
( 0,9999999496361207 0,9999989863190626 1,0000024396557718 ), 1,385174641654885E-09
( 0,9999978913583359 0,9999984304176452 1,000000319374428 ), 1,3911147789258393E-09
( 0,9999994164881401 0,9999988148910538 1,0000023120635886 ), 1,4067254028304887E-09
( 1,0000016643720242 0,999997938017366 0,9999994917490688 ), 1,4443379825479497E-09
( 1,0000019607099921 0,9999995059578487 1,000001816190035 ), 1,465522814214637E-09
( 0,9999995564193452 1,000001397933253 1,0000022992279824 ), 1,4755272559341392E-09
( 1,0000011403925957 0,9999989090709342 0,9999977689409978 ), 1,4816379234616761E-09
( 0,9999986801553283 0,999998734827054 0,9999979668504106 ), 1,4832508554718515E-09
( 1,0000011497779473 0,9999978316342845 1,00000121638183 ), 1,4886154531268403E-09
( 0,9999973567430067 1,0000002770764589 0,9999993290127083 ), 1,4906760270605446E-09
( 0,9999973157437264 0,9999999170228361 0,9999994064585993 ), 1,5007195486305136E-09
( 1,0000015724617732 0,9999977508187434 0,9999997911793456 ), 1,5028334132694E-09
( 0,9999997049897567 0,999997523065803 1,0000011697103899 ), 1,5058816416058107E-09
( 1,0000025995708222 0,9999990441659279 0,9999998616031368 ), 1,5257413110703055E-09
( 0,9999990460890513 0,9999983102459143 0,9999980015693105 ), 1,5393091246096446E-09
( 1,0000021366853726 0,9999999969665796 0,9999982070125046 ), 1,543540406601096E-09
( 0,999997750538051 0,9999984526215442 1,0000005909199612 ), 1,548187356092967E-09
( 1,0000003158513608 0,9999975453436305 0,9999986683726778 ), 1,5669670005991065E-09
( 1,0000022390143009 1,0000017181873389 0,9999999590306329 ), 1,5805952102709853E-09
( 1,0000017660732503 1,0000000078528544 1,0000022080800763 ), 1,5860877056184108E-09
( 1,0000005764905298 0,9999980469094902 0,999998007359557 ), 1,6104522160276247E-09
( 1,0000018658639893 1,0000008489458 1,0000019918653527 ), 1,6207977182602917E-09
( 1,000002809184574 1,0000002219423325 0,9999995148221329 ), 1,6220909060393751E-09
( 1,0000016437191561 1,000001891619295 0,99999860930023 ), 1,629608448183717E-09
( 0,9999982074634534 0,9999982198856022 1,0000013621536723 ), 1,6342482922482304E-09
( 1,0000006182873933 1,0000013828420018 1,0000024573431625 ), 1,6532126778656675E-09
( 0,9999979789280814 1,0000019082310427 1,0000007894459548 ), 1,6564314364586608E-09
( 1,0000027344056 0,9999990996982094 0,9999996335473725 ), 1,670816374144124E-09
( 1,000001738515955 0,9999985684810089 0,9999981187895911 ), 1,7082797398870753E-09
( 1,000001505119402 1,0000006587508112 0,9999975597609105 ), 1,7169057286992029E-09
( 0,9999998842725712 1,0000029166870736 1,0000004518552394 ), 1,7308963151663193E-09
( 0,9999981150217724 0,9999996358326647 0,9999977364672992 ), 1,7477042035807244E-09
( 0,9999970822678875 1,0000002071866259 0,9999994038312611 ), 1,7679688824046025E-09
( 1,0000029405418953 1,0000002770783696 0,9999995502283455 ), 1,7708146060613217E-09
( 1,000000943365476 0,9999979928770542 1,0000020228040987 ), 1,7875549929158296E-09
( 1,000000873233692 0,9999988196518258 1,000002619065669 ), 1,7885568581732514E-09
( 1,0000003735209733 1,0000022840642226 1,0000019321822464 ), 1,803343252504419E-09
( 1,0000007334612226 0,999999144286202 0,999997203047136 ), 1,8040111626760336E-09
( 0,99999901015571 1,0000006020681298 1,0000027939273806 ), 1,8149535208067391E-09
( 1,000000205375828 0,9999984568689763 1,000002620191606 ), 1,8428281123306078E-09
( 0,9999999899172566 1,0000026393334618 1,000001535108107 ), 1,849556952038256E-09
( 1,000002003348405 0,9999977344717909 1,0000004339210617 ), 1,8518520050747611E-09
( 1,000001195139289 0,9999976817437622 0,999998406734705 ), 1,8532162471274205E-09
( 1,0000015483041127 0,9999999072185188 1,000002635709124 ), 1,8555255110186408E-09
( 0,9999991204687019 0,999997383543867 0,9999986488100343 ), 1,8738361973191786E-09
( 1,0000021449136038 1,0000013126925325 0,9999982183979489 ), 1,8843095972442825E-09
( 0,999999078591684 1,0000007940916087 1,0000028439977644 ), 1,898193602301035E-09
( 1,0000024451489187 1,0000017934904533 0,9999993705631782 ), 1,902890289784409E-09
( 0,9999986939083604 1,0000008690853186 0,9999973294328827 ), 1,903195823160786E-09
( 1,0000016462452461 0,9999978632207562 0,9999984768499589 ), 1,9037571519220364E-09
( 1,0000007385407959 1,000000795629345 1,0000029555058356 ), 1,966753870874527E-09
( 0,9999977416271792 1,000002001270122 0,9999990779167799 ), 1,9751098534470657E-09
( 1,0000003902148407 1,0000030979588255 1,0000004652775905 ), 1,9771952963765216E-09
( 1,0000024830497414 0,9999989591315106 1,0000016502611293 ), 1,9784245353093866E-09
( 0,9999972154666014 0,9999991221696594 0,9999987877971721 ), 1,9826629227281956E-09
( 0,9999993255858435 1,0000028259489782 1,0000012969576246 ), 2,0083064100617776E-09
( 1,0000026763930887 0,9999982601487115 0,9999999598988144 ), 2,0219665941567655E-09
( 0,9999972584073166 0,9999995871478317 0,9999984111872223 ), 2,0257999722161912E-09
( 1,000001378540588 0,9999987668969962 1,0000026193016147 ), 2,0397976641106652E-09
( 1,0000020536769452 1,0000001763667346 1,0000024683324158 ), 2,051642411515786E-09
( 0,9999981825230749 1,000000270599418 1,0000026924593481 ), 2,1080737155898532E-09
( 0,9999991761055369 0,9999983441521924 0,999997314568418 ), 2,109342034373185E-09
( 1,0000008313163422 0,9999997983465427 1,0000031912277423 ), 2,1655850446222757E-09
( 1,0000028424775869 1,000000733609343 1,0000015322361941 ), 2,1754900103587715E-09
( 0,9999995062015631 1,0000020726823144 1,0000025366123337 ), 2,1772024183519534E-09
( 1,0000005955051303 0,9999973880460703 0,99999804649549 ), 2,180946978569409E-09
( 1,000002464310401 0,9999994406837047 1,00000216000192 ), 2,1924826398844743E-09
( 0,999999404349335 0,9999966830948784 0,9999998174337498 ), 2,259682219118986E-09
( 1,0000030555038302 0,9999990394921592 1,000001065315071 ), 2,260392761854746E-09
( 1,000001500000873 0,9999978334673124 0,9999978162087335 ), 2,3237305413204012E-09
( 0,9999986917920182 0,9999968441662779 1,0000003827430453 ), 2,3444357566404506E-09
( 1,0000025489882411 0,9999986534980153 0,999998122255201 ), 2,348237160276767E-09
( 1,0000017056023196 0,9999978551255424 1,0000020971929453 ), 2,3624089351415023E-09
( 1,0000002107801378 0,9999989539156396 0,9999967103066072 ), 2,3729285203444306E-09
( 0,9999994291356828 1,000002335775564 1,0000024987484546 ), 2,385760922152258E-09
( 0,9999977691014958 1,0000018892701192 1,000001865399121 ), 2,385853292707907E-09
( 0,9999998164319528 0,9999974701363141 0,9999976337847826 ), 2,387224640187924E-09
( 1,0000022756602653 0,9999973760019203 1,0000001643252174 ), 2,3987567487893102E-09
( 0,9999991556107748 1,0000007957188646 0,9999967199077938 ), 2,4015669453092414E-09
( 1,0000010105849182 1,0000019858054399 0,9999973225686465 ), 2,4071624693533522E-09
( 0,9999988514300475 0,999999288660481 1,0000032133777144 ), 2,4106654450406495E-09
( 0,9999986099707446 1,0000014267752835 1,0000028813253425 ), 2,434255463867885E-09
( 1,000001778378184 0,9999980044535569 1,000002269292375 ), 2,4391368924625567E-09
( 0,9999995087820761 1,0000029400027546 1,0000018817592145 ), 2,4652067054375948E-09
( 0,999996730087143 1,000000648811657 0,9999988173077172 ), 2,4822917055189464E-09
( 1,0000014530677146 0,9999986763581407 0,9999970490380529 ), 2,4941115839283157E-09
( 0,9999986896982167 0,9999975515852113 0,9999977950959922 ), 2,4944313281594077E-09
( 1,0000012220774073 0,9999974454429341 0,9999977966516774 ), 2,5540956016811833E-09
( 0,999996672446793 1,0000002180930534 0,9999986702159528 ), 2,5569768524746905E-09
( 1,0000014946052929 0,9999984313327644 0,9999971346647935 ), 2,560192058354005E-09
( 1,0000011053320135 1,0000004175129407 1,0000034019184247 ), 2,5729711694566504E-09
( 0,9999998511204461 0,9999999778674731 1,0000036078240477 ), 2,5868409636586875E-09
( 0,9999992026401003 0,9999966554926547 0,9999988852777211 ), 2,591818315522687E-09
( 0,9999977696539323 1,0000020871975885 1,0000019621031273 ), 2,6149393761443207E-09
( 1,0000010930163918 1,0000031535187366 1,0000014339813525 ), 2,6179165502071555E-09
( 1,0000010072483658 0,9999984344530276 1,0000031266663414 ), 2,627011497224885E-09
( 1,0000025128143408 1,0000022247263436 1,0000014106749402 ), 2,6294202370991115E-09
( 1,0000025213840527 1,0000021612653036 1,000001503581049 ), 2,6364759264652093E-09
( 0,9999996328774227 0,9999993178986296 1,0000035654629773 ), 2,641108665102365E-09
( 0,9999985928147904 0,99999660586744 1,000000102159864 ), 2,6804265473856503E-09
( 1,0000023587570241 0,9999976313349401 1,0000015430878177 ), 2,6892870153005788E-09
( 1,0000035348700218 0,9999997482077692 0,9999988763233223 ), 2,742048366144445E-09
( 0,9999996253021906 1,0000023126381665 1,0000028877208227 ), 2,743291815932025E-09
( 1,000001030319506 1,000003359552254 0,9999987562801906 ), 2,7566571247916727E-09
( 1,0000023150552664 0,9999972080641385 1,00000089468851 ), 2,768530293906224E-09
( 1,0000024350863321 1,0000016187846632 0,9999976710718735 ), 2,7723316975425405E-09
( 0,999999726312561 1,0000018736818315 1,0000032396299494 ), 2,793516529209228E-09
( 0,9999994569379717 0,9999962687664787 0,9999997848605149 ), 2,8297222343098838E-09
( 1,0000002274313593 1,0000026274676965 1,0000027178297897 ), 2,845318647359818E-09
( 0,9999994414112436 1,000003132966829 1,0000020660787494 ), 2,856090475233941E-09
( 0,9999986836254936 1,0000029411597056 1,0000020260861993 ), 2,874365634397691E-09
( 0,9999968341695644 1,0000013011141633 0,9999983324872934 ), 2,8758861958522175E-09
( 1,0000030891755833 1,000002189631837 1,0000004018819988 ), 2,8764901571776136E-09
( 1,0000022837632891 1,0000023684426278 0,9999980811353091 ), 2,878103089187789E-09
( 1,0000012874885424 1,0000035774746514 1,000000233623194 ), 2,878778104786761E-09
( 0,9999981989654468 0,9999990433763014 1,0000032267561076 ), 2,890729433602246E-09
( 0,9999994556480982 0,9999989085673384 0,999996365082165 ), 2,9163977899315796E-09
( 0,999998163608524 1,000001240709572 1,0000031312827147 ), 2,9196627338023973E-09
( 1,0000004780609546 0,9999974009739374 1,0000027915544898 ), 2,931493270352803E-09
( 0,9999981695388475 0,9999974245055541 1,0000021969861848 ), 2,938293164334027E-09
( 0,9999999548296874 0,9999961279919758 1,0000002016262262 ), 2,982851299293543E-09
( 1,0000030476725437 0,9999976216426133 0,9999996280157843 ), 2,99239744094848E-09
( 1,0000034104692839 1,0000008055785037 1,0000016897851074 ), 3,0027891284589714E-09
( 0,9999977938537568 0,9999974536520515 1,0000019540169998 ), 3,009439808465686E-09
( 1,0000012103064155 1,000002906089777 0,9999977014444771 ), 3,014282157209891E-09
( 1,000001617049738 1,0000030831622957 0,9999982305251074 ), 3,0258320293796714E-09
( 1,0000022754250695 1,0000031866600334 1,0000003346201585 ), 3,0640308068541344E-09
( 1,0000029467848257 1,0000022752495565 0,999998687031561 ), 3,0917775006855663E-09
( 0,9999971979462982 0,9999980398997287 1,0000019788508525 ), 3,09677261611796E-09
( 0,9999980263231543 0,9999966056845785 1,0000005292436795 ), 3,1141382805799367E-09
( 0,9999973982711966 0,9999989131811841 0,9999972117212731 ), 3,1196485394957563E-09
( 1,0000012547673243 1,000003690996938 0,9999992695387638 ), 3,1209985706937005E-09
( 1,0000033952519591 1,000000848310547 0,9999981332049701 ), 3,121165548236604E-09
( 0,9999966030994105 0,9999990167312836 0,9999981500327708 ), 3,1600144723142876E-09
( 1,0000007068144576 1,000002863081611 0,9999972947751008 ), 3,177262897224864E-09
( 0,9999966937899591 1,000002225663884 1,000000506987283 ), 3,202373477506626E-09
( 1,0000038503609436 1,0000011866181266 1,0000002086554571 ), 3,2292035712089273E-09
( 1,0000014585219612 0,9999963822886653 1,0000010871721465 ), 3,2530493854210363E-09
( 0,9999973436591384 0,9999974530863652 1,0000017541581312 ), 3,297273565294745E-09
( 0,9999996363823058 0,9999987720948261 1,0000038711766945 ), 3,2984601716634643E-09
( 0,999998559232715 0,999996136855755 0,9999998674901943 ), 3,3760869655452552E-09
( 1,0000009022053367 0,9999978405164235 0,9999966025909203 ), 3,3765807927466085E-09
( 0,9999984574881747 0,9999977934487174 0,9999968665266243 ), 3,3859350878628902E-09
( 1,0000012181514248 1,0000036204290077 1,0000016611724563 ), 3,442281126808666E-09
( 0,9999975163941898 1,0000012733677042 0,9999969038825886 ), 3,447198082540126E-09
( 0,9999986187255058 0,9999965571803318 1,0000019066557948 ), 3,4512837032707466E-09
( 0,9999981557778522 1,000002422923653 0,999997147254987 ), 3,4539802129529562E-09
( 1,0000023272745642 0,9999966811958905 1,000001027517267 ), 3,469175169357186E-09
( 1,0000009660835238 1,0000033587584949 0,9999976873672457 ), 3,484331045910949E-09
( 0,9999959401537568 1,0000005938559777 1,0000009277512723 ), 3,5106957341213274E-09
( 0,9999995914955143 0,9999980303872835 0,9999962648610681 ), 3,5705625123227946E-09
( 1,0000025595271078 0,9999999095218994 1,0000033849279397 ), 3,5744491810874024E-09
( 0,9999957657459223 1,0000000261115982 1,0000004250624146 ), 3,59293750307188E-09
( 1,0000011874559964 0,9999994376485569 1,0000040499922855 ), 3,5965967981610447E-09
( 0,9999988174735913 0,9999961189193204 1,000001490348272 ), 3,706418283400126E-09
( 1,0000016841936654 0,9999963782103712 0,9999983229082832 ), 3,7231231431178458E-09
( 1,0000001296655154 0,9999969259840016 0,9999969485301177 ), 3,725379116303884E-09
( 0,9999999605470986 0,9999978499822544 1,0000038252770573 ), 3,820410654498119E-09
( 1,0000016354754333 0,9999991128823283 0,9999960252613336 ), 3,821092775524448E-09
( 1,000001698373752 1,0000038110527005 0,9999985997317775 ), 3,842725249114665E-09
( 1,0000026694729829 1,0000027350312986 1,0000021884912629 ), 3,84801168706872E-09
( 0,9999995549165466 1,0000042897034598 1,0000009417683642 ), 3,8659848655697715E-09
( 0,9999973449052901 1,000000631029081 1,0000034769362893 ), 3,875953780152486E-09
( 0,9999998928163517 0,9999975858008096 0,9999962972039833 ), 3,878671606116768E-09
( 1,0000019544488035 1,0000003600416962 1,0000039849068023 ), 3,933912751108437E-09
( 1,000002989493821 1,000002680084791 1,0000019831085385 ), 3,978286144956655E-09
( 0,9999975645092434 0,9999970655410633 0,9999976214381133 ), 4,007567611097329E-09
( 0,9999969551620933 1,0000021455354862 0,9999974572586796 ), 4,035275225078294E-09
( 0,9999989275040816 0,9999968835190319 0,9999969126710215 ), 4,046071921948169E-09
( 0,9999994592479614 1,000003684450628 1,0000025604732807 ), 4,0518841615266865E-09
( 0,9999967237845752 1,0000019706431942 1,0000024144889705 ), 4,0564778203133756E-09
( 1,000001300145209 0,9999970181419202 1,0000031474670936 ), 4,064737879616587E-09
( 0,9999962706710559 1,0000022936353594 1,0000012388067385 ), 4,107370443762193E-09
( 1,0000022315060724 0,9999998265692799 1,0000039640433607 ), 4,111342377655092E-09
( 0,9999996855476334 1,0000031810483123 1,000003256442038 ), 4,130995989726216E-09
( 0,9999990574491254 0,9999979051371294 0,9999960562165928 ), 4,132562736458567E-09
( 1,000000214359128 1,000004077680657 1,0000021162558737 ), 4,1963801322708605E-09
( 1,000002401046935 1,000001957770102 0,9999965909052836 ), 4,209844917113514E-09
( 1,000000633927585 1,000004560825468 1,000000166495271 ), 4,212004967030225E-09
( 1,00000285633699 1,0000025964023325 0,9999974792675735 ), 4,216637705667381E-09
( 0,9999996166789539 1,0000020495376523 1,0000041126240162 ), 4,218058791138901E-09
( 0,9999997536582802 1,0000046039303212 0,9999999295945978 ), 4,2181760306903016E-09
( 1,0000005552453066 1,0000038855074027 1,0000024653444406 ), 4,262137309751779E-09
( 0,9999981442491365 0,9999975559838749 0,9999965049955236 ), 4,2916354914268595E-09
( 1,000000679666735 1,00000457997548 0,9999995022499033 ), 4,3023042906042974E-09
( 0,9999989958122283 1,000004123234339 0,9999980807602191 ), 4,303707612507424E-09
( 0,9999982164444926 1,0000032866639035 1,0000027915763479 ), 4,320209967545452E-09
( 0,9999960204530371 1,000000729468302 0,9999976293028373 ), 4,362469496754784E-09
( 1,0000011035755318 0,9999956949227109 0,9999984969776944 ), 4,366739858596702E-09
( 0,9999980056356663 0,999996223322252 1,0000019625615126 ), 4,382965101967784E-09
( 1,0000029143111526 1,000002498976468 0,9999972848040231 ), 4,386521368360263E-09
( 0,9999972349134139 0,9999965985922807 1,0000017153314738 ), 4,395900532472297E-09
( 0,9999976841524875 1,0000038261835196 1,000001482827493 ), 4,404622444553752E-09
( 0,9999996693192538 1,000001151156791 0,9999954411633006 ), 4,407773701586848E-09
( 1,0000043889583698 1,0000015112837062 0,9999991595542412 ), 4,414879128944449E-09
( 0,9999981145489331 1,000003960936246 1,000001781171297 ), 4,447258561413037E-09
( 1,0000007464198724 0,9999955897848901 1,0000015619752238 ), 4,453287516525961E-09
( 0,999998531272791 1,0000038614279094 0,9999976757132079 ), 4,457888280740008E-09
( 1,000001191019641 1,0000033772567343 1,0000031814411987 ), 4,552298094040452E-09
( 1,0000038685289991 1,0000026765595849 1,000001020624018 ), 4,5969734685513686E-09
( 1,0000006997668236 1,000004491035384 0,9999984065439339 ), 4,6023345134926785E-09
( 1,0000028780335615 1,000003020443845 0,9999975823106133 ), 4,612893178546074E-09
( 1,0000009490534387 0,9999953094930212 0,9999993651948837 ), 4,623434080031075E-09
( 1,0000015845720958 1,0000040792308496 1,0000020818444386 ), 4,65925609205442E-09
( 0,999998792058532 0,9999971158016383 1,0000037087861862 ), 4,668727626722102E-09
( 1,0000017296211323 0,9999958625624386 0,9999981365932573 ), 4,6785366691892705E-09
( 1,000002530086024 1,0000013898184952 1,0000039177535374 ), 4,69826488824765E-09
( 0,9999980214670983 0,9999957183607008 1,0000012013379893 ), 4,699955979958759E-09
( 0,9999973604834052 0,9999959747461314 0,9999992126232152 ), 4,719680646303459E-09
( 1,000003590909987 1,0000031112875971 0,9999987663980742 ), 4,7805599479033845E-09
( 0,9999971667086455 0,9999976520766928 0,999996726809332 ), 4,8118131701357925E-09
( 1,0000009108579093 1,0000044319796093 0,9999980095975469 ), 4,847475310043592E-09
( 0,9999971189527714 0,9999971723502425 0,9999971468786313 ), 4,847976242672303E-09
( 1,0000009620586976 0,9999963555167687 1,0000032157221739 ), 4,870262415579418E-09
( 1,000004932301863 0,999999564578588 1,0000003113102944 ), 4,883247584075434E-09
( 0,9999952183521621 1,0000011543060383 1,0000007381622136 ), 4,9085109310453845E-09
( 0,9999990686436698 1,0000020282694586 0,9999955530057822 ), 4,91160534465962E-09
( 0,9999980703344691 0,9999954119466843 0,9999994865977174 ), 4,9672230773012416E-09
( 1,000000775158234 0,9999957951960498 0,9999974001618065 ), 4,967816380485601E-09
( 0,9999958614603797 1,000001372333567 1,0000024863231534 ), 4,998017999469084E-09
( 1,0000011725710916 1,000000414029791 0,9999951173691484 ), 5,036469019614742E-09
( 0,9999957108138061 1,0000004497934158 0,999997376564742 ), 5,055394325381712E-09
( 1,0000036144235476 1,000003381307833 0,9999989434514663 ), 5,081531639916648E-09
( 0,9999959547028043 1,000000807478089 0,9999970670643928 ), 5,082519294319354E-09
( 0,9999970460970462 0,9999974508725651 0,9999967602856276 ), 5,1025139669036434E-09
( 1,0000035244896874 0,9999967953467518 0,9999982059516278 ), 5,140424974570124E-09
( 1,0000048924779767 0,9999994855026157 0,9999986671530157 ), 5,153736992724589E-09
( 1,000002919818271 0,9999965003042277 0,9999976737450609 ), 5,1948312318472745E-09
( 0,9999992384161275 0,9999968694734119 0,9999960232556386 ), 5,1968243042210815E-09
( 0,99999796234599 0,9999962005255402 0,9999972347093068 ), 5,204793041002631E-09
( 1,0000044709786287 0,9999980276664825 1,000001555761066 ), 5,217742682361859E-09
( 0,9999949230003032 1,0000005487315742 0,9999995266443098 ), 5,2179274234731565E-09
( 0,9999969414218477 1,000003657291204 0,9999981096773104 ), 5,218506515802801E-09
( 0,9999998016435802 1,0000049848536865 1,0000012908545062 ), 5,268184111173468E-09
( 0,999999875079296 1,000001203987932 0,9999949866077246 ), 5,2770872116525425E-09
( 1,0000050255896094 1,000000499990544 1,0000010681205842 ), 5,286636906021158E-09
( 0,9999993964545522 0,9999956523706989 0,9999972470317879 ), 5,325830443325685E-09
( 0,9999950706854502 1,0000014633651557 0,9999992583124979 ), 5,354539922564072E-09
( 1,000003982701625 1,0000029144709688 0,9999983767946904 ), 5,3547672962395154E-09
( 0,9999973956881704 0,999995522801645 1,0000004451273126 ), 5,361723509622607E-09
( 1,0000023002786895 0,9999984979070486 0,9999955832906111 ), 5,367475353068585E-09
( 1,000000379163171 1,0000051846029134 1,0000001960982001 ), 5,368953281958966E-09
( 0,9999988364213731 0,9999983564752352 0,9999951767508083 ), 5,419835247266747E-09
( 0,9999994313987169 0,99999833911494 0,9999950736036466 ), 5,4262656590253755E-09
( 1,0000034772195603 1,0000039139111676 1,00000025992096 ), 5,451283868751489E-09
( 0,99999608125245 0,9999980159695854 1,0000028970375767 ), 5,492644561400084E-09
( 1,000002106862149 1,000003919897413 0,9999971568375529 ), 5,532768909688457E-09
( 1,000001794583787 1,000004447835722 1,0000022380529499 ), 5,557488691465551E-09
( 1,0000029591998925 1,0000040364872145 1,000001748211929 ), 5,576076489433035E-09
( 0,999996038277441 0,9999965096550923 1,0000005628360826 ), 5,5935736043011275E-09
( 0,9999964757440396 1,0000039885743428 0,9999997495809895 ), 5,632713850900473E-09
( 0,9999954514395829 0,9999982689283775 0,999997818776322 ), 5,643016720568994E-09
( 1,0000028390848668 1,0000042761722385 1,0000014537968223 ), 5,646157319461054E-09
( 1,000005117651887 1,0000012262933304 1,0000009681974267 ), 5,680274028918575E-09
( 0,9999984003876126 0,9999966978464639 0,999996093512068 ), 5,698538529941288E-09
( 1,0000049264096647 1,0000012213848446 1,000001838690941 ), 5,781558343187498E-09
( 0,9999997357055944 1,000005068178018 0,999998153613835 ), 5,786183976397297E-09
( 0,9999967431527065 0,9999997795567062 0,9999956915530643 ), 5,7966929034591885E-09
( 1,0000038344556652 1,0000038341141484 1,0000000238020847 ), 5,83353454430835E-09
( 1,000000945902678 1,0000039814236488 1,0000035687523525 ), 5,849088324794138E-09
( 1,0000018593274498 1,00000496721299 0,9999988041524538 ), 5,8645426292969205E-09
( 0,9999974139071731 0,9999970815100675 0,9999961398800707 ), 5,972790262376293E-09
( 1,0000002481992458 0,9999949268401871 0,9999979084482319 ), 5,986116491385474E-09
( 1,0000017377104864 1,000001678637209 0,9999950355105051 ), 6,047709888434838E-09
( 0,9999987327743439 1,0000045749899904 1,0000028372334815 ), 6,068077595955401E-09
( 1,0000037181947616 1,000003696870403 1,0000017931186018 ), 6,092047755146268E-09
( 0,9999999109470217 0,9999961990311723 0,9999959636066516 ), 6,100112415197145E-09
( 1,0000026356212683 0,9999977209817654 0,9999956696414013 ), 6,1288147890081746E-09
( 0,9999971394277379 0,999999863057176 0,9999952309051018 ), 6,139423192053073E-09
( 0,9999979301027868 1,0000039336574849 0,9999966288008273 ), 6,174580846618483E-09
( 1,0000050539218497 0,9999984147169745 1,0000017982791063 ), 6,207500291566248E-09
( 0,9999958177317916 0,9999974038880894 0,999997282834118 ), 6,271996255691192E-09
( 0,9999954349421303 0,9999974100362748 1,0000020834978822 ), 6,3264522509598464E-09
( 1,0000008658846429 1,0000007900989187 0,9999944678301164 ), 6,3443650333283585E-09
( 0,9999977310998804 0,9999978031087635 1,0000046998338974 ), 6,360984627917787E-09
( 1,0000046475536817 0,9999992187664816 0,9999968194441745 ), 6,4132308352782275E-09
( 0,9999968131735921 0,9999959573900208 1,0000024155744058 ), 6,414722975023324E-09
( 1,0000043669138168 0,9999963708775634 0,9999994681066469 ), 6,452381740018609E-09
( 0,9999973589910338 0,9999954138656897 0,9999978544935789 ), 6,4697189827711554E-09
( 1,0000014233846533 1,0000036567437987 0,9999958322540781 ), 6,500897598016309E-09
( 1,0000022136921036 0,9999970976407778 0,9999955834619019 ), 6,513197092772316E-09
( 1,000000217957154 0,9999942870548708 1,0000005558082006 ), 6,545782582634274E-09
( 0,9999998428355912 0,9999959317360794 0,9999959085345075 ), 6,609543135027707E-09
( 0,9999970885866116 0,9999973622176261 1,000004229380783 ), 6,610797242956323E-09
( 1,0000027323149465 1,0000034138923026 1,0000037728580784 ), 6,617298708988528E-09
( 1,0000025593482562 1,00000019336673 0,9999948209178169 ), 6,628386728380065E-09
( 1,0000019044527892 1,00000326313169 1,000004422993484 ), 6,713158029469923E-09
( 1,0000029298065747 1,0000046053674245 1,000002041916155 ), 6,737906232956448E-09
( 0,9999951486860478 1,00000003021141 0,9999966977562731 ), 6,832816978885603E-09
( 0,9999978062873225 0,999997315480343 1,0000047396006337 ), 6,84111967075296E-09
( 0,9999942491444108 1,0000011199391663 1,0000005447133151 ), 6,86899070956315E-09
( 0,999997149534737 1,0000028389895845 1,0000043120038993 ), 6,899757210021562E-09
( 1,0000056867967606 1,0000012002419998 1,000001019249608 ), 6,907836080927154E-09
( 1,0000016225750263 1,000003704696641 1,0000042976978931 ), 6,909548488920336E-09
( 0,9999981083118348 1,0000018605578351 0,9999947235359761 ), 6,920160444678913E-09
( 1,0000036562997199 1,0000046300480248 0,9999996417047742 ), 6,930680029881842E-09
( 0,9999956969332655 0,9999964945512252 1,000002058903594 ), 6,952376452318276E-09
( 1,0000034218642657 0,9999952614122022 0,9999989760304026 ), 6,985757750044286E-09
( 0,9999989880424973 1,0000055849534215 0,9999982059778689 ), 7,029882453934988E-09
( 1,0000038854929447 1,0000002673470607 1,0000045177046724 ), 7,058432061057829E-09
( 0,9999948222793225 1,0000029865943123 0,9999997943459695 ), 7,096652154814365E-09
( 0,9999964343808907 0,9999961124739153 1,0000028254163391 ), 7,1043118055058585E-09
( 0,9999992304307055 0,9999962731961418 0,9999953456086612 ), 7,170815052859325E-09
( 1,0000059852200642 1,0000001763409565 0,999999194526674 ), 7,241858668294299E-09
( 1,000004516344987 1,0000035007185057 0,9999979707614582 ), 7,294921999800863E-09
( 0,9999966820006244 1,0000050577087731 1,0000005722416037 ), 7,324040041112312E-09
( 1,0000038434263503 1,0000031163643028 1,000003530604427 ), 7,3303496606058616E-09
( 1,0000042597090149 0,9999967912335626 1,0000029625315816 ), 7,383736289057197E-09
( 1,000000058769807 0,9999964417117267 0,9999950019478273 ), 7,468550222711201E-09
( 1,0000010058710984 1,0000051287890233 0,9999967820679272 ), 7,473698104831783E-09
( 0,9999974238820784 0,9999952817953235 0,9999969926578833 ), 7,527383161232137E-09
( 1,0000012050872291 0,9999962866005474 0,9999952318405736 ), 7,534318058333156E-09
( 1,0000001590131578 0,9999953506371669 0,9999959492852897 ), 7,54884865727945E-09
( 0,9999962144862647 0,9999967031907391 1,0000036625431339 ), 7,66056729162301E-09
( 0,9999959165209753 0,9999981600622154 1,00000432394489 ), 7,689017422762845E-09
( 0,9999950091314362 0,999998323029964 1,0000033465625258 ), 7,721517647496512E-09
( 1,0000038788829198 1,0000001965473622 0,9999951176441292 ), 7,721766337454028E-09
( 0,9999955864727256 0,9999956859312472 1,0000009575343027 ), 7,738734097983979E-09
( 0,9999961671507822 0,9999981841763024 1,000004588784777 ), 7,74619479670946E-09
( 0,9999945654422222 0,9999982576482902 0,9999974464767012 ), 7,755282638299832E-09
( 0,9999954183657767 0,9999996232254419 0,9999957445192945 ), 7,785391886727666E-09
( 1,0000007855179796 0,9999942659538459 1,0000023995338678 ), 7,787697597905208E-09
( 1,0000022733014347 1,0000046670869078 0,999996447036778 ), 7,850996297520396E-09
( 1,0000053208877224 0,9999976426422652 0,9999975945080313 ), 7,86730680601977E-09
( 1,000001147960368 0,9999940618314793 0,9999981060224823 ), 7,96877586139999E-09
( 1,0000033157298933 0,9999946304445255 0,9999994107501062 ), 7,970083260033789E-09
( 1,0000007256714059 1,0000029291574462 1,000005575718665 ), 7,97440691258089E-09
( 0,999999788690869 0,999993804169225 0,9999986629131676 ), 7,979483740427895E-09
( 1,0000039610738203 0,9999950543965028 0,99999963093211 ), 7,992284167812613E-09
( 1,0000016153790305 0,9999938988790472 0,999999327231322 ), 7,992376538368262E-09
( 0,999996017259254 0,9999982416961313 0,9999953754655504 ), 8,003169682524458E-09
( 0,9999995108983651 1,0000015267189064 0,9999938226549667 ), 8,080448310465727E-09
( 0,9999973206543491 0,9999966299415571 0,9999952870434332 ), 8,08411115826857E-09
( 1,0000043276951334 0,9999973149324343 1,0000038883777664 ), 8,145583763052855E-09
( 0,9999939540440385 0,9999994131680228 0,9999978922160255 ), 8,201670453900078E-09
( 1,000004802537107 0,9999957072795078 1,000000227152481 ), 8,241883620030421E-09
( 0,9999988776240902 0,9999957444132682 1,000004731952475 ), 8,285073960223599E-09
( 1,0000031667170932 0,999998779873724 1,0000055139122557 ), 8,316604294122953E-09
( 0,9999941247480846 0,9999976949516645 0,999998510109701 ), 8,3427060815211E-09
( 0,9999984796402119 1,0000053278019245 0,9999966216480477 ), 8,354337666105494E-09
( 1,0000061753003577 1,00000132651796 0,9999984343220244 ), 8,400981243994465E-09
( 1,0000043294298822 1,0000002932214374 0,9999951499396976 ), 8,402501805448992E-09
( 1,0000036814623237 1,0000053952741856 0,9999999489750042 ), 8,464347445169551E-09
( 0,9999959011862043 1,000000534937866 0,9999949358557544 ), 8,477691437747126E-09
( 0,9999953774316188 1,0000028595897008 0,9999963478667147 ), 8,50774029004242E-09
( 0,9999999201798313 0,9999962270942522 0,999994643218627 ), 8,518220795394882E-09
( 1,000004155854624 1,0000039061879042 1,0000032476328173 ), 8,546049201640926E-09
( 0,9999938483646407 0,999999326662646 1,000002207826782 ), 8,564683184886235E-09
( 0,9999995810325474 0,9999954702125257 0,9999952558657637 ), 8,57080095784113E-09
( 0,9999982207367089 0,999996332567426 0,9999947558661052 ), 8,75241923381509E-09
( 1,0000038183676274 0,9999947947359727 0,999998436611944 ), 8,752838454029188E-09
( 0,9999997966435856 0,9999999529351813 0,999993358544888 ), 8,759506897604297E-09
( 0,9999999387328726 0,9999947379049908 0,9999959322131478 ), 8,776922300057777E-09
( 1,0000035233736824 0,9999950522223725 0,9999972792263205 ), 8,78822703498372E-09
( 1,000000716416735 0,9999991118285871 1,000006571307541 ), 8,82531026036304E-09
( 1,0000024107917087 0,999999943449944 0,999993775216185 ), 8,840956411404477E-09
( 1,000001869246284 0,9999935872733152 1,000000105684632 ), 8,853902500050026E-09
( 0,9999977570645411 0,9999985345097796 0,999993865129719 ), 8,890950198292558E-09
( 1,0000059161507717 1,0000001596252868 0,9999968564585309 ), 8,90942430942232E-09
( 0,9999972775554484 0,9999974720731503 0,9999943936712935 ), 8,97387408826944E-09
( 1,0000018106190836 1,0000033960490122 0,9999944691193605 ), 9,007425916252032E-09
( 0,9999966643266796 0,999999507632816 1,0000058484780527 ), 9,041485782290692E-09
( 1,0000030721953321 1,0000001219420214 1,0000060258177037 ), 9,079158758140693E-09
( 1,0000005656119972 0,9999958750613085 1,000005339780503 ), 9,095938224845668E-09
( 0,9999943731785016 0,9999979480772846 1,0000032102897967 ), 9,161244207689379E-09
( 0,9999967144017892 0,9999942226084391 0,9999985788994622 ), 9,164317305021541E-09
( 0,9999992696161072 0,9999969453923786 0,9999939111607833 ), 9,312138615769072E-09
( 0,999998591233275 1,0000043957988607 1,000005080827926 ), 9,348728013947039E-09
( 1,000003286051527 0,9999949478885208 1,0000035064457267 ), 9,645255261148122E-09
( 1,0000046856227083 0,9999952671113145 0,9999978805442007 ), 9,69093605363014E-09
( 0,9999955909504308 0,9999972995924866 0,9999952556259183 ), 9,769024700290174E-09
( 0,9999982262288285 0,9999934196389237 1,0000016715308944 ), 9,769109965418465E-09
( 0,9999953577054183 0,9999983913206394 1,0000050185746145 ), 9,785658505734318E-09
( 1,000001515414076 1,0000044059665785 0,9999947167497011 ), 9,84456249852883E-09
( 1,0000014519392193 1,0000067212767294 1,0000015473870634 ), 9,855739335762337E-09
( 0,9999954435981326 0,9999982383759787 1,000005083374126 ), 9,861039984571107E-09
( 0,999996491218905 1,0000058104389626 1,000001967393451 ), 9,908376341627445E-09
( 0,9999992143307305 0,999995374505363 1,0000052907062413 ), 9,920405830143864E-09
( 0,9999979788408753 0,9999983544239512 0,9999934258414004 ), 9,922096921854973E-09
( 0,9999972045861985 1,000003386754865 0,9999944440183206 ), 9,95003546222506E-09
( 0,9999947767489189 1,0000037195843192 0,9999969854734979 ), 9,9602850411884E-09
( 0,9999936933077014 0,9999995184193324 0,9999968001782656 ), 9,968239567115234E-09
( 0,9999965610026473 1,000004556503138 1,0000042035118848 ), 9,970776204681897E-09
( 1,000004112688232 1,0000054763606625 1,0000019244597944 ), 1,004028149509395E-08
( 0,999993481660748 0,9999999557077784 1,0000029024826713 ), 1,0101160796693875E-08
( 0,9999987564292399 1,0000050012520392 1,000004991437955 ), 1,0211927303771517E-08
( 0,9999994163340532 1,0000055745961702 0,9999955104318027 ), 1,0231680391825648E-08
( 1,0000027224527013 0,9999944636184716 0,9999963143028363 ), 1,0246480997011531E-08
( 1,0000043209548708 1,0000037743706272 1,0000043492707567 ), 1,0283194740168256E-08
( 1,0000018574206264 1,0000060717034256 1,0000034261034498 ), 1,0327056543246727E-08
( 1,0000005045268654 0,9999928835794487 1,0000014393424808 ), 1,0508767189776336E-08
( 0,9999980035187751 0,999994113358721 1,0000037941777373 ), 1,052157827530209E-08
( 0,9999993998540438 1,000002216548015 1,000006920090675 ), 1,0546706619152246E-08
( 1,000006845112502 1,0000012475407416 1,0000022669390347 ), 1,0624081170362842E-08
( 0,9999993314604081 1,0000066581062264 0,9999970304738648 ), 1,0632906111140983E-08
( 1,0000052484603277 0,9999948737208157 1,000000374533198 ), 1,0706301623031322E-08
( 0,9999964934971749 1,0000063412099778 1,0000013557182217 ), 1,0781516124325208E-08
( 0,9999989546461435 1,0000031472282072 0,9999934087212786 ), 1,0801009864280786E-08
( 1,0000043691152634 0,9999941430415529 0,9999988713468143 ), 1,0845496944966726E-08
( 1,0000003708734084 1,000003257923413 1,000006642806727 ), 1,0887458046227039E-08
( 0,9999974026625645 1,0000012896397268 0,9999931728462169 ), 1,0915403692024483E-08
( 1,0000029770200691 0,9999969094828316 0,9999939254115042 ), 1,097397017701951E-08
( 1,0000059610862393 0,9999973867472194 0,9999963731004574 ), 1,101433966255172E-08
( 0,9999982748496702 0,9999931625057172 0,9999974556120436 ), 1,1149907663821068E-08
( 0,9999999959961575 1,0000054851037212 1,0000051185534662 ), 1,1166690683239722E-08
( 1,000006832910529 1,000002295940047 1,0000021064282967 ), 1,1188728166189321E-08
( 1,0000068412264858 1,0000010201612712 0,999997000403762 ), 1,1276739542154246E-08
( 1,0000025931179188 1,0000062570466668 1,0000033735994132 ), 1,1359148288647702E-08
( 0,9999970943745666 0,9999931610586154 0,9999985532083571 ), 1,1369252206350211E-08
( 0,9999928671186682 1,0000009014685955 1,000002427258588 ), 1,1423857415593375E-08
( 0,9999963872598916 1,0000019568485985 1,0000063975581357 ), 1,1469026617305644E-08
( 1,0000019514449294 1,0000065640157554 1,0000033143781362 ), 1,1482846673516178E-08
( 0,9999961527868876 1,0000038832100198 0,9999946943252587 ), 1,1512803155255824E-08
( 0,9999956442518998 0,9999964507908182 0,9999948473630936 ), 1,1530367771683814E-08
( 0,999994885735224 0,9999955272020985 1,0000034636142614 ), 1,1538134003785672E-08
( 0,9999983373218524 0,9999927762413047 0,9999981473821331 ), 1,1582006465005179E-08
( 0,9999971797936704 0,999994099905876 1,0000039600449286 ), 1,1595346904869075E-08
( 0,9999983232736094 0,9999925085516999 1,000000351841595 ), 1,171644115061099E-08
( 1,0000049146834487 0,9999947483004021 1,0000027684947992 ), 1,178429798187608E-08
( 1,0000020963136806 0,9999948943673092 1,000005405842812 ), 1,1841063241035954E-08
( 0,9999971805311658 1,0000050003899057 1,0000051721058254 ), 1,1844797143112373E-08
( 1,0000001684883928 0,9999932377300284 1,0000037389170733 ), 1,1851188475020535E-08
( 1,0000038938554519 0,9999956713347893 0,9999949162448842 ), 1,1852741010898171E-08
( 1,0000055946296338 1,0000037746271737 0,9999962203378617 ), 1,1870497473864816E-08
( 1,0000070286194902 0,9999971160046152 1,0000014727743507 ), 1,1881304828875727E-08
( 0,9999950960549814 0,9999954924744856 1,0000039507486844 ), 1,1898542595645267E-08
( 1,0000024605560085 0,9999931700091139 0,9999972838607231 ), 1,1919496500922833E-08
( 0,9999999068108636 0,9999964465720529 0,999993105484876 ), 1,1937224542180047E-08
( 1,0000062422590585 1,0000004845215371 0,9999953531266551 ), 1,2061047272027281E-08
( 0,999997453724527 0,999992701618522 1,0000010972382831 ), 1,2092755241610575E-08
( 0,9999960828908958 1,0000060374064517 1,0000030475408914 ), 1,211809319556778E-08
( 0,9999960698332068 0,9999933420069574 0,9999988112179766 ), 1,213927092180711E-08
( 1,000005069517962 0,9999967842503212 0,9999949281086006 ), 1,2253714487542311E-08
( 1,0000037217282693 1,0000035106999934 0,9999940220219161 ), 1,228294976840516E-08
( 0,999997337277887 0,9999926575994278 0,9999989118812518 ), 1,2337000754314431E-08
( 0,9999981058619862 1,000007146893817 0,9999972018451925 ), 1,2398619020359547E-08
( 1,0000039817136748 1,0000062883548304 1,0000026798263861 ), 1,2415164007961721E-08
( 1,000004245801133 1,0000044865470192 1,0000049548408596 ), 1,2440452223927423E-08
( 1,0000065946466887 0,9999978946881707 0,9999961321158639 ), 1,2475332766825886E-08
( 0,9999985682568698 0,9999926518606711 0,9999973480399953 ), 1,2514163927335176E-08
( 1,0000016212760736 0,9999942072684572 1,0000051928439821 ), 1,2528438730896596E-08
( 0,9999977399519454 1,0000066263989584 0,999996224926738 ), 1,2551900852031395E-08
( 1,0000016866209778 0,9999930526326221 0,9999964806845779 ), 1,259714110801724E-08
( 1,0000063373944519 0,9999957434125307 0,9999975993855966 ), 1,2705836383020142E-08
( 0,9999941677991306 0,999995477753131 1,0000030997925131 ), 1,2711772967577417E-08
( 0,9999970591667076 0,9999972434130756 0,9999930612970637 ), 1,2775039692769496E-08
( 1,0000026447104753 1,0000009844784257 1,000007519710345 ), 1,2798224702237349E-08
( 1,0000015294417752 1,0000054350493024 1,000005719777981 ), 1,2815100092211651E-08
( 1,0000015868215164 1,0000061604941914 1,0000049368481603 ), 1,2864170173543243E-08
( 1,0000016008832782 0,9999982843220934 0,9999922938506669 ), 1,2873886845454763E-08
( 0,9999975673026531 0,999994710347749 1,0000055888209347 ), 1,2921944403387897E-08
( 1,0000040798236352 0,9999943330857543 0,9999959426581759 ), 1,2939310067849874E-08
( 1,000006237790719 0,9999955318702676 1,0000025860616049 ), 1,300696794714895E-08
( 1,0000075774924673 1,0000019596965006 0,9999978670193853 ), 1,305587105093764E-08
( 0,9999958933161395 0,9999999509806846 1,0000069980507003 ), 1,3062127379726007E-08
( 1,0000043265319876 0,999993146083624 0,9999995077104203 ), 1,3081457694852361E-08
( 0,9999963656843721 0,9999942199640276 0,9999955967979801 ), 1,3094926032408694E-08
( 0,999998269499235 1,0000079374065625 0,9999995450241054 ), 1,3134361154243379E-08
( 0,9999924042019754 1,0000028292390162 0,9999991981540247 ), 1,3162065215510665E-08
( 1,0000042514834375 0,9999931201370854 0,9999989865048523 ), 1,3180141422708402E-08
( 1,0000032884197025 0,9999964048973717 0,9999934336404518 ), 1,3263615983305499E-08
( 0,9999935215291719 1,0000018990577582 0,999995362596264 ), 1,3308635971043259E-08
( 0,9999968452363774 1,000003474066277 1,0000067275180595 ), 1,3348049776595872E-08
( 0,9999944754956748 0,9999949249201722 1,0000033913354653 ), 1,344656652690901E-08
( 0,9999926982839153 1,0000031821373725 1,0000021387260811 ), 1,3493682615717262E-08
( 0,9999949391239993 0,9999969694898444 1,0000057821248025 ), 1,3536180176743073E-08
( 1,0000003490486407 1,0000026984705896 0,9999921836351641 ), 1,3589687597459488E-08
( 0,9999969078789285 1,0000036328118824 1,00000676487059 ), 1,3594224412827316E-08
( 1,0000022672540723 1,0000073588216094 1,000003045541672 ), 1,3603354886981833E-08
( 0,9999931887798281 1,0000044856392107 0,9999985079222816 ), 1,3637468043725676E-08
( 1,000004074229235 0,9999981338108122 1,0000069798465092 ), 1,3649430030682197E-08
( 0,9999974113852251 1,0000010653816194 1,0000078257263023 ), 1,3704518408985678E-08
( 0,9999980061210131 1,0000033378996398 1,0000073573914388 ), 1,3738318926925785E-08
( 1,0000047712146132 0,9999973369959954 0,9999937150645215 ), 1,375978087025942E-08
( 1,0000055134178691 0,9999940996774355 0,9999979463644146 ), 1,3774165807944883E-08
( 0,999997959028874 0,9999992693896194 1,000008128740897 ), 1,4041354745586432E-08
( 0,9999993245053944 1,000008209581494 1,0000017871360622 ), 1,409523520123912E-08
( 0,9999945543214183 1,0000056446762582 0,9999968956479521 ), 1,4116551483311923E-08
( 0,9999943174837778 1,0000060736514458 0,9999983086419473 ), 1,429234686156633E-08
( 0,9999968808710444 0,9999928062145471 1,0000033086195643 ), 1,4368840339784583E-08
( 1,000001755746631 1,0000050913742284 0,9999933989875287 ), 1,4398921166502987E-08
( 0,9999985311298755 1,0000060795000518 0,9999941548349359 ), 1,4538937165298194E-08
( 1,0000000015789312 0,9999937233285484 0,9999941633983173 ), 1,4574382589671586E-08
( 0,9999981202257768 1,0000020827368674 0,9999918986655711 ), 1,4582404617158318E-08
( 1,0000044837695006 1,0000051431294077 1,0000052470893623 ), 1,4698457562190015E-08
( 0,9999931126529508 1,000005150960737 0,9999996036786238 ), 1,470581523221881E-08
( 1,0000080957399624 1,000002235359558 1,0000019827096416 ), 1,477405930927489E-08
( 1,0000039140376593 0,9999947892959209 0,9999943412912978 ), 1,4778642309920542E-08
( 0,9999981113382583 0,9999940630653731 1,000006047347443 ), 1,4955716665099317E-08
( 0,999998329695194 1,0000057261942672 1,000006315716358 ), 1,4972155071291127E-08
( 1,000001136003321 1,000002792833776 1,0000081532104546 ), 1,49915493352637E-08
( 0,9999968434144866 1,0000039906668046 1,0000070668931356 ), 1,5044157919419376E-08
( 0,999994843675391 1,0000029722183335 0,9999936212375035 ), 1,5099693939646386E-08
( 0,9999974746261059 1,0000066096853173 0,9999948742209507 ), 1,5145069198752026E-08
( 1,0000068309885308 0,9999945831804841 0,9999992239885697 ), 1,519813253025859E-08
( 0,9999920498602598 1,0000033691219192 1,0000015571846534 ), 1,527232740272666E-08
( 1,0000003075867219 1,0000067095215524 1,000005699523009 ), 1,5394601149409937E-08
( 0,9999979452714721 0,9999948181487086 0,9999931729299393 ), 1,541156535722621E-08
( 0,9999962639126934 0,9999949127834395 0,9999938392311638 ), 1,5433556654897984E-08
( 1,000005512310323 1,0000050028524257 0,9999952583021693 ), 1,5454311608209537E-08
( 0,9999959754335087 1,000004154978951 0,9999932946819265 ), 1,5558356381006888E-08
( 1,0000016845338024 0,9999921404428757 0,9999962645815761 ), 1,558640150278734E-08
( 0,9999928675687899 0,9999950394609326 0,9999981696447976 ), 1,5638995876088302E-08
( 1,000008859063033 1,0000001617101224 1,0000006669369126 ), 1,5663840002844154E-08
( 1,0000081133844068 1,0000024556659555 0,9999973008136186 ), 1,5701324684869178E-08
( 0,9999983313044761 1,0000070221097674 1,0000052688973258 ), 1,5842765321849583E-08
( 1,0000049959102117 1,0000070468978606 1,0000023127596218 ), 1,5864767277662395E-08
( 0,999994938961433 0,9999997594277109 0,9999926055525261 ), 1,5940774034106653E-08
( 0,9999971150392065 0,9999937861769509 0,9999941898503032 ), 1,6008737446782106E-08
( 1,0000026491768088 1,000007187697848 1,0000047375263788 ), 1,609461719453975E-08
( 0,9999949616855806 1,0000032894747806 1,0000067041306298 ), 1,6099640731681575E-08
( 1,000000778162474 1,0000086638515309 1,0000023889616536 ), 1,6144156234076945E-08
( 0,9999958576863248 0,999999797859584 1,0000080129084092 ), 1,6150373483014846E-08
( 0,9999975408421334 0,9999940373196318 0,9999936887241162 ), 1,6155709658960404E-08
( 0,9999992994792357 1,0000054060734003 0,9999927910942233 ), 1,620559686443812E-08
( 1,000005512058018 1,000006184763235 0,9999963095280315 ), 1,6318480788868328E-08
( 0,9999953833469998 0,9999975410348043 0,9999925208012442 ), 1,652574610488955E-08
( 1,0000071843168774 1,0000052738009386 1,0000019793912824 ), 1,6535061320155364E-08
( 0,9999971198958536 1,0000079842712752 0,9999966105715634 ), 1,6572052174979035E-08
( 0,9999997900749519 0,9999920866161044 0,9999954109797918 ), 1,6610343323009147E-08
( 0,9999908701405551 1,0000004754848932 0,9999990771345376 ), 1,675066130246705E-08
( 1,000004695822624 0,999992121184999 1,000000818984138 ), 1,6823101134377794E-08
( 0,9999999599310626 1,0000065082229053 1,0000065188222784 ), 1,6834285077038658E-08
( 1,000005499391403 0,9999970803155204 0,9999931500012881 ), 1,7000282070966932E-08
( 0,9999969742065001 1,0000071533051156 1,0000050387500958 ), 1,7005017838300773E-08
( 1,0000003555476145 0,9999907623144014 1,0000005910337737 ), 1,7024142096033756E-08
( 0,9999926057494816 1,0000029190373994 1,0000048179580143 ), 1,714275299491419E-08
( 0,9999938088170309 1,000000230719273 1,0000069428182208 ), 1,717811670687297E-08
( 1,0000063522032612 0,9999947972436827 1,0000044423750318 ), 1,729063470179426E-08
( 0,9999949985254016 0,9999925132576852 1,0000025345312455 ), 1,735730492669063E-08
( 1,0000007942868583 0,999995417396834 0,9999918770592167 ), 1,7381786676651245E-08
( 0,9999955068899035 1,0000037994333846 0,9999926909005756 ), 1,746775879496454E-08
( 1,0000079902569983 0,9999958143179386 1,0000026434653744 ), 1,752835032675648E-08
( 1,0000023757954106 0,9999941710202667 0,9999930021254995 ), 1,7575885635778832E-08
( 1,0000010198136047 0,9999911263242257 1,000002996652225 ), 1,760968615371894E-08
( 1,0000059229852136 1,0000046268519014 1,0000057186530487 ), 1,7695086285129946E-08
( 1,0000033827771724 0,9999940336255672 1,0000065384730379 ), 1,781410929879712E-08
( 0,9999961129977695 1,0000085547857396 1,0000012327128391 ), 1,7818130970681523E-08
( 0,9999940987030334 1,0000000782252463 1,0000074312743197 ), 1,7866248924747197E-08
( 1,0000009059831325 0,9999942380164271 0,9999924901239788 ), 1,7938511120974E-08
( 1,0000062440080626 1,0000059891620232 1,0000039469067845 ), 1,794174053770803E-08
( 1,0000089760161561 1,000000581984614 0,9999967957400071 ), 1,808837168937316E-08
( 1,0000092934686748 1,0000003686444856 0,9999977621755975 ), 1,8155319025936478E-08
( 0,9999980642151411 0,9999909294074995 0,9999976509197698 ), 1,816102823681831E-08
( 0,9999963527908803 0,9999939580279895 0,9999935230673019 ), 1,8204104890173767E-08
( 1,0000011336555958 1,0000064548758392 1,0000070504747536 ), 1,8382969813046657E-08
( 0,9999995748171064 1,0000080073398245 1,0000053376439884 ), 1,840854579882034E-08
( 0,9999986971441187 0,9999951971864298 0,9999917517310911 ), 1,8410467816920573E-08
( 1,0000044965107302 0,9999914424143425 1,000000011654434 ), 1,8539942914230778E-08
( 1,0000066864915542 1,0000053027566707 0,999995365711269 ), 1,8709371829572774E-08
( 0,9999977386011943 1,000001603697043 1,000009362525828 ), 1,891523027097719E-08
( 1,0000035187257632 1,0000063638664687 1,0000066522276279 ), 1,927029558146387E-08
( 0,9999917642242162 0,9999967668704864 0,9999956356375677 ), 1,9309261745092954E-08
( 1,0000075400455706 0,9999950812125066 0,9999959077530868 ), 1,9401404927066324E-08
( 1,000005202343137 0,9999935553079602 0,9999945233080856 ), 1,955999096026062E-08
( 0,9999947612301114 1,0000078784982904 1,0000030626642107 ), 1,962005313771442E-08
( 0,9999963426725343 0,999997636290444 1,0000089417403542 ), 1,9624522451522353E-08
( 1,0000064241070001 0,9999948065550435 1,000005588452456 ), 1,973441854374869E-08
( 1,0000013936674315 1,0000034393061104 0,9999907273370725 ), 1,9790284966347826E-08
( 0,9999945563619442 0,9999939157787852 1,0000057708070884 ), 1,9829911934721167E-08
( 1,0000053029286775 0,9999962583724802 1,0000076283658021 ), 1,9901264636246196E-08
( 1,00000689589109 1,0000001607084483 1,0000072998313223 ), 2,0011150070331496E-08
( 0,9999955279965714 0,999992394931636 1,0000048528364434 ), 2,0114157450734638E-08
( 1,0000062919929338 0,9999922347618098 0,9999986583949788 ), 2,017409528320968E-08
( 0,9999990797839742 0,9999910643652394 1,0000046057558125 ), 2,0217214569129283E-08
( 0,9999963779199725 1,0000007893371217 1,0000093931021683 ), 2,0230615405125718E-08
( 1,0000048817202292 1,000006654604494 1,0000058296039853 ), 2,0255683352843334E-08
( 1,0000024980274784 1,0000097859167134 0,9999988638910647 ), 2,0492919361458917E-08
( 1,0000065438156085 1,0000077586827854 1,0000007064561263 ), 2,0537108014195837E-08
( 0,9999994002353141 1,0000071479351027 1,000007231996051 ), 2,0584060678174865E-08
( 1,0000066346175496 1,0000014995657116 0,999992393269534 ), 2,0658408317331123E-08
( 0,9999914576354005 1,00000574054017 1,0000005362102842 ), 2,107188379341096E-08
( 1,0000053126545312 1,0000044072632404 0,9999923139732723 ), 2,1173050868128485E-08
( 1,0000057454295697 0,9999914942007138 1,0000012394395552 ), 2,1207085865171393E-08
( 0,99999685387066 1,0000095789843655 0,9999976965353263 ), 2,122022024764192E-08
( 1,0000077336769875 1,0000068074313015 1,0000011839613676 ), 2,133759480216213E-08
( 1,0000070939123165 0,9999960241636406 1,0000064384870446 ), 2,1344011003066043E-08
( 1,0000075161674022 1,0000006869749478 1,000007149461411 ), 2,144211919130612E-08
( 0,9999900141135348 1,0000030137551108 1,0000001687918414 ), 2,1590839338614387E-08
( 1,0000086370703727 1,0000057474249442 0,999998639330213 ), 2,172061996930097E-08
( 1,0000024464998183 0,9999902147282359 1,0000028011846247 ), 2,1740504507761216E-08
( 1,0000074953601603 0,9999935861479393 0,9999964805411076 ), 2,176451019408887E-08
( 1,0000093163355381 0,9999951030866275 0,999999648494348 ), 2,2001174215802166E-08
( 1,0000007460908684 0,9999914425122954 0,9999938632559432 ), 2,2110178576895123E-08
( 0,9999917009721114 0,9999953701599333 1,000004624401657 ), 2,2159280632649825E-08
( 1,0000063904329521 0,9999915988291553 1,0000007196850702 ), 2,220706818434337E-08
( 1,0000060782421833 0,9999933383910081 1,0000055347142824 ), 2,221101169652684E-08
( 0,9999992549230965 1,0000050541411225 0,9999907247966161 ), 2,224548367735224E-08
( 1,0000070888224255 1,0000046036009511 1,000006389809121 ), 2,2274313948855706E-08
( 0,9999962368360994 1,000008484845855 1,0000051375070578 ), 2,2328627835577208E-08
( 1,0000048390685825 0,9999980908463781 1,0000092895620405 ), 2,248921049385899E-08
( 1,0000058233728017 0,9999915327200584 1,000002818970437 ), 2,252804165436828E-08
( 0,9999989497529812 0,999993012166049 0,9999920145590455 ), 2,2557202328243875E-08
( 1,0000011660962151 0,9999895868995359 1,000002047848942 ), 2,2613946271121677E-08
( 0,9999952001785914 1,0000072788736292 1,000006192795489 ), 2,2690301193506457E-08
( 0,9999997382471689 0,9999956868207309 0,9999901393645171 ), 2,299447032783064E-08
( 1,000003002672868 0,9999922771430418 0,9999930040877528 ), 2,3331178766738958E-08
( 0,9999905588503205 0,9999952241880307 1,0000024049142604 ), 2,335616855475564E-08
( 1,0000059361784777 1,0000054110719596 1,0000073243341445 ), 2,3442758845249045E-08
( 1,0000082806141475 0,9999929341356667 1,0000001316908764 ), 2,3511915969720576E-08
( 1,0000108923445623 0,9999996401663127 1,0000000866731162 ), 2,356504325007336E-08
( 1,0000009278374926 1,0000109154304933 1,0000001689417837 ), 2,3814202165794995E-08
( 1,0000011572686798 0,999992567257907 0,9999920305718175 ), 2,382623875973877E-08
( 0,9999987125631139 0,9999998048402814 0,999989110886378 ), 2,3860295073063753E-08
( 1,000007673626037 1,0000036932732432 0,9999930815784881 ), 2,388429720667773E-08
( 0,9999999278367501 0,9999913232745162 0,9999932823538752 ), 2,388988917800816E-08
( 1,0000035884900664 1,000010138267058 1,00000219849616 ), 2,3905275980951046E-08
( 0,9999977908547988 0,9999951479900704 1,000009665501747 ), 2,4172933876798197E-08
( 0,999996075572589 1,0000035524093411 0,9999902616918345 ), 2,4373537854671667E-08
( 0,999991117636441 1,000001507174025 0,999993503619084 ), 2,4475813376056976E-08
( 0,9999993843242402 1,0000100965744259 0,9999952593327971 ), 2,4758101346833428E-08
( 1,0000040246786162 1,0000103343465598 1,0000013949736377 ), 2,4787645713786333E-08
( 1,0000002077275971 0,999993010855873 0,9999912652378501 ), 2,4836182888066105E-08
( 0,9999890871222945 0,9999975341703609 1,0000011419291235 ), 2,5091679844990722E-08
( 1,0000045053237852 1,0000062603547848 1,0000082189209476 ), 2,5203860332112527E-08
( 0,9999987460101855 0,9999888017526646 1,0000007265590394 ), 2,5295214811649203E-08
( 1,0000086211478587 0,9999988015442749 0,9999927561965394 ), 2,5440446194124888E-08
( 1,0000078033091226 0,9999922956979007 1,0000028619643115 ), 2,548122779444384E-08
( 1,000004521585433 1,00001020176505 1,0000019967904998 ), 2,5494955480098724E-08
( 0,9999951462806826 1,000001411827826 0,9999898484279188 ), 2,551445987819534E-08
( 1,0000106497079906 1,0000021449506742 0,9999966379049543 ), 2,5656220259406837E-08
( 0,9999991120289297 0,9999943150176357 0,9999901783762524 ), 2,5706022199756262E-08
( 1,0000063363925045 0,9999996093942233 1,0000094535562076 ), 2,572593515992594E-08
( 0,9999934811887489 0,9999979476540825 0,9999908667515309 ), 2,5815420912067566E-08
( 0,9999904039398728 1,0000027347239253 0,9999944609682142 ), 2,583936975497636E-08
( 0,9999942235682495 0,9999949446607853 1,000008469196591 ), 2,59201051733271E-08
( 0,9999966681634539 0,9999987125781978 0,9999890969427901 ), 2,6115390738823407E-08
( 0,9999982194304246 1,000010659223272 1,0000039396984721 ), 2,6249399098787762E-08
( 1,000003279787143 1,0000086681234823 1,0000071691674186 ), 2,7237312849592854E-08
( 0,9999896319902621 1,0000037459895565 0,9999958101030972 ), 2,7593028306682754E-08
( 0,9999918816464373 1,0000055359277846 0,9999933593637198 ), 2,7904285104796145E-08
( 1,0000082813796412 1,0000085604430433 0,9999973104826806 ), 2,95794535531968E-08
( 0,9999988904430803 0,9999888597756782 1,0000048782533326 ), 2,9586821881366632E-08
( 0,9999894276409241 0,9999944564388882 0,999997419539313 ), 2,9593081762868678E-08
( 0,9999972758094646 1,000010497332922 1,0000057254891273 ), 2,983746583140601E-08
( 0,9999956911591749 1,0000064831229745 1,000009521780474 ), 3,000904413852368E-08
( 0,9999987896685774 0,9999912708438035 0,9999913968323926 ), 3,0091626967987395E-08
( 1,0000011350243776 0,9999970997745021 0,9999880439024875 ), 3,028412720595952E-08
( 1,0000012388708963 1,0000111385804908 0,9999947311616092 ), 3,042609364456439E-08
( 1,00000589393892 1,00000135205664 1,0000108254629883 ), 3,050421781836121E-08
( 1,0000022082410032 0,9999944047883871 1,0000108819955207 ), 3,0671522210923285E-08
( 1,000011838279684 1,0000038236246056 0,999999326695591 ), 3,0794083727414545E-08
( 0,9999935733454639 0,9999926923912271 0,9999921613245077 ), 3,09785015417674E-08
( 0,9999916139120204 1,0000086738797904 0,9999966874884092 ), 3,105538581849032E-08
( 1,0000085827969958 0,9999909791649645 0,9999981690654959 ), 3,142375959441779E-08
( 1,0000049300923346 1,0000037020644834 0,9999889541935617 ), 3,174688245621837E-08
( 0,9999962409099141 1,0000058736341033 1,0000105603021465 ), 3,1772557917975064E-08
( 1,0000069049157185 1,0000029011259832 0,9999897833214456 ), 3,1836954406117E-08
( 0,9999948439529436 1,0000047679920616 1,0000106690977069 ), 3,236731416222938E-08
( 1,000001228521053 0,9999872083788303 0,9999999166494612 ), 3,276282356523552E-08
( 1,000012380643886 0,9999979703425343 0,9999970043242646 ), 3,300727158261907E-08
( 1,0000060592949187 0,9999913956384331 1,0000078220484911 ), 3,4110449576019164E-08
( 0,9999980642942472 1,0000129884759912 1,0000008460571248 ), 3,435422257780374E-08
( 0,9999965485391101 1,000007961349461 1,0000100381571015 ), 3,492896638590537E-08
( 1,000011372367184 1,0000016464699575 1,0000066739080251 ), 3,50325954912023E-08
( 1,000001303242637 0,9999979521343092 1,0000131528928144 ), 3,5490515415403934E-08
( 0,9999898369299887 1,0000050620970333 0,9999925895508384 ), 3,6469934627803013E-08
( 1,0000037714039778 0,99998909045097 0,9999928753756668 ), 3,650454516446189E-08
( 0,9999900907671697 1,000007186574941 0,9999941078956276 ), 3,6614583365235376E-08
( 0,9999876576607785 0,9999942671931494 1,0000002516374764 ), 3,675446080819711E-08
( 0,9999898961197302 0,9999994908822141 0,999990854767194 ), 3,6897532140756084E-08
( 0,999999150849384 0,9999917386514302 0,9999891284690106 ), 3,713128648996644E-08
( 1,0000009316041922 0,9999959576726073 0,9999866998797687 ), 3,8508201072318116E-08
( 1,0000072782904619 0,9999983197675575 0,9999882332766346 ), 3,853815400134408E-08
( 1,000006547609653 1,0000119361789763 1,0000033417480438 ), 3,898619738151865E-08
( 1,0000042232041377 1,0000097997951565 0,9999908135734501 ), 3,933358527774544E-08
( 0,9999978197103728 0,9999907403300993 1,000010411948738 ), 3,946094295770308E-08
( 1,0000114287077395 0,9999949608087976 1,0000067210982972 ), 3,9912912086492724E-08
( 1,00000977040271 1,0000083611995487 0,9999939628480713 ), 4,0039026316662785E-08
( 1,0000046004598742 1,0000120879159233 0,9999939269430639 ), 4,050451352100026E-08
( 0,9999993143695605 0,9999864621191503 0,9999946189556537 ), 4,219798199756042E-08
( 0,9999963679849109 0,9999882546688618 0,9999918955967876 ), 4,3016498807446624E-08
( 0,9999995741433926 0,9999948431370272 0,9999860239402294 ), 4,406384590538437E-08
( 0,9999997128971045 1,0000108786450412 1,0000103485533565 ), 4,474136261478634E-08
( 0,9999962093303841 1,000012426732787 0,9999920807342396 ), 4,592928348756686E-08
( 0,9999985354536437 1,0000149628954367 1,000002500971275 ), 4,6084096538834274E-08
( 0,9999992104128008 1,0000039805708691 0,9999850643780718 ), 4,752308058186827E-08
( 0,9999955814956776 0,9999895000547788 1,0000106282951995 ), 4,8156245213704096E-08
( 1,0000117682061322 1,000007344698106 1,0000074277893058 ), 4,912332940421038E-08
( 0,9999930308387528 0,9999882405457186 0,999992147129901 ), 4,930470964836786E-08
( 1,0000140722033137 0,9999930051234797 1,000001973042463 ), 4,976627820951762E-08
( 1,0000078853509733 1,000011786416013 0,9999929278657423 ), 4,981892232081009E-08
( 0,9999968507266208 1,0000096878024185 0,9999878501960021 ), 4,987362345332258E-08
( 1,0000082621887243 0,9999867910410185 0,9999969396681593 ), 5,0015831476457606E-08
( 0,9999938559812312 1,0000090838660134 0,9999885070795871 ), 5,0064798529092513E-08
( 0,9999953439357052 0,9999851219734422 0,9999968631537638 ), 5,0168281973128614E-08
( 1,000001244152371 0,9999944886160942 0,999984932550927 ), 5,137388825460221E-08
( 1,0000156534344729 0,9999977823681966 0,9999969204629944 ), 5,1469147166471885E-08
( 0,9999984098403791 1,0000125551299428 1,000009991671934 ), 5,158063487442632E-08
( 0,9999858221593089 1,0000068600235719 1,0000040160327208 ), 5,24151104741577E-08
( 0,9999915045746571 1,000010026324509 1,0000098335599472 ), 5,3446498782250274E-08
( 0,9999997957888328 0,9999863250423877 0,9999908829534302 ), 5,3598935068066567E-08
( 1,0000050438569217 0,9999902310695207 1,0000123111895856 ), 5,4049522191235155E-08
( 1,0000082565348254 1,0000110719576933 1,0000093867401385 ), 5,5325507730685786E-08
( 0,9999848835307111 0,9999930907970048 0,9999974920207041 ), 5,605264874475324E-08
( 0,9999856911779568 0,9999929726385152 1,000005393935622 ), 5,618875320578809E-08
( 1,0000041139812872 1,0000156783527838 1,000004965829293 ), 5,70169049751712E-08
( 0,9999862888809862 1,0000091963623539 0,9999961353323941 ), 5,7038423761923696E-08
( 0,9999881050896706 1,0000124009547164 1,0000029496981513 ), 6,030589716488066E-08
( 0,9999903035672029 0,9999849356284849 1,0000015655193157 ), 6,416138376152958E-08
( 0,9999839627893645 1,0000004982204882 0,9999914446433824 ), 6,559526610772082E-08
( 1,0000128336097918 1,0000092529882212 0,9999899242589882 ), 6,980224753760922E-08
( 0,9999947546844563 1,0000161196826594 1,000010647872423 ), 7,950259117706082E-08
( 1,0000133536517348 1,0000036835735924 1,0000148368340498 ), 8,174158239171447E-08
( 0,9999896002708623 1,0000175135724223 0,9999947310840104 ), 8,781648119793317E-08
( 1,0000064455667697 1,000015555175412 1,0000128123131031 ), 8,881303159569143E-08
( 1,0000036763279947 1,0000094610188055 1,0000188455225527 ), 9,089928099115241E-08
( 0,9999907773479748 0,9999821598261509 0,9999925572086384 ), 9,100726572341955E-08
( 0,9999969604419787 1,0000189721738966 1,0000101294273172 ), 9,359892416682669E-08
( 1,0000160192828422 1,0000136455578126 0,9999934938650983 ), 9,624961805343446E-08
( 0,9999825417445775 0,9999997148368629 0,9999860892700667 ), 9,887472884884119E-08
( 0,9999839813515361 1,00000234856349 1,000016173093541 ), 1,0389432958390898E-07
( 0,9999807135864426 0,9999983767614262 0,9999874366401488 ), 1,0563161367826979E-07
( 0,9999987245137811 1,0000157291419798 1,0000168758011778 ), 1,0590674293098346E-07
( 0,9999957884329581 1,0000181397668197 1,0000146921715336 ), 1,1162497770556001E-07
( 1,0000147145776512 0,9999905442369997 0,9999839579858415 ), 1,1174959269055762E-07
( 0,999995545295623 1,0000213777703035 1,0000095334507808 ), 1,1263514920756279E-07
( 1,0000235056095983 0,9999969733590284 0,9999970182443496 ), 1,1319560400124828E-07
( 1,0000014451219412 0,9999790281587305 0,9999857977235426 ), 1,2768736468160569E-07
( 0,9999756323718416 1,0000088238431175 1,0000065863336436 ), 1,4185457075654995E-07
( 1,0000106972795055 0,9999847577457044 1,0000226800667056 ), 1,7084406422895881E-07
( 0,9999895670263431 0,9999946488071537 1,0000273856996194 ), 1,7606479119081087E-07
( 0,9999985100716873 0,9999746632476552 0,999982078206251 ), 1,9152010111156414E-07
( 1,0000048718507757 0,9999669574701711 0,9999968759326416 ), 2,2325131254774533E-07
( 1,0000300481743651 0,9999864993896701 1,000008564489176 ), 2,2983916636576396E-07
( 1,0000011436100682 0,9999761160227744 0,9999736670422941 ), 2,510010759237957E-07
( 0,9999814960881033 1,0000327569009115 1,0000061955342079 ), 2,8842121579941704E-07
( 1,0000360254779406 0,9999745105513906 0,9999919444208578 ), 3,992520518636411E-07
( 1,0000002148692613 0,9999685604945497 0,9999678058319423 ), 4,0173468107695953E-07
( 0,9999997609356215 0,9999633844629616 0,9999660122230303 ), 4,95171512682191E-07
( 1,0000038345645565 0,9999581012206946 0,9999610676717666 ), 6,519040525176933E-07
( 0,9999448608210723 1,0000060767930317 1,00001938747914 ), 6,850738216712671E-07
( 1,00003253168444 0,9999620260297458 0,999952050375937 ), 9,521826918046372E-07
( 1,0000005515318962 1,000054851629185 1,0000553760832283 ), 1,2053342928197708E-06
( 1,0000064129618975 0,9999412221892964 0,9999446522703681 ), 1,3013188180366342E-06
( 1,0000029424731658 1,0000677551554484 1,0000820064074185 ), 2,2466852236391333E-06
( 0,9999997209553427 0,9999146336117106 0,9999141793297709 ), 2,9069768139322605E-06
( 0,9999986890382712 1,0000893700631939 1,000087752426497 ), 3,1126160777716905E-06
( 1,0001156730875869 0,999935049991947 1,0000001588825784 ), 3,491460958571224E-06
( 0,9999988439545883 1,0001057838251897 1,0000991733672382 ), 4,171572612676755E-06
( 0,9999828973016782 1,000108140269238 1,000104936393775 ), 4,562713698419429E-06
( 0,9999904560741076 1,0001274696867242 1,0001162045672214 ), 5,920636411360647E-06
( 0,9999962555169659 0,9998658914584225 0,9998719570700136 ), 6,823519704823866E-06
( 0,9999961852882218 0,9998439185087129 0,9998452171869743 ), 9,589023534317676E-06
( 1,0000028162058323 1,0001599577755214 1,0001612762140848 ), 1,0237911382660059E-05
( 0,999986777793671 0,9997291135706547 0,9997328508098408 ), 2,875156463844064E-05
( 0,9999976950947267 1,000489878180296 1,000495528079045 ), 9,632603172349263E-05
( 1,0000083282929961 0,999334929838617 0,9993261644425759 ), 0,0001778467468724898
( 0,9990007020293729 1,000025931010608 1,0004869571982864 ), 0,00024529053258248723
( 0,9999925289535574 0,9988806556004113 0,9988584244170885 ), 0,0005071242637839646
( 0,9999050975661029 1,0025940239953433 1,002587924361009 ), 0,0026654025490024935
( 0,9999996862230116 0,996677867405508 0,9967037596567183 ), 0,004344981223539435
( 1,0000968090053606 1,0037214487104358 1,003866575169346 ), 0,0057151992425836795
( 0,9998352266841659 1,0055575783278268 1,0060138258615823 ), 0,013306658254194303
( 1,0001732543624267 0,9918267660849658 0,9918272482080991 ), 0,026504475426698093
( 0,9999054018178695 1,008943744696367 1,0089813975916075 ), 0,03186628911826972
( 1,0001512149891219 1,0102528460459776 1,0101219955510898 ), 0,04117191143067345
( 0,999958598740168 0,9843145144491827 0,9844667643074052 ), 0,09660286205322066
( 1,0000078337744134 0,97552149268115 0,9757925115563275 ), 0,23467847640680617
( 1,0000713355545248 0,9714830433241229 0,9717151909694445 ), 0,31921229269569196
( 1,0001153192864343 0,9669580098285281 0,9670184604894159 ), 0,4308688633480031
( 0,9990466114322671 1,034180908347963 1,0349967548468386 ), 0,4730962597112587
( 1,015520997258192 0,011575946411740257 0,9650413029422977 ), 1,2926654468330767
( 0,9677059186406118 0,9688078015326275 1,9863688308997705 ), 1,40818979404132
( 1,0023709320429468 0,0063128443473804904 0,00688615238369893 ), 1,9920286152002475
( 1,0041019018700728 0,005982654259146509 0,010112072696731898 ), 1,9985280741551996
( 0,9950969098978013 -0,0023499509206711625 0,007635414273201961 ), 2,006857619236939
( 1,005082539338515 0,005538898790334697 0,01354868329432964 ), 2,0094315741182243
( 0,9965933107022593 0,006112157300831263 0,015213563347230069 ), 2,012945203992402
( 0,9990009421487093 0,0035558582953728185 0,016742330915671864 ), 2,0176694477595234
( 1,0127721481308225 0,010790829833431001 -0,0004333885314739159 ), 2,03476073145859
( 0,986779755787849 0,0011540326360201837 0,017187927710490304 ), 2,0567877120978437
( 1,0139208243323776 0,01805304985819263 0,006465751466221999 ), 2,0622666576819135
( 1,003879324181332 0,023657256641430743 0,010129248612863073 ), 2,0665910094772286
( 1,0150213185190462 0,017656380688250817 -0,006325930084471763 ), 2,091794538705134
( 1,0232442487986477 2,0000647089985506 1,993762227438905 ), 2,102373956150373
( 0,9883843072691312 -0,008262107540187247 0,023313196534808987 ), 2,1178290434675517
( 1,0283824325983777 0,013509122025672733 -0,013510490472995166 ), 2,2317747501062506
( 1,039460124736518 0,015164712648969804 0,004401715172142784 ), 2,3176456978376834
( 0,9881188246508676 -0,003505737217673121 0,04386447045836518 ), 2,329039785897109
( 0,9970105502777705 0,012262809159597059 0,04731389790880496 ), 2,353315087488973
( 0,9327734136791807 0,9341939117460509 0,9309938376431972 ), 2,660527488283666
( 1,0111278011800953 0,022025089435477267 0,0643214874620493 ), 2,7576947241320298
( 0,9219135955181046 -0,027467202873461993 0,01722432909082689 ), 3,414336135002184
( 0,9076806086735466 -0,03722128615876195 0,012557493199110517 ), 3,998433368333899
( 1,0615490442629332 2,0483748842619867 1,928244247061106 ), 4,160647473762545
( 0,9915797770212076 0,05654621248687175 -1,0108509765976263 ), 5,595466808075386
( 1,0504758929020397 -0,9895135071361256 2,026024666015146 ), 5,667247159772895
( 0,0295779785609748 0,15397033534070564 0,94175819152305 ), 6,820982614889253
( 2,065778138484439 3,1114175251734144 0,18681478833809304 ), 15,582588297316802
Liczba wywoa funkcji celu: 51025
