Iteracja nr: 56
( 0,999999999431962 1,0000000012720403 1,0000000017503923 ), 0
( 0,9999999994436377 1,0000000010829144 1,0000000017481112 ), 0
( 0,9999999995134871 1,0000000013818504 1,0000000017304793 ), 0
( 0,9999999994227736 1,0000000013657961 1,0000000017317645 ), 0
( 0,9999999994642149 1,000000001411155 1,0000000017539203 ), 0
( 0,9999999994581077 1,0000000013014054 1,0000000015850425 ), 0
( 0,9999999995780303 1,0000000013470545 1,0000000015372392 ), 0
( 0,9999999995209582 1,0000000012351509 1,0000000015745172 ), 0
( 0,9999999995598193 1,0000000012311716 1,0000000015258075 ), 0
( 0,9999999994913606 1,0000000012911974 1,0000000017453723 ), 0
( 0,9999999993554424 1,0000000013691357 1,0000000016361026 ), 0
( 0,9999999994550962 1,0000000012057582 1,000000001548454 ), 0
( 0,9999999994471914 1,0000000012575463 1,000000001483638 ), 0
( 0,9999999995354963 1,000000001282499 1,0000000016196506 ), 0
( 0,9999999994324937 1,0000000012246693 1,0000000014936008 ), 0
( 0,9999999994074216 1,0000000013081114 1,000000001485928 ), 0
( 0,999999999371065 1,000000001325562 1,000000001759467 ), 0
( 0,9999999994904895 1,0000000012571204 1,0000000014850694 ), 0
( 0,9999999993961405 1,0000000011449628 1,0000000015179622 ), 0
( 0,9999999993915252 1,0000000010995669 1,0000000015828707 ), 0
( 0,9999999994845513 1,0000000013171104 1,0000000017516224 ), 0
( 0,9999999995044238 1,0000000012966435 1,000000001585824 ), 0
( 0,999999999454382 1,0000000012413144 1,0000000015997794 ), 0
( 0,9999999994513735 1,0000000012051244 1,0000000016698243 ), 0
( 0,9999999993927794 1,0000000011522745 1,0000000013001624 ), 0
( 0,9999999994346422 1,0000000011799464 1,0000000015262736 ), 0
( 0,9999999994665385 1,0000000012643813 1,0000000015755035 ), 0
( 0,9999999995039166 1,000000001374467 1,0000000016275 ), 0
( 0,9999999995024025 1,00000000127671 1,0000000016278252 ), 0
( 0,9999999995128709 1,0000000013116745 1,0000000015997852 ), 0
( 0,9999999993775286 1,0000000012315065 1,0000000014832282 ), 0
( 0,9999999994050478 1,000000001246683 1,0000000015489603 ), 0
( 0,9999999993977231 1,0000000013504937 1,0000000016421635 ), 0
( 0,9999999994965462 1,0000000012228087 1,0000000015052666 ), 0
( 0,9999999993830659 1,0000000012260084 1,0000000015903274 ), 0
( 0,9999999993474242 1,0000000013850003 1,0000000018274287 ), 0
( 0,9999999994249216 1,000000001361022 1,0000000015836905 ), 0
( 0,9999999994316554 1,0000000012343884 1,0000000015556785 ), 0
( 0,9999999994541531 1,0000000011752896 1,0000000012757895 ), 0
( 0,9999999995680892 1,000000001035805 1,0000000013899393 ), 0
( 0,9999999994963966 1,0000000011395829 1,0000000015849013 ), 0
( 0,999999999476269 1,0000000012759662 1,0000000016115087 ), 0
( 0,9999999994889006 1,0000000010513534 1,000000001570121 ), 0
( 0,9999999994873888 1,000000001295063 1,0000000016330317 ), 0
( 0,9999999995870195 1,0000000012301524 1,0000000014740449 ), 0
( 0,9999999994352247 1,0000000012829058 1,0000000016951733 ), 0
( 0,9999999995142489 1,0000000013015717 1,00000000159176 ), 0
( 0,9999999994554314 1,0000000012724897 1,0000000015795336 ), 0
( 0,9999999996082503 1,0000000012436816 1,0000000016635282 ), 0
( 0,999999999510503 1,0000000014002488 1,000000001729663 ), 0
( 0,9999999993794569 1,0000000012419887 1,0000000016387707 ), 0
( 0,9999999993742803 1,000000001309117 1,0000000016752277 ), 0
( 0,9999999993288412 1,0000000014100103 1,0000000015423909 ), 0
( 0,9999999995210634 1,0000000013914616 1,0000000016407715 ), 0
( 0,9999999996082211 1,0000000011735886 1,0000000016447634 ), 0
( 0,9999999994725974 1,0000000013919033 1,0000000016677786 ), 0
( 0,9999999994709247 1,0000000011230306 1,0000000015138264 ), 0
( 0,9999999994234187 1,0000000012269288 1,0000000016642634 ), 0
( 0,9999999995747181 1,0000000012410972 1,0000000013983428 ), 0
( 0,9999999994628598 1,000000001236015 1,0000000015789514 ), 0
( 0,9999999994692121 1,000000001157559 1,0000000015327701 ), 0
( 0,9999999994670609 1,0000000012189967 1,00000000149337 ), 0
( 0,9999999995419486 1,000000001355288 1,000000001592348 ), 0
( 0,9999999993964049 1,000000001141409 1,0000000015714756 ), 0
( 0,9999999994113513 1,0000000013032655 1,0000000015632502 ), 0
( 0,9999999994347586 1,0000000012487194 1,000000001600686 ), 0
( 0,9999999994625937 1,000000001139444 1,0000000013930896 ), 0
( 0,9999999994803757 1,0000000012941481 1,000000001646286 ), 0
( 0,999999999448138 1,0000000013097805 1,0000000016890365 ), 0
( 0,9999999994222619 1,0000000013669106 1,0000000016775272 ), 0
( 0,9999999994439228 1,0000000013292565 1,0000000016417283 ), 0
( 0,9999999994108825 1,0000000011265642 1,000000001566995 ), 0
( 0,9999999994511634 1,0000000013149477 1,0000000016048611 ), 0
( 0,9999999994633744 1,00000000132028 1,0000000016761672 ), 0
( 0,9999999995721739 1,0000000014130719 1,0000000017623887 ), 0
( 0,9999999994586397 1,0000000013795496 1,0000000015654573 ), 0
( 0,9999999994230412 1,0000000012523012 1,0000000014366484 ), 0
( 0,9999999994876746 1,0000000012596848 1,0000000016249442 ), 0
( 0,9999999994302649 1,0000000012979464 1,0000000016234212 ), 0
( 0,9999999994620027 1,0000000014552866 1,0000000016876083 ), 0
( 0,9999999994653455 1,0000000012898953 1,000000001729761 ), 0
( 0,9999999994928814 1,0000000013564365 1,0000000017095296 ), 0
( 0,9999999994417677 1,0000000012498655 1,0000000016634343 ), 0
( 0,9999999995202189 1,0000000011936896 1,0000000016022268 ), 0
( 0,9999999993493373 1,0000000013022503 1,000000001552876 ), 0
( 0,9999999994955847 1,000000001195262 1,0000000015577142 ), 0
( 0,9999999993515711 1,000000001315699 1,0000000016709207 ), 0
( 0,9999999993974624 1,0000000011861858 1,0000000014493493 ), 0
( 0,9999999994850463 1,000000001170834 1,0000000014861716 ), 0
( 0,9999999995145267 1,0000000012565995 1,000000001498067 ), 0
( 0,9999999998188978 1,0000000009974246 1,0000000010483188 ), 0
( 0,9999999995217125 1,000000001332676 1,0000000016275032 ), 0
( 0,9999999995080104 1,0000000012189207 1,0000000016303472 ), 0
( 0,9999999994133081 1,000000001288282 1,0000000015288777 ), 0
( 0,9999999994433251 1,000000001221786 1,0000000015771653 ), 0
( 0,9999999994169064 1,0000000010650092 1,0000000015708788 ), 0
( 0,9999999994014452 1,0000000014572845 1,0000000018107116 ), 0
( 0,9999999994338723 1,0000000013567503 1,000000001524278 ), 0
( 0,9999999994148936 1,00000000129929 1,0000000016045596 ), 0
( 0,999999999445739 1,0000000014690216 1,0000000017612232 ), 0
( 0,9999999995826916 1,000000001078732 1,0000000014723849 ), 0
( 0,9999999993702602 1,0000000012777466 1,0000000015833563 ), 0
( 0,9999999994434582 1,0000000012980637 1,0000000016426187 ), 0
( 0,9999999994921301 1,000000001275765 1,0000000015618846 ), 0
( 0,9999999993637507 1,0000000012733194 1,0000000015935893 ), 0
( 0,9999999995277093 1,0000000011830912 1,0000000015557147 ), 0
( 0,9999999994405961 1,0000000013079937 1,0000000014829733 ), 0
( 0,9999999994123078 1,0000000012075705 1,0000000016196477 ), 0
( 0,999999999538407 1,0000000009811039 1,0000000014356343 ), 0
( 0,9999999994811135 1,0000000012998014 1,0000000016764794 ), 0
( 0,9999999994321955 1,0000000012173094 1,0000000015175436 ), 0
( 0,9999999994423674 1,0000000012931984 1,0000000015809247 ), 0
( 0,9999999994446216 1,0000000013393857 1,0000000017117405 ), 0
( 0,9999999996089179 1,0000000013025903 1,000000001627182 ), 0
( 0,9999999996077386 1,000000001202598 1,0000000013844375 ), 0
( 0,9999999995119095 1,0000000013023587 1,000000001522532 ), 0
( 0,9999999994471881 1,0000000012191381 1,000000001587681 ), 0
( 0,9999999995497296 1,0000000013171544 1,0000000015781103 ), 0
( 0,9999999992669993 1,0000000011174617 1,0000000016251767 ), 0
( 0,9999999994051352 1,0000000011696533 1,0000000014372108 ), 0
( 0,9999999994370635 1,000000001304929 1,0000000016307204 ), 0
( 0,9999999995113144 1,0000000013969026 1,0000000016858255 ), 0
( 0,9999999993652681 1,0000000011831471 1,0000000015178143 ), 0
( 0,9999999994586564 1,0000000013193286 1,0000000016582664 ), 0
( 0,9999999994364035 1,000000001280677 1,000000001672598 ), 0
( 0,999999999525402 1,0000000012790495 1,000000001539637 ), 0
( 0,9999999995356944 1,0000000016353454 1,000000001566164 ), 0
( 0,9999999995000348 1,000000001313454 1,0000000015784327 ), 0
( 0,9999999995141109 1,0000000012852792 1,0000000016981505 ), 0
( 0,9999999995520571 1,000000001299702 1,0000000015898483 ), 0
( 0,9999999994604437 1,0000000013778425 1,0000000017575748 ), 0
( 0,9999999994441595 1,0000000012054193 1,0000000013486492 ), 0
( 0,9999999993855849 1,0000000011721448 1,0000000015563604 ), 0
( 0,9999999994249904 1,0000000012777746 1,0000000016234356 ), 0
( 0,9999999993981524 1,0000000013489059 1,000000001633198 ), 0
( 0,9999999994347556 1,000000001376304 1,0000000015057697 ), 0
( 0,9999999995213346 1,0000000013776107 1,0000000015730648 ), 0
( 0,9999999994796152 1,0000000011700927 1,0000000014967816 ), 0
( 0,9999999995112672 1,0000000013802075 1,0000000015887143 ), 0
( 0,9999999995204883 1,0000000013542925 1,0000000015868475 ), 0
( 0,9999999994982793 1,0000000013700967 1,0000000016034496 ), 0
( 0,9999999994951669 1,000000001201954 1,000000001526911 ), 0
( 0,999999999435261 1,0000000012721015 1,0000000016882715 ), 0
( 0,9999999994544698 1,00000000136999 1,000000001764541 ), 0
( 0,9999999994956422 1,0000000012728467 1,0000000016434687 ), 0
( 0,9999999995103146 1,0000000012785195 1,000000001543509 ), 0
( 0,9999999994174763 1,0000000012029795 1,0000000014427592 ), 0
( 0,9999999994588187 1,000000001364598 1,0000000016033241 ), 0
( 0,9999999994008202 1,0000000012104049 1,0000000014742865 ), 0
( 0,9999999994062095 1,0000000014058918 1,0000000017986008 ), 0
( 0,99999999951676 1,0000000012483572 1,0000000016590171 ), 0
( 0,9999999994547747 1,0000000013727008 1,0000000016070267 ), 0
( 0,9999999994997681 1,0000000013231989 1,0000000016483859 ), 0
( 0,9999999994884132 1,0000000012101258 1,000000001576887 ), 0
( 0,9999999994250558 1,0000000012641996 1,0000000016327326 ), 0
( 0,9999999995041343 1,0000000013096413 1,000000001565557 ), 0
( 0,9999999994424189 1,000000001335782 1,0000000017125317 ), 0
( 0,9999999995073423 1,0000000013315256 1,0000000016131483 ), 0
( 0,9999999994522228 1,0000000011886803 1,0000000016038972 ), 0
( 0,9999999995326536 1,0000000012790113 1,0000000016184354 ), 0
( 0,9999999994048115 1,0000000012062018 1,0000000015259471 ), 0
( 0,9999999995491498 1,0000000011881653 1,0000000014853758 ), 0
( 0,9999999995441912 1,0000000012993453 1,0000000015378032 ), 0
( 0,999999999482819 1,0000000012930093 1,0000000016266364 ), 0
( 0,9999999994197636 1,0000000012210082 1,0000000016243564 ), 0
( 0,9999999995324143 1,000000001220492 1,0000000016364663 ), 0
( 0,9999999994320714 1,0000000014087913 1,0000000017600228 ), 0
( 0,9999999994564401 1,0000000010850854 1,0000000015781907 ), 0
( 0,9999999993971547 1,0000000013624748 1,0000000016251647 ), 0
( 0,9999999995244874 1,0000000014066837 1,0000000017089399 ), 0
( 0,9999999995086826 1,0000000012898873 1,000000001655548 ), 0
( 0,9999999994221577 1,000000001337018 1,0000000016436101 ), 0
( 0,9999999994738161 1,0000000013398531 1,0000000015863764 ), 0
( 0,9999999994872196 1,0000000012014427 1,0000000015233805 ), 0
( 0,9999999993941066 1,0000000012666672 1,000000001541924 ), 0
( 0,9999999996068957 1,0000000014356905 1,000000001604688 ), 0
( 0,9999999994430099 1,0000000013158596 1,000000001705596 ), 0
( 0,9999999994063464 1,0000000013997212 1,0000000016520858 ), 0
( 0,999999999542949 1,000000001236621 1,0000000015795207 ), 0
( 0,9999999993848613 1,000000001352167 1,0000000016783854 ), 0
( 0,9999999994270808 1,000000001237622 1,0000000016475983 ), 0
( 0,9999999994848338 1,0000000012170918 1,0000000014922221 ), 0
( 0,9999999993991631 1,0000000012342236 1,0000000015552528 ), 0
( 0,9999999993882112 1,0000000011843648 1,0000000014907628 ), 0
( 0,9999999995238262 1,0000000013594312 1,0000000016641313 ), 0
( 0,9999999993245374 1,0000000013666375 1,0000000015447448 ), 0
( 0,9999999994875582 1,000000001251856 1,000000001600444 ), 0
( 0,9999999995270685 1,0000000013055657 1,0000000015965083 ), 0
( 0,9999999994633213 1,0000000012259107 1,0000000016116533 ), 0
( 0,9999999995265999 1,000000001182207 1,0000000013710164 ), 0
( 0,9999999995381675 1,0000000013754755 1,0000000016136321 ), 0
( 0,9999999993890564 1,0000000012858412 1,0000000015607076 ), 0
( 0,9999999994564998 1,0000000012949914 1,0000000016140602 ), 0
( 0,9999999994912989 1,0000000012187618 1,0000000015715849 ), 0
( 0,9999999995236145 1,0000000012723127 1,0000000016252972 ), 0
( 0,9999999995165318 1,0000000012893573 1,0000000015132087 ), 0
( 0,9999999994377841 1,0000000012813182 1,0000000016369746 ), 0
( 0,9999999994821106 1,000000001273608 1,0000000015368151 ), 0
( 0,9999999994327432 1,0000000013363421 1,0000000016445583 ), 0
( 0,9999999994458179 1,0000000012944505 1,0000000016906796 ), 0
( 0,9999999994086344 1,0000000012928796 1,0000000016096497 ), 0
( 0,9999999995461475 1,0000000011733354 1,0000000015267458 ), 0
( 0,9999999995160415 1,000000001282181 1,0000000015749289 ), 0
( 0,9999999994880748 1,0000000011759531 1,0000000017214004 ), 0
( 0,9999999994356081 1,0000000012384924 1,000000001608064 ), 0
( 0,9999999993694655 1,0000000012048387 1,0000000016447166 ), 0
( 0,999999999414612 1,0000000012579564 1,0000000015067878 ), 0
( 0,9999999993972922 1,0000000012286145 1,0000000015791919 ), 0
( 0,9999999994579263 1,0000000012390728 1,000000001519619 ), 0
( 0,9999999995357048 1,0000000013593437 1,000000001734843 ), 0
( 0,9999999994018641 1,0000000011976522 1,0000000015186357 ), 0
( 0,9999999995221968 1,0000000013305244 1,0000000016885089 ), 0
( 0,9999999995530092 1,0000000013181753 1,000000001703391 ), 0
( 0,9999999994894321 1,0000000012894348 1,0000000016643962 ), 0
( 0,999999999544693 1,0000000013624866 1,0000000016192043 ), 0
( 0,9999999994493545 1,0000000012944663 1,0000000015731776 ), 0
( 0,9999999994192139 1,0000000011632684 1,0000000014677977 ), 0
( 0,9999999994938156 1,0000000013830344 1,0000000016108677 ), 0
( 0,9999999994963469 1,000000001276641 1,0000000017072388 ), 0
( 0,9999999994608705 1,0000000012796808 1,0000000016062958 ), 0
( 0,9999999995239723 1,0000000013200667 1,0000000016050044 ), 0
( 0,9999999995625117 1,0000000010533503 1,0000000014541752 ), 0
( 0,9999999994536228 1,0000000013495105 1,0000000017892405 ), 0
( 0,9999999995127009 1,0000000012915355 1,0000000015502362 ), 0
( 0,9999999996569806 1,0000000012724255 1,0000000015414585 ), 0
( 0,9999999994229564 1,0000000012379051 1,0000000016257369 ), 0
( 0,999999999538882 1,0000000012880725 1,0000000015057755 ), 0
( 0,9999999994497527 1,0000000012250418 1,0000000015596837 ), 0
( 0,9999999994884602 1,0000000012112462 1,000000001518212 ), 0
( 0,9999999994587454 1,0000000012895551 1,000000001607029 ), 0
( 0,9999999993549251 1,0000000012595114 1,000000001612473 ), 0
( 0,9999999994377372 1,0000000013153125 1,000000001668544 ), 0
( 0,9999999994847054 1,0000000012065167 1,000000001619236 ), 0
( 0,9999999993600114 1,0000000013015293 1,0000000016125306 ), 0
( 0,9999999994406866 1,0000000012442525 1,0000000015803618 ), 0
( 0,9999999994728922 1,0000000011383892 1,0000000016386972 ), 0
( 0,999999999488273 1,0000000011504189 1,000000001369156 ), 0
( 0,9999999992370983 1,0000000010622172 1,0000000015837565 ), 0
( 0,9999999994677976 1,000000001220475 1,0000000017348791 ), 0
( 0,9999999994421697 1,000000001242075 1,0000000015512578 ), 0
( 0,9999999994775413 1,0000000012100296 1,000000001526452 ), 0
( 0,9999999993615547 1,000000001284894 1,0000000016894501 ), 0
( 0,9999999994214593 1,0000000011429262 1,0000000015540453 ), 0
( 0,9999999994931987 1,0000000012363304 1,0000000016169137 ), 0
( 0,9999999994371576 1,0000000012298231 1,0000000014825743 ), 0
( 0,9999999995619412 1,0000000012642967 1,0000000015547974 ), 0
( 0,9999999995201211 1,0000000012331334 1,0000000014603492 ), 0
( 0,9999999994874409 1,0000000013229782 1,0000000016619994 ), 0
( 0,9999999994925218 1,0000000011585173 1,000000001622935 ), 0
( 0,9999999994907568 1,0000000010957049 1,0000000013068528 ), 0
( 0,9999999994441199 1,0000000012082053 1,0000000014298165 ), 0
( 0,999999999416015 1,0000000013996968 1,0000000016265258 ), 0
( 0,9999999994859438 1,0000000013516908 1,0000000015655588 ), 0
( 0,9999999994632469 1,0000000012978285 1,000000001576556 ), 0
( 0,999999999508174 1,000000001340123 1,0000000015718091 ), 0
( 0,9999999994840432 1,000000001238545 1,0000000015192332 ), 0
( 0,9999999994452493 1,0000000013371757 1,0000000017676707 ), 0
( 0,9999999995150374 1,0000000012286159 1,0000000015825725 ), 0
( 0,9999999994473722 1,0000000013866106 1,000000001553962 ), 0
( 0,9999999993592685 1,0000000012895371 1,0000000016059662 ), 0
( 0,999999999420009 1,0000000010980064 1,0000000016530481 ), 0
( 0,9999999995243839 1,0000000011874919 1,0000000015550081 ), 0
( 0,9999999994172791 1,000000001284425 1,0000000017053938 ), 0
( 0,9999999994860377 1,000000001277572 1,0000000015971922 ), 0
( 0,9999999994990164 1,0000000012653838 1,0000000015286667 ), 0
( 0,999999999475032 1,0000000013222166 1,000000001653115 ), 0
( 0,9999999994934173 1,0000000013406247 1,000000001590606 ), 0
( 0,999999999579937 1,0000000012502879 1,0000000015559973 ), 0
( 0,9999999994795759 1,0000000011848935 1,0000000013346422 ), 0
( 0,9999999994069131 1,0000000012679837 1,0000000016449895 ), 0
( 0,9999999991605095 1,0000000008726444 1,0000000014906743 ), 0
( 0,9999999995296224 1,0000000013540495 1,0000000016471458 ), 0
( 0,9999999993754234 1,0000000012035122 1,0000000014556076 ), 0
( 0,9999999993960715 1,0000000013313406 1,0000000016789379 ), 0
( 0,9999999995571461 1,0000000013600796 1,000000001503848 ), 0
( 0,9999999995682988 1,0000000013919068 1,0000000015036008 ), 0
( 0,9999999994072746 1,000000001318561 1,0000000016541366 ), 0
( 0,9999999994584917 1,000000001172695 1,000000001569495 ), 0
( 0,99999999937904 1,0000000012820571 1,0000000016727764 ), 0
( 0,9999999995300685 1,0000000013060735 1,0000000016928468 ), 0
( 0,999999999529887 1,0000000012896544 1,0000000015832453 ), 0
( 0,9999999994443922 1,0000000012485586 1,0000000016687682 ), 0
( 0,9999999994361107 1,0000000010901398 1,0000000016591282 ), 0
( 0,9999999993994048 1,0000000012274979 1,000000001548911 ), 0
( 0,9999999995783658 1,000000001278307 1,0000000016732205 ), 0
( 0,9999999994590195 1,0000000013446373 1,0000000016712243 ), 0
( 0,9999999993292962 1,0000000013064287 1,0000000017685458 ), 0
( 0,9999999995367304 1,0000000012826857 1,0000000015435953 ), 0
( 0,9999999995112036 1,0000000013536678 1,0000000016552648 ), 0
( 0,9999999992840926 1,0000000009748813 1,0000000014868577 ), 0
( 0,9999999993935001 1,0000000012253882 1,0000000016475954 ), 0
( 0,999999999551874 1,0000000013829555 1,0000000016864614 ), 0
( 0,9999999995012196 1,000000001291916 1,0000000015403632 ), 0
( 0,9999999994562854 1,000000001373612 1,0000000016843948 ), 0
( 0,9999999993941981 1,0000000011956043 1,0000000016623576 ), 0
( 0,9999999994309734 1,000000001230286 1,0000000015083212 ), 0
( 0,9999999994708945 1,000000001282887 1,0000000016731254 ), 0
( 0,9999999994382314 1,0000000013060555 1,0000000015630348 ), 0
( 0,9999999994206288 1,0000000012254784 1,0000000016180484 ), 0
( 0,9999999994998052 1,0000000012641506 1,0000000016928987 ), 0
( 0,9999999994076274 1,0000000012312271 1,0000000015868034 ), 0
( 0,9999999995094203 1,000000001306826 1,0000000016345947 ), 0
( 0,9999999994374346 1,0000000012884673 1,000000001644092 ), 0
( 0,9999999993817367 1,0000000012407244 1,000000001635803 ), 0
( 0,9999999994875806 1,0000000014607182 1,0000000017492 ), 0
( 0,999999999496779 1,0000000013146306 1,0000000016932982 ), 0
( 0,9999999994979065 1,0000000012855408 1,0000000015833013 ), 0
( 0,9999999995122512 1,000000001214759 1,0000000015628343 ), 0
( 0,9999999994518396 1,0000000013826327 1,0000000017693877 ), 0
( 0,9999999995598801 1,0000000012701673 1,000000001615209 ), 0
( 0,9999999994841349 1,0000000012956518 1,0000000016607131 ), 0
( 0,9999999994144909 1,000000001395165 1,0000000017231803 ), 0
( 0,9999999995151876 1,0000000012861014 1,0000000016352397 ), 0
( 0,9999999994847424 1,000000001392941 1,000000001654288 ), 0
( 0,9999999993094906 1,0000000013278834 1,0000000016150745 ), 0
( 0,9999999994660353 1,000000001342597 1,0000000016101405 ), 0
( 0,9999999994558477 1,0000000012368069 1,000000001663343 ), 0
( 0,9999999995199198 1,000000001240784 1,0000000016029624 ), 0
( 0,9999999995149115 1,0000000012291665 1,0000000016782364 ), 0
( 0,9999999994986161 1,000000001277825 1,0000000016873183 ), 0
( 0,9999999994912024 1,0000000012994623 1,0000000015806143 ), 0
( 0,9999999994291152 1,000000001181695 1,000000001730542 ), 0
( 0,9999999994309094 1,0000000013438002 1,0000000016603319 ), 0
( 0,9999999994908835 1,0000000013744776 1,0000000017288868 ), 0
( 0,9999999994737504 1,0000000012011006 1,000000001493774 ), 0
( 0,9999999994556845 1,0000000014382346 1,000000001712965 ), 0
( 0,9999999994047116 1,0000000013849084 1,0000000016814687 ), 0
( 0,9999999995385065 1,0000000011800554 1,000000001682106 ), 0
( 0,9999999995110943 1,0000000013608645 1,0000000016156763 ), 0
( 0,999999999465588 1,0000000013913473 1,0000000014945434 ), 0
( 0,999999999366392 1,0000000013549326 1,000000001749256 ), 0
( 0,9999999994443125 1,0000000012618278 1,0000000017754778 ), 0
( 0,9999999994682965 1,000000001409882 1,0000000017059334 ), 0
( 0,9999999995410724 1,0000000012681964 1,000000001626165 ), 0
( 0,9999999994475026 1,000000001286542 1,0000000016576966 ), 0
( 0,9999999994262412 1,0000000012629984 1,0000000015802901 ), 0
( 0,9999999994593679 1,000000001230254 1,0000000015559352 ), 0
( 0,999999999430354 1,0000000011293595 1,0000000014507928 ), 0
( 0,9999999994254645 1,0000000012012906 1,000000001507064 ), 0
( 0,9999999995193127 1,0000000012388992 1,0000000015851291 ), 0
( 0,9999999993822754 1,0000000013054269 1,0000000016572326 ), 0
( 0,9999999994449262 1,0000000012707406 1,000000001521861 ), 0
( 0,9999999994465474 1,000000001254759 1,000000001635839 ), 0
( 0,9999999994798131 1,0000000012710943 1,0000000015789876 ), 0
( 0,9999999994540928 1,000000001259485 1,000000001505054 ), 0
( 0,999999999414032 1,0000000013526233 1,0000000016431307 ), 0
( 0,999999999413028 1,000000001393006 1,0000000017385875 ), 0
( 0,9999999994763282 1,000000001235099 1,0000000015335009 ), 0
( 0,9999999994467821 1,0000000013005415 1,0000000016422292 ), 0
( 0,9999999995180975 1,0000000013095744 1,0000000015929287 ), 0
( 0,9999999994159957 1,00000000110423 1,0000000015265724 ), 0
( 0,9999999994081175 1,000000001285307 1,0000000016541621 ), 0
( 0,9999999994572631 1,00000000120482 1,0000000015974988 ), 0
( 0,9999999994600862 1,0000000011281678 1,0000000015178696 ), 0
( 0,999999999444697 1,0000000012014258 1,000000001625485 ), 0
( 0,9999999994778772 1,0000000012999473 1,0000000016251989 ), 0
( 0,9999999992836365 1,0000000011301078 1,0000000015740569 ), 0
( 0,9999999995349607 1,0000000012463146 1,0000000015136101 ), 0
( 0,9999999993943419 1,0000000013211636 1,0000000016385824 ), 0
( 0,9999999994124714 1,0000000012682453 1,0000000016692978 ), 0
( 0,9999999995101938 1,0000000013367036 1,00000000162116 ), 0
( 0,9999999994460346 1,0000000013132757 1,0000000017149997 ), 0
( 0,9999999994879496 1,0000000013289696 1,0000000016249488 ), 0
( 0,9999999994515859 1,0000000010667862 1,000000001392771 ), 0
( 0,9999999994840909 1,0000000012584742 1,0000000016095223 ), 0
( 0,999999999489562 1,0000000013072066 1,0000000016521469 ), 0
( 0,999999999421515 1,0000000012307786 1,0000000016461899 ), 0
( 0,9999999995019234 1,0000000013502888 1,0000000016988244 ), 0
( 0,9999999993959484 1,0000000013151262 1,000000001730404 ), 0
( 0,9999999994479412 1,0000000013117365 1,0000000014224282 ), 0
( 0,9999999995860139 1,0000000013071946 1,00000000155096 ), 0
( 0,9999999992478107 1,0000000009923955 1,0000000015383992 ), 0
( 0,9999999993972049 1,0000000012948858 1,0000000016701727 ), 0
( 0,9999999993472999 1,0000000012956731 1,000000001612456 ), 0
( 0,9999999994285005 1,0000000012523038 1,0000000015834791 ), 0
( 0,9999999995106601 1,0000000012150654 1,000000001557343 ), 0
( 0,9999999995862714 1,0000000013968566 1,0000000015794277 ), 0
( 0,9999999995761367 1,0000000012725863 1,0000000016006276 ), 0
( 0,9999999994228772 1,00000000119535 1,0000000017022919 ), 0
( 0,999999999541409 1,0000000011587618 1,0000000015370538 ), 0
( 0,9999999994714079 1,0000000012054706 1,0000000015819175 ), 0
( 0,9999999994905815 1,000000001177062 1,0000000015659765 ), 0
( 0,9999999995968311 1,0000000021248174 1,0000000022737048 ), 0
( 0,999999999435986 1,000000001012426 1,0000000014691552 ), 0
( 0,9999999993118922 1,0000000012365482 1,0000000015323207 ), 0
( 0,9999999995195696 1,0000000012090389 1,0000000015428268 ), 0
( 0,9999999995840732 1,0000000011315402 1,0000000015426558 ), 0
( 0,99999999938229 1,0000000013500978 1,0000000015943882 ), 0
( 0,9999999994350292 1,0000000013127361 1,00000000172362 ), 0
( 0,9999999994275256 1,0000000011102281 1,0000000015363184 ), 0
( 0,9999999994240932 1,0000000012375252 1,0000000016101183 ), 0
( 0,9999999995221528 1,000000001279895 1,0000000015811439 ), 0
( 0,9999999994186454 1,000000001314508 1,0000000017200654 ), 0
( 0,9999999994180414 1,0000000012642336 1,000000001592512 ), 0
( 0,9999999994745455 1,000000001310644 1,0000000016700707 ), 0
( 0,999999999429754 1,0000000012670638 1,0000000015449275 ), 0
( 0,9999999994907354 1,000000001410613 1,000000001700847 ), 0
( 0,9999999993684354 1,0000000012478532 1,000000001451675 ), 0
( 0,999999999476525 1,000000001312364 1,0000000017667217 ), 0
( 0,9999999995235814 1,000000001290806 1,000000001616882 ), 0
( 0,999999999405663 1,0000000012124624 1,0000000014886319 ), 0
( 0,9999999994850569 1,0000000013602297 1,0000000017168738 ), 0
( 0,9999999994594424 1,0000000013068524 1,000000001633731 ), 0
( 0,9999999995073043 1,000000001143771 1,000000001406146 ), 0
( 0,999999999513892 1,0000000014464714 1,0000000017344028 ), 0
( 0,9999999993966038 1,0000000011780452 1,0000000015896047 ), 0
( 0,9999999994415536 1,0000000014910129 1,000000001852657 ), 0
( 0,9999999994200339 1,000000001317506 1,0000000016598591 ), 0
( 0,9999999994903097 1,000000001307761 1,0000000016580408 ), 0
( 0,9999999994586097 1,000000001218418 1,0000000015615895 ), 0
( 0,9999999993926444 1,0000000012615606 1,0000000015948813 ), 0
( 0,9999999995439381 1,0000000012432686 1,000000001581488 ), 0
( 0,9999999995383948 1,0000000013362207 1,0000000016448958 ), 0
( 0,9999999995778551 1,0000000012758627 1,0000000015487007 ), 0
( 0,9999999994772895 1,0000000013497243 1,0000000016228474 ), 0
( 0,9999999995113139 1,0000000013636674 1,0000000016402812 ), 0
( 0,9999999993946056 1,0000000013447998 1,0000000016562112 ), 0
( 0,9999999994557094 1,000000001315071 1,0000000016360935 ), 0
( 0,9999999994448582 1,0000000014041253 1,000000001619535 ), 0
( 0,9999999994757067 1,0000000012357604 1,0000000015620834 ), 0
( 0,9999999993755253 1,000000001183552 1,000000001624068 ), 0
( 0,9999999994028244 1,0000000012230155 1,000000001691833 ), 0
( 0,9999999994522184 1,0000000012105335 1,0000000016073707 ), 0
( 0,9999999994784143 1,0000000011413934 1,0000000015830126 ), 0
( 0,9999999994816444 1,0000000012263732 1,0000000015028976 ), 0
( 0,9999999994790709 1,0000000012234083 1,0000000015727541 ), 0
( 0,9999999994024766 1,0000000013435064 1,0000000016540773 ), 0
( 0,9999999994622377 1,0000000012653296 1,0000000017205257 ), 0
( 0,9999999994526304 1,0000000012972834 1,0000000016037185 ), 0
( 0,9999999993976538 1,0000000012795522 1,0000000014172288 ), 0
( 0,999999999459388 1,000000000958815 1,0000000013645072 ), 0
( 0,9999999994328982 1,0000000012805426 1,000000001722733 ), 0
( 0,999999999545605 1,000000001303389 1,0000000016076391 ), 0
( 0,9999999994956433 1,0000000012610861 1,0000000016376256 ), 0
( 0,999999999433571 1,0000000012771428 1,0000000016333406 ), 0
( 0,9999999994687216 1,000000001243602 1,0000000016089325 ), 0
( 0,9999999994518957 1,000000001469613 1,0000000017209816 ), 0
( 0,999999999527829 1,000000001285811 1,0000000015566843 ), 0
( 0,9999999994793517 1,0000000013222123 1,0000000015941182 ), 0
( 0,999999999320107 1,000000001329549 1,0000000016080175 ), 0
( 0,9999999994836857 1,000000001350053 1,000000001462381 ), 0
( 0,999999999525609 1,0000000015780708 1,0000000015540047 ), 0
( 0,9999999993570893 1,0000000012679655 1,000000001602114 ), 0
( 0,9999999994720564 1,0000000012200554 1,000000001526949 ), 0
( 0,999999999486936 1,0000000013185344 1,0000000016123054 ), 0
( 0,9999999994639239 1,000000001214714 1,00000000163238 ), 0
( 0,9999999994687506 1,0000000012214414 1,0000000016075596 ), 0
( 0,9999999994630496 1,0000000012947836 1,0000000015755275 ), 0
( 0,9999999994800524 1,0000000012759076 1,0000000016091766 ), 0
( 0,9999999994677967 1,0000000012594126 1,0000000016126802 ), 0
( 0,9999999993964482 1,0000000014085624 1,000000001577105 ), 0
( 0,9999999995472106 1,0000000012432433 1,0000000015804305 ), 0
( 0,9999999995059461 1,0000000012887957 1,0000000015961885 ), 0
( 0,9999999995349727 1,0000000014173216 1,0000000017214137 ), 0
( 0,9999999993861413 1,0000000013247623 1,0000000016528547 ), 0
( 0,9999999994044093 1,0000000011974055 1,0000000016677248 ), 0
( 0,9999999994110637 1,0000000012173975 1,00000000165308 ), 0
( 0,9999999994734804 1,0000000012741193 1,0000000016773691 ), 0
( 0,9999999995271193 1,0000000012343806 1,000000001521623 ), 0
( 0,9999999994114027 1,000000001362297 1,0000000016761676 ), 0
( 0,9999999994811208 1,0000000014245924 1,0000000016606605 ), 0
( 0,9999999995052821 1,0000000013627837 1,0000000016844386 ), 0
( 0,9999999995610821 1,0000000011497079 1,0000000016203803 ), 0
( 0,9999999994771785 1,0000000013698014 1,000000001563768 ), 0
( 0,9999999994262573 1,000000001141634 1,0000000016897255 ), 0
( 0,9999999994841976 1,0000000012870693 1,0000000016833448 ), 0
( 0,9999999994215929 1,0000000013218044 1,0000000017489936 ), 0
( 0,9999999995040797 1,0000000013297174 1,0000000016459498 ), 0
( 0,9999999993908778 1,0000000013175354 1,0000000015566124 ), 0
( 0,9999999994896914 1,0000000013459824 1,0000000016471464 ), 0
( 0,9999999995033254 1,0000000014014687 1,0000000017679513 ), 0
( 0,9999999993594679 1,0000000012543941 1,0000000016703818 ), 0
( 0,9999999995243483 1,0000000012128785 1,000000001532734 ), 0
( 0,9999999994719491 1,0000000012144281 1,000000001691613 ), 0
( 0,999999999430359 1,0000000013001318 1,000000001650068 ), 0
( 0,9999999994249429 1,0000000011894419 1,0000000017329582 ), 0
( 0,9999999993876788 1,000000001310693 1,0000000016510893 ), 0
( 0,999999999416197 1,0000000010456462 1,0000000016054138 ), 0
( 0,9999999994797897 1,000000001235667 1,0000000015819055 ), 0
( 0,9999999995028072 1,0000000012518444 1,00000000168605 ), 0
( 0,9999999994725532 1,0000000013373642 1,000000001640499 ), 0
( 0,9999999994582826 1,0000000012902874 1,0000000016286936 ), 0
( 0,999999999466271 1,000000001298051 1,0000000016903203 ), 0
( 0,9999999995102581 1,0000000010445198 1,0000000016189188 ), 0
( 0,9999999994963025 1,0000000015214066 1,0000000018849438 ), 0
( 0,9999999995135024 1,0000000013359767 1,0000000017034387 ), 0
( 0,9999999995006642 1,0000000014209263 1,0000000017567316 ), 0
( 0,9999999993365027 1,0000000012715191 1,000000001589128 ), 0
( 0,9999999995122292 1,0000000012872923 1,0000000016041086 ), 0
( 0,999999999445176 1,0000000012898613 1,0000000016497081 ), 0
( 0,9999999993731725 1,0000000012924843 1,0000000015816226 ), 0
( 0,9999999994777365 1,0000000013154948 1,0000000016487578 ), 0
( 0,9999999993667362 1,0000000011852184 1,0000000014847958 ), 0
( 0,9999999994773414 1,0000000013993762 1,0000000016529769 ), 0
( 0,9999999993735363 1,0000000012539068 1,0000000013921122 ), 0
( 0,9999999995243156 1,0000000013674022 1,0000000017155009 ), 0
( 0,9999999995219162 1,0000000012883334 1,000000001590678 ), 0
( 0,9999999995175273 1,000000001468411 1,000000001767897 ), 0
( 0,9999999993842386 1,0000000011863759 1,0000000015032593 ), 0
( 0,9999999995037426 1,000000001216204 1,0000000015752821 ), 0
( 0,9999999994940496 1,000000001216154 1,000000001524433 ), 0
( 0,9999999994707669 1,0000000013163466 1,0000000016701027 ), 0
( 0,9999999994306086 1,000000001238438 1,000000001524103 ), 0
( 0,9999999993326506 1,0000000013724502 1,0000000017053892 ), 0
( 0,9999999994805661 1,000000001271935 1,0000000015714523 ), 0
( 0,999999999514915 1,000000001414046 1,0000000016538018 ), 0
( 0,9999999994896636 1,0000000012396064 1,0000000015473123 ), 0
( 0,99999999943265 1,0000000014396042 1,0000000017167379 ), 0
( 0,9999999993860809 1,0000000010688683 1,0000000014610069 ), 0
( 0,9999999994891421 1,0000000013601333 1,0000000015696866 ), 0
( 0,9999999994947708 1,0000000012019306 1,0000000015646324 ), 0
( 0,9999999994935529 1,0000000013642636 1,0000000016876571 ), 0
( 0,9999999995094954 1,0000000013257204 1,0000000015451878 ), 0
( 0,9999999994346958 1,0000000011801387 1,0000000014689294 ), 0
( 0,9999999993983851 1,0000000013358703 1,0000000017304094 ), 0
( 0,9999999995041844 1,0000000011932508 1,0000000014672874 ), 0
( 0,9999999994672024 1,0000000011980699 1,0000000014936936 ), 0
( 0,9999999993613983 1,0000000012796066 1,0000000016139272 ), 0
( 0,9999999993974086 1,0000000012581993 1,0000000016685875 ), 0
( 0,9999999994783795 1,000000001086213 1,000000001583172 ), 0
( 0,9999999994813794 1,000000001236366 1,0000000014244703 ), 0
( 0,9999999994605493 1,0000000011140555 1,000000001399732 ), 0
( 0,9999999994327785 1,0000000013061046 1,000000001627972 ), 0
( 0,9999999995149703 1,0000000012816006 1,0000000015084238 ), 0
( 0,999999999382979 1,0000000012189847 1,0000000015166286 ), 0
( 0,9999999994205073 1,0000000012114434 1,0000000016385664 ), 0
( 0,9999999995627361 1,0000000012519388 1,0000000015332773 ), 0
( 0,999999999488048 1,0000000011673669 1,0000000016490693 ), 0
( 0,9999999994535471 1,0000000012692833 1,0000000015945316 ), 0
( 0,999999999449036 1,0000000012109154 1,0000000015900592 ), 0
( 0,9999999994748873 1,0000000013293495 1,0000000016690005 ), 0
( 0,9999999994634874 1,000000001350486 1,0000000017356687 ), 0
( 0,9999999994655471 1,000000001482087 1,0000000017943222 ), 0
( 0,9999999993436715 1,0000000012745007 1,0000000016892574 ), 0
( 0,9999999995183341 1,0000000013842165 1,0000000017036412 ), 0
( 0,9999999995148442 1,0000000012563957 1,000000001648413 ), 0
( 0,9999999994918117 1,0000000013473378 1,0000000017908592 ), 0
( 0,9999999995512157 1,0000000011929342 1,0000000013674704 ), 0
( 0,9999999995329872 1,000000001280484 1,0000000015838022 ), 0
( 0,9999999995165046 1,000000001304312 1,0000000015405557 ), 0
( 0,9999999995562073 1,0000000013125017 1,0000000015701498 ), 0
( 0,9999999993504718 1,0000000011955885 1,0000000014366266 ), 0
( 0,9999999995277602 1,0000000012456882 1,0000000016054802 ), 0
( 0,9999999993902132 1,0000000012796908 1,0000000015893482 ), 0
( 0,9999999995210297 1,0000000013226116 1,0000000017734014 ), 0
( 0,9999999995743433 1,0000000012628556 1,0000000013038568 ), 0
( 0,9999999994772707 1,00000000138266 1,00000000172162 ), 0
( 0,9999999994204688 1,0000000012880088 1,000000001678599 ), 0
( 0,9999999995208031 1,000000001184159 1,000000001553908 ), 0
( 0,9999999994595408 1,0000000013563364 1,0000000016580588 ), 0
( 0,9999999995084452 1,0000000012992851 1,0000000015765953 ), 0
( 0,9999999994208593 1,0000000012921673 1,0000000015993393 ), 0
( 0,9999999993472578 1,000000001066298 1,000000001391159 ), 0
( 0,9999999994512244 1,0000000014121586 1,0000000016886113 ), 0
( 0,9999999994512625 1,0000000014693806 1,0000000016841801 ), 0
( 0,9999999994479665 1,000000001363079 1,000000001607442 ), 0
( 0,9999999994554482 1,000000001457046 1,0000000017325965 ), 0
( 0,9999999995033602 1,0000000012355441 1,0000000015964363 ), 0
( 0,9999999994935944 1,0000000011916803 1,0000000015747847 ), 0
( 0,9999999994299421 1,0000000011498953 1,000000001692906 ), 0
( 0,9999999995291614 1,0000000010543182 1,0000000013326067 ), 0
( 0,9999999995407466 1,0000000011691468 1,0000000014748849 ), 0
( 0,9999999994373511 1,00000000122703 1,000000001554136 ), 0
( 0,9999999994246895 1,0000000013207702 1,0000000015858481 ), 0
( 0,9999999996261468 1,00000000126933 1,0000000016461876 ), 0
( 0,9999999994575177 1,000000001236733 1,0000000014156 ), 0
( 0,9999999995663688 1,00000000121297 1,0000000015139727 ), 0
( 0,9999999995578793 1,0000000013213763 1,0000000016931325 ), 0
( 0,9999999994353742 1,0000000012854144 1,000000001588039 ), 0
( 0,9999999995153984 1,0000000013925112 1,0000000017282564 ), 0
( 0,999999999373721 1,0000000011256098 1,0000000014924222 ), 0
( 0,999999999502894 1,0000000013302313 1,0000000015956498 ), 0
( 0,9999999995027026 1,0000000012343735 1,0000000016118962 ), 0
( 0,9999999995140185 1,0000000012706272 1,0000000015815091 ), 0
( 0,9999999995360416 1,0000000012376713 1,0000000016450437 ), 0
( 0,99999999945757 1,0000000013532027 1,0000000016511015 ), 0
( 0,9999999994894764 1,0000000013027384 1,0000000016210482 ), 0
( 0,9999999995464552 1,0000000012172143 1,0000000015768644 ), 0
( 0,9999999994910161 1,0000000013237 1,0000000016328183 ), 0
( 0,9999999994814202 1,000000001312222 1,0000000015762347 ), 0
( 0,9999999994287124 1,0000000013292454 1,0000000016635793 ), 0
( 0,9999999994938568 1,000000001421105 1,0000000017344823 ), 0
( 0,9999999994825257 1,0000000012932533 1,0000000015709885 ), 0
( 0,9999999994953788 1,0000000014096178 1,0000000017181474 ), 0
( 0,9999999994207203 1,0000000010776229 1,0000000014241108 ), 0
( 0,9999999994751034 1,0000000013112311 1,0000000015699646 ), 0
( 0,9999999994919606 1,000000001328086 1,0000000016413826 ), 0
( 0,9999999993535019 1,0000000012462134 1,0000000016777244 ), 0
( 0,9999999994714254 1,0000000013448156 1,0000000016371062 ), 0
( 0,9999999994640111 1,0000000012540362 1,0000000016337816 ), 0
( 0,9999999994455625 1,000000001281613 1,000000001592879 ), 0
( 0,9999999992936468 1,0000000012097876 1,000000001625623 ), 0
( 0,9999999995233753 1,0000000012272783 1,0000000015420605 ), 0
( 0,9999999994696169 1,000000001329598 1,0000000016770394 ), 0
( 0,9999999995685095 1,0000000012996144 1,0000000015274988 ), 0
( 0,9999999993139667 1,0000000011191252 1,0000000015731068 ), 0
( 0,999999999443121 1,000000001244145 1,0000000015972312 ), 0
( 0,9999999994010903 1,0000000013037884 1,0000000016899628 ), 0
( 0,9999999995000562 1,0000000011202892 1,0000000015836372 ), 0
( 0,9999999994500337 1,000000001225515 1,0000000015731845 ), 0
( 0,9999999994376783 1,0000000012704957 1,0000000015289356 ), 0
( 0,9999999994033778 1,000000001236544 1,000000001602459 ), 0
( 0,9999999994426938 1,0000000011525385 1,0000000016374255 ), 0
( 0,9999999994728328 1,000000001228718 1,0000000014999326 ), 0
( 0,9999999993867985 1,0000000013207397 1,0000000016812354 ), 0
( 0,9999999996186478 1,0000000013359325 1,0000000015981165 ), 0
( 0,9999999993909947 1,000000001340164 1,0000000017381567 ), 0
( 0,9999999993719754 1,000000001271734 1,000000001521577 ), 0
( 0,9999999995304348 1,0000000012216272 1,000000001641126 ), 0
( 0,9999999995184214 1,000000001267763 1,0000000015254424 ), 0
( 0,999999999478639 1,000000001352788 1,0000000015551722 ), 0
( 0,9999999994769487 1,0000000013351333 1,0000000016184427 ), 0
( 0,9999999994386278 1,0000000012309656 1,0000000016277635 ), 0
( 0,9999999994281993 1,0000000013216996 1,0000000016516337 ), 0
( 0,9999999996206911 1,0000000012765615 1,0000000016687993 ), 0
( 0,9999999994442205 1,000000001326844 1,0000000017147417 ), 0
( 0,9999999994477503 1,0000000012977415 1,0000000016651722 ), 0
( 0,9999999994930109 1,0000000011914252 1,0000000016518682 ), 0
( 0,9999999994720395 1,0000000010237047 1,0000000015267974 ), 0
( 0,9999999994356168 1,0000000013136499 1,0000000016427621 ), 0
( 0,9999999994796935 1,0000000012781565 1,0000000014286143 ), 0
( 0,9999999995186857 1,0000000012890682 1,0000000015693165 ), 0
( 0,9999999995256029 1,0000000012826158 1,000000001592131 ), 0
( 0,9999999994726588 1,0000000012937977 1,0000000016732118 ), 0
( 0,9999999994569488 1,0000000013051789 1,0000000016000226 ), 0
( 0,9999999994560776 1,0000000013157166 1,0000000016200101 ), 0
( 0,9999999995324164 1,0000000012405217 1,0000000016152515 ), 0
( 0,9999999994649398 1,0000000013276829 1,0000000015993122 ), 0
( 0,9999999994980515 1,0000000012602568 1,0000000016451132 ), 0
( 0,9999999994025844 1,0000000012961279 1,000000001584286 ), 0
( 0,9999999994796278 1,0000000013737793 1,000000001682185 ), 0
( 0,9999999994271439 1,0000000012461343 1,0000000014400618 ), 0
( 0,9999999994433697 1,000000001196544 1,0000000016007988 ), 0
( 0,9999999994238666 1,0000000014960277 1,0000000016785016 ), 0
( 0,9999999995605625 1,0000000012752326 1,0000000016050201 ), 0
( 0,9999999994880417 1,0000000011859156 1,0000000014691455 ), 0
( 0,9999999993855198 1,0000000011783197 1,0000000016268205 ), 0
( 0,9999999994360449 1,0000000012451011 1,0000000015114645 ), 0
( 0,999999999516378 1,0000000013363184 1,000000001687533 ), 0
( 0,9999999994992559 1,0000000011997192 1,0000000014891597 ), 0
( 0,9999999994949622 1,0000000013952426 1,0000000017160817 ), 0
( 0,9999999994446175 1,0000000012931012 1,0000000016605377 ), 0
( 0,9999999994349086 1,0000000012837518 1,0000000015993684 ), 0
( 0,9999999994576186 1,0000000014457429 1,0000000016366917 ), 0
( 0,9999999995444375 1,000000001219844 1,0000000015844455 ), 0
( 0,9999999994353804 1,0000000011487642 1,0000000015988348 ), 0
( 0,9999999993723004 1,0000000011845955 1,0000000015936696 ), 0
( 0,9999999995357116 1,000000001187107 1,0000000014071901 ), 0
( 0,9999999994525784 1,0000000013437855 1,0000000015727755 ), 0
( 0,999999999498064 1,0000000012387669 1,0000000015394725 ), 0
( 0,9999999994654706 1,000000001351083 1,000000001604276 ), 0
( 0,9999999994792962 1,0000000014458161 1,0000000016792692 ), 0
( 0,9999999994298704 1,0000000012563495 1,000000001652641 ), 0
( 0,9999999995164388 1,0000000012139376 1,0000000015999022 ), 0
( 0,9999999993902114 1,0000000012036132 1,0000000014880313 ), 0
( 0,9999999995487637 1,0000000013013928 1,0000000015151884 ), 0
( 0,9999999995220865 1,0000000012787769 1,000000001664905 ), 0
( 0,9999999994845874 1,00000000126801 1,0000000017253048 ), 0
( 0,9999999995135758 1,0000000012620727 1,0000000016186532 ), 0
( 0,9999999994335548 1,000000001345189 1,0000000016281223 ), 0
( 0,9999999994758583 1,000000001265607 1,0000000016164867 ), 0
( 0,9999999994549956 1,0000000012990904 1,0000000016162718 ), 0
( 0,9999999994490321 1,0000000014124883 1,0000000017021045 ), 0
( 0,9999999993726156 1,0000000011454613 1,0000000012954748 ), 0
( 0,9999999994249047 1,0000000012364123 1,0000000015448458 ), 0
( 0,9999999995038542 1,0000000013804329 1,000000001620043 ), 0
( 0,9999999995070942 1,0000000013220078 1,0000000016249047 ), 0
( 0,9999999994700955 1,000000001152291 1,0000000014718213 ), 0
( 0,9999999994090802 1,0000000013688632 1,0000000017436497 ), 0
( 0,9999999994365761 1,0000000011991899 1,000000001580831 ), 0
( 0,9999999994223716 1,0000000012498627 1,0000000015130546 ), 0
( 0,9999999994746495 1,0000000011692114 1,0000000014775636 ), 0
( 0,9999999995444673 1,0000000012493544 1,0000000015505635 ), 0
( 0,9999999995157403 1,0000000013123032 1,0000000014335932 ), 0
( 0,9999999995753212 1,0000000012742631 1,0000000016015296 ), 0
( 0,9999999994417395 1,000000001150535 1,0000000015553683 ), 0
( 0,9999999994372495 1,0000000012535268 1,0000000016382704 ), 0
( 0,9999999994831491 1,000000001253978 1,0000000015436517 ), 0
( 0,9999999994045211 1,000000001286556 1,0000000015093402 ), 0
( 0,9999999995170985 1,0000000013496064 1,0000000015301778 ), 0
( 0,9999999993595566 1,0000000010499661 1,0000000015370691 ), 0
( 0,9999999994347644 1,0000000012971775 1,0000000015789685 ), 0
( 0,9999999994612603 1,000000001293536 1,000000001614669 ), 0
( 0,9999999994404118 1,000000001296528 1,000000001470948 ), 0
( 0,9999999995228425 1,0000000013092434 1,0000000015800936 ), 0
( 0,9999999995304993 1,0000000013591401 1,0000000017056228 ), 0
( 0,9999999995854633 1,0000000012311454 1,0000000014705288 ), 0
( 0,9999999995234118 1,0000000012400068 1,0000000015939638 ), 0
( 0,9999999995952549 1,0000000013296901 1,0000000016287458 ), 0
( 0,9999999994140911 1,0000000012157948 1,0000000015894264 ), 0
( 0,9999999995065302 1,0000000013362718 1,000000001658032 ), 0
( 0,9999999994603199 1,0000000013216586 1,0000000016554818 ), 0
( 0,999999999442538 1,0000000011655936 1,000000001604273 ), 0
( 0,9999999993910387 1,00000000133054 1,0000000016508348 ), 0
( 0,9999999994676351 1,0000000013667727 1,0000000016848805 ), 0
( 0,9999999994028008 1,000000001216695 1,000000001614819 ), 0
( 0,9999999995062522 1,0000000012140249 1,0000000015669246 ), 0
( 0,9999999994648413 1,000000001264868 1,000000001577655 ), 0
( 0,9999999995232399 1,0000000012959298 1,0000000015591397 ), 0
( 0,9999999994502755 1,0000000013052932 1,000000001655755 ), 0
( 0,9999999994882697 1,0000000012816423 1,0000000015826793 ), 0
( 0,9999999995450625 1,000000001299565 1,0000000015768304 ), 0
( 0,9999999994187634 1,0000000012757786 1,0000000016114556 ), 0
( 0,9999999995072013 1,0000000011761634 1,0000000015895787 ), 0
( 0,9999999994591282 1,0000000012266903 1,0000000014952461 ), 0
( 0,9999999994549368 1,0000000013705421 1,0000000016529802 ), 0
( 0,9999999995149137 1,0000000013809403 1,0000000017289608 ), 0
( 0,9999999994575991 1,00000000137421 1,0000000017685053 ), 0
( 0,9999999995196936 1,0000000013398078 1,0000000015648909 ), 0
( 0,9999999994834871 1,00000000118333 1,0000000015447974 ), 0
( 0,999999999625405 1,0000000012180295 1,0000000014643264 ), 0
( 0,9999999994568128 1,0000000012961363 1,0000000016443553 ), 0
( 0,9999999994524967 1,0000000012442387 1,000000001632021 ), 0
( 0,9999999993961829 1,0000000012924906 1,0000000017188304 ), 0
( 0,9999999994167307 1,0000000013591137 1,0000000016483666 ), 0
( 0,9999999994026249 1,0000000014344843 1,0000000017367785 ), 0
( 0,9999999995217022 1,0000000013094865 1,0000000017154604 ), 0
( 0,999999999543582 1,0000000011209174 1,0000000016062354 ), 0
( 0,9999999994613201 1,000000001285407 1,0000000016051054 ), 0
( 0,9999999993843238 1,0000000011518073 1,0000000015440198 ), 0
( 0,9999999994554339 1,000000001299073 1,0000000014786417 ), 0
( 0,9999999994256796 1,0000000012891965 1,000000001603421 ), 0
( 0,9999999994850457 1,0000000014358978 1,0000000017510215 ), 0
( 0,9999999994615077 1,000000001293373 1,0000000015984223 ), 0
( 0,9999999994356509 1,0000000013451125 1,0000000016975408 ), 0
( 0,999999999379564 1,0000000013071244 1,0000000016057229 ), 0
( 0,9999999995120804 1,0000000013167023 1,0000000015911077 ), 0
( 0,9999999994691838 1,0000000012099342 1,0000000016013522 ), 0
( 0,9999999995007474 1,0000000013501336 1,00000000164447 ), 0
( 0,999999999430644 1,0000000013661845 1,0000000017022503 ), 0
( 0,9999999994412063 1,0000000012256445 1,0000000015411914 ), 0
( 0,9999999994014248 1,0000000013440669 1,0000000015836341 ), 0
( 0,9999999994655401 1,0000000013668224 1,000000001691475 ), 0
( 0,9999999994916984 1,0000000011667793 1,0000000014434294 ), 0
( 0,9999999994089128 1,0000000014420793 1,0000000016195414 ), 0
( 0,9999999994963534 1,0000000012871462 1,000000001658334 ), 0
( 0,9999999994598429 1,0000000013484882 1,0000000016279191 ), 0
( 0,9999999993957617 1,0000000013564274 1,0000000015859918 ), 0
( 0,9999999993644683 1,0000000013449675 1,0000000016234445 ), 0
( 0,9999999995262757 1,000000001314152 1,0000000015351005 ), 0
( 0,9999999994517048 1,0000000012467192 1,0000000016665154 ), 0
( 0,999999999499181 1,0000000013171735 1,0000000015114971 ), 0
( 0,9999999994463538 1,0000000014527513 1,0000000017645043 ), 0
( 0,9999999994871412 1,0000000014366577 1,000000001639207 ), 0
( 0,9999999995239345 1,0000000012184247 1,000000001513447 ), 0
( 0,9999999995242969 1,0000000012737396 1,000000001593184 ), 0
( 0,9999999994061093 1,0000000012447487 1,0000000015111739 ), 0
( 0,9999999993501656 1,0000000013188628 1,0000000015766863 ), 0
( 0,9999999994123057 1,0000000013059769 1,000000001598471 ), 0
( 0,9999999995312433 1,0000000013462784 1,0000000017041175 ), 0
( 0,9999999995261178 1,000000001380557 1,0000000016582289 ), 0
( 0,999999999573076 1,0000000014405797 1,000000001776698 ), 0
( 0,9999999994472635 1,0000000013618775 1,0000000016135095 ), 0
( 0,9999999995471073 1,0000000012922285 1,000000001555333 ), 0
( 0,9999999994899555 1,0000000012247425 1,0000000016789246 ), 0
( 0,9999999994566017 1,0000000012551846 1,00000000162031 ), 0
( 0,9999999993672263 1,000000001077771 1,000000001399763 ), 0
( 0,9999999993780271 1,0000000013271997 1,0000000016123451 ), 0
( 0,9999999994751207 1,000000001348489 1,0000000016314043 ), 0
( 0,9999999994253375 1,0000000013317658 1,0000000016318247 ), 0
( 0,9999999994926 1,000000001332646 1,0000000015681927 ), 0
( 0,9999999994383706 1,0000000013532293 1,0000000015774866 ), 0
( 0,9999999994754448 1,0000000012162698 1,0000000016863295 ), 0
( 0,9999999995226337 1,0000000013306054 1,0000000015903738 ), 0
( 0,9999999994712218 1,000000001120465 1,000000001440634 ), 0
( 0,9999999995039227 1,0000000013583354 1,0000000017107975 ), 0
( 0,999999999465381 1,000000001239046 1,0000000016134816 ), 0
( 0,999999999573905 1,000000001271383 1,0000000015803299 ), 0
( 0,9999999994425778 1,0000000013007133 1,0000000016161013 ), 0
( 0,9999999993758273 1,0000000012158508 1,0000000014946882 ), 0
( 0,9999999994039932 1,000000001310691 1,0000000016371386 ), 0
( 0,9999999994460499 1,000000001248121 1,000000001704187 ), 0
( 0,9999999995563305 1,00000000146977 1,0000000016036987 ), 0
( 0,9999999994533973 1,0000000012174812 1,0000000015979196 ), 0
( 0,9999999995004754 1,0000000010577617 1,0000000014856099 ), 0
( 0,9999999993934715 1,000000001271573 1,000000001617901 ), 0
( 0,9999999994614928 1,0000000014441144 1,000000001652619 ), 0
( 0,9999999994476071 1,0000000013094377 1,0000000016300221 ), 0
( 0,9999999995597517 1,0000000013014054 1,000000001560034 ), 0
( 0,9999999995066714 1,0000000013955082 1,0000000016345296 ), 0
( 0,9999999994517257 1,0000000012679369 1,0000000014782056 ), 0
( 0,9999999995480668 1,0000000014606383 1,0000000016527892 ), 0
( 0,9999999994927447 1,000000001244401 1,0000000015316375 ), 0
( 0,999999999352256 1,0000000012658554 1,0000000016618709 ), 0
( 0,9999999994259371 1,0000000012662766 1,0000000016645334 ), 0
( 0,9999999994528708 1,0000000011355408 1,0000000015234252 ), 0
( 0,9999999995011534 1,0000000013157 1,000000001581485 ), 0
( 0,9999999994654933 1,0000000013151362 1,0000000016328443 ), 0
( 0,9999999993945676 1,0000000013379002 1,000000001607456 ), 0
( 0,9999999993969009 1,0000000011754457 1,0000000015096937 ), 0
( 0,9999999994388342 1,000000001254494 1,0000000016223474 ), 0
( 0,9999999994947408 1,0000000011453283 1,0000000015242778 ), 0
( 0,9999999995430685 1,0000000012478996 1,0000000015692891 ), 0
( 0,9999999994515822 1,000000001285338 1,0000000016853445 ), 0
( 0,9999999995576564 1,0000000012489991 1,00000000164748 ), 0
( 0,9999999994443989 1,0000000012684167 1,0000000015837973 ), 0
( 0,9999999994345163 1,0000000012240904 1,0000000014914192 ), 0
( 0,9999999993568283 1,0000000013504682 1,0000000016410702 ), 0
( 0,9999999994623963 1,0000000012865005 1,0000000016957291 ), 0
( 0,9999999994424333 1,0000000012099788 1,000000001462057 ), 0
( 0,9999999995355835 1,0000000012436596 1,0000000015503874 ), 0
( 0,9999999995057213 1,0000000013487491 1,0000000016049344 ), 0
( 0,999999999434816 1,0000000012002515 1,0000000014478545 ), 0
( 0,9999999994222305 1,0000000012762225 1,0000000015274826 ), 0
( 0,9999999995106368 1,0000000012650156 1,000000001560112 ), 0
( 0,9999999995354694 1,0000000013236756 1,0000000016212802 ), 0
( 0,9999999993067015 1,0000000010970274 1,0000000015405572 ), 0
( 0,9999999995477128 1,0000000013494645 1,0000000016747457 ), 0
( 0,9999999995331693 1,0000000013703099 1,0000000015632455 ), 0
( 0,9999999994451235 1,000000001337906 1,0000000016597124 ), 0
( 0,9999999993621594 1,0000000011897525 1,0000000016709225 ), 0
( 0,999999999425297 1,0000000011442802 1,0000000013783708 ), 0
( 0,9999999994131386 1,0000000012395895 1,0000000015596773 ), 0
( 0,9999999995729034 1,0000000013620975 1,0000000014541848 ), 0
( 0,999999999387232 1,0000000012544878 1,0000000014269086 ), 0
( 0,9999999994729701 1,0000000012003092 1,0000000014799348 ), 0
( 0,9999999994854236 1,0000000012227703 1,0000000015882302 ), 0
( 0,9999999994511897 1,0000000012289791 1,0000000014559922 ), 0
( 0,9999999994574664 1,0000000013360817 1,0000000016859911 ), 0
( 0,999999999528593 1,0000000011868821 1,000000001569872 ), 0
( 0,9999999994066071 1,0000000012675465 1,0000000016026929 ), 0
( 0,9999999994222294 1,000000001245405 1,0000000015720716 ), 0
( 0,9999999995974355 1,0000000012810253 1,0000000015478678 ), 0
( 0,9999999995466714 1,0000000013222123 1,000000001609985 ), 0
( 0,9999999994734414 1,0000000012820294 1,0000000016488209 ), 0
( 0,9999999994331391 1,0000000013175332 1,0000000016480024 ), 0
( 0,999999999453981 1,000000001223753 1,0000000015624448 ), 0
( 0,9999999996286765 1,000000001312573 1,0000000017400792 ), 0
( 0,9999999994310993 1,0000000012655068 1,0000000016684487 ), 0
( 0,9999999995013268 1,0000000013462904 1,000000001643605 ), 0
( 0,9999999994967005 1,0000000012845003 1,0000000016413266 ), 0
( 0,9999999994690363 1,0000000013597599 1,0000000016531714 ), 0
( 0,9999999994658664 1,000000001391949 1,0000000016789306 ), 0
( 0,9999999994065669 1,0000000013861416 1,0000000016442567 ), 0
( 0,9999999994880734 1,0000000013131585 1,0000000015521708 ), 0
( 0,9999999994268903 1,0000000012665846 1,000000001507613 ), 0
( 0,9999999994335983 1,0000000013319528 1,0000000016611759 ), 0
( 0,9999999995225493 1,0000000012323904 1,0000000015456207 ), 0
( 0,9999999994667971 1,0000000013103556 1,0000000015583521 ), 0
( 0,9999999995099607 1,000000001311135 1,0000000015778825 ), 0
( 0,999999999346711 1,0000000014226629 1,0000000018775745 ), 0
( 0,9999999994690107 1,0000000013478438 1,0000000015961263 ), 0
( 0,9999999993396135 1,000000001321278 1,0000000017130874 ), 0
( 0,9999999994397404 1,0000000013424555 1,0000000015160884 ), 0
( 0,999999999493858 1,0000000013477872 1,0000000016665038 ), 0
( 0,9999999995154215 1,0000000012872563 1,0000000016055548 ), 0
( 0,9999999996008049 1,000000001074922 1,0000000013726116 ), 0
( 0,999999999437534 1,000000001251319 1,000000001441314 ), 0
( 0,9999999994585141 1,0000000012824708 1,000000001608175 ), 0
( 0,999999999414566 1,0000000013435735 1,00000000167315 ), 0
( 0,9999999994599902 1,0000000012174264 1,0000000016660062 ), 0
( 0,9999999995031691 1,0000000013658443 1,0000000016432378 ), 0
( 0,9999999995693724 1,0000000012730659 1,0000000016173272 ), 0
( 0,9999999994328227 1,000000001214026 1,0000000016516468 ), 0
( 0,9999999993497036 1,0000000011985737 1,000000001420978 ), 0
( 0,999999999441415 1,000000001227746 1,0000000015086543 ), 0
( 0,9999999994667109 1,0000000012614412 1,000000001597711 ), 0
( 0,9999999994820641 1,000000001403304 1,0000000016814703 ), 0
( 0,999999999437768 1,0000000012738743 1,000000001622725 ), 0
( 0,9999999995141164 1,0000000011235866 1,000000001496152 ), 0
( 0,99999999955129 1,0000000013028045 1,000000001731422 ), 0
( 0,9999999994011537 1,000000001266871 1,000000001553774 ), 0
( 0,9999999994522415 1,0000000012248702 1,0000000016342223 ), 0
( 0,9999999994469267 1,0000000013069743 1,0000000016101394 ), 0
( 0,9999999994573336 1,0000000013074877 1,0000000016142427 ), 0
( 0,9999999994920076 1,0000000011907513 1,0000000015764596 ), 0
( 0,9999999994325789 1,0000000012831816 1,0000000016019737 ), 0
( 0,9999999995419052 1,0000000011161945 1,0000000015186872 ), 0
( 0,9999999994173614 1,0000000012482273 1,0000000016668888 ), 0
( 0,9999999994526739 1,0000000012915768 1,0000000016332569 ), 0
( 0,9999999994279214 1,0000000012700585 1,0000000014856796 ), 0
( 0,999999999467413 1,0000000011687513 1,0000000016473367 ), 0
( 0,9999999994632195 1,000000001297887 1,0000000016355568 ), 0
( 0,9999999995210537 1,0000000012839771 1,0000000016550414 ), 0
( 0,9999999994596472 1,0000000012464403 1,0000000014838055 ), 0
( 0,9999999994551485 1,0000000013988364 1,000000001736091 ), 0
( 0,999999999506892 1,000000001083408 1,0000000014945014 ), 0
( 0,9999999994268525 1,000000001329009 1,0000000016658221 ), 0
( 0,9999999994607556 1,0000000012944938 1,000000001614875 ), 0
( 0,9999999994857041 1,0000000013156465 1,0000000016099877 ), 0
( 0,999999999444478 1,0000000013894368 1,000000001583721 ), 0
( 0,9999999995291949 1,0000000012033408 1,0000000016648578 ), 0
( 0,9999999995718508 1,0000000012985164 1,000000001547707 ), 0
( 0,9999999994378314 1,0000000012705264 1,000000001602049 ), 0
( 0,9999999995212935 1,0000000013075327 1,0000000016847925 ), 0
( 0,9999999994663896 1,0000000012296737 1,0000000014859622 ), 0
( 0,9999999995066362 1,0000000012366244 1,0000000015073685 ), 0
( 0,9999999995919 1,0000000011533052 1,0000000014544568 ), 0
( 0,9999999994346863 1,000000001347304 1,000000001707358 ), 0
( 0,9999999994014508 1,0000000013684036 1,000000001643792 ), 0
( 0,9999999994392176 1,0000000013077455 1,000000001640527 ), 0
( 0,9999999993954252 1,0000000012554138 1,0000000015328827 ), 0
( 0,9999999994966888 1,0000000012168573 1,0000000015601662 ), 0
( 0,9999999995470603 1,0000000011860424 1,0000000015496657 ), 0
( 0,9999999995263572 1,0000000012441381 1,0000000016465023 ), 0
( 0,9999999994647517 1,0000000012168966 1,000000001490095 ), 0
( 0,9999999994246819 1,0000000013373005 1,0000000015891544 ), 0
( 0,9999999994929415 1,0000000012335157 1,0000000015446422 ), 0
( 0,9999999995424148 1,0000000012318115 1,0000000014355213 ), 0
( 0,9999999995244767 1,0000000014056143 1,0000000016782924 ), 0
( 0,9999999994182925 1,0000000012098302 1,0000000016260795 ), 0
( 0,999999999427287 1,0000000012889254 1,0000000016187578 ), 0
( 0,9999999994797256 1,0000000011660564 1,0000000015317752 ), 0
( 0,9999999994016407 1,000000001341107 1,000000001821191 ), 0
( 0,9999999994730286 1,0000000011576675 1,0000000016390966 ), 0
( 0,9999999994959015 1,0000000011800876 1,0000000014423627 ), 0
( 0,999999999457335 1,0000000012633972 1,000000001568645 ), 0
( 0,9999999994433447 1,0000000012332029 1,000000001576126 ), 0
( 0,999999999421879 1,000000001213833 1,0000000015469308 ), 0
( 0,9999999994402976 1,0000000012506918 1,0000000015320707 ), 0
( 0,9999999993881831 1,0000000012613819 1,000000001707805 ), 0
( 0,999999999468866 1,0000000012670662 1,000000001554976 ), 0
( 0,9999999995677248 1,0000000012419428 1,000000001530778 ), 0
( 0,9999999993945455 1,000000001226471 1,0000000016389985 ), 0
( 0,9999999994789438 1,000000001243035 1,0000000015826984 ), 0
( 0,9999999995297337 1,0000000013442663 1,000000001666569 ), 0
( 0,9999999994785465 1,0000000011839172 1,0000000014518506 ), 0
( 0,9999999994444672 1,0000000011771528 1,0000000015907429 ), 0
( 0,9999999994986718 1,0000000011822783 1,0000000015372692 ), 0
( 0,9999999994915191 1,0000000012319359 1,0000000015917339 ), 0
( 0,9999999994666137 1,0000000012636947 1,0000000015169208 ), 0
( 0,9999999995297301 1,0000000013288337 1,000000001704983 ), 0
( 0,9999999995687561 1,0000000012565753 1,000000001597559 ), 0
( 0,9999999994905205 1,000000001358566 1,0000000016796209 ), 0
( 0,9999999994256523 1,000000001084172 1,000000001451015 ), 0
( 0,9999999995265391 1,000000001291883 1,0000000016870474 ), 0
( 0,9999999994812725 1,0000000012510701 1,0000000016294992 ), 0
( 0,9999999992981098 1,0000000012874526 1,000000001702518 ), 0
( 0,9999999993757425 1,0000000013486534 1,0000000015812114 ), 0
( 0,9999999994605826 1,000000001131976 1,0000000013959278 ), 0
( 0,999999999435059 1,0000000012885695 1,0000000015607928 ), 0
( 0,9999999996061133 1,0000000014108048 1,0000000016343635 ), 0
( 0,9999999995345876 1,0000000012593209 1,0000000016538095 ), 0
( 0,9999999995237714 1,000000001289304 1,0000000015750423 ), 0
( 0,9999999994434587 1,0000000013198356 1,0000000015526473 ), 0
( 0,9999999995847432 1,000000001387764 1,0000000016462256 ), 0
( 0,9999999994907321 1,000000001311945 1,000000001598253 ), 0
( 0,9999999994889557 1,0000000010578145 1,000000001519694 ), 0
( 0,9999999992536444 1,0000000012297097 1,0000000016157207 ), 0
( 0,9999999994379378 1,0000000012788681 1,0000000014740253 ), 0
( 0,9999999993902752 1,0000000012895316 1,0000000015647907 ), 0
( 0,999999999404509 1,0000000013462405 1,000000001737817 ), 0
( 0,9999999994351473 1,0000000012859824 1,000000001662995 ), 0
( 0,9999999994176915 1,0000000013574224 1,0000000016110515 ), 0
( 0,9999999995225817 1,0000000012911265 1,0000000016197734 ), 0
( 0,9999999992982717 1,000000001070401 1,0000000013518737 ), 0
( 0,9999999994691658 1,0000000012220045 1,000000001647384 ), 0
( 0,9999999994831729 1,0000000013398878 1,0000000016063573 ), 0
( 0,9999999995447303 1,0000000012646302 1,000000001644448 ), 0
( 0,9999999994997623 1,000000001236192 1,0000000015600594 ), 0
( 0,9999999994888125 1,0000000012633399 1,000000001608108 ), 0
( 0,9999999994745487 1,000000001256293 1,0000000016369361 ), 0
( 0,9999999994406576 1,0000000012539896 1,0000000016393424 ), 0
( 0,9999999995733421 1,0000000013610477 1,0000000017066237 ), 0
( 0,999999999458132 1,0000000012247314 1,0000000014642119 ), 0
( 0,9999999994506833 1,0000000013321328 1,0000000016643347 ), 0
( 0,9999999995144698 1,0000000012382295 1,0000000016350006 ), 0
( 0,9999999994332194 1,0000000012348358 1,0000000015347807 ), 0
( 0,9999999994624766 1,0000000012975276 1,000000001616456 ), 0
( 0,999999999433006 1,0000000013597299 1,000000001663893 ), 0
( 0,9999999994184018 1,0000000013786516 1,0000000016511794 ), 0
( 0,9999999994321679 1,000000001315522 1,0000000016316448 ), 0
( 0,9999999995290568 1,0000000012539112 1,0000000015153878 ), 0
( 0,999999999482139 1,000000001338698 1,00000000164595 ), 0
( 0,9999999994182005 1,000000001259481 1,0000000016076118 ), 0
( 0,9999999994665109 1,0000000012476893 1,0000000016430277 ), 0
( 0,9999999994605943 1,0000000013039816 1,0000000015492485 ), 0
( 0,9999999994418742 1,0000000013825285 1,0000000016716455 ), 0
( 0,9999999994398745 1,000000001330364 1,000000001618109 ), 0
( 0,9999999995132983 1,0000000013302957 1,0000000015915806 ), 0
( 0,9999999994754653 1,000000001258413 1,000000001658739 ), 0
( 0,9999999994657323 1,0000000011956665 1,0000000014759962 ), 0
( 0,999999999467642 1,0000000013271853 1,000000001655701 ), 0
( 0,9999999994928191 1,0000000012544068 1,0000000015469082 ), 0
( 0,9999999994017386 1,0000000012257877 1,0000000014854427 ), 0
( 0,9999999994206027 1,0000000012832013 1,0000000015938555 ), 0
( 0,9999999994026157 1,0000000012220558 1,0000000015771162 ), 0
( 0,9999999994697807 1,000000001297047 1,0000000016658914 ), 0
( 0,9999999994822307 1,0000000012615684 1,0000000015397021 ), 0
( 0,9999999995059415 1,000000001262386 1,0000000016316926 ), 0
( 0,9999999994641896 1,0000000013367396 1,0000000016607744 ), 0
( 0,9999999995487927 1,0000000013589934 1,0000000016432755 ), 0
( 0,9999999994403184 1,0000000013598334 1,0000000016298674 ), 0
( 0,9999999995169568 1,0000000013045431 1,000000001650889 ), 0
( 0,9999999994806164 1,0000000012544463 1,0000000016252095 ), 0
( 0,9999999993766902 1,000000001279201 1,0000000016654194 ), 0
( 0,9999999995205909 1,0000000013178318 1,0000000013809898 ), 0
( 0,9999999994765657 1,0000000012791717 1,0000000016670545 ), 0
( 0,9999999995150994 1,0000000012484809 1,0000000015762325 ), 0
( 0,999999999502775 1,0000000015952868 1,0000000019175548 ), 0
( 0,9999999994733713 1,00000000114942 1,0000000016229147 ), 0
( 0,9999999994713232 1,00000000121863 1,0000000015440071 ), 0
( 0,9999999995126916 1,0000000012523576 1,0000000015049733 ), 0
( 0,9999999994924078 1,000000001300972 1,0000000014983894 ), 0
( 0,9999999995468158 1,0000000012296073 1,000000001564347 ), 0
( 0,9999999995134209 1,000000001199233 1,000000001539709 ), 0
( 0,9999999994374815 1,0000000013498411 1,0000000016892108 ), 0
( 0,9999999994997942 1,0000000012746444 1,0000000015318946 ), 0
( 0,999999999506184 1,0000000012162256 1,0000000016049517 ), 0
( 0,9999999770091904 0,9999983009218324 0,9999983285935655 ), 1,127062887462671E-09
Liczba wywoa funkcji celu: 115057
