Iteracja nr: 84
( 0,9999999994668477 1,000000001267764 1,0000000016020467 ), 0
( 0,9999999994670075 1,0000000012683379 1,0000000016005723 ), 0
( 0,9999999994668644 1,000000001267516 1,000000001601623 ), 0
( 0,9999999994673804 1,0000000012666406 1,0000000016004056 ), 0
( 0,9999999994655677 1,0000000012663763 1,0000000016010404 ), 0
( 0,9999999994663235 1,0000000012694483 1,00000000160431 ), 0
( 0,9999999994662672 1,0000000012675405 1,0000000016023916 ), 0
( 0,9999999994672555 1,000000001267012 1,000000001601283 ), 0
( 0,9999999994663704 1,000000001268097 1,0000000016025088 ), 0
( 0,9999999994667537 1,0000000012676435 1,0000000015994028 ), 0
( 0,9999999994664462 1,0000000012696708 1,0000000016021486 ), 0
( 0,9999999994660276 1,0000000012661765 1,00000000160231 ), 0
( 0,9999999994670801 1,0000000012686419 1,000000001602657 ), 0
( 0,9999999994669448 1,0000000012675565 1,000000001599209 ), 0
( 0,9999999994678144 1,000000001266868 1,000000001602897 ), 0
( 0,9999999994655311 1,0000000012679437 1,00000000160166 ), 0
( 0,9999999994665367 1,0000000012686217 1,0000000016026378 ), 0
( 0,9999999994670659 1,000000001268459 1,0000000016011075 ), 0
( 0,999999999467013 1,0000000012678774 1,000000001601748 ), 0
( 0,9999999994662667 1,0000000012677985 1,0000000016017185 ), 0
( 0,9999999994654045 1,000000001268094 1,0000000016018045 ), 0
( 0,9999999994659126 1,0000000012675951 1,000000001603065 ), 0
( 0,9999999994672292 1,0000000012682202 1,0000000016015687 ), 0
( 0,9999999994677972 1,0000000012655155 1,0000000015990245 ), 0
( 0,9999999994660971 1,0000000012659624 1,0000000016009412 ), 0
( 0,9999999994666366 1,0000000012673262 1,0000000015999881 ), 0
( 0,9999999994673004 1,0000000012672554 1,0000000016001451 ), 0
( 0,9999999994667843 1,000000001268029 1,0000000016013988 ), 0
( 0,9999999994671644 1,0000000012679298 1,0000000016021502 ), 0
( 0,9999999994666127 1,0000000012696098 1,0000000016017971 ), 0
( 0,9999999994661474 1,0000000012675496 1,000000001601584 ), 0
( 0,9999999994662611 1,0000000012660237 1,0000000016001587 ), 0
( 0,9999999994674401 1,0000000012677612 1,0000000016013706 ), 0
( 0,9999999994661558 1,0000000012690133 1,0000000016014594 ), 0
( 0,9999999994652242 1,000000001266705 1,0000000016012391 ), 0
( 0,9999999994663421 1,0000000012684103 1,0000000016018555 ), 0
( 0,9999999994668712 1,0000000012669903 1,0000000016004216 ), 0
( 0,9999999994668493 1,0000000012684394 1,0000000016016786 ), 0
( 0,9999999994637563 1,000000001268365 1,000000001603817 ), 0
( 0,9999999994665264 1,0000000012677597 1,0000000016015325 ), 0
( 0,999999999467059 1,0000000012643009 1,0000000015998305 ), 0
( 0,9999999994668948 1,0000000012691965 1,0000000016024375 ), 0
( 0,9999999994658912 1,0000000012651047 1,000000001598243 ), 0
( 0,9999999994682611 1,0000000012665857 1,0000000015989767 ), 0
( 0,999999999466951 1,0000000012683707 1,0000000016036055 ), 0
( 0,9999999994677533 1,0000000012667023 1,0000000015999766 ), 0
( 0,9999999994666766 1,0000000012671681 1,0000000016019799 ), 0
( 0,9999999994662668 1,00000000126828 1,0000000016012958 ), 0
( 0,9999999994665668 1,0000000012676011 1,0000000016007662 ), 0
( 0,9999999994661872 1,0000000012677754 1,0000000016005952 ), 0
( 0,9999999994672015 1,0000000012685435 1,0000000016029116 ), 0
( 0,9999999994654405 1,0000000012671937 1,0000000016000639 ), 0
( 0,9999999994673777 1,0000000012673331 1,00000000160188 ), 0
( 0,9999999994664928 1,0000000012685182 1,0000000016021462 ), 0
( 0,9999999994671541 1,000000001268301 1,000000001601761 ), 0
( 0,9999999994660387 1,0000000012682129 1,0000000016011985 ), 0
( 0,9999999994667054 1,000000001267404 1,0000000016016555 ), 0
( 0,9999999994656407 1,000000001264197 1,0000000015987214 ), 0
( 0,9999999994665697 1,0000000012684505 1,0000000016030735 ), 0
( 0,9999999994655416 1,0000000012677204 1,0000000016018322 ), 0
( 0,9999999994669813 1,0000000012678012 1,0000000016024033 ), 0
( 0,9999999994668476 1,0000000012688357 1,0000000016028612 ), 0
( 0,9999999994666913 1,000000001268785 1,0000000016025705 ), 0
( 0,9999999994668742 1,0000000012671448 1,0000000016019492 ), 0
( 0,9999999994662009 1,0000000012676895 1,0000000016030903 ), 0
( 0,9999999994665741 1,0000000012689072 1,0000000016021748 ), 0
( 0,9999999994668 1,0000000012675285 1,000000001600367 ), 0
( 0,9999999994662265 1,0000000012663408 1,0000000015995667 ), 0
( 0,9999999994661751 1,0000000012682027 1,000000001600088 ), 0
( 0,9999999994659403 1,0000000012699886 1,0000000016011272 ), 0
( 0,9999999994658936 1,0000000012680126 1,0000000016014619 ), 0
( 0,999999999467138 1,0000000012685724 1,0000000016028328 ), 0
( 0,9999999994666717 1,0000000012677999 1,00000000160187 ), 0
( 0,999999999467148 1,0000000012650583 1,0000000015987274 ), 0
( 0,9999999994666081 1,0000000012686876 1,0000000016020412 ), 0
( 0,9999999994670703 1,0000000012676276 1,0000000016003827 ), 0
( 0,999999999465786 1,0000000012701042 1,0000000016048909 ), 0
( 0,9999999994661403 1,000000001269117 1,0000000016028245 ), 0
( 0,9999999994671881 1,0000000012675445 1,0000000016014876 ), 0
( 0,9999999994670923 1,0000000012684402 1,0000000016006618 ), 0
( 0,9999999994668258 1,0000000012684176 1,0000000016028205 ), 0
( 0,9999999994670248 1,0000000012659136 1,000000001599939 ), 0
( 0,9999999994667697 1,0000000012696246 1,0000000016032164 ), 0
( 0,9999999994667153 1,0000000012678407 1,000000001601047 ), 0
( 0,9999999994665991 1,0000000012688512 1,000000001602263 ), 0
( 0,9999999994669305 1,0000000012674446 1,0000000016012422 ), 0
( 0,9999999994668093 1,0000000012682602 1,0000000016009059 ), 0
( 0,9999999994666394 1,0000000012677428 1,0000000016014992 ), 0
( 0,9999999994674841 1,0000000012675287 1,0000000015985127 ), 0
( 0,9999999994659197 1,0000000012675465 1,0000000016013664 ), 0
( 0,99999999946627 1,0000000012688401 1,0000000016024893 ), 0
( 0,9999999994694495 1,0000000012695434 1,0000000015992365 ), 0
( 0,9999999994672035 1,0000000012687777 1,0000000016027693 ), 0
( 0,9999999994669984 1,0000000012675878 1,0000000016004271 ), 0
( 0,9999999994661766 1,0000000012678052 1,0000000016016828 ), 0
( 0,9999999994670618 1,0000000012683699 1,0000000016009787 ), 0
( 0,9999999994656129 1,0000000012674821 1,0000000016015487 ), 0
( 0,999999999466236 1,000000001267878 1,0000000016018056 ), 0
( 0,9999999994671374 1,0000000012691603 1,0000000016025503 ), 0
( 0,9999999994677555 1,0000000012670314 1,0000000016002772 ), 0
( 0,9999999994661205 1,0000000012677654 1,0000000016029662 ), 0
( 0,9999999994667409 1,0000000012687955 1,0000000016003532 ), 0
( 0,9999999994658789 1,0000000012693566 1,0000000016017043 ), 0
( 0,9999999994668662 1,0000000012676873 1,0000000016003192 ), 0
( 0,9999999994662031 1,000000001268452 1,0000000016030823 ), 0
( 0,9999999994673433 1,0000000012679475 1,0000000016020418 ), 0
( 0,9999999994666463 1,00000000126931 1,0000000016013575 ), 0
( 0,9999999994671029 1,000000001267447 1,0000000016007637 ), 0
( 0,9999999994651123 1,0000000012687296 1,000000001603665 ), 0
( 0,9999999994671521 1,0000000012678898 1,0000000016028872 ), 0
( 0,9999999994666398 1,0000000012682675 1,0000000016024972 ), 0
( 0,999999999466386 1,0000000012686072 1,0000000016016104 ), 0
( 0,9999999994669654 1,0000000012683279 1,000000001603425 ), 0
( 0,9999999994659938 1,0000000012692098 1,0000000016044026 ), 0
( 0,9999999994657701 1,000000001265385 1,0000000015989208 ), 0
( 0,9999999994666858 1,000000001268028 1,000000001602056 ), 0
( 0,9999999994670371 1,0000000012695285 1,0000000016016564 ), 0
( 0,9999999994659372 1,0000000012680788 1,000000001599811 ), 0
( 0,9999999994672242 1,0000000012698254 1,0000000016025492 ), 0
( 0,9999999994661537 1,0000000012689332 1,0000000016015187 ), 0
( 0,9999999994668315 1,0000000012669519 1,0000000016006907 ), 0
( 0,9999999994664155 1,0000000012670833 1,0000000016010726 ), 0
( 0,9999999994662767 1,0000000012674564 1,00000000160103 ), 0
( 0,999999999466986 1,0000000012680883 1,000000001600932 ), 0
( 0,9999999994670112 1,0000000012678576 1,0000000016010004 ), 0
( 0,9999999994668017 1,0000000012678374 1,000000001603088 ), 0
( 0,99999999946624 1,000000001267984 1,0000000016023765 ), 0
( 0,9999999994663151 1,0000000012678854 1,0000000016009072 ), 0
( 0,9999999994669827 1,0000000012680765 1,0000000016011523 ), 0
( 0,999999999466991 1,0000000012670271 1,0000000016006168 ), 0
( 0,9999999994665754 1,00000000126645 1,0000000016010862 ), 0
( 0,9999999994667192 1,000000001268166 1,000000001602379 ), 0
( 0,9999999994673324 1,000000001265891 1,0000000015987 ), 0
( 0,9999999994664992 1,0000000012694825 1,0000000016026898 ), 0
( 0,9999999994668808 1,000000001268628 1,0000000016024768 ), 0
( 0,9999999994672526 1,0000000012677612 1,0000000016013006 ), 0
( 0,9999999994667891 1,0000000012675851 1,000000001600453 ), 0
( 0,9999999994660304 1,0000000012676455 1,0000000016015005 ), 0
( 0,999999999466767 1,0000000012681873 1,000000001601759 ), 0
( 0,9999999994657115 1,0000000012685695 1,0000000016046007 ), 0
( 0,9999999994670595 1,0000000012681665 1,0000000016013026 ), 0
( 0,9999999994674624 1,0000000012674857 1,0000000016003048 ), 0
( 0,9999999994666003 1,000000001267499 1,0000000016009272 ), 0
( 0,9999999994664808 1,0000000012692851 1,0000000016036366 ), 0
( 0,9999999994668404 1,0000000012687418 1,000000001601999 ), 0
( 0,9999999994672538 1,000000001267442 1,000000001601053 ), 0
( 0,9999999994662575 1,000000001268881 1,0000000016012345 ), 0
( 0,9999999994662573 1,0000000012677612 1,0000000016005717 ), 0
( 0,9999999994665985 1,0000000012684402 1,000000001602948 ), 0
( 0,9999999994657776 1,0000000012690617 1,0000000016022788 ), 0
( 0,9999999994667823 1,000000001268668 1,0000000016018993 ), 0
( 0,9999999994664303 1,0000000012670802 1,000000001603589 ), 0
( 0,9999999994671002 1,000000001268249 1,0000000016007022 ), 0
( 0,9999999994669979 1,0000000012690207 1,000000001604285 ), 0
( 0,9999999994669586 1,000000001268357 1,0000000016016681 ), 0
( 0,9999999994667823 1,0000000012682302 1,0000000016024035 ), 0
( 0,9999999994669346 1,0000000012668968 1,0000000016015662 ), 0
( 0,9999999994664183 1,0000000012686354 1,0000000016019466 ), 0
( 0,9999999994667359 1,0000000012682748 1,0000000016020583 ), 0
( 0,999999999468035 1,0000000012681567 1,0000000016021715 ), 0
( 0,9999999994656674 1,0000000012677195 1,0000000016020476 ), 0
( 0,9999999994659645 1,0000000012672354 1,000000001599977 ), 0
( 0,9999999994668366 1,0000000012678252 1,0000000016000075 ), 0
( 0,9999999994667071 1,0000000012691401 1,0000000016020485 ), 0
( 0,999999999466727 1,000000001265002 1,0000000015987434 ), 0
( 0,999999999466171 1,0000000012685766 1,0000000016024486 ), 0
( 0,9999999994671076 1,0000000012678323 1,0000000016000457 ), 0
( 0,999999999467527 1,000000001270233 1,0000000016031099 ), 0
( 0,9999999994667211 1,0000000012670538 1,0000000016014632 ), 0
( 0,9999999994670883 1,0000000012677064 1,0000000016013577 ), 0
( 0,9999999994663945 1,0000000012690053 1,0000000016027075 ), 0
( 0,9999999994668057 1,0000000012679071 1,0000000016019177 ), 0
( 0,9999999994667578 1,0000000012683028 1,0000000016012716 ), 0
( 0,999999999466568 1,0000000012691896 1,0000000016029336 ), 0
( 0,9999999994669974 1,000000001268712 1,00000000160315 ), 0
( 0,999999999467097 1,00000000126763 1,0000000016014978 ), 0
( 0,9999999994658709 1,0000000012645838 1,000000001601894 ), 0
( 0,9999999994665945 1,000000001268765 1,0000000016012904 ), 0
( 0,9999999994662745 1,000000001270016 1,0000000016027004 ), 0
( 0,9999999994658388 1,0000000012675119 1,000000001602825 ), 0
( 0,9999999994667261 1,000000001267708 1,0000000016009682 ), 0
( 0,9999999994671497 1,0000000012681516 1,000000001600641 ), 0
( 0,9999999994661469 1,0000000012669252 1,0000000016016433 ), 0
( 0,9999999994668097 1,00000000126813 1,0000000016008674 ), 0
( 0,9999999994666594 1,000000001266303 1,0000000016006252 ), 0
( 0,9999999994662826 1,0000000012674037 1,0000000016015556 ), 0
( 0,9999999994662276 1,0000000012699053 1,0000000016032575 ), 0
( 0,9999999994674327 1,0000000012694144 1,000000001602571 ), 0
( 0,999999999466823 1,000000001267175 1,0000000015990977 ), 0
( 0,999999999466302 1,0000000012680046 1,0000000016035817 ), 0
( 0,999999999466387 1,0000000012678134 1,000000001604273 ), 0
( 0,9999999994658602 1,0000000012674641 1,0000000016039603 ), 0
( 0,9999999994664286 1,0000000012687345 1,000000001601619 ), 0
( 0,9999999994666077 1,000000001267735 1,0000000016005335 ), 0
( 0,9999999994664762 1,0000000012690815 1,0000000016024941 ), 0
( 0,9999999994667021 1,0000000012670178 1,0000000016000665 ), 0
( 0,9999999994663081 1,0000000012648236 1,00000000159994 ), 0
( 0,9999999994659544 1,0000000012683103 1,0000000016025123 ), 0
( 0,9999999994668423 1,000000001268671 1,000000001603089 ), 0
( 0,9999999994669294 1,0000000012685633 1,0000000016017325 ), 0
( 0,9999999994658729 1,0000000012672645 1,0000000016004624 ), 0
( 0,9999999994667571 1,0000000012674892 1,000000001601072 ), 0
( 0,9999999994668991 1,0000000012669776 1,0000000016007815 ), 0
( 0,9999999994665523 1,0000000012592252 1,000000001593891 ), 0
( 0,9999999994661477 1,0000000012687316 1,000000001601481 ), 0
( 0,9999999994665064 1,0000000012654966 1,0000000015996413 ), 0
( 0,999999999466556 1,0000000012691344 1,0000000016031245 ), 0
( 0,9999999994667431 1,0000000012675214 1,0000000016016828 ), 0
( 0,9999999994671648 1,0000000012697043 1,000000001603278 ), 0
( 0,9999999994662782 1,0000000012681083 1,0000000016009707 ), 0
( 0,9999999994650963 1,0000000012630692 1,000000001597915 ), 0
( 0,9999999994668818 1,0000000012690873 1,0000000016013841 ), 0
( 0,9999999994661961 1,0000000012672667 1,000000001601553 ), 0
( 0,9999999994664952 1,0000000012681514 1,0000000016018842 ), 0
( 0,999999999466452 1,0000000012651187 1,000000001599137 ), 0
( 0,999999999466526 1,0000000012682613 1,0000000016022896 ), 0
( 0,9999999994658497 1,000000001268474 1,0000000016029706 ), 0
( 0,9999999994651363 1,0000000012684815 1,0000000016023134 ), 0
( 0,9999999994670026 1,000000001267442 1,0000000016013826 ), 0
( 0,9999999994673605 1,000000001266075 1,0000000016022266 ), 0
( 0,9999999994666241 1,000000001267898 1,0000000016016908 ), 0
( 0,9999999994680223 1,0000000012684342 1,0000000016017432 ), 0
( 0,9999999994663689 1,0000000012691403 1,0000000016030361 ), 0
( 0,9999999994668344 1,000000001268385 1,000000001601568 ), 0
( 0,9999999994660719 1,0000000012693484 1,0000000016023929 ), 0
( 0,999999999466912 1,0000000012670607 1,0000000016004438 ), 0
( 0,9999999994666374 1,0000000012669321 1,000000001603809 ), 0
( 0,9999999994670737 1,0000000012662102 1,0000000016013657 ), 0
( 0,9999999994671687 1,000000001267535 1,0000000016017663 ), 0
( 0,9999999994668605 1,0000000012680506 1,000000001601537 ), 0
( 0,9999999994669105 1,00000000126941 1,0000000016006627 ), 0
( 0,9999999994664459 1,0000000012699237 1,0000000016027721 ), 0
( 0,9999999994659121 1,000000001265827 1,0000000016017079 ), 0
( 0,9999999994665 1,000000001269297 1,0000000016027513 ), 0
( 0,9999999994664295 1,0000000012649999 1,0000000015992057 ), 0
( 0,9999999994663585 1,0000000012676364 1,000000001601996 ), 0
( 0,9999999994671532 1,000000001268225 1,0000000016029522 ), 0
( 0,999999999467226 1,0000000012683923 1,0000000016020472 ), 0
( 0,9999999994659207 1,0000000012671753 1,0000000016016262 ), 0
( 0,9999999994666894 1,0000000012666999 1,0000000015998332 ), 0
( 0,9999999994653688 1,0000000012673633 1,0000000016008428 ), 0
( 0,9999999994669001 1,0000000012689345 1,000000001601803 ), 0
( 0,999999999467416 1,0000000012699515 1,0000000016039507 ), 0
( 0,9999999994667257 1,0000000012680252 1,000000001601921 ), 0
( 0,9999999994663549 1,0000000012674815 1,0000000016014143 ), 0
( 0,9999999994673155 1,0000000012671746 1,0000000016017605 ), 0
( 0,999999999466447 1,0000000012675576 1,0000000016004404 ), 0
( 0,9999999994665759 1,000000001268389 1,0000000016023154 ), 0
( 0,9999999994674464 1,0000000012691945 1,0000000016025261 ), 0
( 0,9999999994665214 1,0000000012665273 1,0000000016002575 ), 0
( 0,9999999994673386 1,0000000012686763 1,0000000016019241 ), 0
( 0,9999999994655406 1,0000000012681727 1,0000000016019177 ), 0
( 0,9999999994662964 1,0000000012672885 1,0000000015992359 ), 0
( 0,9999999994681807 1,000000001266822 1,0000000015992594 ), 0
( 0,9999999994654845 1,0000000012686363 1,0000000016008104 ), 0
( 0,9999999994664184 1,0000000012682577 1,0000000016017572 ), 0
( 0,9999999994666067 1,0000000012679477 1,0000000016007384 ), 0
( 0,9999999994662396 1,0000000012674863 1,000000001602253 ), 0
( 0,999999999466455 1,0000000012679393 1,000000001601276 ), 0
( 0,9999999994665472 1,0000000012666204 1,000000001601383 ), 0
( 0,9999999994670892 1,0000000012685 1,0000000016013406 ), 0
( 0,9999999994671283 1,000000001266717 1,0000000016013628 ), 0
( 0,9999999994663623 1,0000000012690675 1,0000000016016761 ), 0
( 0,9999999994652421 1,000000001268644 1,000000001602672 ), 0
( 0,999999999466944 1,00000000126651 1,0000000016001183 ), 0
( 0,9999999994659673 1,0000000012679358 1,0000000016003263 ), 0
( 0,9999999994660076 1,0000000012673105 1,0000000016025397 ), 0
( 0,9999999994658975 1,000000001268353 1,0000000016015183 ), 0
( 0,9999999994670163 1,0000000012674402 1,000000001600071 ), 0
( 0,999999999466538 1,0000000012688965 1,0000000016029742 ), 0
( 0,9999999994676021 1,00000000126703 1,000000001600241 ), 0
( 0,9999999994667946 1,0000000012680934 1,0000000016017192 ), 0
( 0,9999999994662012 1,0000000012678911 1,0000000016013852 ), 0
( 0,9999999994665519 1,0000000012676162 1,0000000016020754 ), 0
( 0,9999999994661194 1,0000000012688008 1,00000000160151 ), 0
( 0,9999999994668689 1,0000000012675085 1,0000000016014472 ), 0
( 0,9999999994669686 1,000000001269151 1,0000000016035628 ), 0
( 0,9999999994671044 1,0000000012633428 1,0000000015962272 ), 0
( 0,9999999994668879 1,0000000012684636 1,00000000160161 ), 0
( 0,999999999465942 1,000000001267779 1,0000000016016142 ), 0
( 0,9999999994668064 1,0000000012682666 1,0000000016006472 ), 0
( 0,999999999466974 1,0000000012683639 1,000000001601802 ), 0
( 0,9999999994671268 1,000000001268582 1,0000000016031767 ), 0
( 0,9999999994665031 1,000000001269928 1,0000000016048598 ), 0
( 0,9999999994665479 1,000000001266819 1,0000000016004797 ), 0
( 0,9999999994664712 1,0000000012675454 1,0000000016015844 ), 0
( 0,9999999994664862 1,0000000012693369 1,0000000016012518 ), 0
( 0,9999999994660134 1,0000000012669918 1,0000000016013209 ), 0
( 0,9999999994661101 1,000000001268315 1,0000000016022839 ), 0
( 0,9999999994666816 1,0000000012685843 1,000000001601364 ), 0
( 0,9999999994660794 1,0000000012686763 1,0000000016024726 ), 0
( 0,9999999994674021 1,0000000012660233 1,000000001599487 ), 0
( 0,9999999994660989 1,0000000012654864 1,0000000016010948 ), 0
( 0,999999999465942 1,0000000012671721 1,0000000016023596 ), 0
( 0,9999999994671299 1,0000000012676902 1,0000000015995774 ), 0
( 0,99999999946671 1,000000001266915 1,0000000016016077 ), 0
( 0,9999999994662504 1,0000000012683778 1,0000000016025172 ), 0
( 0,999999999466391 1,0000000012672756 1,0000000016010366 ), 0
( 0,9999999994683547 1,0000000012699166 1,0000000016023762 ), 0
( 0,9999999994666444 1,0000000012674464 1,000000001600456 ), 0
( 0,9999999994672005 1,0000000012693293 1,0000000016033606 ), 0
( 0,9999999994666272 1,0000000012688166 1,0000000016026478 ), 0
( 0,9999999994663014 1,0000000012702284 1,000000001604493 ), 0
( 0,9999999994663772 1,0000000012679406 1,000000001602426 ), 0
( 0,9999999994667115 1,0000000012678665 1,0000000016027084 ), 0
( 0,9999999994660173 1,000000001266449 1,00000000160092 ), 0
( 0,9999999994673154 1,0000000012675418 1,0000000016014683 ), 0
( 0,9999999994672133 1,0000000012651746 1,0000000015976953 ), 0
( 0,9999999994667349 1,000000001269202 1,0000000016025714 ), 0
( 0,9999999994665177 1,0000000012684536 1,000000001602232 ), 0
( 0,9999999994664484 1,0000000012686285 1,0000000016012693 ), 0
( 0,9999999994661487 1,000000001267621 1,000000001603774 ), 0
( 0,9999999994657139 1,000000001265342 1,0000000015994632 ), 0
( 0,9999999994670458 1,0000000012668233 1,0000000016006023 ), 0
( 0,9999999994658322 1,0000000012673251 1,0000000016006454 ), 0
( 0,999999999466166 1,0000000012673278 1,000000001599345 ), 0
( 0,9999999994654475 1,0000000012691717 1,0000000015992756 ), 0
( 0,9999999994663163 1,0000000012682657 1,000000001601279 ), 0
( 0,9999999994665872 1,0000000012688965 1,0000000016037567 ), 0
( 0,9999999994669009 1,0000000012656594 1,0000000015990684 ), 0
( 0,9999999994671915 1,0000000012684918 1,0000000016030082 ), 0
( 0,9999999994666867 1,0000000012670172 1,0000000016016828 ), 0
( 0,9999999994661718 1,0000000012686197 1,0000000016029227 ), 0
( 0,9999999994669976 1,0000000012666346 1,0000000016009107 ), 0
( 0,9999999994660734 1,0000000012674104 1,0000000016019879 ), 0
( 0,9999999994664144 1,0000000012671666 1,0000000016015231 ), 0
( 0,9999999994671014 1,0000000012683012 1,0000000016017605 ), 0
( 0,9999999994665578 1,000000001266773 1,0000000016013832 ), 0
( 0,9999999994666325 1,0000000012647898 1,0000000015978503 ), 0
( 0,9999999994656387 1,000000001267542 1,0000000016010964 ), 0
( 0,9999999994663759 1,000000001269465 1,0000000016043915 ), 0
( 0,9999999994660086 1,000000001269101 1,000000001601741 ), 0
( 0,9999999994677713 1,0000000012672834 1,0000000016014856 ), 0
( 0,9999999994658777 1,0000000012678893 1,0000000016008517 ), 0
( 0,9999999994665463 1,0000000012693662 1,0000000016005242 ), 0
( 0,9999999994665831 1,0000000012695955 1,0000000016035613 ), 0
( 0,9999999994670721 1,000000001268401 1,0000000016019335 ), 0
( 0,9999999994669078 1,0000000012689545 1,0000000016037363 ), 0
( 0,9999999994661461 1,0000000012674914 1,0000000016010258 ), 0
( 0,9999999994661851 1,0000000012697126 1,000000001602547 ), 0
( 0,9999999994660927 1,0000000012690242 1,0000000016027524 ), 0
( 0,999999999466539 1,0000000012666823 1,0000000016008268 ), 0
( 0,999999999467256 1,0000000012675851 1,0000000016019333 ), 0
( 0,9999999994675239 1,0000000012665613 1,0000000016023602 ), 0
( 0,9999999994672035 1,000000001267833 1,0000000016008554 ), 0
( 0,9999999994656763 1,0000000012654962 1,0000000016019301 ), 0
( 0,9999999994667874 1,0000000012678352 1,000000001601518 ), 0
( 0,9999999994663265 1,0000000012681576 1,0000000016031745 ), 0
( 0,999999999466712 1,0000000012669994 1,0000000016019561 ), 0
( 0,9999999994662758 1,0000000012688475 1,0000000016021782 ), 0
( 0,9999999994665998 1,0000000012692343 1,0000000016029065 ), 0
( 0,9999999994660203 1,000000001265913 1,0000000015997232 ), 0
( 0,9999999994661403 1,000000001269098 1,000000001602807 ), 0
( 0,9999999994666642 1,0000000012685026 1,0000000016018524 ), 0
( 0,9999999994657464 1,0000000012677954 1,0000000016021602 ), 0
( 0,9999999994674299 1,0000000012683818 1,0000000016021273 ), 0
( 0,999999999465491 1,0000000012686088 1,0000000016020156 ), 0
( 0,9999999994664461 1,0000000012688568 1,000000001603276 ), 0
( 0,9999999994666534 1,0000000012685015 1,0000000016016488 ), 0
( 0,9999999994668242 1,0000000012683503 1,0000000016010366 ), 0
( 0,9999999994662672 1,0000000012687198 1,0000000016023627 ), 0
( 0,9999999994663937 1,0000000012655985 1,0000000016000323 ), 0
( 0,9999999994670096 1,0000000012669004 1,0000000016006398 ), 0
( 0,9999999994669214 1,0000000012704515 1,0000000016029844 ), 0
( 0,999999999466461 1,0000000012671184 1,0000000016010333 ), 0
( 0,999999999466494 1,0000000012676384 1,0000000016000394 ), 0
( 0,9999999994667363 1,0000000012697776 1,0000000016010564 ), 0
( 0,9999999994665026 1,0000000012674253 1,000000001601237 ), 0
( 0,9999999994668082 1,0000000012694865 1,0000000016016841 ), 0
( 0,9999999994661609 1,0000000012673662 1,0000000016008475 ), 0
( 0,9999999994665926 1,000000001267174 1,0000000016011832 ), 0
( 0,9999999994670355 1,0000000012677206 1,0000000016012611 ), 0
( 0,999999999467582 1,0000000012670331 1,0000000016002895 ), 0
( 0,9999999994666262 1,0000000012681165 1,000000001600289 ), 0
( 0,999999999466566 1,000000001267591 1,0000000016013435 ), 0
( 0,9999999994660109 1,0000000012659724 1,000000001601512 ), 0
( 0,999999999466259 1,0000000012669719 1,0000000016017372 ), 0
( 0,9999999994665529 1,000000001269481 1,0000000016027915 ), 0
( 0,9999999994667036 1,000000001268612 1,0000000016028074 ), 0
( 0,9999999994665361 1,0000000012680412 1,000000001600757 ), 0
( 0,9999999994664137 1,0000000012676558 1,0000000016002242 ), 0
( 0,9999999994679739 1,0000000012692067 1,000000001601834 ), 0
( 0,9999999994667766 1,0000000012680477 1,0000000016008084 ), 0
( 0,9999999994654731 1,000000001267942 1,0000000016016866 ), 0
( 0,9999999994664284 1,0000000012689874 1,0000000016017727 ), 0
( 0,9999999994666288 1,0000000012673524 1,000000001600648 ), 0
( 0,9999999994668417 1,0000000012678745 1,0000000016034665 ), 0
( 0,9999999994662532 1,0000000012679888 1,0000000016013084 ), 0
( 0,9999999994662866 1,0000000012670753 1,000000001601014 ), 0
( 0,9999999994670628 1,0000000012680532 1,0000000016015225 ), 0
( 0,9999999994660078 1,0000000012683163 1,0000000016008688 ), 0
( 0,999999999466354 1,000000001267467 1,0000000016004014 ), 0
( 0,999999999466991 1,000000001265115 1,000000001598013 ), 0
( 0,9999999994662568 1,0000000012687658 1,0000000016026074 ), 0
( 0,9999999994674226 1,000000001266356 1,000000001599878 ), 0
( 0,9999999994667212 1,000000001267982 1,0000000016007513 ), 0
( 0,9999999994651207 1,0000000012675998 1,0000000016031811 ), 0
( 0,9999999994662496 1,000000001268581 1,000000001602625 ), 0
( 0,9999999994666812 1,0000000012700132 1,0000000016030652 ), 0
( 0,9999999994669763 1,0000000012674473 1,0000000016033201 ), 0
( 0,9999999994657353 1,00000000126669 1,000000001600671 ), 0
( 0,9999999994657812 1,000000001269171 1,0000000016028523 ), 0
( 0,9999999994666986 1,00000000126721 1,0000000016008033 ), 0
( 0,9999999994663307 1,0000000012680483 1,0000000016017134 ), 0
( 0,9999999994667951 1,0000000012680579 1,0000000016009547 ), 0
( 0,9999999994669008 1,0000000012692882 1,0000000016013233 ), 0
( 0,9999999994666106 1,000000001268865 1,0000000016025288 ), 0
( 0,9999999994665772 1,0000000012683157 1,0000000016020631 ), 0
( 0,9999999994660872 1,0000000012686623 1,0000000016054462 ), 0
( 0,9999999994655079 1,0000000012681531 1,0000000016023263 ), 0
( 0,999999999465945 1,0000000012688828 1,0000000016052004 ), 0
( 0,9999999994660667 1,0000000012691908 1,0000000016025608 ), 0
( 0,9999999994669467 1,0000000012670462 1,0000000016020043 ), 0
( 0,9999999994664714 1,0000000012680925 1,0000000016001853 ), 0
( 0,9999999994661833 1,000000001268377 1,0000000016029842 ), 0
( 0,9999999994661463 1,0000000012684866 1,000000001601643 ), 0
( 0,999999999466091 1,0000000012685126 1,0000000016023565 ), 0
( 0,9999999994665433 1,0000000012666823 1,0000000016003978 ), 0
( 0,9999999994660741 1,0000000012680106 1,0000000016015462 ), 0
( 0,9999999994663006 1,0000000012665344 1,0000000015994897 ), 0
( 0,9999999994666947 1,0000000012685004 1,0000000016015114 ), 0
( 0,9999999994669201 1,0000000012690748 1,00000000160219 ), 0
( 0,9999999994667768 1,0000000012678214 1,0000000016020736 ), 0
( 0,9999999994662115 1,0000000012691759 1,000000001603167 ), 0
( 0,9999999994667242 1,0000000012663655 1,0000000015994879 ), 0
( 0,999999999466332 1,0000000012672239 1,0000000015990913 ), 0
( 0,9999999994661715 1,0000000012657946 1,0000000015979278 ), 0
( 0,9999999994667577 1,0000000012687846 1,00000000160245 ), 0
( 0,9999999994656112 1,0000000012661967 1,0000000016008208 ), 0
( 0,9999999994689883 1,000000001268835 1,000000001600079 ), 0
( 0,9999999994662974 1,000000001267751 1,0000000016015753 ), 0
( 0,9999999994670705 1,0000000012679136 1,0000000016013386 ), 0
( 0,9999999994659918 1,0000000012674946 1,0000000016017934 ), 0
( 0,9999999994680566 1,0000000012681196 1,0000000016025583 ), 0
( 0,9999999994659919 1,0000000012683317 1,0000000016017485 ), 0
( 0,9999999994664578 1,0000000012680257 1,0000000016016113 ), 0
( 0,999999999467336 1,0000000012675279 1,0000000016010877 ), 0
( 0,9999999994660927 1,0000000012683303 1,0000000016034343 ), 0
( 0,9999999994660664 1,0000000012680432 1,0000000016014265 ), 0
( 0,9999999994666002 1,000000001267077 1,0000000016022537 ), 0
( 0,9999999994661095 1,0000000012673502 1,0000000016022665 ), 0
( 0,9999999994668697 1,0000000012682868 1,0000000016021844 ), 0
( 0,9999999994665757 1,0000000012691739 1,0000000016022361 ), 0
( 0,9999999994665776 1,000000001266726 1,000000001600458 ), 0
( 0,9999999994665322 1,0000000012682235 1,0000000016017798 ), 0
( 0,9999999994667725 1,0000000012687962 1,0000000016030317 ), 0
( 0,9999999994662205 1,0000000012700723 1,000000001603157 ), 0
( 0,9999999994661715 1,0000000012683703 1,0000000016011041 ), 0
( 0,9999999994665241 1,0000000012681987 1,0000000016018582 ), 0
( 0,9999999994652737 1,0000000012694987 1,0000000016036827 ), 0
( 0,9999999994655182 1,0000000012672718 1,0000000016022341 ), 0
( 0,9999999994673417 1,0000000012681183 1,000000001601319 ), 0
( 0,999999999466313 1,0000000012691441 1,000000001602424 ), 0
( 0,99999999946638 1,0000000012685082 1,0000000016033577 ), 0
( 0,9999999994656943 1,0000000012681736 1,000000001602069 ), 0
( 0,9999999994651758 1,0000000012628698 1,0000000015978574 ), 0
( 0,9999999994663963 1,0000000012679975 1,000000001602068 ), 0
( 0,9999999994669725 1,0000000012682353 1,0000000016020474 ), 0
( 0,9999999994693741 1,000000001269592 1,0000000015994002 ), 0
( 0,9999999994661893 1,000000001266088 1,000000001598557 ), 0
( 0,9999999994661539 1,000000001268659 1,0000000016020734 ), 0
( 0,9999999994671026 1,0000000012697907 1,0000000016033208 ), 0
( 0,9999999994669156 1,0000000012677588 1,0000000016007178 ), 0
( 0,9999999994652972 1,0000000012676444 1,000000001603936 ), 0
( 0,999999999466382 1,0000000012690218 1,0000000016026322 ), 0
( 0,9999999994671624 1,0000000012685422 1,0000000016020645 ), 0
( 0,9999999994662878 1,00000000126937 1,0000000016029482 ), 0
( 0,9999999994666234 1,0000000012694013 1,0000000016028379 ), 0
( 0,9999999994662175 1,0000000012683565 1,0000000016010364 ), 0
( 0,9999999994664224 1,000000001269351 1,0000000016015647 ), 0
( 0,9999999994663505 1,0000000012687846 1,0000000016022308 ), 0
( 0,9999999994673997 1,000000001268553 1,0000000016039239 ), 0
( 0,9999999994668257 1,0000000012664725 1,0000000016007828 ), 0
( 0,9999999994661137 1,0000000012681505 1,0000000015997814 ), 0
( 0,9999999994674438 1,0000000012661436 1,0000000016016402 ), 0
( 0,9999999994675577 1,0000000012679608 1,0000000016026267 ), 0
( 0,9999999994659641 1,0000000012679153 1,0000000016014177 ), 0
( 0,9999999994660854 1,0000000012669215 1,0000000016001722 ), 0
( 0,9999999994666653 1,000000001268005 1,0000000016007928 ), 0
( 0,9999999994666829 1,0000000012683032 1,0000000016023893 ), 0
( 0,999999999467224 1,0000000012687515 1,000000001600899 ), 0
( 0,9999999994666444 1,000000001268541 1,0000000016012114 ), 0
( 0,9999999994667288 1,000000001268109 1,0000000016018775 ), 0
( 0,999999999466664 1,0000000012676182 1,0000000016002222 ), 0
( 0,9999999994676447 1,0000000012679415 1,000000001600946 ), 0
( 0,9999999994668777 1,0000000012679757 1,0000000016023542 ), 0
( 0,9999999994666587 1,0000000012672468 1,0000000016020627 ), 0
( 0,9999999994661017 1,0000000012681554 1,0000000015997523 ), 0
( 0,999999999466739 1,0000000012688284 1,0000000016022348 ), 0
( 0,9999999994667271 1,0000000012668204 1,0000000016019497 ), 0
( 0,9999999994670635 1,0000000012678831 1,0000000016025623 ), 0
( 0,9999999994665214 1,0000000012684878 1,0000000016020059 ), 0
( 0,9999999994666167 1,0000000012677421 1,0000000016017894 ), 0
( 0,9999999994662068 1,0000000012672463 1,0000000016032449 ), 0
( 0,9999999994667363 1,0000000012653796 1,0000000015989392 ), 0
( 0,9999999994651889 1,0000000012693244 1,000000001601023 ), 0
( 0,999999999466722 1,000000001267976 1,0000000016009918 ), 0
( 0,9999999994674676 1,0000000012660217 1,000000001599528 ), 0
( 0,9999999994665147 1,0000000012671424 1,0000000016013688 ), 0
( 0,9999999994668383 1,0000000012682404 1,0000000016029578 ), 0
( 0,9999999994661589 1,000000001266982 1,0000000016006685 ), 0
( 0,9999999994674156 1,0000000012679577 1,00000000160054 ), 0
( 0,9999999994669938 1,000000001268311 1,0000000016006223 ), 0
( 0,9999999994665639 1,0000000012688275 1,000000001603102 ), 0
( 0,9999999994664205 1,0000000012666679 1,0000000015995265 ), 0
( 0,9999999994664895 1,0000000012688897 1,0000000016016144 ), 0
( 0,9999999994676413 1,000000001268623 1,0000000016027846 ), 0
( 0,9999999994659131 1,0000000012677488 1,000000001601124 ), 0
( 0,9999999994667559 1,00000000126755 1,0000000016007724 ), 0
( 0,9999999994663225 1,0000000012685653 1,0000000016012864 ), 0
( 0,9999999994654917 1,000000001267098 1,0000000016021053 ), 0
( 0,9999999994658545 1,0000000012665329 1,0000000016029738 ), 0
( 0,999999999466123 1,0000000012685513 1,000000001600117 ), 0
( 0,999999999467055 1,0000000012685124 1,0000000016023027 ), 0
( 0,9999999994664764 1,0000000012672023 1,000000001600486 ), 0
( 0,9999999994672376 1,0000000012677626 1,0000000016020203 ), 0
( 0,9999999994662911 1,0000000012677202 1,0000000016011716 ), 0
( 0,9999999994656285 1,0000000012683725 1,0000000016020816 ), 0
( 0,9999999994671075 1,0000000012679626 1,0000000016015307 ), 0
( 0,9999999994668932 1,000000001267768 1,000000001599509 ), 0
( 0,9999999994673856 1,0000000012684171 1,0000000016006378 ), 0
( 0,999999999466296 1,0000000012681578 1,0000000016022368 ), 0
( 0,9999999994671741 1,000000001268135 1,0000000016009658 ), 0
( 0,9999999994666238 1,0000000012690848 1,0000000016026405 ), 0
( 0,9999999994667403 1,0000000012665475 1,000000001599347 ), 0
( 0,9999999994664287 1,0000000012675592 1,000000001601031 ), 0
( 0,9999999994663797 1,0000000012678962 1,0000000016031134 ), 0
( 0,9999999994663241 1,0000000012671961 1,0000000015990356 ), 0
( 0,9999999994664791 1,0000000012693158 1,000000001602311 ), 0
( 0,9999999994671092 1,0000000012686105 1,0000000016019077 ), 0
( 0,9999999994675959 1,0000000012668437 1,0000000016002821 ), 0
( 0,9999999994669853 1,000000001267861 1,0000000016014579 ), 0
( 0,999999999466645 1,0000000012683374 1,000000001600989 ), 0
( 0,9999999994662245 1,00000000126676 1,0000000016014732 ), 0
( 0,9999999994663903 1,0000000012669952 1,000000001599613 ), 0
( 0,9999999994672839 1,0000000012642858 1,0000000015976163 ), 0
( 0,999999999466703 1,000000001265652 1,0000000016010113 ), 0
( 0,9999999994663817 1,000000001268843 1,0000000016026829 ), 0
( 0,9999999994674661 1,0000000012681503 1,0000000016007435 ), 0
( 0,9999999994669824 1,0000000012670907 1,000000001601303 ), 0
( 0,9999999994656387 1,000000001266394 1,0000000015996557 ), 0
( 0,9999999994668068 1,00000000126816 1,0000000016011832 ), 0
( 0,9999999994664148 1,0000000012672392 1,0000000016000323 ), 0
( 0,9999999994662808 1,000000001268595 1,0000000016018744 ), 0
( 0,999999999466204 1,0000000012678203 1,00000000160177 ), 0
( 0,9999999994670976 1,0000000012669368 1,000000001602708 ), 0
( 0,9999999994664392 1,000000001267994 1,0000000016030863 ), 0
( 0,9999999994674666 1,0000000012691095 1,000000001602766 ), 0
( 0,9999999994669462 1,000000001268542 1,0000000016021695 ), 0
( 0,9999999994666358 1,0000000012659518 1,000000001598622 ), 0
( 0,9999999994661775 1,0000000012683463 1,0000000016013892 ), 0
( 0,9999999994666161 1,0000000012669517 1,0000000015993606 ), 0
( 0,9999999994661227 1,0000000012679693 1,0000000016014572 ), 0
( 0,9999999994662936 1,000000001267552 1,000000001600884 ), 0
( 0,999999999466853 1,0000000012676638 1,000000001603365 ), 0
( 0,9999999994665718 1,0000000012680923 1,0000000016011708 ), 0
( 0,9999999994664396 1,000000001269031 1,000000001603057 ), 0
( 0,9999999994672963 1,000000001269259 1,000000001602459 ), 0
( 0,9999999994662767 1,0000000012673715 1,0000000016017712 ), 0
( 0,9999999994676179 1,0000000012675752 1,0000000016009818 ), 0
( 0,999999999466875 1,0000000012680108 1,0000000016016009 ), 0
( 0,9999999994659771 1,0000000012676344 1,0000000016026036 ), 0
( 0,9999999994668765 1,000000001266882 1,0000000016004007 ), 0
( 0,9999999994659661 1,0000000012685135 1,0000000016036776 ), 0
( 0,9999999994664911 1,0000000012675123 1,0000000016022925 ), 0
( 0,9999999994665127 1,000000001268411 1,0000000016017712 ), 0
( 0,9999999994668588 1,0000000012662194 1,0000000015997845 ), 0
( 0,9999999994660147 1,0000000012679 1,0000000016036645 ), 0
( 0,9999999994667961 1,0000000012661499 1,0000000016002313 ), 0
( 0,999999999466679 1,0000000012682766 1,0000000016021557 ), 0
( 0,9999999994670772 1,0000000012679409 1,0000000016007726 ), 0
( 0,999999999466724 1,0000000012687689 1,0000000016034354 ), 0
( 0,9999999994654631 1,0000000012676569 1,0000000016022554 ), 0
( 0,9999999994665426 1,0000000012695607 1,0000000016013224 ), 0
( 0,9999999994670563 1,0000000012677723 1,0000000016008 ), 0
( 0,9999999994664518 1,00000000126628 1,0000000016001938 ), 0
( 0,9999999994665597 1,000000001267939 1,0000000016024697 ), 0
( 0,9999999994662765 1,0000000012675356 1,0000000016020567 ), 0
( 0,999999999466891 1,0000000012679464 1,000000001601158 ), 0
( 0,9999999994663061 1,0000000012684678 1,0000000016027333 ), 0
( 0,9999999994665341 1,00000000126803 1,0000000016008508 ), 0
( 0,9999999994660513 1,0000000012665022 1,0000000016017538 ), 0
( 0,9999999994676094 1,0000000012666546 1,0000000016005612 ), 0
( 0,9999999994670327 1,0000000012671773 1,0000000016023602 ), 0
( 0,9999999994666657 1,0000000012668757 1,000000001600781 ), 0
( 0,9999999994661611 1,0000000012675259 1,0000000016017772 ), 0
( 0,9999999994666567 1,0000000012679364 1,0000000016014667 ), 0
( 0,9999999994664761 1,0000000012685892 1,0000000016026385 ), 0
( 0,9999999994672002 1,0000000012694037 1,0000000016038475 ), 0
( 0,9999999994659022 1,0000000012674026 1,0000000016000623 ), 0
( 0,9999999994667015 1,0000000012678982 1,0000000016010195 ), 0
( 0,9999999994651462 1,00000000126774 1,0000000016015609 ), 0
( 0,9999999994653175 1,0000000012685424 1,0000000016023336 ), 0
( 0,9999999994663985 1,0000000012677237 1,0000000016019654 ), 0
( 0,9999999994661913 1,0000000012682528 1,0000000016024426 ), 0
( 0,9999999994664659 1,0000000012682007 1,0000000016006487 ), 0
( 0,9999999994662421 1,000000001265893 1,000000001599862 ), 0
( 0,9999999994674927 1,0000000012660866 1,0000000015989159 ), 0
( 0,9999999994676659 1,000000001266032 1,0000000015987316 ), 0
( 0,9999999994662545 1,0000000012692307 1,0000000016032844 ), 0
( 0,9999999994671586 1,0000000012667394 1,0000000015981378 ), 0
( 0,999999999467089 1,0000000012698276 1,000000001602608 ), 0
( 0,9999999994661064 1,0000000012684345 1,0000000016024904 ), 0
( 0,9999999994659517 1,0000000012674475 1,0000000016015913 ), 0
( 0,999999999466341 1,0000000012666335 1,0000000016008146 ), 0
( 0,9999999994659513 1,0000000012672265 1,0000000016019812 ), 0
( 0,9999999994668951 1,0000000012689094 1,0000000016014017 ), 0
( 0,9999999994659261 1,0000000012652734 1,0000000015984156 ), 0
( 0,9999999994667056 1,0000000012673553 1,0000000016007038 ), 0
( 0,9999999994671308 1,0000000012680017 1,0000000016015882 ), 0
( 0,9999999994666783 1,0000000012676655 1,0000000015995143 ), 0
( 0,9999999994664072 1,000000001268007 1,0000000016005643 ), 0
( 0,9999999994661573 1,0000000012680852 1,0000000016022204 ), 0
( 0,9999999994666898 1,0000000012685104 1,0000000016023718 ), 0
( 0,9999999994663987 1,0000000012675094 1,000000001601183 ), 0
( 0,9999999994668383 1,0000000012689598 1,0000000016026365 ), 0
( 0,9999999994676786 1,000000001267614 1,0000000016013995 ), 0
( 0,9999999994668303 1,0000000012695571 1,000000001601952 ), 0
( 0,9999999994668652 1,0000000012679227 1,0000000016005004 ), 0
( 0,999999999466869 1,000000001268534 1,0000000016021353 ), 0
( 0,9999999994667885 1,0000000012682382 1,0000000016005197 ), 0
( 0,9999999994677231 1,000000001268277 1,0000000016021366 ), 0
( 0,9999999994660371 1,000000001268269 1,000000001602079 ), 0
( 0,9999999994674991 1,0000000012669203 1,0000000015998056 ), 0
( 0,9999999994658669 1,0000000012663006 1,0000000016013868 ), 0
( 0,999999999466077 1,0000000012689867 1,0000000016012598 ), 0
( 0,9999999994667009 1,000000001268891 1,0000000016013246 ), 0
( 0,9999999994673618 1,00000000126717 1,0000000016006776 ), 0
( 0,9999999994670958 1,0000000012666932 1,0000000016029602 ), 0
( 0,999999999467526 1,0000000012678645 1,0000000016015307 ), 0
( 0,9999999994666207 1,000000001268496 1,00000000160103 ), 0
( 0,9999999994664532 1,0000000012690762 1,0000000016027215 ), 0
( 0,9999999994660436 1,000000001267036 1,000000001600578 ), 0
( 0,999999999466816 1,0000000012688703 1,0000000016025303 ), 0
( 0,9999999994671334 1,0000000012676942 1,000000001600854 ), 0
( 0,9999999994670405 1,0000000012669374 1,0000000016003425 ), 0
( 0,9999999994666328 1,0000000012670638 1,0000000016019472 ), 0
( 0,9999999994669259 1,0000000012686519 1,0000000016018644 ), 0
( 0,9999999994668046 1,000000001268272 1,0000000016019548 ), 0
( 0,9999999994662074 1,0000000012676036 1,0000000016014405 ), 0
( 0,999999999466438 1,0000000012678902 1,00000000160416 ), 0
( 0,9999999994666906 1,000000001267207 1,0000000016005257 ), 0
( 0,999999999466964 1,0000000012692065 1,0000000016046386 ), 0
( 0,9999999994666916 1,0000000012687933 1,000000001601414 ), 0
( 0,9999999994662867 1,0000000012687373 1,0000000016027863 ), 0
( 0,9999999994667969 1,0000000012696488 1,0000000016026909 ), 0
( 0,9999999994672845 1,0000000012677244 1,0000000016006227 ), 0
( 0,99999999946697 1,0000000012691292 1,0000000016021657 ), 0
( 0,9999999994665884 1,000000001268751 1,0000000016004666 ), 0
( 0,999999999466724 1,0000000012679746 1,0000000016021924 ), 0
( 0,9999999994679908 1,0000000012659942 1,000000001599337 ), 0
( 0,999999999466365 1,0000000012692143 1,0000000016021175 ), 0
( 0,9999999994662462 1,0000000012684895 1,000000001602731 ), 0
( 0,999999999466731 1,0000000012677324 1,000000001601217 ), 0
( 0,9999999994670035 1,0000000012659107 1,0000000015989923 ), 0
( 0,999999999465986 1,000000001269088 1,000000001602683 ), 0
( 0,9999999994664074 1,000000001268525 1,0000000016022101 ), 0
( 0,9999999994663176 1,000000001268322 1,000000001602965 ), 0
( 0,9999999994670173 1,0000000012648043 1,0000000015989556 ), 0
( 0,9999999994669507 1,0000000012688197 1,0000000016019428 ), 0
( 0,9999999994672406 1,0000000012671002 1,0000000015995993 ), 0
( 0,9999999994667186 1,0000000012666677 1,0000000016001371 ), 0
( 0,9999999994678724 1,00000000126931 1,0000000016014938 ), 0
( 0,9999999994659865 1,0000000012674273 1,0000000016009565 ), 0
( 0,999999999467128 1,0000000012681212 1,0000000016013368 ), 0
( 0,9999999994665163 1,000000001266807 1,0000000016000063 ), 0
( 0,999999999466678 1,0000000012678663 1,0000000016023518 ), 0
( 0,9999999994660413 1,0000000012684098 1,000000001600842 ), 0
( 0,9999999994667951 1,000000001266675 1,0000000016010748 ), 0
( 0,9999999994673613 1,0000000012688175 1,000000001602302 ), 0
( 0,9999999994658635 1,0000000012688057 1,0000000016038377 ), 0
( 0,9999999994661808 1,000000001267406 1,0000000016007482 ), 0
( 0,9999999994668525 1,0000000012658814 1,0000000016009636 ), 0
( 0,9999999994664611 1,0000000012685109 1,00000000160266 ), 0
( 0,999999999466245 1,000000001266543 1,0000000016016644 ), 0
( 0,9999999994663468 1,0000000012622519 1,0000000015956223 ), 0
( 0,9999999994666786 1,0000000012668586 1,0000000016000614 ), 0
( 0,9999999994660022 1,000000001269535 1,0000000016017994 ), 0
( 0,9999999994664561 1,00000000126758 1,0000000016003399 ), 0
( 0,9999999994660554 1,0000000012683505 1,000000001602219 ), 0
( 0,9999999994665898 1,0000000012660175 1,000000001600924 ), 0
( 0,9999999994662266 1,0000000012675971 1,0000000016015604 ), 0
( 0,999999999466517 1,0000000012671377 1,0000000016015167 ), 0
( 0,9999999994661257 1,0000000012661059 1,0000000015985075 ), 0
( 0,9999999994670437 1,0000000012686237 1,000000001602543 ), 0
( 0,9999999994666439 1,000000001267937 1,000000001602561 ), 0
( 0,9999999994673977 1,0000000012703996 1,0000000016003165 ), 0
( 0,9999999994666946 1,0000000012682468 1,000000001602758 ), 0
( 0,9999999994662921 1,0000000012682453 1,0000000016018562 ), 0
( 0,9999999994666143 1,0000000012686308 1,0000000016031634 ), 0
( 0,9999999994661981 1,0000000012685117 1,0000000016028476 ), 0
( 0,9999999994662613 1,0000000012677668 1,0000000016015158 ), 0
( 0,9999999994657399 1,0000000012667358 1,0000000016012802 ), 0
( 0,9999999994666282 1,0000000012673 1,0000000016008181 ), 0
( 0,999999999466737 1,0000000012681602 1,0000000016019355 ), 0
( 0,9999999994657554 1,0000000012687646 1,0000000016024555 ), 0
( 0,9999999994671244 1,0000000012679133 1,0000000016020605 ), 0
( 0,9999999994668846 1,000000001268842 1,000000001603551 ), 0
( 0,9999999994658844 1,0000000012700965 1,0000000016013075 ), 0
( 0,9999999994663428 1,0000000012688477 1,0000000016022006 ), 0
( 0,9999999994667955 1,0000000012664851 1,0000000016011341 ), 0
( 0,9999999994663376 1,000000001268575 1,000000001601703 ), 0
( 0,999999999467062 1,0000000012667611 1,0000000015995325 ), 0
( 0,9999999994668192 1,0000000012675718 1,000000001600547 ), 0
( 0,9999999994670687 1,0000000012681385 1,0000000016020076 ), 0
( 0,9999999994662545 1,0000000012666006 1,000000001601574 ), 0
( 0,9999999994676585 1,0000000012677046 1,0000000016007513 ), 0
( 0,9999999994667608 1,0000000012669972 1,0000000016007544 ), 0
( 0,9999999994663551 1,0000000012675916 1,0000000016012138 ), 0
( 0,9999999994671421 1,0000000012683699 1,000000001599729 ), 0
( 0,9999999994666273 1,000000001265242 1,0000000016006159 ), 0
( 0,9999999994662936 1,0000000012691637 1,0000000016026402 ), 0
( 0,9999999994667378 1,0000000012677825 1,0000000016022277 ), 0
( 0,9999999994655312 1,0000000012671242 1,0000000016017163 ), 0
( 0,999999999467169 1,0000000012663999 1,0000000016000752 ), 0
( 0,9999999994663483 1,0000000012690775 1,0000000016016677 ), 0
( 0,999999999466618 1,0000000012678736 1,0000000016023056 ), 0
( 0,9999999994663707 1,0000000012675838 1,0000000016006723 ), 0
( 0,9999999994660328 1,0000000012676142 1,0000000016008546 ), 0
( 0,9999999994657922 1,000000001270125 1,0000000016016088 ), 0
( 0,9999999994670298 1,000000001268301 1,0000000016009811 ), 0
( 0,9999999994662394 1,0000000012687271 1,0000000016024755 ), 0
( 0,9999999994657843 1,0000000012681953 1,0000000016018575 ), 0
( 0,9999999994668092 1,0000000012680397 1,0000000016009511 ), 0
( 0,9999999994674424 1,00000000126793 1,0000000016010056 ), 0
( 0,9999999994671248 1,0000000012696553 1,0000000016008592 ), 0
( 0,9999999994664919 1,000000001268209 1,0000000016019395 ), 0
( 0,9999999994673149 1,0000000012663628 1,000000001600411 ), 0
( 0,9999999994673394 1,0000000012675885 1,000000001601415 ), 0
( 0,9999999994665894 1,0000000012688732 1,0000000016038837 ), 0
( 0,9999999994665768 1,0000000012688905 1,0000000016026365 ), 0
( 0,9999999994667457 1,0000000012672638 1,0000000016008974 ), 0
( 0,9999999994669774 1,0000000012684584 1,000000001601883 ), 0
( 0,99999999946567 1,0000000012685026 1,0000000016018329 ), 0
( 0,9999999994670047 1,0000000012673789 1,0000000016006985 ), 0
( 0,9999999994671194 1,0000000012676014 1,0000000016004136 ), 0
( 0,9999999994674345 1,000000001266125 1,000000001599583 ), 0
( 0,999999999466569 1,0000000012683634 1,0000000016011592 ), 0
( 0,9999999994668292 1,0000000012665884 1,0000000016013109 ), 0
( 0,9999999994670915 1,000000001266403 1,0000000015990396 ), 0
( 0,999999999467112 1,000000001268354 1,0000000016020312 ), 0
( 0,9999999994662496 1,0000000012686159 1,000000001603041 ), 0
( 0,9999999994659455 1,000000001268559 1,0000000016024968 ), 0
( 0,9999999994674678 1,0000000012676766 1,000000001600203 ), 0
( 0,999999999467152 1,0000000012664378 1,0000000016011217 ), 0
( 0,9999999994670178 1,0000000012668722 1,0000000016009 ), 0
( 0,9999999994666462 1,0000000012684087 1,0000000016027344 ), 0
( 0,9999999994664066 1,0000000012690269 1,0000000016021668 ), 0
( 0,9999999994673561 1,000000001267543 1,000000001601156 ), 0
( 0,9999999994664241 1,0000000012687582 1,0000000016020842 ), 0
( 0,9999999994660965 1,0000000012675183 1,0000000016009525 ), 0
( 0,9999999994661242 1,0000000012682184 1,000000001601384 ), 0
( 0,9999999994667064 1,0000000012669163 1,0000000016007888 ), 0
( 0,9999999994668415 1,0000000012679553 1,0000000016000266 ), 0
( 0,9999999994661884 1,0000000012674037 1,0000000016007558 ), 0
( 0,9999999994661478 1,0000000012695278 1,00000000160416 ), 0
( 0,9999999994665125 1,0000000012681451 1,000000001602372 ), 0
( 0,9999999994667732 1,0000000012653167 1,0000000015980164 ), 0
( 0,99999999946712 1,0000000012670593 1,000000001601527 ), 0
( 0,9999999994664236 1,000000001268614 1,0000000016033952 ), 0
( 0,999999999467389 1,0000000012675996 1,0000000016005612 ), 0
( 0,9999999994655251 1,0000000012669705 1,0000000016024284 ), 0
( 0,999999999465853 1,0000000012674586 1,000000001604929 ), 0
( 0,9999999994662759 1,0000000012676606 1,0000000016013284 ), 0
( 0,9999999994665083 1,0000000012670105 1,0000000016012578 ), 0
( 0,9999999994665817 1,0000000012678063 1,0000000016028607 ), 0
( 0,9999999994674289 1,000000001267317 1,0000000016007136 ), 0
( 0,9999999994676089 1,0000000012689385 1,0000000016011032 ), 0
( 0,9999999994667295 1,0000000012688601 1,00000000160128 ), 0
( 0,9999999994662202 1,0000000012677261 1,0000000016013448 ), 0
( 0,9999999994665695 1,0000000012682828 1,0000000016019863 ), 0
( 0,9999999994669482 1,0000000012674977 1,000000001601452 ), 0
( 0,9999999994665422 1,0000000012653294 1,0000000015976516 ), 0
( 0,9999999994668987 1,0000000012668786 1,0000000016006545 ), 0
( 0,9999999994667653 1,000000001268941 1,0000000016018866 ), 0
( 0,9999999994662342 1,0000000012673291 1,000000001602367 ), 0
( 0,9999999994665245 1,0000000012684245 1,0000000016026278 ), 0
( 0,999999999466847 1,0000000012650743 1,0000000015995694 ), 0
( 0,9999999994660925 1,0000000012669161 1,0000000015997552 ), 0
( 0,9999999994668419 1,0000000012680157 1,0000000016020785 ), 0
( 0,9999999994662317 1,0000000012680454 1,0000000016017936 ), 0
( 0,9999999994664972 1,0000000012663175 1,000000001599529 ), 0
( 0,9999999994660924 1,0000000012680808 1,0000000016000752 ), 0
( 0,9999999994670726 1,0000000012667103 1,0000000016001882 ), 0
( 0,9999999994658408 1,0000000012686519 1,0000000016035737 ), 0
( 0,9999999994669403 1,000000001266686 1,000000001599789 ), 0
( 0,9999999994672661 1,0000000012677075 1,0000000016010997 ), 0
( 0,9999999994651035 1,0000000012660557 1,0000000016010833 ), 0
( 0,9999999994672061 1,000000001267399 1,0000000015997543 ), 0
( 0,9999999994668196 1,000000001267785 1,0000000016019028 ), 0
( 0,9999999994665986 1,0000000012664056 1,0000000015994064 ), 0
( 0,9999999994667141 1,0000000012666808 1,000000001600263 ), 0
( 0,9999999994676291 1,0000000012686283 1,0000000016018464 ), 0
( 0,9999999994666021 1,000000001268739 1,0000000016023032 ), 0
( 0,9999999994675419 1,0000000012677335 1,0000000016021633 ), 0
( 0,9999999994663993 1,0000000012692265 1,0000000016023671 ), 0
( 0,9999999994665625 1,0000000012679826 1,0000000016021702 ), 0
( 0,9999999994658282 1,0000000012646975 1,0000000016000818 ), 0
( 0,9999999994669346 1,0000000012682488 1,000000001601281 ), 0
( 0,9999999994665534 1,0000000012688142 1,0000000016018131 ), 0
( 0,9999999994683395 1,0000000012667671 1,0000000015990682 ), 0
( 0,9999999994668273 1,0000000012677335 1,0000000016013724 ), 0
( 0,9999999994665497 1,0000000012671555 1,0000000016003612 ), 0
( 0,999999999466022 1,000000001267617 1,0000000016035562 ), 0
( 0,9999999994666372 1,0000000012683672 1,0000000016029913 ), 0
( 0,9999999994667129 1,0000000012682613 1,0000000016018085 ), 0
( 0,9999999994664903 1,0000000012666685 1,0000000015998407 ), 0
( 0,9999999994667397 1,000000001267592 1,000000001601304 ), 0
( 0,999999999466101 1,0000000012681745 1,0000000016024917 ), 0
( 0,9999999994664861 1,0000000012684183 1,000000001605209 ), 0
( 0,9999999994658662 1,0000000012691859 1,0000000016019877 ), 0
( 0,9999999994666715 1,0000000012681292 1,0000000016013912 ), 0
( 0,9999999994666952 1,0000000012686923 1,0000000016016473 ), 0
( 0,9999999994664824 1,0000000012677546 1,0000000015998896 ), 0
( 0,9999999994669221 1,0000000012656427 1,0000000016002548 ), 0
( 0,9999999994671709 1,000000001266029 1,0000000015997368 ), 0
( 0,999999999466915 1,0000000012679118 1,0000000016031687 ), 0
( 0,9999999994671963 1,0000000012671981 1,000000001600933 ), 0
( 0,9999999994670667 1,0000000012671595 1,0000000016006259 ), 0
( 0,9999999994669958 1,0000000012673391 1,000000001600914 ), 0
( 0,9999999994667832 1,0000000012682486 1,0000000016025878 ), 0
( 0,9999999994673887 1,0000000012680375 1,0000000016009953 ), 0
( 0,9999999994665452 1,0000000012683679 1,0000000016015327 ), 0
( 0,9999999994669692 1,0000000012689345 1,0000000016018387 ), 0
( 0,9999999994670628 1,0000000012679855 1,0000000016003705 ), 0
( 0,9999999994667077 1,0000000012627195 1,0000000015962647 ), 0
( 0,9999999994666116 1,0000000012635 1,0000000015965358 ), 0
( 0,99999999946621 1,000000001268902 1,000000001603334 ), 0
( 0,999999999465956 1,0000000012697787 1,0000000016015091 ), 0
( 0,9999999994672705 1,0000000012680264 1,00000000160267 ), 0
( 0,9999999994656822 1,0000000012684565 1,0000000016019621 ), 0
( 0,9999999994654364 1,0000000012648094 1,000000001598774 ), 0
( 0,9999999994671164 1,000000001266976 1,0000000016012573 ), 0
( 0,9999999994669833 1,0000000012683883 1,0000000016016757 ), 0
( 0,9999999994660954 1,0000000012682755 1,0000000016025272 ), 0
( 0,9999999994666656 1,0000000012666082 1,0000000016026471 ), 0
( 0,9999999994666101 1,0000000012624428 1,00000000159583 ), 0
( 0,9999999994667974 1,00000000126833 1,0000000016021746 ), 0
( 0,9999999994663742 1,0000000012682249 1,0000000016021826 ), 0
( 0,9999999994661442 1,0000000012677333 1,0000000016019959 ), 0
( 0,9999999994667549 1,0000000012680628 1,0000000016024821 ), 0
( 0,9999999994663162 1,0000000012651011 1,0000000015992283 ), 0
( 0,9999999994670197 1,000000001268016 1,0000000016017327 ), 0
( 0,9999999994672863 1,0000000012686714 1,0000000016017132 ), 0
( 0,9999999994663197 1,0000000012682702 1,000000001601491 ), 0
( 0,9999999994663626 1,0000000012682901 1,0000000016017594 ), 0
( 0,9999999994658209 1,000000001266935 1,0000000016011439 ), 0
( 0,999999999466725 1,000000001267444 1,0000000016012371 ), 0
( 0,9999999994668574 1,000000001268639 1,0000000016027484 ), 0
( 0,9999999994663262 1,0000000012680543 1,0000000016013955 ), 0
( 0,9999999994671359 1,0000000012681434 1,0000000016007584 ), 0
( 0,9999999994660709 1,0000000012691617 1,0000000016019597 ), 0
( 0,9999999994663789 1,0000000012682595 1,0000000016010204 ), 0
( 0,9999999994667816 1,0000000012667964 1,000000001599647 ), 0
( 0,9999999994664165 1,0000000012684185 1,00000000160102 ), 0
( 0,9999999994670834 1,0000000012677142 1,0000000016021926 ), 0
( 0,9999999994666356 1,0000000012688532 1,0000000016017183 ), 0
( 0,9999999994663616 1,0000000012685706 1,0000000016033535 ), 0
( 0,9999999994665186 1,0000000012671972 1,000000001600835 ), 0
( 0,9999999994666489 1,0000000012695394 1,0000000016022605 ), 0
( 0,9999999994667961 1,000000001267962 1,0000000016025639 ), 0
( 0,999999999466365 1,0000000012678085 1,0000000016017458 ), 0
( 0,9999999994668505 1,0000000012682488 1,0000000016024075 ), 0
( 0,9999999994662953 1,000000001268155 1,0000000016026362 ), 0
( 0,9999999994666883 1,0000000012685086 1,000000001602334 ), 0
( 0,9999999994669737 1,000000001268917 1,0000000016023987 ), 0
( 0,9999999994670169 1,0000000012685228 1,0000000016030368 ), 0
( 0,9999999994665018 1,000000001268048 1,0000000016025339 ), 0
( 0,999999999466947 1,0000000012653014 1,000000001600668 ), 0
( 0,9999999994661816 1,0000000012665158 1,0000000016021353 ), 0
( 0,9999999994660889 1,0000000012674417 1,0000000016029706 ), 0
( 0,9999999994658335 1,0000000012681538 1,0000000016028983 ), 0
( 0,9999999994663302 1,0000000012677224 1,0000000016019082 ), 0
( 0,9999999994662331 1,000000001269607 1,000000001602538 ), 0
( 0,999999999466502 1,000000001266786 1,000000001599891 ), 0
( 0,9999999994670695 1,000000001267767 1,0000000016010364 ), 0
( 0,9999999994664346 1,0000000012680283 1,000000001601517 ), 0
( 0,9999999994670334 1,0000000012661812 1,000000001600442 ), 0
( 0,9999999994664747 1,0000000012682646 1,000000001602234 ), 0
( 0,9999999994666136 1,0000000012659884 1,000000001601267 ), 0
( 0,9999999994666499 1,0000000012673766 1,0000000016010113 ), 0
( 0,9999999994664494 1,0000000012663564 1,0000000016005366 ), 0
( 0,999999999466329 1,0000000012681245 1,0000000016028143 ), 0
( 0,9999999994666996 1,0000000012675079 1,000000001602231 ), 0
( 0,9999999994669602 1,0000000012679615 1,0000000016011512 ), 0
( 0,9999999994661916 1,0000000012691095 1,0000000016021904 ), 0
( 0,9999999994670266 1,000000001268923 1,000000001601255 ), 0
( 0,9999999994671988 1,000000001268077 1,000000001599524 ), 0
( 0,9999999994661944 1,0000000012661474 1,000000001599324 ), 0
( 0,9999999994670576 1,0000000012688715 1,000000001603237 ), 0
( 0,9999999994663459 1,0000000012674373 1,000000001601361 ), 0
( 0,9999999994665953 1,0000000012672192 1,0000000016023847 ), 0
( 0,9999999994668529 1,0000000012678347 1,0000000015998056 ), 0
( 0,9999999994673173 1,0000000012665136 1,0000000016006017 ), 0
( 0,9999999994671118 1,0000000012679409 1,0000000015999981 ), 0
( 0,9999999994668497 1,0000000012666799 1,0000000016009336 ), 0
( 0,9999999994662551 1,0000000012681411 1,0000000016007304 ), 0
( 0,9999999994668067 1,00000000126759 1,0000000016019845 ), 0
( 0,9999999994665126 1,000000001268633 1,0000000016022808 ), 0
( 0,9999999994674074 1,0000000012691417 1,0000000016021098 ), 0
( 0,999999999467712 1,0000000012673953 1,0000000016002002 ), 0
( 0,9999999994665496 1,0000000012669241 1,0000000016005712 ), 0
( 0,999999999467356 1,0000000012676338 1,0000000016017268 ), 0
( 0,9999999994675616 1,0000000012682146 1,0000000016014046 ), 0
( 0,9999999994668968 1,0000000012679384 1,0000000016016526 ), 0
( 0,9999999994666465 1,000000001267953 1,0000000016033541 ), 0
( 0,9999999994665265 1,000000001268516 1,0000000016034558 ), 0
( 0,9999999994657827 1,0000000012684207 1,0000000016027863 ), 0
( 0,9999999994669238 1,0000000012671157 1,0000000016008328 ), 0
( 0,9999999994663268 1,000000001267689 1,000000001604206 ), 0
( 0,999999999466277 1,0000000012674415 1,0000000016014772 ), 0
( 0,9999999994669022 1,0000000012685997 1,0000000016024368 ), 0
( 0,999999999466917 1,0000000012683388 1,000000001600395 ), 0
( 0,9999999994671925 1,0000000012683863 1,0000000016013482 ), 0
( 0,9999999994669774 1,0000000012674413 1,0000000016018082 ), 0
( 0,999999999466581 1,000000001267856 1,0000000016017774 ), 0
( 0,999999999466517 1,000000001267932 1,0000000016011206 ), 0
( 0,9999999994667836 1,0000000012674004 1,000000001599991 ), 0
( 0,9999999994660799 1,000000001268431 1,0000000016031552 ), 0
( 0,9999999994661147 1,0000000012674204 1,0000000016004231 ), 0
( 0,9999999994668489 1,000000001267205 1,000000001602295 ), 0
( 0,9999999994672175 1,0000000012682744 1,000000001601352 ), 0
( 0,9999999994662947 1,0000000012679182 1,000000001602262 ), 0
( 0,9999999994658265 1,0000000012674706 1,000000001605064 ), 0
( 0,9999999994669393 1,0000000012681187 1,0000000016019763 ), 0
( 0,9999999994668074 1,0000000012688113 1,0000000016001866 ), 0
( 0,9999999994663646 1,0000000012680204 1,0000000016025223 ), 0
( 0,9999999994671328 1,0000000012673969 1,0000000016011004 ), 0
( 0,9999999994663427 1,0000000012667003 1,000000001600078 ), 0
( 0,9999999994667418 1,0000000012679306 1,0000000016005623 ), 0
( 0,9999999994666363 1,000000001266967 1,0000000016017472 ), 0
( 0,9999999994669617 1,0000000012691892 1,0000000016024726 ), 0
( 0,9999999994665911 1,0000000012678658 1,0000000016015578 ), 0
( 0,9999999994662291 1,0000000012675103 1,0000000016015047 ), 0
( 0,9999999994668973 1,0000000012688235 1,0000000016021657 ), 0
( 0,9999999994671143 1,0000000012686907 1,0000000016030333 ), 0
( 0,9999999994662042 1,00000000126781 1,000000001600309 ), 0
( 0,999999999466656 1,000000001266971 1,0000000016008301 ), 0
( 0,999999999465883 1,0000000012672603 1,000000001600048 ), 0
( 0,9999999994665946 1,0000000012688623 1,0000000016022663 ), 0
( 0,9999999994670205 1,000000001266723 1,0000000016010853 ), 0
( 0,9999999994670704 1,000000001267341 1,0000000016007076 ), 0
( 0,9999999994650183 1,0000000012627512 1,0000000015978427 ), 0
( 0,9999999994666415 1,0000000012683203 1,0000000016000734 ), 0
( 0,9999999994663847 1,0000000012660122 1,000000001601108 ), 0
( 0,9999999994670834 1,0000000012696377 1,0000000016019184 ), 0
( 0,9999999994655454 1,0000000012680157 1,0000000016026107 ), 0
( 0,999999999466864 1,000000001269114 1,0000000016022683 ), 0
( 0,9999999994674904 1,00000000126758 1,0000000016005075 ), 0
( 0,9999999994669357 1,0000000012683812 1,0000000016011363 ), 0
( 0,999999999465771 1,00000000126841 1,00000000160097 ), 0
( 0,9999999994662802 1,0000000012662076 1,0000000015990813 ), 0
( 0,9999999994668655 1,0000000012670234 1,0000000016015298 ), 0
( 0,9999999994669707 1,0000000012677808 1,0000000016011035 ), 0
( 0,9999999994662003 1,0000000012683492 1,00000000160159 ), 0
( 0,9999999994672839 1,0000000012693169 1,0000000016014172 ), 0
( 0,9999999994670961 1,0000000012666974 1,0000000016007853 ), 0
( 0,9999999994666349 1,0000000012680084 1,0000000016014825 ), 0
( 0,9999999994653342 1,0000000012681078 1,0000000016039883 ), 0
( 0,9999999994663102 1,0000000012664152 1,0000000015990147 ), 0
( 0,999999999465875 1,0000000012673405 1,0000000016001065 ), 0
( 0,9999999994664516 1,0000000012692316 1,0000000016023434 ), 0
( 0,9999999994668332 1,0000000012663115 1,0000000016012105 ), 0
( 0,999999999467777 1,0000000012682977 1,0000000016019013 ), 0
( 0,9999999994668243 1,0000000012669061 1,0000000016003798 ), 0
( 0,999999999466325 1,0000000012654229 1,000000001599149 ), 0
( 0,9999999994655737 1,000000001268173 1,000000001601743 ), 0
( 0,9999999994653536 1,0000000012685455 1,0000000016020767 ), 0
( 0,999999999466623 1,0000000012693633 1,0000000016001929 ), 0
( 0,9999999994666422 1,000000001268442 1,0000000016010675 ), 0
( 0,9999999994660278 1,0000000012690935 1,000000001602916 ), 0
( 0,9999999994662012 1,0000000012690364 1,000000001603325 ), 0
( 0,9999999994663441 1,0000000012678822 1,0000000016028148 ), 0
( 0,999999999466706 1,0000000012686336 1,0000000016019142 ), 0
( 0,999999999466722 1,0000000012681043 1,0000000016034964 ), 0
( 0,9999999994668727 1,0000000012686108 1,000000001601992 ), 0
( 0,9999999994657951 1,0000000012677226 1,0000000016024064 ), 0
( 0,9999999994673914 1,0000000012681098 1,0000000016027968 ), 0
( 0,9999999994663412 1,0000000012669403 1,000000001601934 ), 0
( 0,9999999994665322 1,0000000012669 1,0000000016007333 ), 0
( 0,9999999994662719 1,0000000012675978 1,0000000015998716 ), 0
( 0,9999999994665466 1,000000001268208 1,000000001602163 ), 0
( 0,999999999466205 1,0000000012672405 1,0000000016008794 ), 0
( 0,9999999994647225 1,0000000012682988 1,0000000016029464 ), 0
( 0,9999999994668954 1,0000000012676407 1,0000000016010577 ), 0
( 0,9999999994670536 1,0000000012653982 1,0000000016002553 ), 0
( 0,9999999994661679 1,0000000012675292 1,0000000016007984 ), 0
( 0,9999999994671305 1,0000000012669796 1,0000000015999397 ), 0
( 0,9999999994664441 1,0000000012678967 1,0000000016025143 ), 0
( 0,9999999994668625 1,0000000012678456 1,0000000016027817 ), 0
( 0,9999999994668693 1,00000000126638 1,0000000016009871 ), 0
( 0,9999999994666369 1,0000000012676065 1,0000000016021575 ), 0
( 0,9999999994665726 1,0000000012680863 1,0000000016021016 ), 0
( 0,9999999994663399 1,0000000012679071 1,0000000016023065 ), 0
( 0,9999999994661442 1,000000001267405 1,000000001601215 ), 0
( 0,9999999994667804 1,0000000012672403 1,0000000016007973 ), 0
( 0,9999999994659385 1,0000000012680743 1,000000001601979 ), 0
( 0,9999999994662162 1,0000000012691201 1,000000001603465 ), 0
( 0,999999999466494 1,0000000012677956 1,0000000016014219 ), 0
( 0,9999999994667749 1,0000000012675456 1,0000000016013864 ), 0
Liczba wywoa funkcji celu: 171085
