Iteracja nr: 67
( 0,9999999994785437 1,000000001260458 1,0000000015951065 ), 0
( 0,9999999994734912 1,0000000012683212 1,0000000015747523 ), 0
( 0,9999999994801254 1,0000000012408437 1,0000000015994128 ), 0
( 0,9999999995071307 1,0000000012428536 1,0000000015491226 ), 0
( 0,999999999477314 1,000000001280724 1,0000000016374655 ), 0
( 0,9999999994770319 1,000000001282668 1,0000000016185944 ), 0
( 0,999999999459706 1,0000000012858918 1,0000000016117747 ), 0
( 0,9999999994759377 1,000000001284631 1,0000000015980766 ), 0
( 0,9999999994561003 1,000000001287717 1,0000000016133095 ), 0
( 0,9999999994763975 1,0000000012652763 1,0000000016222388 ), 0
( 0,9999999994668373 1,0000000012760772 1,0000000015968964 ), 0
( 0,9999999994584305 1,0000000012650427 1,0000000015979047 ), 0
( 0,9999999994637121 1,000000001263265 1,0000000015910147 ), 0
( 0,9999999994817913 1,0000000012727872 1,0000000015900772 ), 0
( 0,9999999994591934 1,0000000012806998 1,000000001605765 ), 0
( 0,9999999994856528 1,000000001291017 1,000000001597189 ), 0
( 0,9999999994628115 1,000000001254874 1,000000001588243 ), 0
( 0,9999999994675756 1,000000001270033 1,000000001603313 ), 0
( 0,9999999994598875 1,0000000012760675 1,0000000016136164 ), 0
( 0,9999999994605145 1,0000000012594035 1,0000000016085797 ), 0
( 0,9999999994599315 1,000000001271495 1,0000000016105424 ), 0
( 0,9999999994567794 1,0000000012738661 1,0000000016267099 ), 0
( 0,9999999994839989 1,0000000012800598 1,0000000016066743 ), 0
( 0,9999999994740382 1,00000000126661 1,0000000015848964 ), 0
( 0,9999999994613364 1,0000000012672237 1,0000000016099397 ), 0
( 0,9999999994616884 1,0000000012752073 1,000000001591894 ), 0
( 0,9999999994633038 1,0000000012699686 1,0000000016253179 ), 0
( 0,9999999994773819 1,000000001302757 1,0000000016237367 ), 0
( 0,9999999994584605 1,0000000012650934 1,000000001600784 ), 0
( 0,9999999994662219 1,0000000012619854 1,0000000016119468 ), 0
( 0,9999999994696341 1,0000000012638854 1,0000000015936399 ), 0
( 0,9999999994613771 1,0000000012793855 1,0000000016224966 ), 0
( 0,9999999994741683 1,0000000012706944 1,0000000016136565 ), 0
( 0,9999999994760403 1,000000001274293 1,000000001610332 ), 0
( 0,9999999994622883 1,0000000012808903 1,0000000016105808 ), 0
( 0,9999999994781096 1,0000000012630064 1,0000000016184698 ), 0
( 0,9999999994400544 1,0000000012456107 1,0000000016033603 ), 0
( 0,9999999994804154 1,0000000012660306 1,000000001585438 ), 0
( 0,999999999456952 1,0000000012737624 1,000000001603438 ), 0
( 0,9999999994735709 1,000000001265321 1,000000001583509 ), 0
( 0,9999999994685285 1,000000001273453 1,0000000015942654 ), 0
( 0,9999999994510995 1,0000000012805357 1,0000000016325152 ), 0
( 0,9999999994652127 1,0000000012897738 1,0000000016186266 ), 0
( 0,9999999994540862 1,0000000012590144 1,0000000015897363 ), 0
( 0,9999999994668456 1,0000000012730315 1,00000000161851 ), 0
( 0,9999999994653871 1,000000001283588 1,0000000016004698 ), 0
( 0,9999999994611912 1,0000000012844035 1,0000000016121258 ), 0
( 0,9999999994690636 1,0000000012687214 1,0000000015988715 ), 0
( 0,9999999994792252 1,000000001307511 1,0000000016041766 ), 0
( 0,9999999994655959 1,0000000012843482 1,000000001618917 ), 0
( 0,9999999994621992 1,0000000012732049 1,0000000016241146 ), 0
( 0,9999999994677203 1,0000000012857009 1,0000000016199286 ), 0
( 0,9999999994601693 1,0000000012783714 1,000000001591742 ), 0
( 0,9999999994654035 1,000000001262699 1,0000000015791572 ), 0
( 0,9999999994645336 1,0000000012685992 1,0000000016045791 ), 0
( 0,9999999994644009 1,0000000012723065 1,0000000016141943 ), 0
( 0,9999999994720922 1,0000000012658372 1,0000000015744646 ), 0
( 0,9999999994720307 1,00000000126119 1,0000000015978467 ), 0
( 0,9999999994700911 1,0000000012708543 1,00000000159394 ), 0
( 0,9999999994594129 1,0000000012787476 1,0000000015952584 ), 0
( 0,9999999994582816 1,000000001254342 1,0000000015919035 ), 0
( 0,9999999994718007 1,0000000012715016 1,0000000016100297 ), 0
( 0,9999999994585109 1,0000000012701566 1,000000001599675 ), 0
( 0,9999999994659101 1,0000000012612424 1,0000000015865755 ), 0
( 0,999999999464432 1,000000001270464 1,000000001596014 ), 0
( 0,9999999994653002 1,0000000012744008 1,0000000016207382 ), 0
( 0,9999999994697286 1,0000000012708747 1,0000000016189265 ), 0
( 0,9999999994493529 1,0000000012906223 1,0000000016128987 ), 0
( 0,9999999994682256 1,0000000012673222 1,0000000015877428 ), 0
( 0,9999999994501382 1,0000000012905672 1,0000000016166883 ), 0
( 0,9999999994756097 1,000000001276523 1,000000001601705 ), 0
( 0,9999999994836863 1,000000001278419 1,0000000016198738 ), 0
( 0,9999999994495861 1,000000001266275 1,000000001602853 ), 0
( 0,9999999994735845 1,000000001266853 1,0000000016071953 ), 0
( 0,9999999994766041 1,0000000012642525 1,0000000015981256 ), 0
( 0,9999999994624619 1,0000000012678993 1,000000001614275 ), 0
( 0,9999999994667604 1,0000000012713945 1,0000000016036956 ), 0
( 0,9999999994424535 1,0000000012634003 1,000000001599992 ), 0
( 0,9999999994601906 1,0000000012763488 1,0000000016075423 ), 0
( 0,9999999994778651 1,000000001252963 1,000000001593541 ), 0
( 0,9999999994686383 1,0000000012744332 1,0000000016186288 ), 0
( 0,9999999994842377 1,0000000012638561 1,0000000016029986 ), 0
( 0,9999999994511549 1,0000000012205261 1,0000000015830657 ), 0
( 0,9999999994751788 1,0000000012665873 1,0000000015922559 ), 0
( 0,9999999994516107 1,0000000012482728 1,0000000015821053 ), 0
( 0,9999999994556805 1,00000000126375 1,0000000015926092 ), 0
( 0,9999999994665533 1,0000000012694463 1,0000000015809483 ), 0
( 0,9999999994764299 1,0000000012985928 1,0000000016051913 ), 0
( 0,9999999994628423 1,0000000012948145 1,0000000016434292 ), 0
( 0,9999999994521254 1,000000001264296 1,0000000016026234 ), 0
( 0,9999999994860467 1,000000001260626 1,000000001565508 ), 0
( 0,9999999994850685 1,0000000012498147 1,0000000015671107 ), 0
( 0,9999999994646457 1,000000001269848 1,000000001605526 ), 0
( 0,9999999994703394 1,0000000012733972 1,0000000015964554 ), 0
( 0,9999999994644097 1,000000001262838 1,0000000015869186 ), 0
( 0,999999999461763 1,0000000012878714 1,0000000016343142 ), 0
( 0,9999999994533767 1,000000001273436 1,000000001600368 ), 0
( 0,9999999994567148 1,0000000012824923 1,0000000016221338 ), 0
( 0,9999999994722378 1,0000000012654302 1,0000000015960069 ), 0
( 0,9999999994596146 1,0000000012396473 1,0000000015497608 ), 0
( 0,9999999994614381 1,0000000012549806 1,0000000015829464 ), 0
( 0,9999999994660785 1,0000000012598926 1,0000000016065067 ), 0
( 0,999999999460208 1,0000000011921204 1,0000000014985069 ), 0
( 0,9999999994675608 1,0000000012650232 1,0000000016007478 ), 0
( 0,9999999994608896 1,0000000012658776 1,0000000015947539 ), 0
( 0,9999999994647153 1,0000000012928727 1,0000000016174089 ), 0
( 0,9999999994569124 1,000000001252759 1,0000000015886668 ), 0
( 0,9999999994632214 1,000000001269581 1,000000001604188 ), 0
( 0,9999999994545816 1,000000001290369 1,0000000016199553 ), 0
( 0,9999999994599764 1,0000000012934798 1,0000000016127732 ), 0
( 0,9999999994704166 1,0000000012444978 1,00000000157337 ), 0
( 0,9999999994622379 1,0000000012860266 1,0000000015992623 ), 0
( 0,9999999994605894 1,0000000012545944 1,0000000016028594 ), 0
( 0,9999999994706787 1,000000001281802 1,0000000016357722 ), 0
( 0,9999999994534272 1,0000000012550478 1,0000000016023078 ), 0
( 0,9999999994438263 1,0000000012920969 1,0000000016206672 ), 0
( 0,9999999994703666 1,0000000012588568 1,0000000015955839 ), 0
( 0,9999999994733687 1,000000001260475 1,0000000016193826 ), 0
( 0,9999999995003105 1,0000000012803716 1,0000000015996853 ), 0
( 0,9999999994743564 1,00000000127407 1,000000001568087 ), 0
( 0,9999999994912583 1,0000000012608212 1,0000000015903483 ), 0
( 0,9999999994682351 1,0000000012886103 1,0000000016254942 ), 0
( 0,9999999994631638 1,00000000126196 1,0000000016213677 ), 0
( 0,9999999994680221 1,000000001266864 1,0000000016061596 ), 0
( 0,9999999994593708 1,0000000012459689 1,000000001601649 ), 0
( 0,9999999994639491 1,000000001279437 1,000000001575641 ), 0
( 0,9999999994589438 1,0000000012600152 1,00000000160491 ), 0
( 0,999999999430981 1,000000001252674 1,0000000016053556 ), 0
( 0,9999999994797317 1,000000001255441 1,0000000015791406 ), 0
( 0,9999999994624225 1,0000000012712031 1,000000001603515 ), 0
( 0,9999999994573698 1,0000000012661445 1,0000000016211827 ), 0
( 0,9999999994815847 1,0000000012268908 1,000000001556065 ), 0
( 0,9999999994793833 1,000000001240405 1,0000000016148272 ), 0
( 0,9999999994737182 1,0000000012911032 1,0000000016347659 ), 0
( 0,9999999994725371 1,0000000012527852 1,0000000015906942 ), 0
( 0,999999999459664 1,0000000012713206 1,0000000016313328 ), 0
( 0,9999999994808279 1,0000000012670405 1,0000000015891366 ), 0
( 0,999999999473576 1,0000000012594978 1,0000000016083401 ), 0
( 0,9999999994719299 1,000000001268539 1,0000000015757748 ), 0
( 0,9999999994683849 1,000000001284849 1,0000000016268513 ), 0
( 0,9999999994661904 1,0000000012776868 1,0000000015940707 ), 0
( 0,9999999994906501 1,0000000012495651 1,0000000016025166 ), 0
( 0,9999999994561777 1,0000000012918726 1,0000000016309485 ), 0
( 0,9999999994698155 1,0000000012243535 1,0000000015689627 ), 0
( 0,9999999994747354 1,0000000012727153 1,0000000016041581 ), 0
( 0,9999999994628178 1,0000000012783692 1,0000000015864026 ), 0
( 0,9999999994654428 1,0000000012828227 1,000000001617072 ), 0
( 0,9999999994691845 1,0000000012724397 1,0000000016144122 ), 0
( 0,9999999994813051 1,000000001253381 1,000000001586956 ), 0
( 0,9999999994670284 1,0000000012553636 1,0000000015934079 ), 0
( 0,9999999994646652 1,0000000012726429 1,0000000015963277 ), 0
( 0,9999999994599599 1,0000000012603623 1,0000000015907926 ), 0
( 0,9999999994550195 1,0000000012810075 1,0000000016051314 ), 0
( 0,9999999994598545 1,0000000012710346 1,0000000016016304 ), 0
( 0,9999999994571459 1,0000000012816108 1,000000001585724 ), 0
( 0,9999999994732156 1,0000000012460317 1,0000000015897719 ), 0
( 0,9999999994753295 1,0000000012609205 1,0000000015912318 ), 0
( 0,9999999994773158 1,0000000012793169 1,0000000015779984 ), 0
( 0,999999999474287 1,0000000012961774 1,000000001624851 ), 0
( 0,9999999994592629 1,00000000125773 1,000000001593877 ), 0
( 0,999999999470978 1,0000000012625958 1,0000000015903028 ), 0
( 0,999999999474812 1,000000001274568 1,0000000015975927 ), 0
( 0,9999999994623116 1,0000000012867971 1,0000000016229456 ), 0
( 0,9999999994731753 1,000000001274029 1,0000000015937718 ), 0
( 0,9999999994665872 1,0000000012720227 1,0000000016114203 ), 0
( 0,9999999994685203 1,0000000012910637 1,0000000016128452 ), 0
( 0,9999999994862253 1,0000000012613255 1,0000000016011854 ), 0
( 0,9999999994627301 1,0000000012814447 1,0000000016238073 ), 0
( 0,9999999994664508 1,0000000012553476 1,000000001605722 ), 0
( 0,9999999994670165 1,0000000012709316 1,0000000016043924 ), 0
( 0,999999999458753 1,0000000012432102 1,0000000016146362 ), 0
( 0,9999999994701261 1,0000000012677235 1,0000000016090862 ), 0
( 0,9999999994671414 1,0000000012862271 1,0000000016270927 ), 0
( 0,9999999994651079 1,0000000012631485 1,0000000015899424 ), 0
( 0,9999999994644341 1,000000001278072 1,0000000015983006 ), 0
( 0,9999999994783384 1,0000000012627097 1,0000000016154962 ), 0
( 0,9999999994585329 1,0000000012715975 1,000000001611011 ), 0
( 0,9999999994720111 1,0000000012783923 1,0000000015983055 ), 0
( 0,9999999994552281 1,0000000013162766 1,0000000016106494 ), 0
( 0,9999999994707093 1,0000000012633035 1,0000000016017208 ), 0
( 0,9999999994782114 1,0000000012744568 1,0000000016111434 ), 0
( 0,9999999994808348 1,0000000012413335 1,00000000157784 ), 0
( 0,9999999994605311 1,0000000012839159 1,0000000015839259 ), 0
( 0,9999999994513858 1,0000000012739032 1,0000000015946617 ), 0
( 0,9999999994642017 1,0000000012660786 1,000000001614374 ), 0
( 0,9999999994582323 1,0000000012192205 1,0000000015771504 ), 0
( 0,9999999994714948 1,000000001273528 1,0000000015808945 ), 0
( 0,99999999947852 1,0000000013027952 1,000000001610858 ), 0
( 0,9999999994763267 1,0000000012553538 1,0000000015974497 ), 0
( 0,9999999994755292 1,0000000012873187 1,0000000016120991 ), 0
( 0,9999999994597738 1,0000000012632275 1,000000001585695 ), 0
( 0,9999999994596817 1,0000000012601553 1,0000000016124475 ), 0
( 0,9999999994546648 1,0000000012786256 1,0000000016182984 ), 0
( 0,9999999994770515 1,000000001265861 1,000000001576652 ), 0
( 0,9999999994570664 1,000000001247976 1,000000001567397 ), 0
( 0,9999999994663997 1,0000000012545465 1,0000000016023727 ), 0
( 0,9999999994639527 1,000000001255578 1,0000000015989956 ), 0
( 0,9999999994605713 1,0000000012731418 1,000000001586553 ), 0
( 0,9999999994765514 1,000000001257269 1,00000000157775 ), 0
( 0,9999999994586566 1,000000001258486 1,0000000016099297 ), 0
( 0,9999999994667385 1,0000000013164247 1,0000000016405823 ), 0
( 0,9999999994789757 1,0000000012576564 1,0000000016040196 ), 0
( 0,9999999994763981 1,0000000013075276 1,000000001616464 ), 0
( 0,9999999994740918 1,000000001274512 1,0000000016076813 ), 0
( 0,9999999994599348 1,0000000012618364 1,0000000015802712 ), 0
( 0,9999999994638533 1,0000000012677936 1,0000000016087964 ), 0
( 0,9999999994595024 1,0000000011995258 1,0000000015250947 ), 0
( 0,9999999994857998 1,0000000012872157 1,0000000016057282 ), 0
( 0,9999999994623676 1,0000000012579935 1,0000000016110198 ), 0
( 0,9999999994624215 1,0000000012939012 1,0000000016233401 ), 0
( 0,999999999476041 1,000000001265546 1,0000000015938793 ), 0
( 0,9999999994784183 1,000000001252113 1,0000000016017003 ), 0
( 0,9999999994658911 1,000000001265982 1,0000000015816075 ), 0
( 0,999999999458399 1,0000000012864267 1,0000000016033794 ), 0
( 0,999999999472328 1,0000000012469377 1,000000001572377 ), 0
( 0,9999999994677596 1,0000000012681145 1,0000000016151387 ), 0
( 0,9999999994586592 1,0000000012717716 1,0000000016021702 ), 0
( 0,9999999994725902 1,0000000012669799 1,00000000159966 ), 0
( 0,9999999994682934 1,0000000012696968 1,0000000015912025 ), 0
( 0,9999999994601806 1,0000000012702481 1,0000000016122224 ), 0
( 0,9999999994608451 1,0000000012805261 1,0000000016154418 ), 0
( 0,9999999994648981 1,000000001260887 1,0000000016057127 ), 0
( 0,9999999994621481 1,0000000012505657 1,0000000016160275 ), 0
( 0,9999999994661025 1,0000000012890726 1,0000000016221957 ), 0
( 0,9999999994557373 1,0000000012785026 1,0000000016044817 ), 0
( 0,999999999459806 1,000000001279734 1,0000000015969455 ), 0
( 0,999999999457374 1,0000000012830537 1,0000000016007595 ), 0
( 0,9999999994307724 1,0000000012467936 1,0000000016132906 ), 0
( 0,9999999994599548 1,0000000012511425 1,0000000016065684 ), 0
( 0,9999999994843463 1,0000000012669443 1,0000000015964223 ), 0
( 0,999999999477721 1,0000000012875996 1,0000000016102915 ), 0
( 0,9999999994650746 1,0000000012731933 1,000000001614942 ), 0
( 0,9999999994796415 1,000000001265053 1,0000000016006374 ), 0
( 0,9999999994563072 1,0000000012969847 1,0000000016226904 ), 0
( 0,9999999994833916 1,0000000012688885 1,0000000015640687 ), 0
( 0,9999999994858498 1,0000000012655583 1,0000000015951778 ), 0
( 0,9999999994715952 1,0000000012787167 1,0000000016029456 ), 0
( 0,999999999454812 1,000000001269472 1,0000000016170885 ), 0
( 0,9999999994605645 1,0000000012526569 1,0000000015866082 ), 0
( 0,9999999994700639 1,000000001256386 1,0000000016081367 ), 0
( 0,9999999994610579 1,0000000012729664 1,0000000016062527 ), 0
( 0,999999999454572 1,0000000012951036 1,0000000016212902 ), 0
( 0,9999999994534564 1,000000001259727 1,0000000015919353 ), 0
( 0,9999999994684214 1,000000001271248 1,0000000015985102 ), 0
( 0,9999999994725373 1,0000000012886636 1,0000000016015698 ), 0
( 0,9999999994664217 1,000000001272572 1,0000000016136366 ), 0
( 0,9999999994462152 1,0000000012576604 1,0000000015889712 ), 0
( 0,9999999994473099 1,0000000012714643 1,00000000160211 ), 0
( 0,9999999994596536 1,00000000128725 1,0000000016150186 ), 0
( 0,9999999994738773 1,0000000012857917 1,0000000016057426 ), 0
( 0,9999999994608151 1,0000000012767114 1,0000000016120072 ), 0
( 0,9999999994686111 1,0000000012741195 1,0000000015995412 ), 0
( 0,9999999994625322 1,0000000012721952 1,0000000016080943 ), 0
( 0,9999999994680956 1,0000000012669574 1,0000000015829549 ), 0
( 0,9999999994622955 1,0000000012934733 1,0000000016535209 ), 0
( 0,9999999994686918 1,0000000012742922 1,0000000016066353 ), 0
( 0,9999999994698361 1,0000000010982424 1,0000000014590038 ), 0
( 0,9999999994658986 1,0000000012639643 1,0000000015735009 ), 0
( 0,9999999994752421 1,0000000012816197 1,0000000016064163 ), 0
( 0,9999999994714579 1,000000001276259 1,0000000016283024 ), 0
( 0,9999999994684792 1,0000000012868409 1,0000000016086574 ), 0
( 0,9999999994613838 1,000000001304613 1,000000001626659 ), 0
( 0,9999999994592328 1,000000001283815 1,0000000016054433 ), 0
( 0,999999999469329 1,000000001252691 1,000000001595785 ), 0
( 0,9999999994622022 1,000000001280899 1,0000000016082287 ), 0
( 0,999999999459052 1,0000000012510004 1,0000000015928825 ), 0
( 0,9999999994505396 1,0000000012724026 1,0000000015967294 ), 0
( 0,999999999480094 1,0000000013040231 1,0000000016290707 ), 0
( 0,9999999994716089 1,0000000012887533 1,000000001616534 ), 0
( 0,9999999994594083 1,0000000012742554 1,0000000015987114 ), 0
( 0,9999999994579628 1,0000000012457388 1,0000000015971855 ), 0
( 0,99999999946887 1,0000000012891397 1,000000001623135 ), 0
( 0,9999999994699399 1,0000000012701444 1,000000001606961 ), 0
( 0,9999999994803266 1,0000000012589538 1,0000000015813202 ), 0
( 0,9999999994633343 1,0000000012403354 1,0000000015981594 ), 0
( 0,9999999994673345 1,000000001268326 1,0000000015989883 ), 0
( 0,9999999994656303 1,0000000012651726 1,0000000015777868 ), 0
( 0,9999999994673162 1,0000000012606773 1,0000000015904784 ), 0
( 0,9999999994859652 1,0000000012436605 1,00000000156632 ), 0
( 0,9999999994692894 1,000000001285901 1,0000000016002477 ), 0
( 0,9999999994649836 1,0000000012790606 1,0000000016177408 ), 0
( 0,9999999994501096 1,0000000012651113 1,0000000015788535 ), 0
( 0,999999999479967 1,0000000013056554 1,0000000016049653 ), 0
( 0,9999999994638054 1,0000000012613122 1,0000000015846138 ), 0
( 0,9999999994782461 1,0000000012531123 1,0000000015942088 ), 0
( 0,9999999994690811 1,000000001266338 1,0000000016137316 ), 0
( 0,9999999994659767 1,0000000012618935 1,0000000015816748 ), 0
( 0,9999999994615418 1,000000001262963 1,0000000016252977 ), 0
( 0,9999999994690949 1,0000000011373833 1,0000000014868355 ), 0
( 0,9999999994634396 1,0000000012614847 1,0000000015915824 ), 0
( 0,999999999492818 1,0000000012506378 1,0000000015654158 ), 0
( 0,9999999994702466 1,000000001251937 1,0000000015888941 ), 0
( 0,9999999994526203 1,0000000012665797 1,0000000015950077 ), 0
( 0,9999999994678518 1,00000000126465 1,0000000015983448 ), 0
( 0,9999999994756562 1,000000001278194 1,0000000016120238 ), 0
( 0,999999999472116 1,0000000012804728 1,0000000015905965 ), 0
( 0,9999999994691489 1,0000000012534345 1,0000000015868191 ), 0
( 0,9999999994569122 1,000000001284817 1,0000000016179327 ), 0
( 0,9999999994574031 1,0000000012622954 1,0000000015815034 ), 0
( 0,9999999994802451 1,0000000012862063 1,0000000016023096 ), 0
( 0,9999999994688109 1,0000000012571009 1,0000000016050261 ), 0
( 0,9999999994519809 1,0000000012680812 1,0000000016164738 ), 0
( 0,9999999994772544 1,0000000013165473 1,000000001619413 ), 0
( 0,9999999994522059 1,0000000012821568 1,000000001630025 ), 0
( 0,9999999994374791 1,0000000012610677 1,0000000015922608 ), 0
( 0,9999999994779832 1,000000001281633 1,0000000015944908 ), 0
( 0,9999999994615342 1,000000001266475 1,000000001588312 ), 0
( 0,9999999994708695 1,0000000012644308 1,0000000015894133 ), 0
( 0,9999999994511767 1,0000000012916288 1,0000000016177601 ), 0
( 0,9999999994731367 1,0000000012468986 1,000000001584492 ), 0
( 0,9999999994486504 1,0000000012703565 1,000000001617771 ), 0
( 0,9999999994735845 1,0000000012664363 1,0000000015993316 ), 0
( 0,9999999994596651 1,0000000012585402 1,0000000015922144 ), 0
( 0,9999999994465393 1,000000001264479 1,0000000016156876 ), 0
( 0,9999999994735116 1,0000000012663075 1,0000000016111128 ), 0
( 0,9999999994644817 1,0000000012955874 1,000000001642497 ), 0
( 0,9999999994542317 1,000000001284007 1,0000000016089665 ), 0
( 0,9999999994826952 1,0000000012689838 1,0000000015878898 ), 0
( 0,9999999994649766 1,000000001261206 1,000000001582096 ), 0
( 0,9999999994659597 1,0000000009523269 1,0000000012845869 ), 0
( 0,999999999461346 1,0000000012459835 1,0000000015892725 ), 0
( 0,999999999457407 1,0000000012993877 1,0000000016169883 ), 0
( 0,9999999994786508 1,0000000012854517 1,000000001609394 ), 0
( 0,9999999994626894 1,0000000012663142 1,000000001614339 ), 0
( 0,9999999994836166 1,0000000012688748 1,0000000016162718 ), 0
( 0,9999999994587736 1,0000000012994983 1,0000000016388833 ), 0
( 0,9999999994651319 1,0000000012831511 1,0000000016237605 ), 0
( 0,9999999994697043 1,0000000012631964 1,0000000015827284 ), 0
( 0,9999999994698591 1,000000001272257 1,0000000015885389 ), 0
( 0,99999999946904 1,0000000011630565 1,000000001501258 ), 0
( 0,9999999994641318 1,0000000012767885 1,0000000016062862 ), 0
( 0,9999999994582067 1,0000000012590227 1,0000000016031882 ), 0
( 0,9999999994812566 1,0000000012820367 1,0000000015969903 ), 0
( 0,9999999994616108 1,0000000012653214 1,0000000015920099 ), 0
( 0,9999999994630072 1,0000000012755987 1,0000000016142023 ), 0
( 0,999999999462392 1,0000000012409571 1,0000000015912471 ), 0
( 0,9999999994607022 1,0000000012642858 1,000000001602465 ), 0
( 0,9999999994786225 1,0000000012666135 1,0000000015947677 ), 0
( 0,9999999994675344 1,000000001273424 1,0000000016282564 ), 0
( 0,9999999994743399 1,0000000012558063 1,0000000016056574 ), 0
( 0,9999999994509373 1,0000000012820711 1,000000001624102 ), 0
( 0,9999999994698692 1,0000000012510297 1,0000000015930142 ), 0
( 0,999999999485943 1,0000000012525625 1,0000000015974666 ), 0
( 0,9999999994601485 1,0000000012695278 1,000000001593924 ), 0
( 0,9999999994557905 1,0000000012515193 1,0000000015853896 ), 0
( 0,999999999470842 1,000000001279203 1,0000000016107524 ), 0
( 0,9999999994623955 1,0000000012500543 1,0000000016016966 ), 0
( 0,99999999946124 1,0000000012603685 1,0000000016061243 ), 0
( 0,9999999994713029 1,0000000012274315 1,0000000015752923 ), 0
( 0,9999999994718781 1,0000000012983603 1,0000000016395805 ), 0
( 0,9999999994746063 1,0000000012994985 1,0000000016481707 ), 0
( 0,9999999994596301 1,0000000012879553 1,0000000016286088 ), 0
( 0,9999999994647412 1,000000001288604 1,0000000016071406 ), 0
( 0,9999999994621241 1,0000000012763814 1,000000001586581 ), 0
( 0,9999999994649743 1,0000000012769412 1,0000000016082256 ), 0
( 0,9999999994691497 1,0000000012735288 1,0000000016203832 ), 0
( 0,9999999994612905 1,0000000012627677 1,0000000015996933 ), 0
( 0,9999999994665272 1,000000001276858 1,0000000015707562 ), 0
( 0,999999999497687 1,000000001262349 1,0000000015638744 ), 0
( 0,9999999994535995 1,0000000012377044 1,000000001575236 ), 0
( 0,9999999994703603 1,0000000012820867 1,000000001598941 ), 0
( 0,9999999994554856 1,000000001257531 1,0000000016076023 ), 0
( 0,9999999994773305 1,0000000012594186 1,000000001590229 ), 0
( 0,9999999994652056 1,0000000012892578 1,0000000016206632 ), 0
( 0,9999999994618405 1,0000000012731816 1,0000000015997375 ), 0
( 0,9999999994663323 1,0000000012661254 1,0000000015895338 ), 0
( 0,9999999994634308 1,0000000012718018 1,0000000015931796 ), 0
( 0,9999999994797664 1,0000000012523873 1,0000000015957693 ), 0
( 0,9999999994568818 1,000000001275121 1,0000000016036603 ), 0
( 0,9999999994733489 1,0000000012817862 1,0000000016020334 ), 0
( 0,99999999947468 1,000000001273542 1,0000000015850181 ), 0
( 0,9999999994780469 1,0000000012632806 1,0000000016170862 ), 0
( 0,9999999994705119 1,0000000012907526 1,0000000016286827 ), 0
( 0,9999999994768842 1,0000000012606003 1,0000000016010806 ), 0
( 0,9999999994593496 1,0000000012859753 1,0000000016057093 ), 0
( 0,9999999994718042 1,0000000012775252 1,0000000016110766 ), 0
( 0,999999999462267 1,0000000012680246 1,000000001611948 ), 0
( 0,9999999994743635 1,0000000012844323 1,0000000016397135 ), 0
( 0,999999999459358 1,000000001267781 1,0000000015952002 ), 0
( 0,9999999994824944 1,0000000012536825 1,000000001598336 ), 0
( 0,9999999994643658 1,0000000012694057 1,0000000016113464 ), 0
( 0,9999999994678201 1,0000000012612522 1,0000000016064212 ), 0
( 0,9999999994533448 1,0000000012044974 1,0000000015387949 ), 0
( 0,9999999994684989 1,0000000012859753 1,0000000016066597 ), 0
( 0,9999999994587699 1,0000000012644734 1,000000001591051 ), 0
( 0,9999999994630241 1,0000000012916608 1,0000000016121815 ), 0
( 0,9999999994658549 1,0000000012751133 1,0000000016071833 ), 0
( 0,9999999994617191 1,0000000012950203 1,0000000016296309 ), 0
( 0,9999999994635755 1,000000001274965 1,000000001613896 ), 0
( 0,9999999994588173 1,0000000012680181 1,0000000016034838 ), 0
( 0,9999999994631883 1,0000000012226986 1,0000000015533381 ), 0
( 0,9999999994610436 1,0000000012699573 1,0000000015981145 ), 0
( 0,9999999994693438 1,0000000012603876 1,0000000015778638 ), 0
( 0,9999999994653008 1,0000000012872818 1,0000000016184225 ), 0
( 0,9999999994692548 1,0000000012666357 1,0000000016200132 ), 0
( 0,9999999994705567 1,0000000012608756 1,0000000016064179 ), 0
( 0,999999999468895 1,0000000012659158 1,0000000015968387 ), 0
( 0,9999999994664147 1,0000000012490307 1,0000000015828607 ), 0
( 0,9999999994616764 1,0000000012564976 1,0000000015929924 ), 0
( 0,9999999994310942 1,0000000012376544 1,000000001627454 ), 0
( 0,9999999994627526 1,0000000012475678 1,0000000015909718 ), 0
( 0,9999999994715206 1,0000000012635366 1,00000000158219 ), 0
( 0,9999999994627498 1,0000000012642503 1,0000000015951986 ), 0
( 0,9999999994637438 1,000000001285203 1,0000000016097543 ), 0
( 0,9999999994790921 1,0000000012778834 1,0000000016192516 ), 0
( 0,9999999994671401 1,0000000012783328 1,000000001612097 ), 0
( 0,9999999994425534 1,0000000012828956 1,0000000016341677 ), 0
( 0,9999999994717024 1,0000000012743318 1,0000000015931605 ), 0
( 0,9999999994581654 1,0000000012677974 1,0000000016122474 ), 0
( 0,9999999994577373 1,0000000012692538 1,000000001589845 ), 0
( 0,9999999994646389 1,000000001278992 1,0000000015962318 ), 0
( 0,9999999994618253 1,0000000012519439 1,0000000016094275 ), 0
( 0,999999999467775 1,0000000012747716 1,0000000016090627 ), 0
( 0,9999999994635357 1,0000000012518764 1,0000000015984263 ), 0
( 0,9999999994654629 1,0000000012778483 1,000000001616578 ), 0
( 0,999999999463532 1,0000000012653996 1,0000000016014512 ), 0
( 0,9999999994632989 1,000000001276131 1,0000000015990758 ), 0
( 0,9999999994713661 1,0000000012846497 1,0000000016121267 ), 0
( 0,9999999994628874 1,000000001283802 1,0000000016153618 ), 0
( 0,9999999994655037 1,0000000012577643 1,0000000015958461 ), 0
( 0,9999999994719264 1,000000001275231 1,0000000015933166 ), 0
( 0,9999999994657616 1,000000001275469 1,0000000015942894 ), 0
( 0,9999999994610728 1,0000000012657182 1,0000000016047474 ), 0
( 0,999999999470673 1,0000000012564032 1,0000000015884551 ), 0
( 0,9999999994547407 1,0000000012675294 1,0000000016166215 ), 0
( 0,9999999994718193 1,0000000012756012 1,000000001603519 ), 0
( 0,9999999994552935 1,0000000012679533 1,0000000016029378 ), 0
( 0,9999999994650566 1,0000000012592283 1,0000000016052095 ), 0
( 0,9999999994710494 1,0000000012773391 1,0000000015950108 ), 0
( 0,999999999466042 1,000000001269862 1,0000000015830173 ), 0
( 0,9999999994568909 1,0000000012744383 1,000000001600604 ), 0
( 0,9999999994665703 1,0000000012865113 1,0000000016149513 ), 0
( 0,9999999994666513 1,0000000012833827 1,0000000016205095 ), 0
( 0,9999999994615854 1,0000000012756733 1,0000000015965274 ), 0
( 0,9999999994663826 1,0000000012737238 1,000000001603937 ), 0
( 0,9999999994709433 1,0000000010766676 1,0000000014022024 ), 0
( 0,9999999994819151 1,000000001262723 1,000000001591601 ), 0
( 0,9999999994562062 1,0000000012573684 1,0000000015970958 ), 0
( 0,9999999994561838 1,0000000012592107 1,0000000016062602 ), 0
( 0,9999999994675222 1,0000000012677248 1,0000000015869193 ), 0
( 0,9999999994643377 1,000000001260566 1,000000001594305 ), 0
( 0,9999999994545362 1,0000000012807198 1,000000001611471 ), 0
( 0,9999999994715578 1,0000000012649737 1,0000000015964532 ), 0
( 0,9999999994609936 1,0000000012540033 1,0000000015930508 ), 0
( 0,999999999475903 1,000000001274041 1,0000000016035258 ), 0
( 0,9999999994630175 1,0000000012860726 1,0000000015982218 ), 0
( 0,9999999994655667 1,0000000012434582 1,00000000159151 ), 0
( 0,9999999994585886 1,0000000012877712 1,0000000016541024 ), 0
( 0,9999999994574256 1,0000000012842754 1,0000000016015955 ), 0
( 0,9999999994682545 1,0000000012552706 1,0000000015939552 ), 0
( 0,9999999994521681 1,0000000012638761 1,0000000016057653 ), 0
( 0,9999999994854608 1,0000000012773824 1,000000001594162 ), 0
( 0,9999999994500902 1,0000000012810155 1,000000001615286 ), 0
( 0,9999999994615779 1,0000000012645687 1,0000000016511468 ), 0
( 0,9999999994664805 1,0000000012630996 1,0000000015924513 ), 0
( 0,9999999994755256 1,0000000012801313 1,0000000015840387 ), 0
( 0,9999999994494447 1,000000001269733 1,0000000016040242 ), 0
( 0,9999999994678198 1,0000000012764472 1,0000000016003674 ), 0
( 0,9999999994620663 1,000000001280288 1,0000000015807273 ), 0
( 0,9999999994776556 1,0000000013061567 1,0000000016402084 ), 0
( 0,9999999994617582 1,0000000012768535 1,0000000016171229 ), 0
( 0,99999999945805 1,0000000012449999 1,0000000016022015 ), 0
( 0,999999999464669 1,0000000012761292 1,0000000016123407 ), 0
( 0,999999999462599 1,0000000012574917 1,0000000016081634 ), 0
( 0,9999999994716974 1,0000000012699732 1,0000000016227883 ), 0
( 0,9999999994712395 1,0000000012942731 1,0000000016038997 ), 0
( 0,9999999994690658 1,0000000012648878 1,0000000015938224 ), 0
( 0,9999999994806759 1,000000001267024 1,0000000015953565 ), 0
( 0,9999999994829414 1,0000000011474344 1,0000000014738124 ), 0
( 0,9999999994713014 1,0000000012777177 1,000000001602772 ), 0
( 0,9999999994481247 1,0000000012595336 1,000000001625777 ), 0
( 0,999999999466925 1,0000000012877444 1,0000000016159603 ), 0
( 0,9999999994769825 1,0000000012730748 1,0000000016060175 ), 0
( 0,9999999994723249 1,0000000011843546 1,0000000015144517 ), 0
( 0,9999999994765798 1,0000000012719836 1,0000000016106272 ), 0
( 0,9999999994814085 1,0000000012726145 1,000000001585432 ), 0
( 0,9999999994536728 1,0000000012337298 1,0000000015962478 ), 0
( 0,9999999994603492 1,0000000012818901 1,000000001626513 ), 0
( 0,9999999994540002 1,0000000012510817 1,0000000015886168 ), 0
( 0,99999999946986 1,000000001240924 1,0000000015879213 ), 0
( 0,9999999994600381 1,000000001284384 1,0000000016066142 ), 0
( 0,9999999994552188 1,0000000012362873 1,0000000015957748 ), 0
( 0,9999999994687888 1,0000000012779522 1,000000001615385 ), 0
( 0,9999999994696286 1,0000000012655368 1,0000000015856754 ), 0
( 0,9999999994720985 1,000000001280039 1,0000000016276955 ), 0
( 0,999999999472347 1,0000000012575003 1,000000001589363 ), 0
( 0,9999999994644241 1,000000001265641 1,0000000015965047 ), 0
( 0,9999999994750485 1,0000000012796624 1,0000000015827295 ), 0
( 0,99999999945057 1,0000000012764736 1,000000001639367 ), 0
( 0,9999999994669732 1,0000000012824461 1,000000001626615 ), 0
( 0,9999999994438828 1,0000000012897134 1,000000001645589 ), 0
( 0,9999999994680691 1,0000000012662527 1,0000000015970028 ), 0
( 0,9999999994557799 1,0000000012753105 1,0000000016080204 ), 0
( 0,9999999994646012 1,0000000012485448 1,00000000157837 ), 0
( 0,9999999994665426 1,0000000012711456 1,0000000015919954 ), 0
( 0,999999999478345 1,000000001260882 1,0000000016030566 ), 0
( 0,9999999994532448 1,0000000012756685 1,0000000016236676 ), 0
( 0,9999999994655423 1,000000001241734 1,0000000015822332 ), 0
( 0,9999999994664379 1,0000000012714598 1,0000000015920503 ), 0
( 0,9999999994748393 1,0000000012921144 1,000000001608291 ), 0
( 0,9999999994619146 1,0000000012662937 1,0000000015868582 ), 0
( 0,9999999994680284 1,000000001284464 1,000000001601822 ), 0
( 0,9999999994586269 1,0000000012831167 1,0000000015755155 ), 0
( 0,9999999994684814 1,0000000012507 1,0000000015815698 ), 0
( 0,9999999994541264 1,0000000012856465 1,0000000016292159 ), 0
( 0,9999999994775792 1,0000000012682562 1,0000000015999773 ), 0
( 0,9999999994574987 1,0000000012916246 1,00000000161783 ), 0
( 0,9999999994588641 1,000000001259602 1,0000000016054365 ), 0
( 0,9999999994689008 1,0000000012675176 1,0000000015960993 ), 0
( 0,9999999994689992 1,0000000012855912 1,0000000016201953 ), 0
( 0,9999999994604776 1,0000000012703913 1,0000000016111785 ), 0
( 0,9999999994625772 1,0000000012662755 1,0000000015948791 ), 0
( 0,999999999486058 1,0000000012503212 1,000000001573338 ), 0
( 0,9999999994600441 1,0000000012818688 1,000000001602433 ), 0
( 0,9999999994567041 1,000000001257834 1,0000000016562633 ), 0
( 0,9999999994758717 1,000000001250968 1,000000001574388 ), 0
( 0,9999999994626539 1,000000001288709 1,0000000016058628 ), 0
( 0,9999999994799915 1,0000000012958215 1,0000000016084731 ), 0
( 0,9999999994795657 1,0000000012706163 1,0000000016000385 ), 0
( 0,9999999994681202 1,0000000012853507 1,0000000016404396 ), 0
( 0,9999999994594181 1,0000000012879136 1,0000000016119746 ), 0
( 0,9999999994595377 1,000000001251202 1,0000000016094115 ), 0
( 0,9999999994607663 1,0000000012636507 1,0000000016118187 ), 0
( 0,9999999994502016 1,000000001267542 1,000000001614691 ), 0
( 0,9999999994594111 1,0000000012670212 1,0000000016147625 ), 0
( 0,9999999994847519 1,000000001283675 1,0000000015930426 ), 0
( 0,9999999994686226 1,0000000012778132 1,0000000016117283 ), 0
( 0,9999999994569221 1,000000001273115 1,0000000016158215 ), 0
( 0,999999999480901 1,0000000012975407 1,0000000015820338 ), 0
( 0,9999999994823178 1,0000000012679344 1,0000000015985002 ), 0
( 0,9999999994747839 1,0000000012776564 1,0000000016091368 ), 0
( 0,9999999994613086 1,000000001276033 1,000000001609595 ), 0
( 0,9999999994668469 1,0000000012849801 1,0000000016298072 ), 0
( 0,9999999994649319 1,0000000012592172 1,0000000015986037 ), 0
( 0,9999999994695201 1,0000000012590051 1,0000000015908614 ), 0
( 0,9999999994636352 1,0000000012755315 1,0000000016328792 ), 0
( 0,999999999468889 1,0000000012668941 1,0000000016076838 ), 0
( 0,999999999487746 1,0000000012695096 1,0000000015952406 ), 0
( 0,9999999994645841 1,0000000012518513 1,0000000015999482 ), 0
( 0,9999999994695129 1,0000000012559946 1,0000000015844221 ), 0
( 0,9999999994559846 1,0000000012594281 1,0000000016146646 ), 0
( 0,9999999994954023 1,0000000012308383 1,000000001571899 ), 0
( 0,9999999994587 1,0000000012728498 1,0000000016171435 ), 0
( 0,9999999994657055 1,000000001265515 1,0000000015877195 ), 0
( 0,9999999994737061 1,0000000012921535 1,0000000016231039 ), 0
( 0,9999999994741668 1,0000000012618886 1,0000000015989925 ), 0
( 0,9999999994662514 1,00000000130682 1,000000001623075 ), 0
( 0,9999999994765633 1,000000001281157 1,0000000016028225 ), 0
( 0,9999999994717769 1,0000000012715775 1,0000000016018042 ), 0
( 0,9999999994587151 1,000000001270174 1,0000000016036152 ), 0
( 0,999999999457991 1,0000000012863768 1,000000001585179 ), 0
( 0,9999999994761221 1,0000000012775918 1,0000000016082162 ), 0
( 0,9999999994726987 1,0000000012645462 1,000000001585227 ), 0
( 0,9999999994621767 1,0000000012939556 1,0000000016036927 ), 0
( 0,9999999994698762 1,0000000012342294 1,0000000015806136 ), 0
( 0,9999999994762647 1,0000000012465236 1,000000001590605 ), 0
( 0,999999999460756 1,000000001288418 1,0000000016097765 ), 0
( 0,9999999994645524 1,0000000012654187 1,0000000015972612 ), 0
( 0,9999999994766555 1,0000000013022534 1,000000001653105 ), 0
( 0,9999999994695109 1,0000000012863088 1,0000000016092305 ), 0
( 0,9999999994573183 1,0000000012776165 1,0000000016142518 ), 0
( 0,999999999457494 1,0000000012916095 1,0000000016537152 ), 0
( 0,9999999994725705 1,0000000012855446 1,0000000016226118 ), 0
( 0,9999999994909359 1,0000000012701782 1,000000001539303 ), 0
( 0,9999999994644844 1,0000000012655414 1,0000000016066468 ), 0
( 0,9999999994684924 1,0000000012748176 1,000000001592267 ), 0
( 0,9999999994774913 1,0000000012467385 1,000000001578959 ), 0
( 0,9999999994529555 1,0000000012574197 1,0000000015951684 ), 0
( 0,9999999994696236 1,0000000012815358 1,0000000016027837 ), 0
( 0,9999999994760258 1,000000001261146 1,0000000015988917 ), 0
( 0,99999999947393 1,0000000012614176 1,0000000015791974 ), 0
( 0,9999999994671348 1,0000000012944152 1,000000001630854 ), 0
( 0,9999999994647238 1,0000000012801071 1,000000001597725 ), 0
( 0,9999999994786745 1,0000000012682968 1,0000000015919326 ), 0
( 0,9999999994631931 1,000000001236606 1,0000000015801966 ), 0
( 0,9999999994826017 1,0000000012658903 1,0000000016038826 ), 0
( 0,9999999994581353 1,0000000012628 1,000000001606874 ), 0
( 0,9999999994722429 1,0000000012635155 1,0000000015989 ), 0
( 0,9999999994532305 1,0000000012953263 1,0000000016418031 ), 0
( 0,9999999994702049 1,000000001259824 1,000000001604246 ), 0
( 0,9999999994701404 1,0000000012590466 1,0000000016235264 ), 0
( 0,9999999994688092 1,0000000012846901 1,0000000016098343 ), 0
( 0,9999999994797661 1,0000000012600498 1,0000000016145612 ), 0
( 0,9999999994637416 1,0000000012664088 1,0000000015996315 ), 0
( 0,9999999994657159 1,000000001249653 1,0000000016025374 ), 0
( 0,9999999994727137 1,0000000012700496 1,0000000016100583 ), 0
( 0,9999999994719979 1,0000000012653856 1,0000000016005186 ), 0
( 0,9999999994642371 1,0000000013084218 1,000000001659586 ), 0
( 0,9999999994660058 1,000000001267637 1,0000000016114736 ), 0
( 0,9999999994759237 1,0000000012485972 1,0000000016091426 ), 0
( 0,9999999994726199 1,000000001275518 1,0000000015780683 ), 0
( 0,9999999994654413 1,0000000011824126 1,000000001495127 ), 0
( 0,9999999994711085 1,0000000012849022 1,0000000016297859 ), 0
( 0,9999999994613559 1,0000000012534391 1,0000000016034447 ), 0
( 0,999999999459096 1,0000000012855756 1,0000000016223716 ), 0
( 0,9999999994590273 1,0000000012728332 1,000000001605138 ), 0
( 0,9999999994691556 1,000000001251731 1,0000000016013766 ), 0
( 0,9999999994575769 1,0000000012512742 1,0000000015999864 ), 0
( 0,9999999994725117 1,0000000012642682 1,000000001588285 ), 0
( 0,9999999994608824 1,000000001259202 1,000000001591113 ), 0
( 0,9999999994759449 1,0000000012631076 1,0000000015811967 ), 0
( 0,9999999994670264 1,0000000012715016 1,000000001617628 ), 0
( 0,9999999994404181 1,0000000012610175 1,0000000015732387 ), 0
( 0,9999999994788397 1,0000000012813217 1,000000001622118 ), 0
( 0,9999999994727318 1,0000000012850625 1,0000000016087396 ), 0
( 0,9999999994605347 1,000000001256441 1,000000001586821 ), 0
( 0,9999999994818629 1,000000001266626 1,000000001594667 ), 0
( 0,9999999994543051 1,000000001283192 1,0000000016138906 ), 0
( 0,9999999994659712 1,0000000012507633 1,000000001605425 ), 0
( 0,9999999994575001 1,0000000012665626 1,0000000015896526 ), 0
( 0,9999999994638304 1,0000000012818662 1,0000000016077781 ), 0
( 0,9999999994655646 1,0000000012708083 1,000000001594724 ), 0
( 0,9999999994654295 1,0000000012591943 1,0000000015981498 ), 0
( 0,9999999994694768 1,0000000012588917 1,000000001607344 ), 0
( 0,9999999994673271 1,000000001248315 1,0000000016019495 ), 0
( 0,9999999994665909 1,0000000012731787 1,0000000016079111 ), 0
( 0,9999999994723632 1,0000000012701773 1,0000000015886605 ), 0
( 0,9999999994778743 1,0000000012682086 1,0000000015944246 ), 0
( 0,9999999994546582 1,0000000012482615 1,0000000015959283 ), 0
( 0,99999999946787 1,000000001282509 1,0000000016011121 ), 0
( 0,9999999994795357 1,0000000012910222 1,0000000016103834 ), 0
( 0,9999999994603921 1,0000000012858599 1,0000000016044062 ), 0
( 0,9999999994719042 1,0000000012658703 1,0000000015859438 ), 0
( 0,9999999994662665 1,0000000011486345 1,0000000014743549 ), 0
( 0,9999999994753134 1,0000000012601853 1,0000000015988826 ), 0
( 0,9999999994573887 1,0000000012778094 1,0000000016250956 ), 0
( 0,9999999994518475 1,000000001269132 1,0000000016006685 ), 0
( 0,999999999476916 1,000000001262784 1,0000000016105 ), 0
( 0,9999999995046103 1,0000000012508425 1,0000000015651567 ), 0
( 0,999999999467521 1,0000000012671266 1,0000000016110713 ), 0
( 0,9999999994775965 1,0000000012540355 1,0000000015844173 ), 0
( 0,9999999994560788 1,000000001284519 1,0000000015781798 ), 0
( 0,9999999994820736 1,0000000012547288 1,0000000016038704 ), 0
( 0,9999999994649238 1,000000001271137 1,0000000016142778 ), 0
( 0,9999999994621833 1,0000000012477335 1,0000000016072117 ), 0
( 0,9999999994639925 1,0000000012534196 1,000000001596043 ), 0
( 0,9999999994743599 1,0000000012855712 1,000000001615459 ), 0
( 0,9999999994612135 1,0000000012588421 1,0000000015983037 ), 0
( 0,9999999994616678 1,0000000012577148 1,0000000015998447 ), 0
( 0,999999999466692 1,0000000012522028 1,0000000015898647 ), 0
( 0,9999999994825496 1,0000000012661043 1,0000000015912516 ), 0
( 0,9999999994746538 1,000000001289421 1,0000000016427046 ), 0
( 0,9999999994637839 1,0000000012619217 1,0000000016104755 ), 0
( 0,9999999994485823 1,0000000012670327 1,000000001605049 ), 0
( 0,999999999469205 1,0000000012678762 1,000000001599298 ), 0
( 0,999999999461041 1,000000001263445 1,0000000016093498 ), 0
( 0,9999999994644861 1,0000000012647094 1,000000001596379 ), 0
( 0,9999999994628062 1,0000000012723562 1,0000000016010322 ), 0
( 0,9999999994730043 1,0000000012679098 1,000000001601759 ), 0
( 0,9999999994745328 1,000000001272151 1,000000001597346 ), 0
( 0,9999999994747113 1,0000000012790446 1,0000000015997246 ), 0
( 0,9999999994616128 1,0000000012600945 1,0000000015890262 ), 0
( 0,9999999994665453 1,0000000012672772 1,0000000015894657 ), 0
( 0,9999999994582635 1,0000000012885113 1,0000000016237525 ), 0
( 0,9999999994674833 1,0000000012686807 1,0000000015958959 ), 0
( 0,9999999994594442 1,0000000012587844 1,0000000015887511 ), 0
( 0,9999999994870542 1,0000000012907082 1,0000000015945842 ), 0
( 0,9999999994626506 1,0000000012518797 1,0000000015743042 ), 0
( 0,9999999994804728 1,0000000012865784 1,000000001613773 ), 0
( 0,9999999994729107 1,0000000012547319 1,0000000016096786 ), 0
( 0,9999999994673419 1,0000000012791908 1,0000000016109443 ), 0
( 0,9999999994600479 1,00000000128291 1,0000000016043082 ), 0
( 0,9999999994680596 1,000000001289157 1,0000000016069912 ), 0
( 0,9999999994675419 1,0000000012731474 1,0000000015968693 ), 0
( 0,9999999994549001 1,0000000012882078 1,0000000016109951 ), 0
( 0,9999999994703827 1,000000001254487 1,000000001606426 ), 0
( 0,9999999994669112 1,0000000012506014 1,0000000016193893 ), 0
( 0,9999999994770045 1,0000000012295585 1,0000000015805666 ), 0
( 0,9999999994639734 1,0000000012632801 1,0000000016001984 ), 0
( 0,9999999994635965 1,000000001255115 1,00000000159136 ), 0
( 0,9999999994535642 1,0000000012446242 1,0000000015873327 ), 0
( 0,9999999994620039 1,0000000012608659 1,0000000016047703 ), 0
( 0,9999999994556916 1,0000000012725103 1,0000000016290405 ), 0
( 0,9999999994740627 1,0000000012639438 1,000000001597449 ), 0
( 0,999999999481339 1,0000000012764632 1,000000001609801 ), 0
( 0,9999999994845629 1,0000000012675434 1,0000000016135788 ), 0
( 0,9999999994684253 1,0000000012791064 1,0000000016108803 ), 0
( 0,9999999994776695 1,000000001273937 1,0000000015807138 ), 0
( 0,999999999468711 1,000000001264208 1,0000000016407056 ), 0
( 0,9999999994726914 1,0000000012697723 1,0000000016083526 ), 0
( 0,9999999994723137 1,0000000012613888 1,0000000016115216 ), 0
( 0,999999999474891 1,0000000012713541 1,0000000015914619 ), 0
( 0,9999999994655856 1,000000001307861 1,000000001650315 ), 0
( 0,9999999994713022 1,0000000012564672 1,0000000016002693 ), 0
( 0,999999999471098 1,00000000129445 1,0000000016331614 ), 0
( 0,9999999994807025 1,000000001304618 1,0000000016385242 ), 0
( 0,9999999994663833 1,0000000012609267 1,0000000016071278 ), 0
( 0,999999999478769 1,0000000012584316 1,0000000015766248 ), 0
( 0,9999999994677032 1,0000000012616244 1,000000001589177 ), 0
( 0,9999999994664039 1,0000000012689614 1,0000000016018107 ), 0
( 0,9999999994720459 1,0000000012867367 1,000000001629179 ), 0
( 0,9999999994715429 1,0000000012605414 1,0000000016015331 ), 0
( 0,9999999994751353 1,0000000012678663 1,0000000016004102 ), 0
( 0,9999999994597375 1,0000000012784305 1,0000000016001087 ), 0
( 0,9999999994583755 1,0000000012584584 1,000000001599685 ), 0
( 0,9999999994631432 1,0000000012847359 1,0000000016170327 ), 0
( 0,9999999994638562 1,000000001278928 1,0000000016007795 ), 0
( 0,9999999994578553 1,0000000012571837 1,0000000015861181 ), 0
( 0,999999999472396 1,0000000012727632 1,0000000016024433 ), 0
( 0,9999999994763337 1,000000001271365 1,0000000015939 ), 0
( 0,999999999472994 1,0000000012609678 1,0000000015948705 ), 0
( 0,9999999994615982 1,0000000012933588 1,0000000016304371 ), 0
( 0,9999999994525187 1,0000000012197947 1,0000000015840342 ), 0
( 0,9999999994670649 1,000000001253823 1,0000000016244432 ), 0
( 0,99999999947174 1,0000000012786703 1,0000000016080919 ), 0
( 0,9999999994676757 1,0000000012546677 1,0000000015813284 ), 0
( 0,9999999994810215 1,0000000012911883 1,0000000016210224 ), 0
( 0,9999999994423004 1,0000000012630061 1,0000000015974038 ), 0
( 0,9999999994653297 1,0000000012722543 1,0000000016018444 ), 0
( 0,999999999474284 1,000000001267326 1,000000001558953 ), 0
( 0,999999999469731 1,000000001255744 1,0000000015982564 ), 0
( 0,9999999994765103 1,0000000012779837 1,0000000015917463 ), 0
( 0,9999999994552968 1,000000001256453 1,000000001605848 ), 0
( 0,9999999994515184 1,0000000012588115 1,0000000015770076 ), 0
( 0,9999999994756106 1,0000000012636452 1,0000000016117045 ), 0
( 0,9999999994670331 1,0000000012926997 1,000000001620512 ), 0
( 0,9999999994471575 1,0000000012524572 1,0000000016150445 ), 0
( 0,9999999994642895 1,0000000012657357 1,0000000016116262 ), 0
( 0,9999999994638492 1,0000000012636436 1,0000000016098458 ), 0
( 0,9999999994638021 1,0000000012481527 1,0000000015850365 ), 0
( 0,9999999994604173 1,0000000012879047 1,0000000016303736 ), 0
( 0,9999999994554905 1,0000000012411592 1,0000000015805304 ), 0
( 0,9999999994645646 1,0000000012786758 1,0000000016148958 ), 0
( 0,9999999994691249 1,0000000012700458 1,0000000015883586 ), 0
( 0,9999999994719482 1,000000001267543 1,0000000015981183 ), 0
( 0,9999999994586293 1,0000000012793941 1,0000000016104589 ), 0
( 0,9999999994655584 1,0000000012633141 1,0000000015998722 ), 0
( 0,9999999994591158 1,0000000012566082 1,000000001603706 ), 0
( 0,9999999994774191 1,000000001266719 1,000000001608066 ), 0
( 0,9999999994627663 1,0000000012788364 1,0000000016065693 ), 0
( 0,9999999994660785 1,0000000012667578 1,0000000016035746 ), 0
( 0,9999999994584733 1,0000000012511983 1,0000000016090813 ), 0
( 0,9999999994573243 1,0000000012811485 1,0000000016213755 ), 0
( 0,9999999994721345 1,0000000012518495 1,0000000016025181 ), 0
( 0,9999999994715137 1,0000000012897878 1,0000000016133743 ), 0
( 0,9999999994611589 1,0000000012744419 1,0000000015737485 ), 0
( 0,9999999994375917 1,0000000012596884 1,000000001607295 ), 0
( 0,9999999994735812 1,0000000012763588 1,0000000015859525 ), 0
( 0,999999999469244 1,0000000012781964 1,0000000016117474 ), 0
( 0,9999999994760426 1,0000000012475814 1,0000000015952992 ), 0
( 0,999999999445522 1,0000000012859722 1,0000000016243544 ), 0
( 0,9999999994811947 1,000000001286748 1,0000000016053787 ), 0
( 0,9999999994555859 1,0000000012905532 1,0000000016166322 ), 0
( 0,9999999994666705 1,0000000012840484 1,0000000016114532 ), 0
( 0,9999999994686937 1,0000000012731705 1,000000001607742 ), 0
( 0,9999999994707967 1,0000000012840875 1,0000000016136008 ), 0
( 0,9999999994679712 1,0000000012719157 1,0000000015928672 ), 0
( 0,9999999994588733 1,0000000012699393 1,0000000015837531 ), 0
( 0,9999999994553928 1,0000000012596342 1,0000000015834325 ), 0
( 0,9999999994797224 1,0000000012656736 1,0000000015958028 ), 0
( 0,9999999994631308 1,0000000012928227 1,0000000016134154 ), 0
( 0,9999999994584886 1,0000000012757717 1,0000000015971506 ), 0
( 0,9999999994818742 1,000000001278149 1,0000000016021158 ), 0
( 0,9999999994681499 1,0000000012570935 1,00000000160723 ), 0
( 0,9999999994650343 1,0000000012508938 1,0000000015963797 ), 0
( 0,9999999994614758 1,0000000012831158 1,0000000016054205 ), 0
( 0,9999999994735859 1,000000001283104 1,0000000016200985 ), 0
( 0,9999999994734785 1,000000001269932 1,000000001596951 ), 0
( 0,9999999994715754 1,0000000013021462 1,0000000016428967 ), 0
( 0,9999999994723258 1,0000000012728916 1,0000000016007566 ), 0
( 0,999999999458652 1,0000000012804284 1,0000000016113966 ), 0
( 0,9999999994705441 1,0000000012758525 1,0000000015994523 ), 0
( 0,9999999994602423 1,0000000012667616 1,000000001594241 ), 0
( 0,9999999994680927 1,0000000012733723 1,0000000016360189 ), 0
( 0,9999999994630232 1,000000001268167 1,0000000016087651 ), 0
( 0,9999999994700702 1,0000000012880115 1,0000000016087505 ), 0
( 0,9999999994633436 1,0000000012606665 1,000000001599325 ), 0
( 0,9999999994621261 1,000000001285609 1,0000000016199564 ), 0
( 0,9999999994808583 1,0000000012796848 1,0000000015934638 ), 0
( 0,9999999994594797 1,000000001253126 1,0000000015964416 ), 0
( 0,9999999994374327 1,0000000012607546 1,0000000016139676 ), 0
( 0,999999999468641 1,0000000012815642 1,000000001619224 ), 0
( 0,9999999994588282 1,0000000012658692 1,0000000015968769 ), 0
( 0,9999999994622711 1,000000001266384 1,0000000015993056 ), 0
( 0,9999999994777309 1,0000000012631889 1,000000001579237 ), 0
( 0,9999999994817211 1,0000000012696395 1,000000001591683 ), 0
( 0,999999999474414 1,0000000012490993 1,0000000016009596 ), 0
( 0,9999999994653807 1,0000000012828851 1,0000000016133799 ), 0
( 0,9999999994607944 1,0000000012903032 1,0000000016269142 ), 0
( 0,9999999994655956 1,0000000012589028 1,000000001610688 ), 0
( 0,9999999994620575 1,0000000012310095 1,0000000016004673 ), 0
( 0,9999999994623561 1,0000000012583259 1,0000000016063757 ), 0
( 0,9999999994682415 1,0000000012751011 1,000000001546433 ), 0
( 0,9999999994700809 1,0000000012737322 1,0000000015937682 ), 0
( 0,9999999994659775 1,0000000012810624 1,0000000016230832 ), 0
( 0,9999999994641855 1,0000000012923778 1,0000000016074069 ), 0
( 0,9999999994695993 1,0000000012504633 1,0000000015951098 ), 0
( 0,999999999463374 1,0000000012894186 1,0000000016200097 ), 0
( 0,9999999994584703 1,0000000012538104 1,0000000015921864 ), 0
( 0,9999999994752582 1,0000000012644226 1,0000000015942085 ), 0
( 0,999999999444228 1,000000001240515 1,0000000016188708 ), 0
( 0,9999999994706198 1,000000001264587 1,0000000016024548 ), 0
( 0,9999999994661165 1,0000000012775478 1,0000000015964552 ), 0
( 0,9999999994580796 1,0000000012894856 1,0000000016143706 ), 0
( 0,9999999994593433 1,0000000012698385 1,000000001608372 ), 0
( 0,9999999994776501 1,0000000012580246 1,0000000015774295 ), 0
( 0,9999999994699905 1,0000000012807124 1,000000001604999 ), 0
( 0,9999999994631652 1,0000000012657804 1,0000000016033046 ), 0
( 0,9999999994579744 1,0000000012695767 1,0000000015708312 ), 0
( 0,9999999994658252 1,0000000012584076 1,0000000016115231 ), 0
( 0,9999999994728074 1,000000001268433 1,0000000015883 ), 0
( 0,9999999994658242 1,0000000012586314 1,0000000015830885 ), 0
( 0,9999999994659171 1,000000001261989 1,0000000016054287 ), 0
( 0,9999999994746006 1,0000000012928505 1,0000000015922565 ), 0
( 0,9999999994587468 1,0000000012564565 1,000000001596472 ), 0
( 0,9999999994591994 1,0000000012826968 1,000000001620499 ), 0
( 0,9999999994663066 1,0000000012725137 1,000000001598421 ), 0
( 0,9999999994611156 1,000000001266832 1,0000000015971895 ), 0
( 0,9999999994609187 1,0000000012808374 1,0000000016080008 ), 0
( 0,9999999994672654 1,0000000012769057 1,0000000015911887 ), 0
( 0,9999999994778163 1,0000000012740562 1,0000000015607093 ), 0
( 0,9999999994613553 1,0000000012408166 1,0000000016021136 ), 0
( 0,9999999994635116 1,000000001270027 1,000000001619308 ), 0
( 0,9999999994609604 1,0000000012644856 1,000000001585259 ), 0
( 0,9999999994708543 1,0000000012992878 1,0000000016373374 ), 0
( 0,9999999994809763 1,000000001274899 1,0000000016077724 ), 0
( 0,9999999994604373 1,0000000012709152 1,000000001604738 ), 0
( 0,999999999463301 1,0000000012904986 1,000000001600558 ), 0
( 0,999999999462631 1,0000000012702055 1,0000000016007398 ), 0
( 0,9999999994666945 1,0000000012570958 1,0000000016042259 ), 0
( 0,9999999994251751 1,0000000012579315 1,0000000016070418 ), 0
( 0,9999999994668555 1,000000001295983 1,000000001619354 ), 0
( 0,9999999994629449 1,0000000012975034 1,000000001626639 ), 0
( 0,9999999994607076 1,0000000012637438 1,0000000016014399 ), 0
( 0,9999999994671324 1,0000000012848924 1,0000000016185715 ), 0
( 0,9999999994606105 1,0000000012737604 1,000000001594553 ), 0
( 0,9999999994631217 1,0000000012636676 1,0000000016052073 ), 0
( 0,9999999994708291 1,0000000012698742 1,0000000015926198 ), 0
( 0,9999999994615956 1,0000000012888648 1,0000000016155663 ), 0
( 0,999999999460177 1,0000000012737638 1,0000000015996295 ), 0
( 0,9999999994700289 1,000000001264099 1,0000000015987458 ), 0
( 0,9999999994696248 1,0000000012712669 1,0000000015944206 ), 0
( 0,9999999994701061 1,000000001247091 1,0000000015618318 ), 0
( 0,999999999469449 1,000000001276746 1,000000001601969 ), 0
( 0,999999999476505 1,0000000012838177 1,0000000016228712 ), 0
( 0,9999999994696716 1,0000000012760553 1,0000000016080082 ), 0
( 0,9999999994614177 1,0000000012776424 1,000000001613945 ), 0
( 0,9999999994622168 1,000000001256372 1,0000000015978936 ), 0
( 0,9999999994688822 1,0000000012539307 1,0000000016027493 ), 0
( 0,9999999994729991 1,0000000012804642 1,0000000016038813 ), 0
( 0,9999999994790191 1,000000001248739 1,0000000015843677 ), 0
( 0,9999999994739202 1,0000000012742662 1,0000000015857575 ), 0
( 0,9999999994745686 1,0000000012591876 1,000000001591894 ), 0
( 0,9999999994751894 1,0000000012925154 1,0000000016431634 ), 0
( 0,9999999994732408 1,000000001260482 1,0000000015894515 ), 0
( 0,9999999994565666 1,0000000012733943 1,000000001592929 ), 0
( 0,9999999994682959 1,0000000012508274 1,000000001580828 ), 0
( 0,9999999994657942 1,000000001255999 1,000000001586281 ), 0
( 0,999999999453819 1,0000000012709083 1,0000000016116815 ), 0
( 0,9999999994692362 1,0000000012875523 1,0000000016134782 ), 0
( 0,9999999994691651 1,000000001251526 1,0000000015913784 ), 0
( 0,9999999994670835 1,0000000012558592 1,0000000015817485 ), 0
( 0,9999999994670166 1,0000000012725698 1,0000000016072859 ), 0
( 0,9999999994665865 1,000000001277634 1,0000000015930213 ), 0
( 0,9999999994441756 1,0000000012780825 1,000000001629753 ), 0
( 0,9999999994725702 1,000000001293167 1,0000000015979398 ), 0
( 0,9999999994683544 1,0000000012516477 1,0000000015828885 ), 0
( 0,9999999994497323 1,000000001271245 1,000000001601587 ), 0
( 0,9999999994453891 1,0000000012781365 1,000000001611716 ), 0
( 0,9999999994762667 1,0000000012850205 1,0000000016029191 ), 0
( 0,9999999994655313 1,0000000012827557 1,0000000016309893 ), 0
( 0,9999999994524603 1,0000000012831498 1,0000000015993953 ), 0
( 0,9999999994609032 1,0000000012684511 1,0000000016241555 ), 0
( 0,9999999994684174 1,000000001257078 1,0000000016053165 ), 0
( 0,9999999994591441 1,0000000012732737 1,000000001593108 ), 0
( 0,9999999994662947 1,0000000012802348 1,000000001602518 ), 0
( 0,9999999994564658 1,0000000012673478 1,0000000016047705 ), 0
( 0,9999999994780969 1,0000000012659007 1,0000000016021335 ), 0
( 0,9999999994715709 1,0000000012739123 1,0000000016018211 ), 0
( 0,9999999994621446 1,0000000012889998 1,0000000016202435 ), 0
( 0,999999999449777 1,000000001266324 1,0000000016006492 ), 0
( 0,9999999994754076 1,0000000012762162 1,0000000016068928 ), 0
( 0,9999999994676279 1,000000001249351 1,0000000015911685 ), 0
( 0,9999999994714054 1,0000000013106742 1,0000000016337582 ), 0
( 0,9999999994782885 1,0000000012875336 1,000000001605944 ), 0
( 0,9999999994714215 1,0000000012588772 1,0000000015912924 ), 0
( 0,9999999994664833 1,0000000012467087 1,0000000015963377 ), 0
( 0,9999999994718091 1,0000000012811339 1,0000000016149344 ), 0
( 0,9999999994748278 1,0000000012681847 1,0000000016059454 ), 0
( 0,9999999994741707 1,0000000012749088 1,000000001611579 ), 0
( 0,9999999994808625 1,0000000012505679 1,0000000015969166 ), 0
( 0,9999999994608147 1,000000001274827 1,0000000015972892 ), 0
( 0,9999999994714678 1,0000000012841574 1,000000001613839 ), 0
( 0,9999999994627257 1,0000000012577865 1,000000001586656 ), 0
( 0,9999999994730188 1,0000000012713013 1,0000000016112054 ), 0
( 0,9999999994668675 1,0000000012717825 1,0000000016073753 ), 0
( 0,999999999480383 1,0000000012862602 1,0000000016127462 ), 0
( 0,9999999994656459 1,0000000012545307 1,0000000015898731 ), 0
( 0,9999999994783867 1,0000000011893682 1,0000000015225685 ), 0
( 0,9999999994685802 1,000000001274666 1,000000001599958 ), 0
( 0,9999999994629628 1,0000000012808234 1,0000000016302988 ), 0
( 0,9999999994660375 1,0000000012619974 1,000000001594235 ), 0
( 0,9999999994611803 1,000000001279254 1,000000001609061 ), 0
( 0,999999999477228 1,0000000012633137 1,0000000015695472 ), 0
( 0,9999999994554665 1,000000001291709 1,0000000016427453 ), 0
( 0,999999999467101 1,0000000012648016 1,0000000016021577 ), 0
( 0,999999999457968 1,0000000012910761 1,0000000016202157 ), 0
( 0,9999999994737063 1,0000000009846501 1,0000000013091432 ), 0
( 0,9999999994570662 1,0000000012818533 1,0000000016020947 ), 0
( 0,999999999447417 1,0000000012685992 1,000000001602611 ), 0
( 0,9999999994599278 1,0000000012572945 1,0000000015766224 ), 0
( 0,9999999994496545 1,000000001249552 1,0000000016116815 ), 0
( 0,9999999994549797 1,0000000012574766 1,0000000016061292 ), 0
( 0,9999999994577738 1,0000000012557029 1,000000001569669 ), 0
( 0,9999999994586752 1,000000001248741 1,0000000015772894 ), 0
( 0,9999999994717313 1,000000001284565 1,0000000015894162 ), 0
( 0,9999999994739752 1,0000000012631058 1,0000000015867987 ), 0
( 0,9999999994607159 1,0000000012582486 1,0000000015918205 ), 0
( 0,9999999994648467 1,000000001269259 1,0000000015990578 ), 0
( 0,9999999994534664 1,0000000012938772 1,0000000016261315 ), 0
( 0,9999999994678981 1,0000000012872292 1,0000000016217305 ), 0
( 0,9999999994686989 1,0000000012723138 1,0000000015841144 ), 0
( 0,9999999994560216 1,0000000012763184 1,0000000015900976 ), 0
( 0,9999999994544625 1,0000000012645849 1,0000000015962947 ), 0
( 0,9999999994665933 1,0000000012679366 1,0000000016099178 ), 0
( 0,9999999994638488 1,000000001276684 1,0000000016099018 ), 0
( 0,999999999483241 1,0000000012477264 1,0000000015955615 ), 0
( 0,9999999994735965 1,000000001287642 1,000000001628397 ), 0
( 0,9999999994671702 1,0000000012676327 1,000000001625892 ), 0
( 0,9999999994812313 1,0000000012564183 1,000000001581575 ), 0
( 0,9999999994563631 1,0000000012955412 1,000000001618682 ), 0
( 0,9999999994634 1,0000000012648864 1,000000001594292 ), 0
( 0,9999999994594835 1,0000000012735892 1,0000000015914141 ), 0
( 0,9999999994685929 1,0000000012663977 1,0000000016123134 ), 0
( 0,9999999994750347 1,0000000012605232 1,0000000015822363 ), 0
( 0,9999999994444975 1,0000000012897214 1,0000000016445874 ), 0
( 0,9999999994563951 1,0000000012463015 1,000000001593594 ), 0
( 0,9999999994678808 1,000000001266791 1,0000000016133086 ), 0
( 0,9999999994759364 1,0000000012463057 1,0000000015898969 ), 0
( 0,9999999994806712 1,0000000012639465 1,0000000015903647 ), 0
( 0,9999999994546634 1,000000001265918 1,0000000016024373 ), 0
( 0,999999999474921 1,000000001261186 1,0000000016099098 ), 0
( 0,9999999994764305 1,0000000012627523 1,0000000016025403 ), 0
( 0,9999999994473335 1,0000000012665893 1,0000000015972974 ), 0
( 0,9999999994633735 1,0000000012426393 1,0000000016108592 ), 0
( 0,9999999994583446 1,0000000012865693 1,0000000016363602 ), 0
( 0,999999999456586 1,0000000012792587 1,0000000016102393 ), 0
( 0,9999999994668568 1,0000000012602923 1,000000001586312 ), 0
( 0,9999999994664381 1,0000000012445236 1,0000000015955095 ), 0
( 0,9999999994554002 1,000000001264021 1,000000001592366 ), 0
( 0,9999999994488267 1,0000000012768444 1,000000001595994 ), 0
( 0,9999999994804941 1,0000000012589536 1,0000000015770083 ), 0
( 0,9999999994649681 1,0000000012705412 1,0000000015972696 ), 0
( 0,9999999994571651 1,0000000012637063 1,000000001594842 ), 0
( 0,9999999994609459 1,0000000012619321 1,0000000015896982 ), 0
( 0,9999999994700853 1,0000000012829477 1,0000000016067851 ), 0
( 0,999999999467038 1,0000000012429189 1,0000000015854256 ), 0
( 0,999999999477579 1,0000000012660566 1,000000001581621 ), 0
( 0,9999999994634152 1,0000000012702814 1,0000000016056088 ), 0
( 0,9999999994512834 1,0000000012733574 1,0000000016251496 ), 0
( 0,9999999994682204 1,0000000012823305 1,00000000161856 ), 0
( 0,9999999994601979 1,0000000012744117 1,0000000015954211 ), 0
( 0,9999999994528279 1,0000000012635193 1,0000000016140467 ), 0
( 0,9999999994704619 1,000000001263154 1,0000000015962682 ), 0
( 0,9999999994608207 1,0000000012649122 1,0000000015936694 ), 0
( 0,9999999994650444 1,0000000012704264 1,0000000016038015 ), 0
( 0,9999999994549442 1,0000000012958175 1,00000000162848 ), 0
( 0,9999999994748603 1,000000001279604 1,000000001602241 ), 0
( 0,9999999994510819 1,0000000012692223 1,0000000016043173 ), 0
( 0,9999999994630979 1,0000000012622068 1,000000001585565 ), 0
( 0,9999999994601639 1,0000000012802266 1,0000000016233768 ), 0
( 0,9999999994630226 1,0000000012996095 1,0000000016280077 ), 0
( 0,9999999994634924 1,000000001270362 1,0000000016092627 ), 0
( 0,9999999994747736 1,0000000012875214 1,0000000016075796 ), 0
( 0,9999999994576207 1,0000000012651833 1,0000000016059478 ), 0
( 0,9999999994812659 1,00000000124797 1,0000000015968231 ), 0
( 0,9999999994734848 1,0000000012544925 1,0000000016129726 ), 0
( 0,999999999463543 1,0000000012705201 1,0000000016027468 ), 0
( 0,9999999994530814 1,0000000012621184 1,0000000015882715 ), 0
( 0,9999999994559708 1,0000000013121495 1,000000001624747 ), 0
( 0,9999999994624488 1,0000000012780357 1,0000000016179789 ), 0
( 0,9999999994600992 1,0000000012776546 1,0000000016134125 ), 0
( 0,9999999994656554 1,0000000012738266 1,000000001590384 ), 0
( 0,9999999994590181 1,0000000012668728 1,0000000015877395 ), 0
( 0,9999999994747282 1,0000000012702255 1,0000000015930444 ), 0
( 0,9999999994759162 1,0000000012791126 1,000000001616336 ), 0
( 0,9999999994678536 1,0000000012444028 1,000000001586004 ), 0
( 0,9999999994709258 1,0000000012723524 1,000000001595468 ), 0
( 0,9999999994654776 1,0000000012714307 1,000000001595489 ), 0
( 0,9999999994711898 1,0000000012691803 1,0000000015962656 ), 0
( 0,9999999994811516 1,000000001272564 1,000000001597275 ), 0
( 0,9999999994714525 1,0000000012571806 1,0000000015894326 ), 0
( 0,9999999994862456 1,0000000012818202 1,0000000016102677 ), 0
( 0,9999999994641925 1,0000000012745713 1,000000001623934 ), 0
( 0,9999999994658669 1,0000000012583532 1,0000000016017851 ), 0
( 0,9999999994763997 1,0000000012625165 1,0000000015922217 ), 0
( 0,9999999994573655 1,0000000012880534 1,0000000016240511 ), 0
( 0,999999999451098 1,0000000012708519 1,0000000016049322 ), 0
( 0,9999999994722428 1,0000000012555452 1,0000000015964494 ), 0
( 0,9999999994705495 1,0000000012625418 1,000000001593637 ), 0
( 0,9999999994651114 1,0000000012719574 1,000000001593681 ), 0
( 0,999999999467458 1,0000000012895423 1,0000000016187722 ), 0
( 0,9999999994670049 1,0000000012554577 1,000000001600744 ), 0
( 0,9999999994610967 1,0000000012608934 1,0000000015946915 ), 0
( 0,9999999994677546 1,000000001271701 1,0000000016070054 ), 0
( 0,9999999994654676 1,0000000012708388 1,000000001616037 ), 0
( 0,9999999994794079 1,0000000012788326 1,0000000016192305 ), 0
( 0,9999999994587746 1,0000000012633075 1,0000000015858022 ), 0
( 0,9999999994636709 1,0000000012762986 1,0000000016138364 ), 0
( 0,9999999994758424 1,0000000012421466 1,0000000015794903 ), 0
Liczba wywoa funkcji celu: 137068
