Iteracja nr: 66
( 0,9999999994829482 1,0000000012656927 1,000000001590755 ), 0
( 0,9999999994632603 1,0000000012791679 1,0000000015856707 ), 0
( 0,9999999994815121 1,000000001240765 1,0000000016048303 ), 0
( 0,999999999509806 1,0000000012421184 1,0000000015452717 ), 0
( 0,9999999994767409 1,0000000012818477 1,000000001640209 ), 0
( 0,9999999994734985 1,0000000012717152 1,0000000015828747 ), 0
( 0,9999999994565416 1,0000000012901418 1,0000000016178217 ), 0
( 0,9999999994769363 1,0000000012953758 1,0000000015914634 ), 0
( 0,9999999994533391 1,0000000012705734 1,000000001590341 ), 0
( 0,9999999994811424 1,0000000012553665 1,0000000016211346 ), 0
( 0,9999999994700635 1,0000000013119774 1,0000000016593313 ), 0
( 0,9999999994615073 1,00000000126102 1,0000000016004 ), 0
( 0,9999999994599836 1,0000000012607064 1,0000000015912645 ), 0
( 0,9999999995063763 1,0000000012795203 1,0000000015939214 ), 0
( 0,9999999994698684 1,000000001263193 1,0000000015919426 ), 0
( 0,9999999994821852 1,0000000012592412 1,0000000015935155 ), 0
( 0,9999999994766745 1,0000000012513262 1,0000000015925476 ), 0
( 0,9999999994794048 1,0000000012946497 1,000000001612877 ), 0
( 0,9999999994703914 1,0000000012504149 1,0000000016017516 ), 0
( 0,9999999994598868 1,0000000012582542 1,000000001608115 ), 0
( 0,9999999994576834 1,0000000012631884 1,0000000016114328 ), 0
( 0,9999999994707317 1,0000000012764751 1,0000000015896893 ), 0
( 0,9999999994843797 1,0000000012783996 1,0000000015966333 ), 0
( 0,9999999994808274 1,000000001258751 1,0000000015873316 ), 0
( 0,9999999994689805 1,0000000012756678 1,0000000016068156 ), 0
( 0,9999999994574104 1,0000000012556947 1,0000000015696584 ), 0
( 0,999999999467982 1,0000000012705088 1,0000000016265447 ), 0
( 0,9999999994835316 1,000000001314114 1,0000000016281103 ), 0
( 0,9999999994762756 1,0000000012571906 1,0000000016070163 ), 0
( 0,9999999994719622 1,0000000012769288 1,0000000016166597 ), 0
( 0,9999999994666454 1,0000000012638675 1,0000000015878825 ), 0
( 0,9999999994632407 1,0000000012701493 1,000000001619716 ), 0
( 0,9999999994620227 1,0000000012548862 1,0000000016019128 ), 0
( 0,9999999994689106 1,000000001286338 1,0000000016154513 ), 0
( 0,9999999994631603 1,0000000012820134 1,0000000016107553 ), 0
( 0,9999999994794936 1,0000000012608137 1,0000000016197652 ), 0
( 0,9999999994393527 1,0000000012442984 1,0000000016021415 ), 0
( 0,9999999994724604 1,0000000012605912 1,0000000015835135 ), 0
( 0,999999999462038 1,0000000012613735 1,0000000015810553 ), 0
( 0,9999999994674981 1,0000000012778492 1,0000000016026722 ), 0
( 0,9999999994698896 1,000000001274707 1,0000000015956219 ), 0
( 0,9999999994338349 1,0000000012667791 1,0000000015885082 ), 0
( 0,9999999994737013 1,0000000012786652 1,0000000016217645 ), 0
( 0,9999999994523943 1,0000000012582404 1,000000001588908 ), 0
( 0,9999999994746713 1,0000000012503913 1,0000000016109507 ), 0
( 0,9999999994602661 1,0000000012654175 1,000000001602961 ), 0
( 0,9999999994562632 1,000000001288854 1,000000001626712 ), 0
( 0,9999999994575022 1,0000000012787094 1,0000000016090225 ), 0
( 0,9999999994759261 1,000000001312566 1,000000001610742 ), 0
( 0,9999999995000196 1,0000000012584322 1,0000000015472983 ), 0
( 0,9999999994703604 1,000000001272541 1,0000000016178732 ), 0
( 0,999999999469516 1,0000000012746473 1,0000000016076773 ), 0
( 0,9999999994812918 1,0000000013009558 1,000000001610327 ), 0
( 0,9999999994651813 1,0000000012619588 1,0000000015779693 ), 0
( 0,9999999994634196 1,0000000012792225 1,00000000162234 ), 0
( 0,9999999994562581 1,0000000012747137 1,0000000016277142 ), 0
( 0,9999999994945017 1,0000000012678025 1,0000000015619848 ), 0
( 0,9999999994784956 1,0000000012751271 1,0000000015913109 ), 0
( 0,9999999994654211 1,0000000012605457 1,000000001585577 ), 0
( 0,9999999994609997 1,0000000012801875 1,000000001595407 ), 0
( 0,9999999994562161 1,0000000012524377 1,0000000015889143 ), 0
( 0,9999999994580872 1,0000000012862498 1,0000000016027497 ), 0
( 0,9999999994576249 1,0000000012728871 1,0000000015990222 ), 0
( 0,9999999994658725 1,00000000126134 1,0000000015866208 ), 0
( 0,9999999994656056 1,0000000012548462 1,0000000015857493 ), 0
( 0,9999999994723097 1,0000000012830292 1,0000000016274317 ), 0
( 0,9999999994707867 1,0000000012750483 1,000000001618734 ), 0
( 0,9999999994622049 1,0000000012604968 1,0000000016032118 ), 0
( 0,9999999994779326 1,0000000012576575 1,000000001596841 ), 0
( 0,9999999994655177 1,0000000012591006 1,0000000016163433 ), 0
( 0,9999999994803908 1,0000000012600094 1,0000000015996282 ), 0
( 0,9999999994567298 1,0000000012556958 1,0000000016021664 ), 0
( 0,9999999994479467 1,0000000012634807 1,000000001598476 ), 0
( 0,9999999994728684 1,000000001266123 1,000000001606851 ), 0
( 0,9999999994729108 1,0000000012664432 1,0000000015970651 ), 0
( 0,9999999994589371 1,000000001268356 1,0000000016159485 ), 0
( 0,9999999994667673 1,0000000012696106 1,0000000016039452 ), 0
( 0,9999999994385124 1,0000000012598376 1,0000000015995354 ), 0
( 0,9999999994582286 1,0000000012798382 1,0000000016198398 ), 0
( 0,9999999994783295 1,0000000012527344 1,0000000015933463 ), 0
( 0,9999999994688173 1,000000001274034 1,0000000016197235 ), 0
( 0,9999999994887026 1,0000000012761636 1,0000000016010924 ), 0
( 0,9999999994494261 1,0000000012047177 1,0000000015768211 ), 0
( 0,9999999994702825 1,000000001253539 1,0000000015806558 ), 0
( 0,9999999994444745 1,000000001251183 1,0000000015798651 ), 0
( 0,9999999994586185 1,0000000012666634 1,0000000016058996 ), 0
( 0,9999999994683465 1,0000000012624835 1,000000001594698 ), 0
( 0,9999999994652738 1,0000000012797226 1,0000000016081814 ), 0
( 0,9999999994436458 1,0000000012491892 1,0000000016011554 ), 0
( 0,9999999994517926 1,0000000012645218 1,000000001603127 ), 0
( 0,9999999994567588 1,0000000012883274 1,0000000016064328 ), 0
( 0,9999999994827738 1,0000000012959651 1,0000000016084822 ), 0
( 0,9999999994668737 1,0000000012708534 1,0000000016031287 ), 0
( 0,9999999994666441 1,0000000012771804 1,0000000016094444 ), 0
( 0,9999999994683072 1,0000000012699874 1,00000000158526 ), 0
( 0,9999999994753596 1,000000001261493 1,000000001616896 ), 0
( 0,9999999994570091 1,0000000012786965 1,0000000015974775 ), 0
( 0,9999999994452737 1,0000000012764305 1,0000000016214536 ), 0
( 0,9999999994650344 1,0000000012545898 1,000000001584681 ), 0
( 0,9999999994668712 1,000000001269358 1,0000000016044392 ), 0
( 0,9999999994563867 1,0000000012143773 1,000000001598521 ), 0
( 0,9999999994799832 1,0000000012656525 1,000000001606205 ), 0
( 0,9999999994531731 1,000000001260308 1,0000000015633936 ), 0
( 0,9999999994608468 1,0000000012770602 1,0000000016030282 ), 0
( 0,9999999994564286 1,000000001269847 1,0000000015967117 ), 0
( 0,9999999994512409 1,0000000012735835 1,0000000015975041 ), 0
( 0,9999999994493118 1,0000000012482264 1,0000000015772057 ), 0
( 0,99999999946062 1,0000000012603323 1,0000000015952126 ), 0
( 0,9999999994664392 1,0000000012720396 1,0000000015922461 ), 0
( 0,9999999994597115 1,0000000012952768 1,0000000016141781 ), 0
( 0,9999999994707675 1,0000000012399228 1,0000000015696437 ), 0
( 0,9999999994588274 1,0000000012676242 1,0000000015815147 ), 0
( 0,9999999994606253 1,0000000012541508 1,0000000016028894 ), 0
( 0,999999999470571 1,0000000012813615 1,0000000016355357 ), 0
( 0,9999999994592863 1,0000000012660817 1,0000000016086255 ), 0
( 0,9999999994453285 1,0000000013025006 1,0000000016167148 ), 0
( 0,9999999994678873 1,0000000012509613 1,0000000015993846 ), 0
( 0,9999999994614392 1,0000000012683146 1,0000000016166941 ), 0
( 0,9999999994596379 1,0000000012860804 1,0000000016383328 ), 0
( 0,9999999994574308 1,0000000012908077 1,000000001596774 ), 0
( 0,999999999487809 1,0000000012532886 1,0000000015997192 ), 0
( 0,9999999994758364 1,000000001249902 1,0000000015889141 ), 0
( 0,9999999994623758 1,0000000012605512 1,0000000016023909 ), 0
( 0,9999999994697931 1,000000001266636 1,0000000016119652 ), 0
( 0,9999999994589454 1,0000000012455377 1,0000000015978756 ), 0
( 0,9999999994718929 1,0000000012844723 1,0000000016356572 ), 0
( 0,9999999994616124 1,0000000012609922 1,0000000016098651 ), 0
( 0,9999999994340992 1,0000000012503916 1,0000000016039352 ), 0
( 0,999999999471599 1,0000000012502168 1,0000000015679034 ), 0
( 0,999999999457607 1,0000000012750485 1,0000000016042425 ), 0
( 0,9999999994562804 1,0000000012666892 1,000000001622174 ), 0
( 0,9999999994625399 1,0000000012944776 1,0000000016248947 ), 0
( 0,9999999994877249 1,0000000012805867 1,0000000016220636 ), 0
( 0,9999999994892224 1,0000000012486876 1,000000001585393 ), 0
( 0,9999999994698935 1,0000000012523353 1,0000000016004358 ), 0
( 0,9999999994562152 1,0000000012893813 1,0000000016395216 ), 0
( 0,9999999994830089 1,0000000012676256 1,000000001588146 ), 0
( 0,9999999994745244 1,0000000012585204 1,0000000016072963 ), 0
( 0,9999999994836271 1,0000000012629038 1,0000000015640114 ), 0
( 0,9999999994679494 1,0000000012840504 1,000000001630182 ), 0
( 0,999999999469731 1,0000000012840253 1,0000000015928228 ), 0
( 0,9999999994744626 1,0000000012729924 1,0000000015872106 ), 0
( 0,9999999994541942 1,0000000012324226 1,0000000015721495 ), 0
( 0,9999999994724778 1,000000001208357 1,000000001562005 ), 0
( 0,9999999994753898 1,000000001281319 1,0000000016137782 ), 0
( 0,9999999994557645 1,0000000013125774 1,00000000161946 ), 0
( 0,9999999994608717 1,0000000012920676 1,0000000016303243 ), 0
( 0,9999999994636606 1,0000000012695127 1,0000000016068042 ), 0
( 0,9999999994611789 1,0000000012344543 1,0000000015791988 ), 0
( 0,999999999468674 1,0000000012525598 1,000000001590887 ), 0
( 0,9999999994560277 1,0000000012633457 1,0000000016186599 ), 0
( 0,9999999994671146 1,0000000012679706 1,000000001587717 ), 0
( 0,9999999994542004 1,0000000013022887 1,0000000016095694 ), 0
( 0,9999999994647377 1,000000001272756 1,0000000016003137 ), 0
( 0,9999999994555675 1,0000000012847545 1,0000000015693626 ), 0
( 0,9999999994718074 1,00000000127468 1,0000000016041113 ), 0
( 0,99999999944458 1,0000000012640846 1,0000000015972756 ), 0
( 0,9999999994642188 1,0000000012703232 1,0000000016037287 ), 0
( 0,9999999994789223 1,0000000013075632 1,0000000016343855 ), 0
( 0,9999999994620745 1,000000001256731 1,0000000015931447 ), 0
( 0,9999999994829241 1,000000001264229 1,00000000160266 ), 0
( 0,9999999994741752 1,0000000012894792 1,0000000016160577 ), 0
( 0,9999999994651799 1,0000000012916859 1,0000000016251276 ), 0
( 0,9999999994695289 1,0000000012769656 1,0000000016123562 ), 0
( 0,9999999994684688 1,0000000012669266 1,0000000016033728 ), 0
( 0,9999999994695997 1,0000000013006574 1,0000000016154764 ), 0
( 0,9999999994881634 1,0000000012641599 1,0000000016022699 ), 0
( 0,999999999465624 1,0000000012911474 1,0000000016164843 ), 0
( 0,9999999994816252 1,0000000012618155 1,0000000015765398 ), 0
( 0,9999999994836573 1,0000000012471861 1,000000001595382 ), 0
( 0,9999999994869637 1,0000000012741415 1,0000000015836463 ), 0
( 0,9999999994828525 1,0000000013064645 1,0000000016157682 ), 0
( 0,9999999994749968 1,0000000012825265 1,0000000016190915 ), 0
( 0,9999999994693115 1,0000000012750847 1,0000000016142114 ), 0
( 0,9999999994697654 1,0000000012837866 1,0000000015962651 ), 0
( 0,9999999994808011 1,0000000012457153 1,0000000016114003 ), 0
( 0,9999999994592867 1,000000001278246 1,000000001614709 ), 0
( 0,9999999994745112 1,0000000012855352 1,0000000016020456 ), 0
( 0,99999999946027 1,0000000012897836 1,0000000015853945 ), 0
( 0,9999999994674389 1,0000000012695471 1,0000000016035036 ), 0
( 0,9999999994663031 1,0000000012480041 1,0000000015894768 ), 0
( 0,99999999949372 1,0000000012332475 1,0000000015709325 ), 0
( 0,9999999994586877 1,0000000012723613 1,0000000015657564 ), 0
( 0,9999999994669166 1,0000000012566101 1,0000000015682329 ), 0
( 0,9999999994591673 1,000000001275004 1,000000001636132 ), 0
( 0,9999999994734604 1,0000000011995511 1,0000000015602488 ), 0
( 0,9999999994782479 1,000000001280372 1,0000000015816806 ), 0
( 0,9999999994700688 1,0000000013049397 1,0000000016238746 ), 0
( 0,9999999994765695 1,0000000012466206 1,0000000015519634 ), 0
( 0,9999999994784428 1,0000000012697419 1,0000000016108719 ), 0
( 0,9999999994707189 1,0000000012681811 1,0000000015896884 ), 0
( 0,9999999994627139 1,000000001278695 1,0000000016057542 ), 0
( 0,9999999994767776 1,0000000012865584 1,0000000016214476 ), 0
( 0,9999999994703206 1,000000001269553 1,0000000015660875 ), 0
( 0,9999999994555289 1,0000000012655814 1,0000000016027384 ), 0
( 0,9999999994785925 1,000000001251529 1,0000000016041886 ), 0
( 0,9999999994671737 1,0000000012532189 1,0000000015978108 ), 0
( 0,9999999994602575 1,0000000012744537 1,0000000015884294 ), 0
( 0,9999999994622728 1,0000000012766752 1,0000000016050679 ), 0
( 0,9999999994553485 1,000000001259109 1,0000000016148092 ), 0
( 0,9999999994677182 1,0000000013225105 1,0000000016484218 ), 0
( 0,9999999994802896 1,0000000012786678 1,00000000160344 ), 0
( 0,9999999994808114 1,000000001311144 1,0000000016313124 ), 0
( 0,9999999994756327 1,0000000012805976 1,0000000016079766 ), 0
( 0,9999999994674591 1,000000001270533 1,0000000016132966 ), 0
( 0,9999999994700974 1,0000000012477022 1,0000000016059014 ), 0
( 0,9999999994508911 1,0000000012841797 1,0000000016467472 ), 0
( 0,9999999994864612 1,0000000012872725 1,000000001605341 ), 0
( 0,9999999994718679 1,0000000012564838 1,0000000016058908 ), 0
( 0,9999999994543024 1,0000000012778503 1,000000001582174 ), 0
( 0,9999999994857246 1,0000000012775536 1,0000000015785637 ), 0
( 0,9999999994744591 1,000000001262744 1,0000000015855826 ), 0
( 0,9999999994638712 1,0000000012529726 1,0000000016086668 ), 0
( 0,999999999458618 1,0000000012869619 1,000000001603258 ), 0
( 0,9999999994834815 1,0000000011583383 1,0000000014844368 ), 0
( 0,9999999994501758 1,0000000012697083 1,0000000016220485 ), 0
( 0,9999999994583625 1,0000000012721855 1,000000001604314 ), 0
( 0,9999999994626757 1,000000001269619 1,0000000015967816 ), 0
( 0,9999999994679916 1,0000000012615577 1,0000000015793424 ), 0
( 0,9999999994684728 1,0000000012648345 1,0000000016178483 ), 0
( 0,9999999994610472 1,0000000012823467 1,0000000016163928 ), 0
( 0,9999999994539271 1,0000000012912156 1,0000000015852228 ), 0
( 0,999999999468281 1,0000000012711265 1,0000000015878354 ), 0
( 0,9999999994635865 1,0000000012948667 1,0000000016286217 ), 0
( 0,9999999994541172 1,0000000012826693 1,0000000016079318 ), 0
( 0,9999999994522103 1,0000000012637487 1,0000000015963508 ), 0
( 0,9999999994591224 1,000000001287596 1,0000000016079258 ), 0
( 0,9999999994295701 1,0000000012467154 1,0000000016143038 ), 0
( 0,9999999994611157 1,0000000012807546 1,0000000016063904 ), 0
( 0,9999999994901078 1,0000000012805514 1,000000001599368 ), 0
( 0,9999999994781306 1,0000000012916925 1,0000000016096693 ), 0
( 0,9999999994652402 1,0000000012735921 1,0000000016155957 ), 0
( 0,9999999994757899 1,0000000012603303 1,000000001600444 ), 0
( 0,9999999994676061 1,0000000012747834 1,000000001648502 ), 0
( 0,9999999994767053 1,0000000012657 1,000000001572487 ), 0
( 0,999999999484513 1,0000000012766395 1,0000000015947252 ), 0
( 0,999999999456154 1,0000000012880517 1,000000001623557 ), 0
( 0,9999999994522435 1,0000000012601618 1,0000000015982147 ), 0
( 0,9999999994604911 1,0000000012520671 1,0000000015862545 ), 0
( 0,9999999994472588 1,0000000012582062 1,000000001581914 ), 0
( 0,9999999994576647 1,00000000126875 1,0000000016101447 ), 0
( 0,9999999994538324 1,000000001275214 1,0000000016048467 ), 0
( 0,999999999452064 1,000000001256972 1,000000001588966 ), 0
( 0,9999999994691844 1,0000000012763373 1,0000000016037511 ), 0
( 0,9999999994812953 1,0000000012976111 1,0000000015789299 ), 0
( 0,9999999994626797 1,0000000012646817 1,0000000016398438 ), 0
( 0,9999999994428669 1,000000001255597 1,0000000015849633 ), 0
( 0,9999999994292703 1,0000000012538222 1,0000000016049124 ), 0
( 0,9999999994698923 1,0000000012952523 1,00000000160999 ), 0
( 0,9999999994800327 1,000000001281076 1,0000000015953445 ), 0
( 0,999999999455195 1,000000001272916 1,0000000016168298 ), 0
( 0,9999999994698513 1,0000000012845496 1,000000001611576 ), 0
( 0,9999999994625354 1,000000001268532 1,0000000016086643 ), 0
( 0,9999999994671862 1,0000000012539376 1,000000001573051 ), 0
( 0,9999999994826618 1,0000000012948287 1,0000000016232975 ), 0
( 0,9999999994688674 1,0000000012745998 1,0000000016068846 ), 0
( 0,9999999994646724 1,000000001264452 1,000000001656002 ), 0
( 0,9999999994674379 1,0000000012652734 1,0000000015914121 ), 0
( 0,9999999994624846 1,0000000012643115 1,0000000015996837 ), 0
( 0,9999999994724874 1,0000000012703365 1,000000001619906 ), 0
( 0,9999999994725604 1,0000000012836472 1,0000000015979313 ), 0
( 0,9999999994522139 1,000000001328612 1,0000000016353272 ), 0
( 0,9999999994561631 1,0000000012852233 1,0000000016012918 ), 0
( 0,9999999994722167 1,0000000012395804 1,0000000015920323 ), 0
( 0,9999999994795225 1,0000000012803452 1,0000000016203023 ), 0
( 0,9999999994580739 1,0000000012586094 1,0000000015991752 ), 0
( 0,9999999994698864 1,0000000012690515 1,0000000015703714 ), 0
( 0,9999999994749847 1,000000001289724 1,000000001626917 ), 0
( 0,9999999994727321 1,0000000012950974 1,0000000016222939 ), 0
( 0,9999999994706085 1,0000000012580181 1,0000000016162582 ), 0
( 0,9999999994581046 1,0000000012449508 1,0000000015969568 ), 0
( 0,9999999994702435 1,000000001276636 1,0000000016071835 ), 0
( 0,9999999994447255 1,0000000012720116 1,0000000015848127 ), 0
( 0,9999999994885974 1,00000000126013 1,000000001585529 ), 0
( 0,9999999994333506 1,0000000012532777 1,0000000016074395 ), 0
( 0,99999999945358 1,0000000012580967 1,000000001590156 ), 0
( 0,9999999994570206 1,0000000012635983 1,0000000015910087 ), 0
( 0,9999999994691585 1,0000000012579093 1,0000000015914718 ), 0
( 0,9999999994986666 1,0000000012485795 1,000000001561974 ), 0
( 0,9999999994614026 1,0000000012761288 1,0000000016093078 ), 0
( 0,9999999994689082 1,000000001254302 1,0000000016062522 ), 0
( 0,9999999994447826 1,000000001264561 1,000000001583433 ), 0
( 0,999999999467655 1,0000000012921089 1,0000000016131327 ), 0
( 0,9999999994604085 1,000000001251824 1,0000000015725286 ), 0
( 0,9999999994779066 1,000000001247951 1,000000001597147 ), 0
( 0,9999999994712931 1,000000001260994 1,0000000016143502 ), 0
( 0,9999999994662893 1,0000000012582826 1,0000000015984913 ), 0
( 0,9999999994571114 1,0000000012763268 1,0000000016014428 ), 0
( 0,9999999994681947 1,000000000930722 1,000000001261361 ), 0
( 0,9999999994786828 1,00000000126679 1,0000000015787136 ), 0
( 0,9999999994939175 1,0000000012505765 1,000000001564718 ), 0
( 0,9999999994710019 1,0000000012255998 1,0000000015642057 ), 0
( 0,9999999994718013 1,000000001264164 1,000000001602186 ), 0
( 0,9999999994643562 1,0000000012799595 1,0000000016241153 ), 0
( 0,9999999994759492 1,0000000012820673 1,0000000016212136 ), 0
( 0,999999999476734 1,0000000012791697 1,0000000015862232 ), 0
( 0,999999999469464 1,0000000012507064 1,0000000015868626 ), 0
( 0,9999999994631507 1,0000000012932861 1,0000000016241701 ), 0
( 0,9999999994583589 1,000000001223688 1,0000000015445314 ), 0
( 0,9999999994803868 1,00000000128677 1,0000000016026673 ), 0
( 0,9999999994699492 1,0000000012566814 1,0000000016046917 ), 0
( 0,9999999994599176 1,0000000012609274 1,0000000015919637 ), 0
( 0,9999999994714215 1,0000000012847778 1,0000000016122095 ), 0
( 0,9999999994476737 1,0000000012939814 1,0000000016259165 ), 0
( 0,999999999444266 1,0000000012626638 1,0000000016268056 ), 0
( 0,9999999994833023 1,000000001272703 1,0000000015722894 ), 0
( 0,9999999994658721 1,0000000012660408 1,000000001577884 ), 0
( 0,9999999994701172 1,0000000012662638 1,0000000015906647 ), 0
( 0,9999999994700596 1,000000001263205 1,0000000016037334 ), 0
( 0,9999999994737496 1,0000000012470638 1,000000001583934 ), 0
( 0,999999999444979 1,0000000012635233 1,000000001613869 ), 0
( 0,9999999994744854 1,0000000012711725 1,0000000016109023 ), 0
( 0,9999999994679241 1,0000000012542927 1,0000000016014863 ), 0
( 0,9999999994525537 1,0000000012962604 1,0000000016458936 ), 0
( 0,9999999994699267 1,0000000012771093 1,00000000160405 ), 0
( 0,9999999994748555 1,0000000012743733 1,000000001599575 ), 0
( 0,999999999453981 1,0000000012797834 1,000000001596872 ), 0
( 0,999999999477605 1,000000001268323 1,0000000016098858 ), 0
( 0,999999999459271 1,000000001263945 1,0000000015824493 ), 0
( 0,9999999994611741 1,0000000012653538 1,0000000015881279 ), 0
( 0,9999999994595431 1,0000000012282009 1,0000000015674857 ), 0
( 0,9999999994554775 1,0000000013034644 1,0000000016095612 ), 0
( 0,9999999994689338 1,000000001278618 1,0000000015849064 ), 0
( 0,9999999994609506 1,0000000012574122 1,0000000016038382 ), 0
( 0,9999999994822384 1,0000000012724393 1,0000000016285968 ), 0
( 0,9999999994639104 1,0000000013247443 1,0000000016742676 ), 0
( 0,999999999452517 1,0000000012830634 1,000000001625604 ), 0
( 0,9999999994674611 1,0000000012654806 1,0000000015855424 ), 0
( 0,9999999994700625 1,0000000012713006 1,0000000015875525 ), 0
( 0,999999999473985 1,000000000924147 1,000000001245415 ), 0
( 0,9999999994571397 1,000000001276663 1,0000000015970236 ), 0
( 0,9999999994665096 1,0000000012688437 1,0000000016111183 ), 0
( 0,9999999994837219 1,0000000012663735 1,0000000015843484 ), 0
( 0,9999999994605399 1,0000000012719326 1,0000000015962984 ), 0
( 0,9999999994650115 1,0000000012867305 1,0000000016118662 ), 0
( 0,9999999994628916 1,0000000012482038 1,0000000015881743 ), 0
( 0,9999999994682598 1,0000000012446715 1,000000001593868 ), 0
( 0,9999999994828218 1,0000000012651566 1,0000000015930604 ), 0
( 0,9999999994674817 1,0000000012724248 1,0000000016133754 ), 0
( 0,9999999994743065 1,0000000012554802 1,0000000016059287 ), 0
( 0,999999999451104 1,000000001282153 1,000000001624155 ), 0
( 0,9999999994954992 1,000000001265703 1,0000000015801347 ), 0
( 0,9999999994733013 1,0000000012814678 1,0000000016072021 ), 0
( 0,9999999994423352 1,0000000012568964 1,000000001609679 ), 0
( 0,9999999994509228 1,0000000012589787 1,0000000015828452 ), 0
( 0,9999999994702392 1,0000000012858439 1,0000000016210533 ), 0
( 0,9999999994742821 1,0000000012609633 1,0000000015875592 ), 0
( 0,9999999994677863 1,0000000012522243 1,0000000015926835 ), 0
( 0,9999999994568909 1,0000000012672698 1,0000000016174067 ), 0
( 0,9999999994538665 1,0000000012814902 1,0000000016021071 ), 0
( 0,9999999994763766 1,0000000013020198 1,0000000016572164 ), 0
( 0,999999999454159 1,0000000012645804 1,0000000016152062 ), 0
( 0,999999999463639 1,000000001292388 1,0000000016128368 ), 0
( 0,9999999994540512 1,000000001256584 1,0000000015930495 ), 0
( 0,9999999994681444 1,0000000012727268 1,0000000016015964 ), 0
( 0,9999999994625189 1,0000000012712407 1,0000000016249884 ), 0
( 0,9999999994613569 1,0000000012612917 1,0000000016062935 ), 0
( 0,9999999994330699 1,000000001266693 1,0000000015975175 ), 0
( 0,9999999994931464 1,0000000012699735 1,0000000015961423 ), 0
( 0,9999999994486009 1,000000001282103 1,0000000016011805 ), 0
( 0,9999999994695098 1,0000000012903616 1,0000000016044068 ), 0
( 0,999999999451973 1,0000000012680144 1,000000001624533 ), 0
( 0,9999999994774146 1,000000001259086 1,0000000015900765 ), 0
( 0,9999999994715691 1,0000000012865708 1,0000000016183481 ), 0
( 0,9999999994761416 1,00000000126367 1,0000000015945802 ), 0
( 0,9999999994634643 1,0000000012868122 1,0000000016046644 ), 0
( 0,9999999994668839 1,0000000012852055 1,0000000015945951 ), 0
( 0,9999999994655151 1,0000000012601622 1,000000001595545 ), 0
( 0,9999999994812626 1,0000000012904224 1,0000000016240627 ), 0
( 0,9999999994807226 1,0000000012577095 1,0000000015876453 ), 0
( 0,9999999994713528 1,0000000012828907 1,0000000015989294 ), 0
( 0,9999999994462415 1,000000001268831 1,000000001612331 ), 0
( 0,9999999994990241 1,0000000012599242 1,0000000016092432 ), 0
( 0,9999999994803282 1,0000000012585837 1,0000000015653545 ), 0
( 0,9999999994762816 1,0000000012822934 1,000000001645404 ), 0
( 0,9999999994634935 1,0000000012542287 1,0000000015913248 ), 0
( 0,9999999994678448 1,0000000012703938 1,0000000016097064 ), 0
( 0,9999999994773102 1,0000000012882986 1,0000000016524309 ), 0
( 0,9999999994769876 1,000000001255348 1,0000000015861046 ), 0
( 0,9999999994770011 1,00000000128369 1,0000000016069972 ), 0
( 0,9999999994911002 1,0000000012688355 1,0000000015911834 ), 0
( 0,9999999994662132 1,000000001256489 1,0000000016035844 ), 0
( 0,9999999994491785 1,000000001281308 1,000000001616632 ), 0
( 0,9999999994735314 1,0000000012544719 1,0000000015820814 ), 0
( 0,9999999994591997 1,0000000012649688 1,0000000015903905 ), 0
( 0,9999999994612259 1,0000000012771635 1,0000000016018498 ), 0
( 0,999999999459508 1,000000001282966 1,0000000016155417 ), 0
( 0,9999999994613818 1,000000001295546 1,0000000016303932 ), 0
( 0,9999999994689666 1,0000000012408652 1,0000000015811399 ), 0
( 0,9999999994586386 1,000000001268553 1,0000000016034998 ), 0
( 0,9999999994638972 1,0000000011617367 1,0000000014700738 ), 0
( 0,9999999994567761 1,0000000012762782 1,000000001614001 ), 0
( 0,9999999994701384 1,0000000012606498 1,000000001577525 ), 0
( 0,9999999994589726 1,0000000012918526 1,0000000016339154 ), 0
( 0,9999999994709569 1,0000000012671222 1,0000000016234158 ), 0
( 0,9999999994829155 1,0000000012645747 1,000000001603916 ), 0
( 0,9999999994727906 1,0000000012571726 1,0000000015892683 ), 0
( 0,9999999994711859 1,0000000012714512 1,0000000015902355 ), 0
( 0,9999999994660438 1,000000001253795 1,0000000015960142 ), 0
( 0,9999999994262854 1,0000000012261414 1,0000000016194863 ), 0
( 0,9999999994682799 1,0000000012449217 1,0000000015765245 ), 0
( 0,9999999994724195 1,0000000012697245 1,0000000015721102 ), 0
( 0,999999999457519 1,000000001257768 1,0000000015834714 ), 0
( 0,9999999994764648 1,000000001278863 1,0000000016092974 ), 0
( 0,9999999995037603 1,0000000012457482 1,0000000015731467 ), 0
( 0,9999999994700476 1,000000001284243 1,0000000016146102 ), 0
( 0,9999999994415676 1,000000001283318 1,0000000016357673 ), 0
( 0,9999999994702133 1,0000000012652108 1,0000000015793733 ), 0
( 0,9999999994609149 1,0000000012510144 1,0000000016087776 ), 0
( 0,9999999994659631 1,0000000012816568 1,0000000015982944 ), 0
( 0,9999999994651524 1,00000000127983 1,0000000015958934 ), 0
( 0,999999999460686 1,0000000012372905 1,0000000016011463 ), 0
( 0,9999999994523857 1,000000001277191 1,0000000016397415 ), 0
( 0,9999999994524756 1,0000000012665384 1,0000000016239465 ), 0
( 0,9999999994639902 1,0000000012739167 1,0000000016110382 ), 0
( 0,9999999994561227 1,0000000012639367 1,000000001589009 ), 0
( 0,9999999994704556 1,0000000012860082 1,0000000016003618 ), 0
( 0,9999999994578801 1,0000000012534465 1,0000000015919628 ), 0
( 0,9999999994649237 1,0000000012860595 1,0000000016142907 ), 0
( 0,9999999994616556 1,0000000012471 1,0000000016005257 ), 0
( 0,999999999477204 1,0000000012721761 1,0000000016046195 ), 0
( 0,9999999994603502 1,0000000012818406 1,0000000016076909 ), 0
( 0,9999999994504544 1,0000000012963577 1,0000000016463286 ), 0
( 0,9999999994713291 1,0000000012623782 1,0000000015912682 ), 0
( 0,9999999994499283 1,0000000012570345 1,0000000016110104 ), 0
( 0,9999999994718497 1,000000001277963 1,0000000016020005 ), 0
( 0,9999999994515816 1,0000000012615444 1,0000000016107675 ), 0
( 0,9999999994638025 1,0000000012548933 1,0000000016000508 ), 0
( 0,9999999994712944 1,0000000012752797 1,0000000015742625 ), 0
( 0,9999999994659262 1,0000000012698071 1,0000000015805433 ), 0
( 0,999999999448495 1,0000000012773729 1,0000000015965023 ), 0
( 0,9999999994681511 1,0000000012838468 1,000000001613861 ), 0
( 0,999999999466596 1,000000001274088 1,0000000015943782 ), 0
( 0,9999999994650688 1,0000000012770525 1,000000001567948 ), 0
( 0,9999999994708094 1,0000000012782784 1,000000001608801 ), 0
( 0,9999999994668727 1,0000000012807846 1,0000000016120294 ), 0
( 0,9999999994445641 1,0000000012781598 1,0000000016115747 ), 0
( 0,9999999994544438 1,0000000012563879 1,000000001596004 ), 0
( 0,9999999994527361 1,0000000012605905 1,000000001608575 ), 0
( 0,9999999994597718 1,0000000012593193 1,0000000015912467 ), 0
( 0,9999999994710098 1,0000000012648207 1,0000000015981454 ), 0
( 0,9999999994661354 1,000000001279446 1,000000001600298 ), 0
( 0,9999999994730087 1,000000001264596 1,000000001594605 ), 0
( 0,9999999994627721 1,0000000012608563 1,0000000016171067 ), 0
( 0,9999999994869847 1,000000001266756 1,000000001612886 ), 0
( 0,9999999994596386 1,0000000012567685 1,0000000016022834 ), 0
( 0,9999999994814082 1,0000000012453032 1,000000001577315 ), 0
( 0,9999999994688226 1,000000001285087 1,0000000016368764 ), 0
( 0,999999999457435 1,0000000012793961 1,0000000015888904 ), 0
( 0,9999999994687244 1,0000000012543977 1,000000001593501 ), 0
( 0,9999999994381388 1,0000000012656254 1,0000000015913488 ), 0
( 0,9999999994873792 1,0000000012803805 1,0000000015985342 ), 0
( 0,9999999994546614 1,0000000012981638 1,0000000016304487 ), 0
( 0,9999999994802036 1,0000000012916928 1,000000001619383 ), 0
( 0,9999999994665834 1,0000000012844061 1,0000000016077562 ), 0
( 0,9999999994702299 1,0000000012697943 1,0000000015586 ), 0
( 0,9999999994467821 1,000000001264854 1,000000001599887 ), 0
( 0,9999999994698573 1,0000000012762493 1,0000000016019892 ), 0
( 0,999999999461951 1,00000000128095 1,0000000015800916 ), 0
( 0,9999999994780293 1,0000000013072925 1,0000000016414492 ), 0
( 0,9999999994592986 1,0000000012791574 1,0000000016182018 ), 0
( 0,9999999994603578 1,000000001221168 1,0000000016097597 ), 0
( 0,9999999994717921 1,0000000012759946 1,0000000016108423 ), 0
( 0,999999999460655 1,000000001282769 1,000000001615857 ), 0
( 0,9999999994720394 1,0000000012687607 1,000000001626062 ), 0
( 0,9999999994665065 1,0000000013011727 1,0000000016156667 ), 0
( 0,9999999994578899 1,0000000012884875 1,0000000016200015 ), 0
( 0,9999999994647842 1,000000001289857 1,0000000016129895 ), 0
( 0,9999999994864506 1,000000001122386 1,0000000014455164 ), 0
( 0,9999999994698785 1,0000000012712187 1,0000000015988115 ), 0
( 0,9999999994501771 1,0000000012476766 1,0000000016139305 ), 0
( 0,9999999994667494 1,000000001286099 1,000000001618761 ), 0
( 0,9999999994731503 1,0000000012815915 1,000000001610289 ), 0
( 0,9999999994633333 1,000000001095917 1,0000000014284505 ), 0
( 0,9999999994595243 1,0000000012911607 1,000000001627578 ), 0
( 0,9999999994793719 1,0000000012789634 1,000000001581978 ), 0
( 0,9999999994723914 1,0000000012858854 1,0000000016052621 ), 0
( 0,9999999994602659 1,0000000012784735 1,000000001641941 ), 0
( 0,9999999994718997 1,0000000012691552 1,0000000015821975 ), 0
( 0,9999999994702415 1,000000001242296 1,0000000015859063 ), 0
( 0,9999999994581462 1,0000000012926409 1,0000000016286663 ), 0
( 0,9999999994553735 1,0000000012337977 1,0000000015947856 ), 0
( 0,9999999994691924 1,000000001274436 1,0000000016150128 ), 0
( 0,9999999994680734 1,000000001294074 1,0000000015976145 ), 0
( 0,9999999994711216 1,0000000012887043 1,00000000163591 ), 0
( 0,9999999994587888 1,000000001267519 1,000000001592263 ), 0
( 0,9999999994620951 1,0000000012643944 1,000000001597693 ), 0
( 0,9999999994834717 1,0000000012813328 1,0000000015578965 ), 0
( 0,9999999994493812 1,0000000012760928 1,0000000016248278 ), 0
( 0,9999999994675035 1,0000000012730732 1,000000001609509 ), 0
( 0,9999999994567046 1,0000000013007277 1,0000000016480444 ), 0
( 0,9999999994745917 1,0000000012480184 1,0000000015978696 ), 0
( 0,999999999472677 1,0000000012603625 1,00000000159877 ), 0
( 0,9999999994653536 1,0000000012579646 1,0000000015819175 ), 0
( 0,999999999470772 1,0000000012610533 1,000000001587697 ), 0
( 0,9999999994855648 1,0000000012425296 1,0000000015774142 ), 0
( 0,9999999994708187 1,000000001273738 1,000000001618391 ), 0
( 0,9999999994606152 1,0000000012593047 1,0000000015919068 ), 0
( 0,999999999470727 1,0000000012681682 1,0000000015821289 ), 0
( 0,9999999994709234 1,0000000013019557 1,0000000015982478 ), 0
( 0,9999999994462501 1,0000000012687393 1,0000000016033415 ), 0
( 0,9999999994701292 1,000000001273946 1,0000000015905646 ), 0
( 0,9999999994652141 1,0000000012795907 1,0000000015887631 ), 0
( 0,9999999994701262 1,000000001261994 1,0000000015881585 ), 0
( 0,9999999994876605 1,0000000012483279 1,000000001600002 ), 0
( 0,9999999994782658 1,0000000012811034 1,0000000016056152 ), 0
( 0,9999999994712961 1,000000001263803 1,0000000015635662 ), 0
( 0,9999999994576574 1,0000000012604533 1,0000000016089603 ), 0
( 0,9999999994683121 1,0000000012684596 1,000000001594927 ), 0
( 0,9999999994691213 1,0000000012863564 1,0000000016204922 ), 0
( 0,9999999994607065 1,0000000012704866 1,0000000016115789 ), 0
( 0,9999999994744326 1,0000000012715786 1,0000000015518338 ), 0
( 0,9999999994924101 1,0000000012473682 1,000000001567117 ), 0
( 0,9999999994585668 1,0000000012812957 1,0000000016012305 ), 0
( 0,999999999456693 1,0000000012570738 1,0000000016584059 ), 0
( 0,9999999994786729 1,0000000012451522 1,0000000015660468 ), 0
( 0,9999999994654688 1,0000000012902246 1,0000000016077817 ), 0
( 0,9999999994797812 1,0000000013020949 1,0000000016089923 ), 0
( 0,999999999474069 1,0000000012687909 1,0000000016012927 ), 0
( 0,9999999994828472 1,0000000012863517 1,000000001635048 ), 0
( 0,9999999994630906 1,0000000012820716 1,0000000015891917 ), 0
( 0,9999999994373044 1,00000000123296 1,0000000016201478 ), 0
( 0,9999999994623516 1,000000001250744 1,000000001618969 ), 0
( 0,9999999994631815 1,000000001281367 1,0000000016233614 ), 0
( 0,999999999462149 1,0000000012585595 1,000000001605286 ), 0
( 0,9999999994606571 1,0000000012818235 1,00000000160945 ), 0
( 0,9999999994602574 1,0000000012766934 1,0000000016143213 ), 0
( 0,9999999994785292 1,000000001275604 1,000000001603207 ), 0
( 0,9999999994774227 1,0000000012969203 1,0000000016094164 ), 0
( 0,9999999994638769 1,0000000012660424 1,000000001613864 ), 0
( 0,9999999994751108 1,00000000127722 1,0000000016086183 ), 0
( 0,9999999994608411 1,0000000012791364 1,0000000016106667 ), 0
( 0,9999999994672655 1,0000000012783772 1,0000000016230766 ), 0
( 0,9999999994658538 1,0000000012582921 1,0000000015999246 ), 0
( 0,9999999994674447 1,0000000012907562 1,0000000016261654 ), 0
( 0,9999999994527777 1,000000001277577 1,0000000015901633 ), 0
( 0,9999999994679836 1,000000001259107 1,0000000015926922 ), 0
( 0,9999999994755716 1,000000001268464 1,000000001593208 ), 0
( 0,9999999994612777 1,0000000012311827 1,0000000016045256 ), 0
( 0,9999999994757298 1,000000001252092 1,0000000015720139 ), 0
( 0,9999999994779348 1,0000000012704404 1,000000001609677 ), 0
( 0,9999999994998936 1,0000000012232548 1,0000000015694135 ), 0
( 0,9999999994633825 1,0000000013250447 1,0000000016726722 ), 0
( 0,9999999994655879 1,0000000012647976 1,0000000015865913 ), 0
( 0,9999999994662586 1,0000000012621633 1,0000000015817847 ), 0
( 0,9999999994746541 1,0000000012773318 1,0000000016096628 ), 0
( 0,9999999994650478 1,0000000013106443 1,0000000016274009 ), 0
( 0,9999999994802641 1,000000001286852 1,0000000016063637 ), 0
( 0,9999999994716933 1,000000001264253 1,000000001601579 ), 0
( 0,9999999994551356 1,0000000012681458 1,0000000015992803 ), 0
( 0,9999999994573843 1,0000000012824444 1,000000001576048 ), 0
( 0,9999999994757733 1,00000000127445 1,000000001595242 ), 0
( 0,9999999994646095 1,0000000012701316 1,0000000016043165 ), 0
( 0,9999999994625965 1,0000000012952208 1,0000000016029027 ), 0
( 0,9999999994692041 1,0000000012322645 1,0000000015781545 ), 0
( 0,9999999994766822 1,0000000012458168 1,00000000159056 ), 0
( 0,999999999464495 1,0000000012638677 1,0000000015940207 ), 0
( 0,9999999994812634 1,0000000012723838 1,000000001594324 ), 0
( 0,9999999994769131 1,0000000013024717 1,0000000016538169 ), 0
( 0,9999999994687405 1,0000000012897239 1,0000000016085384 ), 0
( 0,999999999467101 1,0000000013050205 1,0000000016371877 ), 0
( 0,9999999994661602 1,0000000013055426 1,0000000016659467 ), 0
( 0,9999999994643244 1,0000000012712686 1,0000000016079065 ), 0
( 0,9999999994658073 1,0000000012675674 1,0000000015798713 ), 0
( 0,9999999994632764 1,0000000012656753 1,0000000016083532 ), 0
( 0,9999999994628962 1,000000001268723 1,0000000015959034 ), 0
( 0,9999999994707093 1,0000000012541868 1,0000000015935144 ), 0
( 0,9999999994311322 1,0000000012663106 1,0000000015681814 ), 0
( 0,9999999994696122 1,0000000012782657 1,000000001594379 ), 0
( 0,9999999994785966 1,0000000012564825 1,000000001598938 ), 0
( 0,9999999994755816 1,0000000012620567 1,0000000015749586 ), 0
( 0,9999999994953532 1,0000000012705987 1,0000000015332828 ), 0
( 0,9999999994617824 1,000000001280043 1,0000000016029722 ), 0
( 0,9999999994908162 1,000000001280658 1,000000001609688 ), 0
( 0,9999999994618902 1,0000000012279657 1,0000000015750745 ), 0
( 0,9999999994782948 1,0000000012839445 1,000000001603427 ), 0
( 0,9999999994603576 1,0000000012643329 1,000000001611117 ), 0
( 0,9999999994618226 1,0000000012740398 1,0000000015833377 ), 0
( 0,999999999460517 1,0000000012852697 1,000000001597761 ), 0
( 0,9999999994714875 1,000000001275588 1,0000000016020103 ), 0
( 0,9999999994695621 1,0000000012576122 1,0000000016267994 ), 0
( 0,999999999470759 1,0000000012798462 1,0000000016015027 ), 0
( 0,999999999481119 1,0000000012626145 1,00000000161552 ), 0
( 0,9999999994622997 1,000000001257221 1,0000000015986439 ), 0
( 0,9999999994658478 1,000000001239307 1,0000000015969772 ), 0
( 0,999999999473629 1,0000000012690804 1,0000000016070185 ), 0
( 0,9999999994757894 1,0000000012794825 1,00000000158732 ), 0
( 0,9999999994684288 1,000000001226894 1,0000000015954043 ), 0
( 0,9999999994680638 1,0000000012751404 1,000000001617213 ), 0
( 0,9999999994595148 1,0000000012582928 1,0000000016015473 ), 0
( 0,9999999994640003 1,0000000012844326 1,0000000015833945 ), 0
( 0,9999999994728634 1,000000001281793 1,0000000016155473 ), 0
( 0,9999999994779007 1,0000000012852663 1,0000000016284105 ), 0
( 0,9999999994706584 1,0000000012534904 1,0000000015910817 ), 0
( 0,9999999994577478 1,0000000012853125 1,0000000016247659 ), 0
( 0,9999999994671424 1,0000000012667265 1,000000001619917 ), 0
( 0,9999999994587238 1,0000000012431869 1,0000000016146775 ), 0
( 0,9999999994564788 1,000000001244334 1,0000000015934307 ), 0
( 0,9999999994768719 1,0000000012549584 1,0000000015762993 ), 0
( 0,9999999994575746 1,00000000126119 1,0000000015870096 ), 0
( 0,9999999994738651 1,0000000012654537 1,0000000015897084 ), 0
( 0,999999999467768 1,0000000012757435 1,0000000016199495 ), 0
( 0,9999999994371375 1,000000001256356 1,0000000015671546 ), 0
( 0,9999999994892128 1,0000000012377432 1,0000000015525992 ), 0
( 0,9999999994728875 1,000000001286709 1,0000000016071364 ), 0
( 0,9999999994592687 1,000000001247608 1,0000000015879218 ), 0
( 0,9999999994687309 1,0000000012867476 1,0000000016166737 ), 0
( 0,9999999994490443 1,0000000012967025 1,0000000016286654 ), 0
( 0,9999999994673658 1,000000001244103 1,0000000016106123 ), 0
( 0,9999999994622841 1,0000000012629273 1,0000000015916728 ), 0
( 0,9999999994750625 1,00000000129418 1,0000000016160897 ), 0
( 0,9999999994705351 1,000000001284106 1,0000000016139885 ), 0
( 0,9999999994597776 1,0000000012651868 1,000000001595904 ), 0
( 0,9999999994677891 1,0000000012492078 1,000000001603329 ), 0
( 0,9999999994620109 1,0000000012494912 1,000000001594366 ), 0
( 0,9999999994623666 1,0000000012825614 1,0000000016018629 ), 0
( 0,9999999994568325 1,0000000012637933 1,0000000015906356 ), 0
( 0,9999999994599987 1,000000001305394 1,000000001598194 ), 0
( 0,9999999994553491 1,0000000012365762 1,0000000015988544 ), 0
( 0,9999999994711306 1,000000001279324 1,000000001598483 ), 0
( 0,9999999994669401 1,0000000012717956 1,0000000016177786 ), 0
( 0,9999999994543979 1,0000000012926171 1,0000000016058688 ), 0
( 0,9999999994582002 1,000000001287656 1,0000000015749388 ), 0
( 0,9999999994726515 1,0000000012633894 1,0000000015742794 ), 0
( 0,9999999994762705 1,0000000012474852 1,000000001584989 ), 0
( 0,999999999454835 1,0000000012809802 1,0000000016325012 ), 0
( 0,9999999994466162 1,0000000012792412 1,0000000016039123 ), 0
( 0,9999999994848627 1,0000000012509567 1,000000001601562 ), 0
( 0,9999999995111631 1,0000000012450587 1,0000000015578159 ), 0
( 0,9999999994528096 1,0000000012610126 1,0000000015932764 ), 0
( 0,9999999994662084 1,0000000012374144 1,000000001574145 ), 0
( 0,9999999994593844 1,0000000012829962 1,0000000016351949 ), 0
( 0,9999999994508502 1,0000000012969568 1,000000001629712 ), 0
( 0,9999999994669693 1,0000000012692216 1,0000000016165294 ), 0
( 0,999999999461328 1,0000000012400567 1,0000000016092296 ), 0
( 0,9999999994632762 1,000000001253748 1,0000000015953887 ), 0
( 0,9999999994483627 1,0000000012769967 1,000000001593115 ), 0
( 0,999999999467649 1,0000000012673156 1,0000000015820416 ), 0
( 0,9999999994621998 1,0000000012582007 1,0000000016027466 ), 0
( 0,9999999994603012 1,0000000012560109 1,00000000158842 ), 0
( 0,9999999994582919 1,0000000012911532 1,0000000016214672 ), 0
( 0,9999999994671699 1,0000000012346937 1,0000000015796668 ), 0
( 0,9999999994506953 1,0000000012635384 1,0000000016037218 ), 0
( 0,9999999994557095 1,0000000012618175 1,0000000016102666 ), 0
( 0,999999999466467 1,0000000012694965 1,0000000016009185 ), 0
( 0,999999999464065 1,0000000012666797 1,000000001615467 ), 0
( 0,9999999994721225 1,0000000013032433 1,0000000015997503 ), 0
( 0,9999999994638945 1,00000000126689 1,0000000015950643 ), 0
( 0,9999999994616543 1,000000001231984 1,0000000015770336 ), 0
( 0,9999999994809701 1,0000000012822112 1,0000000016001016 ), 0
( 0,9999999994755872 1,0000000012849768 1,0000000016052568 ), 0
( 0,9999999994898937 1,0000000012720007 1,0000000015549153 ), 0
( 0,9999999994635512 1,000000001270957 1,0000000015872341 ), 0
( 0,9999999994608333 1,00000000119803 1,000000001516091 ), 0
( 0,9999999994671536 1,0000000012687686 1,0000000015962813 ), 0
( 0,9999999994560964 1,0000000012604253 1,000000001581627 ), 0
( 0,9999999994807706 1,0000000013059342 1,0000000016409996 ), 0
( 0,9999999994581231 1,0000000012566859 1,0000000015632082 ), 0
( 0,9999999994805362 1,000000001286571 1,0000000016138049 ), 0
( 0,9999999994681679 1,00000000125623 1,0000000016128994 ), 0
( 0,9999999994659585 1,0000000012808081 1,0000000016158688 ), 0
( 0,999999999453522 1,000000001251388 1,000000001607907 ), 0
( 0,9999999994604857 1,000000001296687 1,0000000016117998 ), 0
( 0,9999999994676178 1,0000000012726875 1,0000000015965147 ), 0
( 0,9999999994690292 1,0000000012616905 1,0000000016237842 ), 0
( 0,9999999994616499 1,0000000012697055 1,0000000015893389 ), 0
( 0,9999999994607135 1,0000000012388865 1,0000000016192387 ), 0
( 0,9999999994823799 1,0000000012877828 1,0000000016070556 ), 0
( 0,999999999470777 1,0000000012594477 1,000000001583668 ), 0
( 0,9999999994635168 1,0000000012545984 1,0000000015920838 ), 0
( 0,9999999994534278 1,0000000012442314 1,0000000015879598 ), 0
( 0,9999999994665654 1,0000000012578638 1,0000000015940322 ), 0
( 0,9999999994527157 1,0000000012633303 1,000000001602336 ), 0
( 0,9999999994721619 1,0000000012650394 1,0000000015896382 ), 0
( 0,9999999994830672 1,0000000012753216 1,0000000016087396 ), 0
( 0,9999999994937606 1,000000001265324 1,000000001611387 ), 0
( 0,9999999994828019 1,0000000012660537 1,0000000015976875 ), 0
( 0,9999999994654923 1,0000000012629975 1,0000000015927468 ), 0
( 0,9999999994623522 1,0000000012656578 1,0000000015802972 ), 0
( 0,9999999994702401 1,0000000012879655 1,0000000016145125 ), 0
( 0,999999999473791 1,0000000012571444 1,0000000016126664 ), 0
( 0,999999999469821 1,0000000012758512 1,0000000015843944 ), 0
( 0,9999999994661737 1,0000000013095836 1,0000000016531017 ), 0
( 0,9999999994716862 1,0000000012544785 1,0000000015999082 ), 0
( 0,9999999994731703 1,0000000012943353 1,000000001634414 ), 0
( 0,9999999994795127 1,0000000012816086 1,000000001595256 ), 0
( 0,9999999994626857 1,0000000012451251 1,0000000015879813 ), 0
( 0,9999999994801111 1,0000000012542323 1,000000001572711 ), 0
( 0,9999999994639441 1,0000000012598558 1,0000000015927595 ), 0
( 0,9999999994650335 1,0000000012634422 1,000000001597966 ), 0
( 0,9999999994713791 1,000000001288741 1,0000000016342494 ), 0
( 0,9999999994768481 1,0000000012415193 1,0000000016014343 ), 0
( 0,9999999994672469 1,000000001249881 1,00000000159391 ), 0
( 0,9999999994499552 1,0000000012867927 1,000000001602982 ), 0
( 0,9999999994584412 1,0000000012591235 1,0000000016007098 ), 0
( 0,9999999994453513 1,0000000012862518 1,0000000016243602 ), 0
( 0,9999999994852352 1,000000001267434 1,000000001578174 ), 0
( 0,9999999994553991 1,0000000012536958 1,0000000015821364 ), 0
( 0,9999999994582239 1,000000001252627 1,0000000015947852 ), 0
( 0,9999999994780084 1,0000000012618957 1,000000001592554 ), 0
( 0,9999999994788528 1,0000000012514287 1,0000000015792108 ), 0
( 0,9999999994548525 1,0000000012986607 1,0000000016401804 ), 0
( 0,999999999465363 1,000000001282413 1,0000000016139914 ), 0
( 0,9999999994666012 1,0000000012555055 1,000000001630068 ), 0
( 0,9999999994789984 1,0000000012917993 1,0000000016094446 ), 0
( 0,9999999994663006 1,0000000012632644 1,0000000015832542 ), 0
( 0,9999999994777254 1,0000000012610848 1,0000000016117154 ), 0
( 0,9999999994375458 1,000000001266592 1,0000000015948982 ), 0
( 0,9999999994656552 1,0000000012583494 1,0000000016127673 ), 0
( 0,999999999484956 1,0000000012525014 1,0000000015991901 ), 0
( 0,9999999994700236 1,0000000012545112 1,0000000015980177 ), 0
( 0,9999999994748835 1,000000001286366 1,0000000016015056 ), 0
( 0,9999999994721486 1,0000000012546273 1,0000000015896429 ), 0
( 0,9999999994482812 1,000000001254135 1,0000000015889574 ), 0
( 0,9999999994753828 1,000000001261781 1,0000000016115675 ), 0
( 0,9999999994674087 1,0000000012910288 1,0000000016193595 ), 0
( 0,9999999994476253 1,0000000012481696 1,0000000016103023 ), 0
( 0,9999999994718515 1,0000000012601178 1,0000000015706236 ), 0
( 0,9999999994615896 1,0000000012649755 1,0000000016120236 ), 0
( 0,9999999994606724 1,0000000012325616 1,0000000015874733 ), 0
( 0,9999999994759402 1,00000000127141 1,000000001599737 ), 0
( 0,9999999994525155 1,0000000012308021 1,0000000015722974 ), 0
( 0,9999999994708645 1,0000000012825485 1,0000000016135953 ), 0
( 0,9999999994636939 1,0000000012752137 1,0000000015758688 ), 0
( 0,9999999994817844 1,0000000012575827 1,0000000015751556 ), 0
( 0,9999999994701855 1,000000001262561 1,000000001597953 ), 0
( 0,999999999475299 1,0000000012817203 1,000000001618682 ), 0
( 0,9999999994599928 1,000000001258475 1,0000000016029877 ), 0
( 0,9999999994733387 1,0000000012315078 1,0000000015681165 ), 0
( 0,9999999994630687 1,000000001279652 1,0000000016112687 ), 0
( 0,9999999994645193 1,000000001264079 1,0000000016026496 ), 0
( 0,9999999994582949 1,0000000012521788 1,0000000016082724 ), 0
( 0,9999999994536738 1,0000000012778745 1,0000000015968877 ), 0
( 0,999999999468897 1,0000000012428127 1,0000000015960455 ), 0
( 0,9999999994768392 1,0000000012882628 1,0000000016372053 ), 0
( 0,9999999994592337 1,0000000012721988 1,0000000015655006 ), 0
( 0,9999999994727573 1,000000001284479 1,0000000016173638 ), 0
( 0,9999999994569673 1,0000000012615464 1,0000000015845258 ), 0
( 0,9999999994825832 1,000000001263637 1,0000000016101604 ), 0
( 0,9999999994684028 1,0000000012460666 1,000000001587726 ), 0
( 0,9999999994655722 1,0000000012531112 1,0000000016236656 ), 0
( 0,9999999994710049 1,0000000012778527 1,0000000015909618 ), 0
( 0,9999999994622013 1,0000000012788077 1,0000000016108566 ), 0
( 0,9999999994643166 1,0000000012829127 1,0000000015836457 ), 0
( 0,9999999994551038 1,0000000012619077 1,0000000016107613 ), 0
( 0,9999999994735279 1,0000000012838939 1,0000000016095523 ), 0
( 0,9999999994672213 1,0000000012666936 1,00000000159907 ), 0
( 0,9999999994430248 1,000000001252598 1,0000000016096742 ), 0
( 0,9999999994534025 1,0000000012747077 1,0000000015910795 ), 0
( 0,999999999488396 1,000000001252134 1,0000000015889747 ), 0
( 0,9999999994674001 1,0000000012983674 1,0000000016230246 ), 0
( 0,999999999490873 1,0000000012543733 1,0000000016001989 ), 0
( 0,9999999994853185 1,0000000012760881 1,0000000015973334 ), 0
( 0,9999999994628037 1,0000000013074761 1,0000000016583452 ), 0
( 0,999999999468815 1,000000001240849 1,000000001584709 ), 0
( 0,9999999994609926 1,0000000012839754 1,0000000016072714 ), 0
( 0,9999999994594967 1,000000001289652 1,0000000016196144 ), 0
( 0,9999999994672506 1,0000000012774128 1,0000000015900665 ), 0
( 0,9999999994714742 1,0000000013032222 1,0000000016440083 ), 0
( 0,9999999994790022 1,0000000012858197 1,0000000016073196 ), 0
( 0,9999999994585252 1,0000000012809458 1,0000000016116561 ), 0
( 0,999999999468078 1,0000000012726968 1,0000000015897454 ), 0
( 0,9999999994692429 1,0000000012784678 1,0000000015997597 ), 0
( 0,9999999994697724 1,0000000012685006 1,0000000015929258 ), 0
( 0,9999999994633768 1,0000000012687031 1,0000000016099218 ), 0
( 0,9999999994745108 1,0000000012979073 1,0000000016195651 ), 0
( 0,9999999994598668 1,0000000012594037 1,0000000016025403 ), 0
( 0,9999999994560939 1,000000001291526 1,0000000016405666 ), 0
( 0,9999999994810059 1,0000000012774666 1,000000001590582 ), 0
( 0,9999999994474774 1,0000000012498287 1,000000001611742 ), 0
( 0,9999999994550529 1,000000001292217 1,000000001613214 ), 0
( 0,9999999994631843 1,0000000012807382 1,0000000016193378 ), 0
( 0,9999999994532657 1,0000000012542036 1,000000001599111 ), 0
( 0,999999999460151 1,0000000012584505 1,0000000016108461 ), 0
( 0,9999999994741267 1,000000001249555 1,0000000015812187 ), 0
( 0,9999999994788625 1,0000000012884462 1,0000000015877362 ), 0
( 0,9999999994746128 1,0000000012479917 1,0000000016009143 ), 0
( 0,9999999994633864 1,0000000012898373 1,0000000016210382 ), 0
( 0,9999999994715609 1,0000000013053325 1,0000000016312622 ), 0
( 0,9999999994743868 1,000000001252615 1,000000001612865 ), 0
( 0,9999999994631186 1,0000000012236587 1,0000000016008115 ), 0
( 0,9999999994777738 1,0000000012503225 1,000000001612836 ), 0
( 0,9999999994725709 1,0000000012932033 1,000000001597941 ), 0
( 0,9999999994759543 1,0000000012492176 1,0000000015730433 ), 0
( 0,9999999994739249 1,0000000012750958 1,0000000016116675 ), 0
( 0,9999999994626034 1,000000001302935 1,0000000016045603 ), 0
( 0,9999999994687873 1,000000001249135 1,0000000015931008 ), 0
( 0,999999999463119 1,0000000012807762 1,0000000015987847 ), 0
( 0,999999999476087 1,0000000012646741 1,0000000015988608 ), 0
( 0,9999999994793499 1,0000000012609 1,000000001589229 ), 0
( 0,9999999994665002 1,000000001258357 1,0000000016181065 ), 0
( 0,9999999994567519 1,0000000012689034 1,0000000016137685 ), 0
( 0,999999999469563 1,000000001276814 1,0000000015994586 ), 0
( 0,9999999994583483 1,000000001288938 1,0000000016216573 ), 0
( 0,9999999994637778 1,0000000012714383 1,000000001599138 ), 0
( 0,9999999994753784 1,000000001261527 1,000000001578348 ), 0
( 0,9999999994743556 1,000000001255078 1,0000000015916337 ), 0
( 0,9999999994631518 1,0000000012621202 1,0000000015990205 ), 0
( 0,9999999994496103 1,000000001252162 1,000000001606235 ), 0
( 0,999999999468185 1,0000000012592158 1,0000000015942554 ), 0
( 0,9999999994777956 1,0000000012746288 1,000000001605465 ), 0
( 0,999999999475524 1,0000000012723744 1,0000000016072226 ), 0
( 0,9999999994736892 1,0000000012566255 1,0000000015935842 ), 0
( 0,9999999994559852 1,000000001272724 1,0000000015985788 ), 0
( 0,999999999449133 1,0000000012480592 1,000000001599828 ), 0
( 0,9999999994597958 1,0000000012843158 1,000000001619036 ), 0
( 0,9999999994765938 1,0000000012399115 1,000000001592201 ), 0
( 0,9999999994574418 1,0000000012659023 1,0000000016084227 ), 0
( 0,9999999994587532 1,0000000012753243 1,0000000015992974 ), 0
( 0,9999999994677141 1,0000000012614623 1,0000000016253547 ), 0
( 0,9999999994534504 1,0000000012427057 1,0000000015728285 ), 0
( 0,9999999994613742 1,0000000012414978 1,000000001604567 ), 0
( 0,9999999994633708 1,0000000012702932 1,0000000016205643 ), 0
( 0,99999999945752 1,000000001264067 1,000000001581991 ), 0
( 0,9999999994698802 1,0000000013016779 1,000000001641507 ), 0
( 0,999999999477751 1,0000000012802337 1,0000000016109996 ), 0
( 0,9999999994592154 1,0000000012747268 1,0000000016073474 ), 0
( 0,9999999994631233 1,0000000012911296 1,0000000016011796 ), 0
( 0,9999999994587107 1,0000000012837786 1,000000001622045 ), 0
( 0,9999999994667781 1,0000000012567798 1,0000000016038508 ), 0
( 0,999999999417966 1,000000001264864 1,0000000016095336 ), 0
( 0,9999999994545393 1,0000000012616534 1,0000000016020267 ), 0
( 0,9999999994605382 1,0000000012856163 1,0000000016301056 ), 0
( 0,9999999994571126 1,0000000012647674 1,0000000016141692 ), 0
( 0,9999999994684066 1,0000000012691515 1,0000000016131745 ), 0
( 0,9999999994573878 1,0000000012720058 1,000000001584096 ), 0
( 0,9999999994672091 1,0000000012645356 1,000000001599925 ), 0
( 0,9999999994776777 1,0000000012611119 1,0000000015861485 ), 0
( 0,9999999994618833 1,000000001293401 1,0000000016203843 ), 0
( 0,9999999994638098 1,0000000012633925 1,000000001598125 ), 0
( 0,9999999994703115 1,0000000012637087 1,0000000015991586 ), 0
( 0,9999999994697898 1,0000000012751717 1,0000000015916972 ), 0
( 0,9999999994700904 1,0000000012444397 1,000000001559265 ), 0
( 0,9999999994701119 1,000000001274501 1,0000000016010009 ), 0
( 0,9999999994672731 1,0000000012944419 1,0000000016307309 ), 0
( 0,9999999994652451 1,0000000012560666 1,0000000015974368 ), 0
( 0,9999999994695724 1,0000000012843115 1,0000000016113006 ), 0
( 0,9999999994619556 1,0000000012555466 1,0000000015973196 ), 0
( 0,999999999468617 1,0000000012501467 1,0000000015670372 ), 0
( 0,9999999994732455 1,0000000012862684 1,0000000016125543 ), 0
( 0,9999999994774668 1,000000001253168 1,000000001591142 ), 0
( 0,9999999994580574 1,000000001260599 1,0000000015967543 ), 0
( 0,9999999994804055 1,000000001289888 1,000000001588557 ), 0
( 0,9999999994729394 1,0000000012745036 1,0000000016165311 ), 0
( 0,9999999994881225 1,0000000012568984 1,0000000016057922 ), 0
( 0,9999999994533053 1,0000000012343182 1,0000000015594057 ), 0
( 0,9999999994469289 1,0000000012598296 1,0000000015865524 ), 0
( 0,9999999994797315 1,0000000013411685 1,0000000016255712 ), 0
( 0,9999999994643027 1,0000000012739123 1,0000000016232333 ), 0
( 0,9999999994669757 1,0000000012839498 1,0000000016080846 ), 0
( 0,9999999994697568 1,0000000012505312 1,0000000015889317 ), 0
( 0,9999999994670951 1,0000000012541566 1,000000001581003 ), 0
( 0,999999999465142 1,0000000012723087 1,0000000016167416 ), 0
( 0,9999999994690368 1,0000000012711923 1,0000000016021424 ), 0
( 0,9999999994707074 1,000000001272345 1,0000000016081678 ), 0
( 0,9999999994719545 1,0000000012587547 1,0000000015969506 ), 0
( 0,9999999994635426 1,0000000012447172 1,0000000015881683 ), 0
( 0,9999999994484549 1,000000001266425 1,0000000015950388 ), 0
( 0,9999999994568904 1,0000000012778099 1,000000001613687 ), 0
( 0,9999999994716925 1,0000000012923114 1,0000000016148267 ), 0
( 0,9999999994674194 1,0000000012772643 1,0000000016190786 ), 0
( 0,9999999994546567 1,0000000012846189 1,0000000015976975 ), 0
( 0,9999999994594968 1,0000000012659611 1,0000000016301314 ), 0
( 0,9999999994679806 1,0000000012573824 1,0000000016059922 ), 0
( 0,9999999994754128 1,0000000012595907 1,000000001581867 ), 0
( 0,9999999994661677 1,0000000012841368 1,0000000016031978 ), 0
( 0,9999999994586901 1,0000000012674388 1,000000001607983 ), 0
( 0,9999999994840914 1,0000000013057255 1,0000000016124952 ), 0
( 0,9999999994716995 1,0000000012713268 1,0000000016015291 ), 0
( 0,9999999994629477 1,0000000012754702 1,0000000016198103 ), 0
( 0,9999999994646929 1,0000000012894945 1,0000000016183597 ), 0
( 0,9999999994705273 1,0000000012819936 1,000000001620126 ), 0
( 0,9999999994594074 1,000000001271541 1,0000000016077193 ), 0
( 0,9999999994689925 1,0000000013131456 1,0000000016408923 ), 0
( 0,999999999481934 1,0000000012797872 1,0000000016029091 ), 0
( 0,9999999994716523 1,0000000012589296 1,0000000015916488 ), 0
( 0,9999999994661222 1,0000000012433035 1,0000000015955672 ), 0
( 0,9999999994752509 1,0000000012731052 1,0000000016174897 ), 0
( 0,9999999994820055 1,0000000012592063 1,00000000159519 ), 0
( 0,999999999478986 1,0000000012814698 1,0000000016196195 ), 0
( 0,9999999994621181 1,0000000012732497 1,0000000016072084 ), 0
( 0,9999999994668111 1,0000000012964578 1,0000000016121662 ), 0
( 0,9999999994701946 1,0000000012930388 1,000000001617857 ), 0
( 0,9999999994614028 1,0000000012579267 1,00000000158582 ), 0
( 0,9999999994692964 1,0000000012862917 1,000000001610635 ), 0
( 0,9999999994626476 1,0000000012783667 1,0000000016124437 ), 0
( 0,9999999994832106 1,0000000012730492 1,000000001579277 ), 0
( 0,9999999994639408 1,0000000011102808 1,000000001446201 ), 0
( 0,9999999994609606 1,0000000012955004 1,0000000016529913 ), 0
( 0,9999999994696968 1,0000000012763175 1,0000000015900543 ), 0
( 0,9999999994905185 1,0000000012640915 1,000000001592596 ), 0
( 0,9999999994855472 1,000000001281956 1,0000000016079857 ), 0
( 0,9999999994620143 1,0000000012807868 1,0000000016104107 ), 0
( 0,9999999994667144 1,0000000012536723 1,0000000015883599 ), 0
( 0,9999999994605865 1,0000000012781332 1,0000000016246242 ), 0
( 0,9999999994805353 1,0000000012710446 1,0000000016101847 ), 0
( 0,9999999994764978 1,0000000012654515 1,000000001583766 ), 0
( 0,9999999994702142 1,000000000862424 1,000000001191225 ), 0
( 0,9999999994541857 1,00000000128377 1,0000000015977735 ), 0
( 0,99999999946577 1,0000000012799763 1,0000000016124504 ), 0
( 0,999999999472345 1,0000000013003758 1,000000001608904 ), 0
( 0,9999999994907903 1,0000000012775763 1,0000000016396406 ), 0
( 0,9999999994728426 1,000000001275686 1,0000000015927657 ), 0
( 0,9999999994739988 1,0000000012560728 1,0000000015701447 ), 0
( 0,9999999994668938 1,000000001255804 1,0000000015605777 ), 0
( 0,9999999995108589 1,0000000012579853 1,000000001548961 ), 0
( 0,9999999994746359 1,0000000012621972 1,0000000015857855 ), 0
( 0,999999999459966 1,0000000012578485 1,0000000015911192 ), 0
( 0,9999999994635896 1,000000001263709 1,0000000015934258 ), 0
( 0,9999999994801507 1,000000001262468 1,0000000015896113 ), 0
( 0,9999999994776717 1,0000000012890746 1,000000001618808 ), 0
( 0,9999999994718961 1,0000000012752044 1,0000000015882322 ), 0
( 0,9999999994661434 1,0000000012825425 1,000000001586303 ), 0
( 0,9999999994685795 1,0000000012698256 1,0000000015959423 ), 0
( 0,9999999994716884 1,0000000012717785 1,000000001619339 ), 0
( 0,9999999994554172 1,000000001273992 1,0000000016266053 ), 0
( 0,9999999994597721 1,0000000012781887 1,0000000016056771 ), 0
( 0,9999999994737401 1,0000000012899035 1,000000001632275 ), 0
( 0,9999999994657178 1,000000001266412 1,00000000163195 ), 0
( 0,9999999994824206 1,0000000012563 1,0000000015814026 ), 0
( 0,9999999994712954 1,0000000012450296 1,0000000015871544 ), 0
( 0,9999999994712827 1,0000000012740158 1,0000000015930517 ), 0
( 0,9999999994630905 1,000000001253995 1,0000000015790187 ), 0
( 0,9999999994677892 1,0000000012558543 1,0000000016071822 ), 0
( 0,9999999994813126 1,0000000012601704 1,0000000015711947 ), 0
( 0,9999999994599651 1,0000000012901766 1,000000001619918 ), 0
( 0,9999999994534168 1,0000000012330368 1,0000000015960055 ), 0
( 0,9999999994756099 1,0000000012521122 1,000000001604391 ), 0
( 0,9999999994584866 1,0000000012734325 1,0000000016068706 ), 0
( 0,9999999994940476 1,0000000012503074 1,0000000015929364 ), 0
( 0,9999999994543708 1,0000000012652301 1,0000000016019728 ), 0
( 0,999999999476632 1,0000000012607981 1,0000000016105426 ), 0
( 0,9999999994688595 1,0000000012616637 1,0000000015931636 ), 0
( 0,9999999994533302 1,0000000012713577 1,0000000016298891 ), 0
( 0,9999999994701035 1,0000000012521342 1,0000000015896584 ), 0
( 0,999999999453431 1,0000000012972825 1,0000000016504411 ), 0
( 0,9999999994529336 1,0000000012760812 1,0000000016075705 ), 0
( 0,999999999466498 1,0000000012604442 1,0000000015866548 ), 0
( 0,9999999994745465 1,00000000127584 1,0000000015940265 ), 0
( 0,9999999994555744 1,000000001261188 1,0000000015915902 ), 0
( 0,9999999994569374 1,0000000012639219 1,0000000015835628 ), 0
( 0,9999999994648301 1,0000000012755965 1,0000000015995016 ), 0
( 0,9999999994812678 1,0000000012725077 1,000000001597143 ), 0
( 0,9999999994559562 1,0000000012657655 1,0000000015942168 ), 0
( 0,9999999994657164 1,000000001268008 1,0000000015819335 ), 0
( 0,9999999994695088 1,0000000012849461 1,0000000016113637 ), 0
( 0,99999999946793 1,0000000012357906 1,0000000015764128 ), 0
( 0,999999999479292 1,0000000012641632 1,000000001580726 ), 0
( 0,9999999994598334 1,0000000012712027 1,0000000016111135 ), 0
( 0,9999999994488185 1,0000000012710466 1,000000001627495 ), 0
( 0,9999999994616324 1,0000000012946522 1,0000000016348787 ), 0
( 0,9999999994552031 1,0000000012663481 1,0000000015960382 ), 0
( 0,9999999994485652 1,0000000012607522 1,000000001614903 ), 0
( 0,9999999994638819 1,0000000012825483 1,0000000015932595 ), 0
( 0,9999999994614958 1,0000000012648689 1,0000000015935757 ), 0
( 0,9999999994649132 1,0000000012683077 1,0000000015959085 ), 0
( 0,9999999994662863 1,0000000012926615 1,0000000016250674 ), 0
( 0,9999999994686545 1,0000000012817625 1,000000001614014 ), 0
( 0,9999999994459862 1,000000001275321 1,0000000016086439 ), 0
( 0,9999999994571501 1,0000000012562098 1,0000000015988773 ), 0
( 0,9999999994569487 1,0000000012861827 1,000000001625516 ), 0
( 0,9999999994616608 1,0000000013180144 1,000000001638432 ), 0
( 0,9999999994689492 1,0000000012676211 1,0000000016117572 ), 0
( 0,9999999994769286 1,00000000130384 1,0000000016530468 ), 0
( 0,9999999994586511 1,0000000012745336 1,0000000016184438 ), 0
( 0,9999999994846891 1,0000000012425336 1,0000000016082418 ), 0
( 0,999999999446628 1,0000000012806038 1,0000000016138277 ), 0
( 0,9999999994578588 1,0000000012721233 1,000000001600634 ), 0
( 0,9999999994667862 1,0000000012713266 1,0000000016032353 ), 0
( 0,9999999994618002 1,0000000012866066 1,000000001608331 ), 0
( 0,9999999994613612 1,0000000012793318 1,0000000016216992 ), 0
( 0,9999999994580422 1,0000000012594996 1,0000000016053743 ), 0
( 0,9999999994656165 1,0000000012737627 1,0000000015902701 ), 0
( 0,9999999994654969 1,0000000012729884 1,0000000015819617 ), 0
( 0,9999999994683995 1,0000000012872992 1,0000000016262274 ), 0
( 0,9999999994620746 1,0000000012684835 1,0000000016015298 ), 0
( 0,9999999994769879 1,00000000126958 1,0000000016027453 ), 0
( 0,9999999994703535 1,0000000012574546 1,000000001581018 ), 0
( 0,9999999994637858 1,0000000012703596 1,0000000016011938 ), 0
( 0,9999999994696788 1,0000000012679942 1,0000000016046444 ), 0
( 0,999999999460935 1,000000001282363 1,0000000016202109 ), 0
( 0,9999999994764114 1,0000000012193213 1,0000000015333077 ), 0
( 0,9999999994520222 1,0000000012905217 1,0000000016146082 ), 0
( 0,9999999994556804 1,0000000012530947 1,0000000016097783 ), 0
( 0,9999999994647198 1,000000001249588 1,0000000015937296 ), 0
( 0,9999999994801311 1,000000001258799 1,0000000015988604 ), 0
( 0,9999999994701315 1,000000001298572 1,0000000016356196 ), 0
( 0,9999999994527567 1,0000000012689965 1,000000001603246 ), 0
( 0,9999999994666878 1,0000000012608339 1,00000000160134 ), 0
( 0,9999999994705118 1,0000000012627943 1,0000000015946442 ), 0
( 0,9999999994636606 1,000000001267825 1,0000000015928523 ), 0
( 0,9999999994679811 1,0000000012737587 1,0000000016125372 ), 0
( 0,9999999994775898 1,000000001275169 1,000000001606166 ), 0
( 0,9999999994675732 1,0000000012685182 1,0000000015876114 ), 0
( 0,9999999994599233 1,0000000012599952 1,0000000015939363 ), 0
( 0,9999999994548148 1,0000000012639172 1,0000000016034374 ), 0
( 0,9999999994755268 1,000000001227617 1,000000001582936 ), 0
( 0,9999999994683317 1,0000000012601116 1,0000000015974502 ), 0
( 0,9999999994732901 1,0000000012590269 1,000000001586099 ), 0
( 0,9999999994617388 1,0000000010662455 1,0000000013983177 ), 0
Liczba wywoa funkcji celu: 135067
