Iteracja nr: 90
( 0,9999999994663519 1,0000000012684602 1,0000000016032795 ), 0
( 0,999999999466459 1,0000000012683419 1,0000000016019974 ), 0
( 0,9999999994669377 1,0000000012672934 1,0000000016006954 ), 0
( 0,9999999994665707 1,0000000012673267 1,000000001600943 ), 0
( 0,9999999994664057 1,0000000012677879 1,0000000016018589 ), 0
( 0,9999999994663412 1,0000000012673582 1,0000000016010002 ), 0
( 0,9999999994665799 1,0000000012680799 1,00000000160197 ), 0
( 0,9999999994668868 1,000000001268152 1,0000000016017534 ), 0
( 0,9999999994664482 1,0000000012680355 1,0000000016018997 ), 0
( 0,9999999994666329 1,0000000012669 1,0000000016008412 ), 0
( 0,9999999994664418 1,000000001267771 1,0000000016011972 ), 0
( 0,9999999994669829 1,0000000012681278 1,0000000016011332 ), 0
( 0,9999999994665351 1,0000000012673604 1,0000000016011839 ), 0
( 0,9999999994666325 1,0000000012674992 1,0000000016015398 ), 0
( 0,9999999994667665 1,0000000012670074 1,0000000016009787 ), 0
( 0,9999999994657115 1,000000001267975 1,0000000016023354 ), 0
( 0,9999999994668812 1,0000000012684187 1,0000000016016966 ), 0
( 0,9999999994668823 1,0000000012678039 1,0000000016013226 ), 0
( 0,999999999466659 1,0000000012682284 1,0000000016017347 ), 0
( 0,9999999994661919 1,00000000126778 1,0000000016027417 ), 0
( 0,9999999994665626 1,0000000012682382 1,000000001602634 ), 0
( 0,9999999994672985 1,0000000012680816 1,0000000016011685 ), 0
( 0,9999999994665879 1,0000000012680916 1,0000000016018065 ), 0
( 0,9999999994668302 1,0000000012687151 1,0000000016023163 ), 0
( 0,9999999994663721 1,000000001267627 1,0000000016012522 ), 0
( 0,9999999994663661 1,0000000012680228 1,0000000016021435 ), 0
( 0,9999999994665358 1,000000001268313 1,0000000016020196 ), 0
( 0,9999999994666184 1,0000000012675392 1,0000000016010209 ), 0
( 0,9999999994667373 1,0000000012680437 1,0000000016012676 ), 0
( 0,9999999994664565 1,0000000012681491 1,0000000016019412 ), 0
( 0,9999999994663623 1,0000000012674144 1,0000000016010584 ), 0
( 0,9999999994661672 1,0000000012677037 1,0000000016017137 ), 0
( 0,9999999994668086 1,0000000012683956 1,0000000016021495 ), 0
( 0,9999999994671324 1,0000000012677215 1,0000000016005635 ), 0
( 0,9999999994665417 1,0000000012674874 1,0000000016016777 ), 0
( 0,999999999466452 1,0000000012675785 1,0000000016014552 ), 0
( 0,9999999994661188 1,0000000012679866 1,0000000016017814 ), 0
( 0,9999999994666227 1,000000001267478 1,0000000016010588 ), 0
( 0,9999999994663068 1,0000000012678407 1,000000001601523 ), 0
( 0,9999999994666213 1,0000000012675787 1,0000000016012256 ), 0
( 0,9999999994669544 1,0000000012679287 1,000000001601352 ), 0
( 0,9999999994670329 1,0000000012675563 1,0000000016017845 ), 0
( 0,9999999994665023 1,0000000012670562 1,0000000016002561 ), 0
( 0,9999999994665776 1,000000001267454 1,0000000016013026 ), 0
( 0,9999999994667405 1,0000000012677408 1,0000000016017732 ), 0
( 0,9999999994663453 1,000000001267625 1,0000000016004076 ), 0
( 0,9999999994663731 1,0000000012673664 1,0000000016001045 ), 0
( 0,9999999994666726 1,0000000012677672 1,000000001601329 ), 0
( 0,9999999994665215 1,000000001267148 1,0000000016007289 ), 0
( 0,9999999994666816 1,0000000012663448 1,0000000016001425 ), 0
( 0,9999999994669394 1,000000001267528 1,0000000016007342 ), 0
( 0,9999999994665737 1,0000000012677805 1,0000000016015804 ), 0
( 0,9999999994666571 1,0000000012679517 1,000000001601578 ), 0
( 0,9999999994664792 1,000000001268053 1,0000000016019575 ), 0
( 0,9999999994664758 1,0000000012669592 1,0000000016006994 ), 0
( 0,9999999994668078 1,0000000012680514 1,000000001601312 ), 0
( 0,9999999994663503 1,0000000012671306 1,0000000016003203 ), 0
( 0,9999999994670996 1,0000000012676913 1,000000001601661 ), 0
( 0,9999999994664535 1,000000001268176 1,0000000016014234 ), 0
( 0,9999999994666539 1,0000000012677823 1,000000001601449 ), 0
( 0,9999999994667553 1,0000000012676387 1,0000000016013266 ), 0
( 0,9999999994668882 1,0000000012684758 1,0000000016016175 ), 0
( 0,9999999994669224 1,0000000012681605 1,0000000016010415 ), 0
( 0,9999999994668011 1,0000000012678172 1,0000000016016584 ), 0
( 0,9999999994667409 1,0000000012676766 1,0000000016012625 ), 0
( 0,9999999994663763 1,0000000012679833 1,0000000016014807 ), 0
( 0,9999999994664072 1,0000000012676948 1,0000000016007113 ), 0
( 0,9999999994664607 1,000000001267882 1,0000000016016826 ), 0
( 0,9999999994668668 1,0000000012678907 1,0000000016015274 ), 0
( 0,9999999994669609 1,0000000012675914 1,0000000016022534 ), 0
( 0,9999999994675478 1,0000000012682344 1,0000000016008237 ), 0
( 0,9999999994664563 1,0000000012676957 1,000000001601802 ), 0
( 0,9999999994664616 1,0000000012681645 1,0000000016012343 ), 0
( 0,9999999994663147 1,0000000012677304 1,0000000016015038 ), 0
( 0,9999999994665747 1,0000000012675578 1,0000000016016817 ), 0
( 0,9999999994662941 1,000000001268023 1,0000000016016921 ), 0
( 0,9999999994663215 1,0000000012683992 1,0000000016028556 ), 0
( 0,9999999994664818 1,0000000012675139 1,0000000016010269 ), 0
( 0,999999999466529 1,0000000012677706 1,0000000016009292 ), 0
( 0,9999999994668802 1,0000000012677395 1,000000001601793 ), 0
( 0,9999999994668001 1,0000000012671988 1,000000001601122 ), 0
( 0,999999999466695 1,00000000126837 1,0000000016020818 ), 0
( 0,9999999994665292 1,0000000012675865 1,0000000016008679 ), 0
( 0,9999999994666174 1,000000001267664 1,0000000016017134 ), 0
( 0,9999999994665894 1,0000000012676495 1,0000000016017174 ), 0
( 0,9999999994668329 1,0000000012679364 1,0000000016011537 ), 0
( 0,9999999994665276 1,0000000012676116 1,0000000016013237 ), 0
( 0,999999999466848 1,0000000012682255 1,0000000016016164 ), 0
( 0,9999999994668619 1,0000000012677182 1,0000000016010793 ), 0
( 0,9999999994664152 1,000000001267716 1,000000001601477 ), 0
( 0,9999999994670236 1,0000000012678611 1,0000000016011916 ), 0
( 0,9999999994671407 1,000000001268643 1,0000000016009358 ), 0
( 0,9999999994658728 1,0000000012669306 1,0000000016025479 ), 0
( 0,9999999994663203 1,0000000012683776 1,0000000016023642 ), 0
( 0,9999999994666997 1,000000001268549 1,0000000016020667 ), 0
( 0,999999999466476 1,000000001267044 1,0000000016009454 ), 0
( 0,99999999946687 1,0000000012678376 1,0000000016019224 ), 0
( 0,9999999994665616 1,0000000012682584 1,0000000016017587 ), 0
( 0,9999999994667064 1,0000000012672863 1,0000000016009445 ), 0
( 0,9999999994664793 1,0000000012680288 1,0000000016019412 ), 0
( 0,9999999994668111 1,0000000012684063 1,000000001601816 ), 0
( 0,9999999994669443 1,0000000012685653 1,000000001601605 ), 0
( 0,9999999994669091 1,0000000012678094 1,00000000160146 ), 0
( 0,9999999994666363 1,0000000012677495 1,0000000016019452 ), 0
( 0,9999999994665528 1,0000000012677535 1,000000001601417 ), 0
( 0,9999999994664815 1,0000000012680457 1,0000000016015491 ), 0
( 0,9999999994667005 1,000000001268297 1,0000000016019677 ), 0
( 0,9999999994666658 1,0000000012675372 1,0000000016018442 ), 0
( 0,9999999994667453 1,0000000012674706 1,0000000016009696 ), 0
( 0,9999999994665482 1,0000000012678645 1,0000000016014001 ), 0
( 0,9999999994667589 1,000000001268548 1,0000000016020172 ), 0
( 0,9999999994664268 1,0000000012682198 1,0000000016023185 ), 0
( 0,9999999994665429 1,0000000012669994 1,000000001600697 ), 0
( 0,9999999994665215 1,0000000012675485 1,0000000016018733 ), 0
( 0,9999999994662638 1,000000001267898 1,0000000016024224 ), 0
( 0,999999999466482 1,0000000012677408 1,0000000016014503 ), 0
( 0,9999999994669743 1,0000000012669994 1,0000000016019206 ), 0
( 0,999999999466649 1,000000001268379 1,0000000016017674 ), 0
( 0,9999999994665211 1,000000001267484 1,0000000016004533 ), 0
( 0,999999999466573 1,0000000012672885 1,0000000016014166 ), 0
( 0,9999999994666505 1,000000001268176 1,0000000016015873 ), 0
( 0,9999999994665958 1,0000000012677277 1,0000000016010866 ), 0
( 0,9999999994666295 1,000000001267251 1,0000000016012605 ), 0
( 0,9999999994664447 1,000000001267794 1,0000000016009916 ), 0
( 0,9999999994663274 1,000000001267052 1,0000000016007329 ), 0
( 0,9999999994666402 1,0000000012672092 1,000000001600473 ), 0
( 0,9999999994666979 1,0000000012666965 1,0000000016002093 ), 0
( 0,999999999466117 1,0000000012677286 1,000000001601554 ), 0
( 0,9999999994667357 1,0000000012679595 1,0000000016013744 ), 0
( 0,9999999994661888 1,0000000012674284 1,0000000016015043 ), 0
( 0,9999999994664363 1,0000000012680397 1,000000001601629 ), 0
( 0,9999999994663664 1,000000001267826 1,0000000016013568 ), 0
( 0,9999999994671535 1,0000000012676584 1,000000001600929 ), 0
( 0,9999999994669112 1,0000000012683297 1,0000000016018282 ), 0
( 0,9999999994667127 1,000000001268161 1,0000000016019692 ), 0
( 0,9999999994660002 1,0000000012681978 1,000000001601898 ), 0
( 0,9999999994665343 1,0000000012679562 1,0000000016019543 ), 0
( 0,9999999994668355 1,0000000012682904 1,00000000160185 ), 0
( 0,9999999994666873 1,0000000012672186 1,000000001600374 ), 0
( 0,9999999994665463 1,0000000012679702 1,0000000016016921 ), 0
( 0,9999999994666999 1,0000000012681993 1,0000000016016835 ), 0
( 0,9999999994665628 1,0000000012680028 1,0000000016016808 ), 0
( 0,999999999466969 1,0000000012676056 1,0000000016012978 ), 0
( 0,9999999994668616 1,0000000012674546 1,0000000016006012 ), 0
( 0,9999999994664186 1,000000001267306 1,0000000016011752 ), 0
( 0,9999999994667722 1,00000000126774 1,0000000016011406 ), 0
( 0,9999999994671994 1,0000000012678616 1,0000000016009847 ), 0
( 0,9999999994663568 1,0000000012682506 1,000000001601978 ), 0
( 0,9999999994665644 1,000000001267715 1,000000001601759 ), 0
( 0,99999999946688 1,0000000012678085 1,0000000016017916 ), 0
( 0,9999999994667721 1,0000000012680565 1,0000000016013828 ), 0
( 0,9999999994665165 1,000000001268114 1,0000000016009183 ), 0
( 0,9999999994666232 1,0000000012677908 1,0000000016019173 ), 0
( 0,999999999466617 1,0000000012682053 1,0000000016018646 ), 0
( 0,9999999994665647 1,0000000012677999 1,0000000016013673 ), 0
( 0,9999999994664972 1,0000000012681833 1,0000000016013804 ), 0
( 0,9999999994663629 1,0000000012680135 1,0000000016013915 ), 0
( 0,9999999994671142 1,0000000012681993 1,0000000016008377 ), 0
( 0,9999999994668135 1,000000001267096 1,0000000016013832 ), 0
( 0,9999999994665493 1,000000001268078 1,0000000016015216 ), 0
( 0,999999999466532 1,000000001266573 1,0000000016004578 ), 0
( 0,9999999994667179 1,0000000012680825 1,0000000016007053 ), 0
( 0,9999999994661893 1,0000000012675652 1,000000001600956 ), 0
( 0,9999999994665063 1,000000001267609 1,00000000160123 ), 0
( 0,9999999994665355 1,0000000012679449 1,0000000016013635 ), 0
( 0,9999999994663373 1,00000000126786 1,0000000016014885 ), 0
( 0,9999999994666705 1,0000000012672 1,000000001601415 ), 0
( 0,9999999994667125 1,0000000012676522 1,0000000016015125 ), 0
( 0,999999999466801 1,0000000012679575 1,0000000016011503 ), 0
( 0,9999999994667365 1,0000000012677999 1,0000000016014607 ), 0
( 0,9999999994664015 1,000000001268318 1,000000001601749 ), 0
( 0,9999999994664435 1,0000000012675676 1,0000000016011008 ), 0
( 0,99999999946669 1,0000000012677115 1,0000000016012511 ), 0
( 0,9999999994669527 1,0000000012671872 1,0000000016020447 ), 0
( 0,9999999994667955 1,000000001267286 1,000000001601152 ), 0
( 0,9999999994662964 1,0000000012677006 1,0000000016028618 ), 0
( 0,9999999994663819 1,000000001267721 1,000000001601034 ), 0
( 0,9999999994667219 1,0000000012682113 1,0000000016017607 ), 0
( 0,9999999994667362 1,0000000012677508 1,0000000016015989 ), 0
( 0,9999999994666988 1,0000000012670822 1,0000000016007653 ), 0
( 0,9999999994660678 1,0000000012676753 1,000000001602127 ), 0
( 0,9999999994665894 1,0000000012676655 1,0000000016016797 ), 0
( 0,999999999466685 1,0000000012679058 1,000000001601758 ), 0
( 0,9999999994665569 1,0000000012676908 1,0000000016016408 ), 0
( 0,9999999994666215 1,0000000012677468 1,0000000016012789 ), 0
( 0,9999999994671476 1,0000000012678345 1,0000000016015318 ), 0
( 0,9999999994663537 1,0000000012676082 1,0000000016016284 ), 0
( 0,9999999994666852 1,0000000012679062 1,0000000016010184 ), 0
( 0,999999999466515 1,0000000012676433 1,000000001601392 ), 0
( 0,9999999994664729 1,0000000012674448 1,0000000016008692 ), 0
( 0,9999999994666097 1,0000000012679184 1,0000000016017807 ), 0
( 0,9999999994664748 1,0000000012680628 1,00000000160193 ), 0
( 0,9999999994663314 1,0000000012679848 1,0000000016016561 ), 0
( 0,9999999994662887 1,0000000012680608 1,000000001601966 ), 0
( 0,9999999994662722 1,0000000012679051 1,000000001601674 ), 0
( 0,9999999994662292 1,0000000012685564 1,000000001602075 ), 0
( 0,9999999994665802 1,000000001267841 1,000000001601045 ), 0
( 0,9999999994665854 1,0000000012678467 1,0000000016012924 ), 0
( 0,9999999994665539 1,00000000126803 1,0000000016014876 ), 0
( 0,9999999994665466 1,0000000012681873 1,0000000016023052 ), 0
( 0,9999999994664847 1,0000000012680192 1,0000000016018389 ), 0
( 0,9999999994666277 1,0000000012679315 1,0000000016014017 ), 0
( 0,9999999994670811 1,0000000012677797 1,000000001601516 ), 0
( 0,999999999466444 1,00000000126763 1,000000001600852 ), 0
( 0,9999999994664219 1,0000000012675265 1,0000000016016595 ), 0
( 0,9999999994662961 1,0000000012686183 1,000000001602153 ), 0
( 0,9999999994666908 1,0000000012679469 1,0000000016015989 ), 0
( 0,999999999467186 1,0000000012681096 1,000000001601269 ), 0
( 0,9999999994662685 1,0000000012677819 1,0000000016017208 ), 0
( 0,9999999994663664 1,0000000012681354 1,0000000016017312 ), 0
( 0,999999999466679 1,0000000012679564 1,0000000016018353 ), 0
( 0,9999999994663856 1,0000000012683794 1,0000000016018387 ), 0
( 0,9999999994663487 1,000000001267737 1,0000000016017307 ), 0
( 0,9999999994665932 1,0000000012680954 1,0000000016016042 ), 0
( 0,9999999994667516 1,0000000012681904 1,0000000016014856 ), 0
( 0,9999999994663656 1,0000000012676702 1,0000000016021175 ), 0
( 0,999999999466658 1,0000000012680617 1,0000000016016988 ), 0
( 0,9999999994666517 1,0000000012685708 1,0000000016010977 ), 0
( 0,9999999994666504 1,0000000012678578 1,00000000160134 ), 0
( 0,9999999994665411 1,0000000012671235 1,0000000016003292 ), 0
( 0,9999999994666967 1,0000000012678332 1,0000000016016692 ), 0
( 0,9999999994666272 1,000000001267425 1,0000000016011636 ), 0
( 0,9999999994669099 1,000000001267745 1,0000000016008803 ), 0
( 0,9999999994666486 1,0000000012680115 1,000000001601352 ), 0
( 0,9999999994669291 1,0000000012689403 1,000000001602414 ), 0
( 0,9999999994668508 1,0000000012676187 1,000000001601959 ), 0
( 0,9999999994663454 1,00000000126843 1,0000000016013157 ), 0
( 0,9999999994662572 1,0000000012677468 1,0000000016022457 ), 0
( 0,999999999466555 1,0000000012685646 1,0000000016018475 ), 0
( 0,9999999994666214 1,0000000012681427 1,0000000016016668 ), 0
( 0,9999999994668483 1,000000001267002 1,0000000016011283 ), 0
( 0,9999999994667028 1,0000000012676524 1,0000000016014483 ), 0
( 0,9999999994662733 1,0000000012680872 1,0000000016016453 ), 0
( 0,9999999994666282 1,0000000012675032 1,0000000016012667 ), 0
( 0,9999999994666714 1,000000001268456 1,0000000016016335 ), 0
( 0,9999999994667632 1,0000000012683181 1,0000000016022537 ), 0
( 0,9999999994674053 1,0000000012682786 1,0000000016011052 ), 0
( 0,9999999994667044 1,0000000012680998 1,000000001601868 ), 0
( 0,9999999994664974 1,0000000012679966 1,0000000016014974 ), 0
( 0,9999999994667047 1,000000001268108 1,0000000016014452 ), 0
( 0,9999999994665362 1,0000000012673969 1,0000000016012833 ), 0
( 0,9999999994665457 1,0000000012677444 1,0000000016021693 ), 0
( 0,9999999994665285 1,000000001268004 1,000000001601577 ), 0
( 0,9999999994666654 1,0000000012682508 1,0000000016016852 ), 0
( 0,999999999466654 1,0000000012672423 1,0000000016009363 ), 0
( 0,9999999994665794 1,000000001267724 1,0000000016012343 ), 0
( 0,9999999994663653 1,00000000126732 1,0000000016014483 ), 0
( 0,9999999994664329 1,0000000012683947 1,000000001602136 ), 0
( 0,9999999994664227 1,0000000012678663 1,000000001601391 ), 0
( 0,9999999994665753 1,0000000012675232 1,0000000016013548 ), 0
( 0,9999999994666845 1,000000001268224 1,0000000016017765 ), 0
( 0,9999999994666727 1,0000000012680137 1,0000000016014472 ), 0
( 0,9999999994666835 1,0000000012669763 1,0000000016005173 ), 0
( 0,999999999466593 1,0000000012682793 1,0000000016017028 ), 0
( 0,9999999994666247 1,0000000012679822 1,0000000016012676 ), 0
( 0,9999999994668408 1,0000000012676546 1,0000000016009547 ), 0
( 0,999999999466626 1,0000000012677819 1,0000000016020179 ), 0
( 0,9999999994670394 1,0000000012680101 1,0000000016016424 ), 0
( 0,999999999466458 1,0000000012676913 1,0000000016011823 ), 0
( 0,9999999994664008 1,0000000012680044 1,0000000016020993 ), 0
( 0,9999999994668416 1,000000001267801 1,0000000016014843 ), 0
( 0,9999999994668536 1,0000000012681474 1,0000000016011477 ), 0
( 0,9999999994667044 1,0000000012678556 1,0000000016017867 ), 0
( 0,9999999994669289 1,0000000012672428 1,0000000016007378 ), 0
( 0,9999999994662571 1,0000000012681407 1,0000000016021418 ), 0
( 0,9999999994664931 1,0000000012680808 1,0000000016020576 ), 0
( 0,9999999994665139 1,0000000012677814 1,0000000016019037 ), 0
( 0,9999999994664202 1,0000000012677315 1,0000000016014003 ), 0
( 0,9999999994665537 1,0000000012672803 1,0000000016012949 ), 0
( 0,9999999994667155 1,0000000012682757 1,0000000016017665 ), 0
( 0,9999999994666455 1,0000000012679877 1,0000000016014228 ), 0
( 0,9999999994666342 1,0000000012675414 1,000000001601203 ), 0
( 0,9999999994668283 1,0000000012682753 1,000000001601422 ), 0
( 0,9999999994667218 1,000000001268285 1,0000000016015564 ), 0
( 0,9999999994669236 1,0000000012671633 1,0000000016009547 ), 0
( 0,9999999994663852 1,0000000012675758 1,000000001601446 ), 0
( 0,9999999994669639 1,0000000012687214 1,0000000016020132 ), 0
( 0,9999999994668275 1,0000000012674044 1,0000000016008173 ), 0
( 0,9999999994666692 1,000000001267786 1,0000000016015311 ), 0
( 0,9999999994668437 1,0000000012679018 1,0000000016016979 ), 0
( 0,999999999466647 1,0000000012678112 1,000000001601327 ), 0
( 0,9999999994666652 1,0000000012677348 1,000000001601892 ), 0
( 0,999999999466031 1,000000001267946 1,0000000016020034 ), 0
( 0,9999999994666836 1,000000001267924 1,000000001601856 ), 0
( 0,9999999994665456 1,0000000012673285 1,0000000016015742 ), 0
( 0,9999999994669225 1,00000000126704 1,000000001600018 ), 0
( 0,99999999946653 1,0000000012679315 1,0000000016014867 ), 0
( 0,999999999466856 1,0000000012677053 1,0000000016015484 ), 0
( 0,9999999994660647 1,0000000012683115 1,0000000016024553 ), 0
( 0,9999999994667831 1,0000000012678902 1,0000000016014499 ), 0
( 0,999999999466683 1,0000000012677717 1,0000000016018624 ), 0
( 0,9999999994663834 1,0000000012675139 1,0000000016017978 ), 0
( 0,9999999994665586 1,0000000012681747 1,000000001601471 ), 0
( 0,9999999994664701 1,0000000012682824 1,0000000016016983 ), 0
( 0,9999999994666788 1,000000001267999 1,000000001601815 ), 0
( 0,9999999994665099 1,0000000012677386 1,0000000016007353 ), 0
( 0,999999999466736 1,0000000012672743 1,000000001601417 ), 0
( 0,9999999994666527 1,0000000012682122 1,000000001601661 ), 0
( 0,9999999994667796 1,000000001267301 1,0000000016012147 ), 0
( 0,9999999994662262 1,0000000012686354 1,0000000016027089 ), 0
( 0,9999999994661888 1,0000000012679886 1,000000001601827 ), 0
( 0,9999999994667256 1,0000000012683166 1,000000001602099 ), 0
( 0,9999999994667735 1,000000001268603 1,0000000016019108 ), 0
( 0,9999999994667594 1,0000000012676973 1,000000001601034 ), 0
( 0,9999999994665549 1,0000000012680126 1,0000000016014936 ), 0
( 0,999999999466644 1,0000000012676713 1,0000000016017956 ), 0
( 0,9999999994662261 1,000000001267629 1,0000000016016568 ), 0
( 0,9999999994667738 1,000000001267707 1,0000000016013337 ), 0
( 0,9999999994665035 1,0000000012677601 1,0000000016014465 ), 0
( 0,9999999994662947 1,0000000012667358 1,0000000016008928 ), 0
( 0,9999999994664369 1,0000000012679517 1,000000001601811 ), 0
( 0,9999999994662998 1,0000000012682992 1,000000001602814 ), 0
( 0,9999999994666505 1,0000000012672 1,0000000016011312 ), 0
( 0,9999999994666235 1,0000000012670067 1,000000001600593 ), 0
( 0,9999999994668245 1,000000001267542 1,0000000016008384 ), 0
( 0,9999999994663697 1,0000000012683687 1,0000000016015624 ), 0
( 0,9999999994670619 1,0000000012676658 1,0000000016009352 ), 0
( 0,9999999994667559 1,000000001267425 1,0000000016012154 ), 0
( 0,9999999994664611 1,0000000012683372 1,0000000016019668 ), 0
( 0,9999999994667582 1,0000000012674977 1,0000000016013288 ), 0
( 0,9999999994669694 1,0000000012681152 1,000000001601321 ), 0
( 0,9999999994667649 1,0000000012677708 1,0000000016006854 ), 0
( 0,9999999994662421 1,0000000012686705 1,000000001602181 ), 0
( 0,9999999994665335 1,0000000012683894 1,0000000016020045 ), 0
( 0,9999999994659733 1,00000000126833 1,0000000016023958 ), 0
( 0,9999999994667367 1,0000000012681436 1,000000001601859 ), 0
( 0,9999999994665989 1,0000000012678942 1,0000000016017163 ), 0
( 0,9999999994662891 1,0000000012674901 1,000000001600317 ), 0
( 0,9999999994666774 1,0000000012681756 1,0000000016017145 ), 0
( 0,9999999994667329 1,0000000012681218 1,0000000016016606 ), 0
( 0,9999999994666697 1,0000000012680494 1,0000000016014203 ), 0
( 0,9999999994661025 1,000000001268174 1,0000000016017403 ), 0
( 0,9999999994670825 1,0000000012680241 1,0000000016014605 ), 0
( 0,9999999994665411 1,000000001268119 1,0000000016015718 ), 0
( 0,9999999994669788 1,0000000012680912 1,0000000016015818 ), 0
( 0,9999999994665189 1,0000000012682062 1,0000000016014716 ), 0
( 0,9999999994666375 1,0000000012678636 1,000000001600673 ), 0
( 0,999999999466612 1,0000000012677444 1,0000000016017399 ), 0
( 0,9999999994663742 1,0000000012675911 1,0000000016018606 ), 0
( 0,9999999994664174 1,0000000012673387 1,0000000016018757 ), 0
( 0,9999999994663884 1,0000000012680612 1,0000000016021835 ), 0
( 0,9999999994666179 1,0000000012677683 1,0000000016010078 ), 0
( 0,999999999466731 1,000000001267905 1,0000000016020332 ), 0
( 0,9999999994665543 1,0000000012679233 1,000000001601394 ), 0
( 0,99999999946742 1,000000001266971 1,0000000015994452 ), 0
( 0,9999999994665638 1,0000000012671866 1,0000000016014863 ), 0
( 0,99999999946665 1,0000000012681418 1,0000000016013633 ), 0
( 0,9999999994665276 1,0000000012678274 1,0000000016005943 ), 0
( 0,9999999994665559 1,0000000012671775 1,0000000016013113 ), 0
( 0,9999999994665777 1,0000000012671182 1,000000001600732 ), 0
( 0,9999999994666902 1,0000000012676167 1,0000000016012103 ), 0
( 0,999999999466294 1,0000000012681078 1,0000000016017605 ), 0
( 0,9999999994663388 1,0000000012673338 1,000000001601315 ), 0
( 0,99999999946662 1,0000000012677979 1,0000000016014465 ), 0
( 0,999999999466796 1,000000001267284 1,000000001601064 ), 0
( 0,9999999994666551 1,0000000012677244 1,0000000016017687 ), 0
( 0,9999999994667083 1,0000000012673766 1,0000000016010409 ), 0
( 0,9999999994668037 1,0000000012682717 1,0000000016021224 ), 0
( 0,9999999994667137 1,0000000012679007 1,000000001601486 ), 0
( 0,9999999994664548 1,0000000012679544 1,0000000016016755 ), 0
( 0,9999999994664798 1,0000000012676384 1,0000000016019657 ), 0
( 0,999999999466558 1,0000000012676489 1,0000000016014237 ), 0
( 0,9999999994665734 1,0000000012673727 1,000000001601184 ), 0
( 0,9999999994664689 1,0000000012686174 1,0000000016022368 ), 0
( 0,999999999466645 1,0000000012677266 1,0000000016017556 ), 0
( 0,999999999466566 1,0000000012674164 1,0000000016010695 ), 0
( 0,9999999994667319 1,0000000012680008 1,0000000016012014 ), 0
( 0,9999999994665064 1,000000001268347 1,000000001603024 ), 0
( 0,9999999994665906 1,0000000012676311 1,0000000016013906 ), 0
( 0,9999999994667589 1,0000000012677328 1,0000000016008919 ), 0
( 0,9999999994666343 1,0000000012678425 1,0000000016021418 ), 0
( 0,9999999994665983 1,0000000012681785 1,0000000016019206 ), 0
( 0,9999999994662453 1,0000000012680834 1,0000000016015422 ), 0
( 0,9999999994665595 1,0000000012678234 1,000000001602138 ), 0
( 0,999999999466857 1,0000000012678807 1,0000000016015353 ), 0
( 0,9999999994665085 1,0000000012679109 1,000000001601721 ), 0
( 0,9999999994665247 1,0000000012674424 1,000000001601112 ), 0
( 0,9999999994664086 1,0000000012680537 1,0000000016016055 ), 0
( 0,9999999994670326 1,0000000012679533 1,0000000016008062 ), 0
( 0,9999999994665307 1,000000001266967 1,0000000016005415 ), 0
( 0,9999999994667057 1,0000000012677608 1,0000000016015458 ), 0
( 0,9999999994666579 1,0000000012674999 1,000000001601239 ), 0
( 0,9999999994666652 1,0000000012681611 1,0000000016017685 ), 0
( 0,9999999994665545 1,0000000012680514 1,000000001601599 ), 0
( 0,9999999994666569 1,0000000012678072 1,0000000016010535 ), 0
( 0,9999999994662578 1,0000000012676467 1,0000000016010993 ), 0
( 0,9999999994665748 1,0000000012673995 1,0000000016010189 ), 0
( 0,9999999994664754 1,0000000012680583 1,0000000016024742 ), 0
( 0,9999999994665791 1,0000000012680126 1,0000000016014543 ), 0
( 0,9999999994665605 1,000000001267912 1,0000000016016006 ), 0
( 0,999999999466201 1,0000000012674677 1,0000000016006922 ), 0
( 0,9999999994664325 1,0000000012679562 1,000000001601736 ), 0
( 0,9999999994664738 1,0000000012677437 1,0000000016016233 ), 0
( 0,9999999994668048 1,000000001267699 1,0000000016012924 ), 0
( 0,9999999994666515 1,0000000012671502 1,0000000016010289 ), 0
( 0,9999999994664557 1,0000000012673171 1,000000001601362 ), 0
( 0,9999999994663639 1,000000001268263 1,0000000016019832 ), 0
( 0,9999999994662169 1,0000000012680583 1,0000000016017956 ), 0
( 0,9999999994665141 1,0000000012679338 1,0000000016016966 ), 0
( 0,9999999994666082 1,0000000012681423 1,0000000016007864 ), 0
( 0,9999999994667694 1,0000000012671466 1,0000000016009891 ), 0
( 0,9999999994664093 1,0000000012681305 1,0000000016014163 ), 0
( 0,999999999467023 1,0000000012682575 1,000000001601536 ), 0
( 0,9999999994667292 1,0000000012678096 1,000000001600928 ), 0
( 0,9999999994668952 1,0000000012681307 1,0000000016015613 ), 0
( 0,9999999994662996 1,0000000012680197 1,0000000016016906 ), 0
( 0,9999999994665414 1,000000001267518 1,0000000016012496 ), 0
( 0,9999999994665283 1,0000000012677492 1,0000000016010797 ), 0
( 0,9999999994665253 1,0000000012676988 1,000000001601138 ), 0
( 0,99999999946665 1,000000001267901 1,0000000016024533 ), 0
( 0,9999999994663761 1,0000000012678931 1,0000000016015465 ), 0
( 0,9999999994665595 1,0000000012675418 1,0000000016007686 ), 0
( 0,9999999994664293 1,000000001267412 1,0000000016014547 ), 0
( 0,9999999994667682 1,0000000012683365 1,0000000016017945 ), 0
( 0,9999999994665592 1,0000000012685786 1,0000000016014776 ), 0
( 0,9999999994662013 1,0000000012686165 1,0000000016015815 ), 0
( 0,9999999994666116 1,0000000012688495 1,0000000016020616 ), 0
( 0,9999999994666793 1,0000000012678896 1,0000000016013038 ), 0
( 0,9999999994668839 1,000000001267918 1,0000000016015136 ), 0
( 0,9999999994666229 1,000000001268163 1,0000000016018422 ), 0
( 0,9999999994669321 1,0000000012673769 1,0000000016012471 ), 0
( 0,9999999994665975 1,0000000012676338 1,0000000016015718 ), 0
( 0,999999999466704 1,000000001267585 1,00000000160105 ), 0
( 0,9999999994666964 1,0000000012651156 1,0000000015987622 ), 0
( 0,9999999994664377 1,0000000012673667 1,0000000016011756 ), 0
( 0,9999999994664979 1,0000000012668362 1,0000000016000565 ), 0
( 0,9999999994665196 1,0000000012670522 1,0000000016001023 ), 0
( 0,999999999466689 1,0000000012679071 1,0000000016013553 ), 0
( 0,9999999994665733 1,0000000012680974 1,000000001602142 ), 0
( 0,999999999466505 1,0000000012681753 1,0000000016024067 ), 0
( 0,9999999994666617 1,0000000012672847 1,0000000016027732 ), 0
( 0,9999999994664368 1,0000000012678896 1,00000000160142 ), 0
( 0,999999999467291 1,000000001268213 1,0000000016008348 ), 0
( 0,999999999466717 1,0000000012674806 1,000000001601492 ), 0
( 0,9999999994666842 1,0000000012676984 1,0000000016011379 ), 0
( 0,9999999994665896 1,0000000012683796 1,000000001601818 ), 0
( 0,9999999994665181 1,000000001267797 1,0000000016011437 ), 0
( 0,9999999994668447 1,0000000012680308 1,0000000016014605 ), 0
( 0,9999999994665016 1,000000001267529 1,0000000016015311 ), 0
( 0,9999999994672113 1,0000000012680779 1,000000001601183 ), 0
( 0,9999999994664062 1,000000001267705 1,000000001601181 ), 0
( 0,9999999994666318 1,0000000012680683 1,0000000016015314 ), 0
( 0,9999999994667544 1,0000000012672976 1,0000000016008912 ), 0
( 0,9999999994668609 1,0000000012677852 1,0000000016017587 ), 0
( 0,999999999466496 1,0000000012655665 1,000000001598859 ), 0
( 0,9999999994667077 1,0000000012684618 1,0000000016017763 ), 0
( 0,9999999994665553 1,0000000012673116 1,0000000016008783 ), 0
( 0,9999999994675184 1,00000000126803 1,0000000016014836 ), 0
( 0,9999999994666743 1,0000000012685628 1,0000000016017325 ), 0
( 0,9999999994662342 1,000000001267465 1,0000000016017563 ), 0
( 0,9999999994665925 1,0000000012683419 1,000000001601482 ), 0
( 0,9999999994668434 1,0000000012681518 1,0000000016017376 ), 0
( 0,9999999994665869 1,000000001268069 1,000000001602228 ), 0
( 0,999999999466432 1,0000000012678791 1,0000000016015593 ), 0
( 0,9999999994665564 1,0000000012676855 1,0000000016014812 ), 0
( 0,9999999994664858 1,0000000012679624 1,0000000016017865 ), 0
( 0,9999999994669292 1,0000000012685113 1,0000000016019133 ), 0
( 0,9999999994664568 1,0000000012673362 1,0000000016017059 ), 0
( 0,9999999994661205 1,0000000012676575 1,0000000016019026 ), 0
( 0,9999999994667426 1,000000001267882 1,0000000016012747 ), 0
( 0,9999999994667002 1,0000000012672723 1,0000000016006971 ), 0
( 0,9999999994664931 1,0000000012677812 1,000000001601287 ), 0
( 0,9999999994665558 1,0000000012678298 1,0000000016015975 ), 0
( 0,9999999994665711 1,0000000012673447 1,0000000016012625 ), 0
( 0,9999999994667672 1,000000001267712 1,0000000016012514 ), 0
( 0,9999999994667639 1,0000000012670407 1,0000000016006625 ), 0
( 0,9999999994667546 1,0000000012678298 1,0000000016011266 ), 0
( 0,9999999994665163 1,0000000012678463 1,0000000016011834 ), 0
( 0,9999999994666845 1,000000001267862 1,0000000016015225 ), 0
( 0,9999999994667237 1,0000000012685712 1,000000001601777 ), 0
( 0,9999999994664037 1,0000000012681056 1,0000000016014823 ), 0
( 0,9999999994667861 1,0000000012678558 1,0000000016014379 ), 0
( 0,9999999994666852 1,0000000012676173 1,0000000016013486 ), 0
( 0,9999999994665332 1,0000000012683012 1,0000000016015778 ), 0
( 0,9999999994664437 1,0000000012678456 1,000000001601263 ), 0
( 0,999999999466638 1,0000000012682893 1,0000000016017887 ), 0
( 0,9999999994663693 1,000000001267846 1,0000000016011534 ), 0
( 0,999999999466783 1,0000000012666648 1,000000001600445 ), 0
( 0,9999999994665847 1,0000000012680226 1,0000000016014734 ), 0
( 0,9999999994662864 1,0000000012680426 1,000000001601298 ), 0
( 0,9999999994665549 1,0000000012683596 1,0000000016020565 ), 0
( 0,999999999466904 1,0000000012667845 1,0000000016007342 ), 0
( 0,9999999994658407 1,0000000012683667 1,0000000016023365 ), 0
( 0,9999999994664437 1,000000001268134 1,000000001601593 ), 0
( 0,9999999994665754 1,0000000012678112 1,0000000016013948 ), 0
( 0,9999999994664609 1,0000000012674908 1,0000000016010746 ), 0
( 0,9999999994665755 1,000000001267905 1,0000000016017674 ), 0
( 0,9999999994668055 1,0000000012680348 1,0000000016016524 ), 0
( 0,9999999994667829 1,00000000126815 1,0000000016016142 ), 0
( 0,9999999994667501 1,0000000012679056 1,0000000016022166 ), 0
( 0,9999999994667335 1,0000000012673123 1,0000000016007518 ), 0
( 0,9999999994666673 1,0000000012676156 1,0000000016014126 ), 0
( 0,9999999994664873 1,0000000012680088 1,0000000016018136 ), 0
( 0,9999999994667336 1,0000000012677266 1,000000001601834 ), 0
( 0,9999999994666204 1,0000000012676147 1,0000000016020216 ), 0
( 0,9999999994661573 1,0000000012680224 1,0000000016017339 ), 0
( 0,9999999994667328 1,0000000012684493 1,0000000016018427 ), 0
( 0,9999999994667703 1,0000000012677224 1,0000000016013257 ), 0
( 0,9999999994667581 1,0000000012669348 1,0000000016009731 ), 0
( 0,9999999994668 1,0000000012678112 1,000000001601147 ), 0
( 0,9999999994667624 1,000000001267098 1,0000000016010724 ), 0
( 0,9999999994666356 1,0000000012678139 1,0000000016019728 ), 0
( 0,9999999994665378 1,0000000012678483 1,0000000016013444 ), 0
( 0,9999999994667745 1,0000000012681005 1,0000000016018422 ), 0
( 0,9999999994663136 1,0000000012685182 1,0000000016037285 ), 0
( 0,9999999994665859 1,0000000012677046 1,0000000016013664 ), 0
( 0,9999999994666765 1,0000000012688444 1,000000001602431 ), 0
( 0,9999999994668158 1,0000000012679477 1,0000000016013713 ), 0
( 0,9999999994665291 1,0000000012678703 1,000000001601587 ), 0
( 0,9999999994663193 1,0000000012682175 1,0000000016019337 ), 0
( 0,9999999994665545 1,0000000012679868 1,0000000016018955 ), 0
( 0,9999999994665076 1,000000001267194 1,0000000016012203 ), 0
( 0,9999999994666481 1,00000000126803 1,0000000016014257 ), 0
( 0,9999999994667208 1,0000000012677568 1,0000000016010238 ), 0
( 0,9999999994664838 1,000000001267577 1,0000000016013528 ), 0
( 0,9999999994661726 1,0000000012671069 1,0000000016010797 ), 0
( 0,9999999994664268 1,000000001267312 1,000000001601542 ), 0
( 0,9999999994666694 1,0000000012673562 1,0000000016008663 ), 0
( 0,9999999994670653 1,000000001268205 1,0000000016016533 ), 0
( 0,9999999994664784 1,0000000012676797 1,0000000016011146 ), 0
( 0,9999999994664854 1,0000000012675054 1,0000000016017327 ), 0
( 0,999999999467003 1,000000001267693 1,0000000016009722 ), 0
( 0,9999999994666937 1,000000001268295 1,0000000016016077 ), 0
( 0,9999999994668404 1,000000001268054 1,00000000160156 ), 0
( 0,9999999994666874 1,000000001267979 1,0000000016016388 ), 0
( 0,9999999994664576 1,000000001268436 1,0000000016020345 ), 0
( 0,9999999994668863 1,0000000012673704 1,000000001600848 ), 0
( 0,9999999994668416 1,0000000012675738 1,0000000016014203 ), 0
( 0,999999999466796 1,0000000012675223 1,0000000016008639 ), 0
( 0,9999999994666774 1,000000001267911 1,0000000016009665 ), 0
( 0,9999999994667512 1,000000001267344 1,0000000016012858 ), 0
( 0,9999999994666635 1,000000001267842 1,0000000016017327 ), 0
( 0,9999999994675642 1,0000000012684425 1,0000000016006367 ), 0
( 0,999999999466623 1,0000000012680887 1,0000000016017632 ), 0
( 0,9999999994665192 1,0000000012676162 1,0000000016014408 ), 0
( 0,9999999994666712 1,0000000012678127 1,0000000016016037 ), 0
( 0,9999999994674577 1,0000000012680328 1,000000001600724 ), 0
( 0,9999999994665892 1,0000000012683086 1,0000000016027948 ), 0
( 0,9999999994665861 1,0000000012672805 1,000000001601379 ), 0
( 0,9999999994666023 1,0000000012679742 1,0000000016015977 ), 0
( 0,9999999994666586 1,0000000012677606 1,0000000016014416 ), 0
( 0,9999999994665686 1,0000000012672707 1,0000000016009931 ), 0
( 0,9999999994666688 1,000000001267492 1,0000000016011024 ), 0
( 0,9999999994664622 1,0000000012678913 1,0000000016012918 ), 0
( 0,9999999994665995 1,0000000012678658 1,0000000016017816 ), 0
( 0,9999999994665972 1,000000001267086 1,0000000016008275 ), 0
( 0,9999999994663147 1,0000000012681112 1,0000000016018082 ), 0
( 0,9999999994663619 1,0000000012672745 1,0000000016015016 ), 0
( 0,9999999994666751 1,0000000012678776 1,0000000016016004 ), 0
( 0,9999999994667036 1,0000000012683745 1,0000000016024062 ), 0
( 0,9999999994662437 1,0000000012676666 1,0000000016026218 ), 0
( 0,9999999994667642 1,0000000012674726 1,00000000160102 ), 0
( 0,9999999994665002 1,000000001268077 1,0000000016023387 ), 0
( 0,9999999994666814 1,0000000012676018 1,0000000016007573 ), 0
( 0,9999999994667167 1,0000000012677848 1,0000000016013137 ), 0
( 0,999999999466866 1,0000000012673786 1,0000000016011223 ), 0
( 0,999999999466312 1,0000000012678785 1,0000000016020054 ), 0
( 0,9999999994662068 1,0000000012682073 1,0000000016017214 ), 0
( 0,9999999994669795 1,000000001267845 1,0000000016009933 ), 0
( 0,9999999994667067 1,0000000012674637 1,0000000016017405 ), 0
( 0,9999999994667595 1,0000000012677166 1,000000001602724 ), 0
( 0,9999999994665757 1,000000001267997 1,0000000016012325 ), 0
( 0,999999999466489 1,0000000012677133 1,0000000016015738 ), 0
( 0,9999999994664879 1,0000000012674524 1,0000000016011332 ), 0
( 0,9999999994666088 1,0000000012677788 1,0000000016011625 ), 0
( 0,9999999994666535 1,0000000012679564 1,0000000016020443 ), 0
( 0,9999999994665018 1,000000001265784 1,000000001599467 ), 0
( 0,9999999994666583 1,0000000012676777 1,0000000016017088 ), 0
( 0,9999999994666121 1,0000000012681622 1,0000000016019859 ), 0
( 0,9999999994668447 1,0000000012677968 1,0000000016013184 ), 0
( 0,9999999994667773 1,0000000012681687 1,0000000016015282 ), 0
( 0,9999999994666888 1,000000001267915 1,00000000160131 ), 0
( 0,999999999466662 1,0000000012682004 1,000000001601424 ), 0
( 0,9999999994669434 1,0000000012679895 1,0000000016015704 ), 0
( 0,999999999466739 1,0000000012677341 1,0000000016011386 ), 0
( 0,9999999994666895 1,0000000012679011 1,000000001601668 ), 0
( 0,9999999994666586 1,0000000012679244 1,0000000016015564 ), 0
( 0,9999999994667115 1,0000000012681014 1,000000001602289 ), 0
( 0,999999999466392 1,0000000012678656 1,000000001601281 ), 0
( 0,9999999994665603 1,0000000012675982 1,0000000016015744 ), 0
( 0,9999999994665926 1,00000000126784 1,0000000016015027 ), 0
( 0,9999999994662876 1,000000001267932 1,000000001601022 ), 0
( 0,9999999994667437 1,0000000012678207 1,000000001601714 ), 0
( 0,9999999994668077 1,000000001268165 1,0000000016019777 ), 0
( 0,9999999994667259 1,000000001267863 1,0000000016007833 ), 0
( 0,9999999994670478 1,0000000012684338 1,0000000016013548 ), 0
( 0,9999999994663558 1,0000000012679278 1,0000000016014636 ), 0
( 0,999999999466737 1,000000001268164 1,0000000016012098 ), 0
( 0,9999999994667177 1,000000001267919 1,0000000016014121 ), 0
( 0,9999999994663414 1,000000001268125 1,0000000016018913 ), 0
( 0,9999999994666723 1,0000000012682124 1,0000000016015602 ), 0
( 0,9999999994667285 1,0000000012684718 1,0000000016016783 ), 0
( 0,9999999994666481 1,0000000012670969 1,0000000016006514 ), 0
( 0,9999999994665908 1,000000001267289 1,0000000016009176 ), 0
( 0,9999999994669307 1,000000001267404 1,0000000016008528 ), 0
( 0,9999999994667005 1,0000000012677945 1,0000000016012582 ), 0
( 0,9999999994663842 1,0000000012681256 1,0000000016023287 ), 0
( 0,9999999994664268 1,000000001267877 1,0000000016013593 ), 0
( 0,9999999994665748 1,000000001267655 1,0000000016020136 ), 0
( 0,9999999994666906 1,000000001267718 1,0000000016012434 ), 0
( 0,999999999466493 1,0000000012681967 1,000000001602033 ), 0
( 0,9999999994663942 1,0000000012676682 1,0000000016011032 ), 0
( 0,9999999994666666 1,000000001268193 1,0000000016020254 ), 0
( 0,9999999994667182 1,000000001268156 1,000000001601851 ), 0
( 0,9999999994664716 1,000000001268126 1,000000001601598 ), 0
( 0,9999999994660246 1,0000000012674153 1,00000000160176 ), 0
( 0,9999999994664956 1,0000000012671821 1,000000001600962 ), 0
( 0,9999999994670649 1,0000000012674075 1,0000000016007438 ), 0
( 0,9999999994663903 1,0000000012682808 1,0000000016019324 ), 0
( 0,9999999994666396 1,000000001267282 1,0000000016006865 ), 0
( 0,9999999994668353 1,0000000012676922 1,0000000016011044 ), 0
( 0,9999999994666383 1,000000001267821 1,0000000016018493 ), 0
( 0,9999999994667436 1,0000000012678727 1,0000000016010933 ), 0
( 0,999999999466416 1,0000000012680372 1,0000000016015653 ), 0
( 0,9999999994668117 1,00000000126802 1,0000000016014254 ), 0
( 0,9999999994676737 1,0000000012682562 1,000000001600737 ), 0
( 0,9999999994666707 1,0000000012681582 1,0000000016016188 ), 0
( 0,9999999994666974 1,0000000012673353 1,0000000016012376 ), 0
( 0,9999999994665364 1,0000000012688406 1,000000001602819 ), 0
( 0,999999999466549 1,0000000012684467 1,0000000016014257 ), 0
( 0,9999999994662786 1,0000000012680967 1,000000001602055 ), 0
( 0,9999999994664783 1,0000000012680528 1,0000000016015729 ), 0
( 0,9999999994666795 1,0000000012678358 1,0000000016014168 ), 0
( 0,9999999994667635 1,0000000012679156 1,0000000016015387 ), 0
( 0,9999999994667153 1,000000001267689 1,0000000016019646 ), 0
( 0,9999999994666459 1,0000000012679706 1,0000000016018993 ), 0
( 0,9999999994665341 1,0000000012681238 1,000000001601438 ), 0
( 0,9999999994664387 1,0000000012680748 1,000000001601977 ), 0
( 0,9999999994668767 1,0000000012676893 1,0000000016016009 ), 0
( 0,9999999994668902 1,0000000012674413 1,0000000016013224 ), 0
( 0,999999999466969 1,0000000012677126 1,0000000016011517 ), 0
( 0,9999999994664501 1,0000000012680272 1,000000001601537 ), 0
( 0,9999999994669165 1,0000000012678052 1,0000000016014026 ), 0
( 0,9999999994664837 1,0000000012675823 1,0000000016016273 ), 0
( 0,9999999994666331 1,0000000012670291 1,0000000016005877 ), 0
( 0,999999999466658 1,0000000012679315 1,0000000016012396 ), 0
( 0,9999999994666627 1,0000000012682697 1,000000001601835 ), 0
( 0,9999999994666545 1,000000001268084 1,0000000016017692 ), 0
( 0,9999999994669057 1,0000000012678436 1,0000000016006751 ), 0
( 0,9999999994666018 1,0000000012678758 1,0000000016015127 ), 0
( 0,9999999994667214 1,000000001267583 1,0000000016013002 ), 0
( 0,9999999994666253 1,0000000012677612 1,0000000016021193 ), 0
( 0,9999999994665623 1,0000000012679588 1,000000001601628 ), 0
( 0,9999999994666847 1,0000000012681085 1,0000000016017905 ), 0
( 0,9999999994665744 1,000000001268445 1,0000000016017971 ), 0
( 0,9999999994665515 1,0000000012682988 1,0000000016017965 ), 0
( 0,9999999994666773 1,0000000012679413 1,0000000016014245 ), 0
( 0,9999999994667024 1,0000000012685943 1,0000000016021315 ), 0
( 0,9999999994669074 1,0000000012678658 1,0000000016009514 ), 0
( 0,9999999994663185 1,000000001267568 1,0000000016019988 ), 0
( 0,9999999994667298 1,0000000012679113 1,0000000016014878 ), 0
( 0,9999999994666985 1,0000000012681394 1,000000001601749 ), 0
( 0,9999999994668063 1,000000001267601 1,0000000016009993 ), 0
( 0,9999999994665523 1,0000000012681642 1,0000000016019361 ), 0
( 0,99999999946651 1,0000000012680352 1,0000000016016488 ), 0
( 0,9999999994670083 1,0000000012678096 1,0000000016011932 ), 0
( 0,9999999994669219 1,0000000012678494 1,0000000016005026 ), 0
( 0,9999999994666097 1,0000000012677672 1,0000000015999755 ), 0
( 0,9999999994668248 1,00000000126782 1,0000000016019084 ), 0
( 0,9999999994667939 1,0000000012679702 1,000000001602201 ), 0
( 0,9999999994665496 1,0000000012680117 1,0000000016017625 ), 0
( 0,9999999994665706 1,000000001267427 1,0000000016001533 ), 0
( 0,9999999994668564 1,00000000126767 1,0000000016016815 ), 0
( 0,999999999466441 1,0000000012681827 1,0000000016018682 ), 0
( 0,9999999994665468 1,0000000012684598 1,0000000016021064 ), 0
( 0,9999999994667249 1,000000001267249 1,00000000160109 ), 0
( 0,9999999994666764 1,0000000012675598 1,00000000160072 ), 0
( 0,9999999994661903 1,0000000012679633 1,0000000016012924 ), 0
( 0,9999999994668674 1,0000000012677743 1,0000000016014223 ), 0
( 0,9999999994665837 1,000000001268071 1,000000001601887 ), 0
( 0,9999999994665758 1,0000000012676034 1,0000000016016781 ), 0
( 0,9999999994664436 1,000000001267591 1,000000001602001 ), 0
( 0,999999999466524 1,000000001267282 1,000000001600867 ), 0
( 0,9999999994669747 1,0000000012671728 1,0000000016008344 ), 0
( 0,9999999994665064 1,000000001267169 1,0000000016004178 ), 0
( 0,9999999994668398 1,0000000012684354 1,000000001602023 ), 0
( 0,9999999994668722 1,0000000012677368 1,0000000016011066 ), 0
( 0,9999999994674937 1,0000000012681682 1,0000000016008308 ), 0
( 0,999999999466615 1,0000000012680137 1,0000000016015134 ), 0
( 0,9999999994662558 1,0000000012680625 1,0000000016015502 ), 0
( 0,9999999994666895 1,0000000012675438 1,0000000016012147 ), 0
( 0,9999999994673026 1,0000000012680916 1,0000000016013029 ), 0
( 0,9999999994668277 1,0000000012679655 1,0000000016018082 ), 0
( 0,9999999994662644 1,000000001268032 1,0000000016017838 ), 0
( 0,9999999994667914 1,0000000012675194 1,0000000016016029 ), 0
( 0,9999999994665001 1,0000000012681491 1,0000000016020347 ), 0
( 0,9999999994667099 1,000000001267503 1,0000000016010455 ), 0
( 0,9999999994667629 1,0000000012682033 1,0000000016020851 ), 0
( 0,9999999994668775 1,0000000012679755 1,0000000016016863 ), 0
( 0,9999999994665231 1,0000000012663466 1,0000000016001862 ), 0
( 0,9999999994668171 1,000000001267569 1,0000000016009953 ), 0
( 0,9999999994669332 1,0000000012682129 1,0000000016015411 ), 0
( 0,9999999994669355 1,0000000012664236 1,000000001600492 ), 0
( 0,9999999994664258 1,0000000012677845 1,0000000016014483 ), 0
( 0,9999999994675822 1,0000000012681727 1,000000001600823 ), 0
( 0,9999999994665806 1,000000001267607 1,0000000016015442 ), 0
( 0,9999999994665117 1,0000000012677468 1,0000000016011015 ), 0
( 0,9999999994663946 1,0000000012675645 1,0000000016010768 ), 0
( 0,9999999994666464 1,0000000012673362 1,0000000016009107 ), 0
( 0,999999999467068 1,0000000012679717 1,0000000016013384 ), 0
( 0,9999999994666979 1,000000001268128 1,0000000016018196 ), 0
( 0,9999999994663814 1,0000000012676171 1,0000000016016424 ), 0
( 0,999999999466627 1,0000000012677437 1,0000000016018757 ), 0
( 0,999999999466601 1,0000000012682795 1,0000000016018764 ), 0
( 0,9999999994664543 1,0000000012681407 1,0000000016019515 ), 0
( 0,9999999994667775 1,0000000012676031 1,0000000016007733 ), 0
( 0,9999999994666865 1,0000000012673018 1,0000000016013009 ), 0
( 0,9999999994665837 1,0000000012675945 1,0000000016007897 ), 0
( 0,999999999466537 1,0000000012682562 1,0000000016026354 ), 0
( 0,9999999994664113 1,000000001267561 1,0000000016011585 ), 0
( 0,9999999994665999 1,0000000012674466 1,0000000016014778 ), 0
( 0,9999999994666336 1,0000000012682946 1,0000000016017048 ), 0
( 0,9999999994666966 1,0000000012683308 1,0000000016016173 ), 0
( 0,999999999466709 1,0000000012679717 1,0000000016017971 ), 0
( 0,999999999466652 1,000000001267889 1,0000000016016777 ), 0
( 0,9999999994661488 1,000000001267903 1,000000001602054 ), 0
( 0,9999999994667854 1,0000000012679184 1,0000000016019641 ), 0
( 0,9999999994667614 1,000000001268152 1,0000000016016364 ), 0
( 0,9999999994666725 1,0000000012674655 1,000000001601167 ), 0
( 0,9999999994667688 1,0000000012673667 1,0000000016013697 ), 0
( 0,9999999994664792 1,0000000012675536 1,000000001601008 ), 0
( 0,9999999994662752 1,0000000012675434 1,0000000016018151 ), 0
( 0,999999999466571 1,000000001268233 1,0000000016015436 ), 0
( 0,9999999994663102 1,000000001268056 1,0000000016013333 ), 0
( 0,9999999994667351 1,0000000012678711 1,000000001601338 ), 0
( 0,9999999994663709 1,000000001268294 1,000000001602425 ), 0
( 0,9999999994667573 1,0000000012679788 1,000000001601518 ), 0
( 0,9999999994668015 1,0000000012670973 1,0000000016006416 ), 0
( 0,9999999994664217 1,0000000012678933 1,000000001601311 ), 0
( 0,9999999994664646 1,0000000012680246 1,0000000016019104 ), 0
( 0,9999999994668274 1,0000000012676526 1,0000000016009984 ), 0
( 0,9999999994669672 1,0000000012674501 1,0000000016008985 ), 0
( 0,9999999994665416 1,0000000012677643 1,0000000016017752 ), 0
( 0,9999999994665607 1,00000000126746 1,0000000016009682 ), 0
( 0,9999999994667456 1,0000000012684762 1,0000000016021533 ), 0
( 0,9999999994664797 1,0000000012675792 1,0000000016010275 ), 0
( 0,9999999994666261 1,0000000012673647 1,000000001601191 ), 0
( 0,9999999994664998 1,0000000012677301 1,0000000016012724 ), 0
( 0,9999999994665162 1,0000000012680201 1,0000000016015878 ), 0
( 0,999999999466768 1,0000000012675223 1,0000000016010213 ), 0
( 0,999999999466741 1,0000000012679788 1,0000000016014023 ), 0
( 0,9999999994666073 1,0000000012675077 1,0000000016024273 ), 0
( 0,9999999994665708 1,0000000012677206 1,0000000016017905 ), 0
( 0,9999999994667919 1,000000001267776 1,0000000016012622 ), 0
( 0,999999999466589 1,0000000012659584 1,0000000015998922 ), 0
( 0,999999999466551 1,0000000012685597 1,000000001602112 ), 0
( 0,9999999994666708 1,000000001268043 1,0000000016017763 ), 0
( 0,9999999994669295 1,000000001267586 1,0000000016005182 ), 0
( 0,9999999994672353 1,0000000012678776 1,000000001601144 ), 0
( 0,9999999994664143 1,000000001267666 1,0000000016016317 ), 0
( 0,9999999994665466 1,000000001267627 1,0000000016022954 ), 0
( 0,9999999994665291 1,000000001268141 1,0000000016022714 ), 0
( 0,9999999994662969 1,0000000012681352 1,0000000016017336 ), 0
( 0,9999999994667041 1,0000000012680546 1,0000000016013626 ), 0
( 0,9999999994664971 1,0000000012674963 1,0000000016014818 ), 0
( 0,99999999946661 1,0000000012682655 1,0000000016016672 ), 0
( 0,999999999466072 1,0000000012682528 1,0000000016018582 ), 0
( 0,9999999994665263 1,0000000012678525 1,000000001601123 ), 0
( 0,9999999994669233 1,0000000012679042 1,0000000016013832 ), 0
( 0,9999999994663971 1,0000000012679013 1,0000000016018147 ), 0
( 0,9999999994667516 1,0000000012676147 1,0000000016014345 ), 0
( 0,9999999994670273 1,0000000012679684 1,0000000016011992 ), 0
( 0,9999999994665721 1,00000000126778 1,0000000016015584 ), 0
( 0,9999999994660734 1,000000001268054 1,0000000016017032 ), 0
( 0,9999999994666711 1,0000000012679318 1,0000000016015782 ), 0
( 0,9999999994667474 1,0000000012681414 1,0000000016017656 ), 0
( 0,999999999466449 1,0000000012676484 1,0000000016012258 ), 0
( 0,9999999994666263 1,0000000012675916 1,0000000016012327 ), 0
( 0,9999999994665105 1,000000001268288 1,0000000016020896 ), 0
( 0,9999999994661962 1,0000000012687693 1,0000000016027184 ), 0
( 0,9999999994665992 1,0000000012679169 1,000000001601427 ), 0
( 0,9999999994666162 1,0000000012681522 1,0000000016019108 ), 0
( 0,999999999466467 1,0000000012675585 1,0000000016012502 ), 0
( 0,9999999994670831 1,0000000012675074 1,0000000016010966 ), 0
( 0,999999999466582 1,0000000012678516 1,000000001601046 ), 0
( 0,9999999994667615 1,000000001267972 1,000000001601325 ), 0
( 0,9999999994665429 1,0000000012679886 1,000000001601758 ), 0
( 0,9999999994664486 1,0000000012675891 1,0000000016011974 ), 0
( 0,9999999994664743 1,000000001268009 1,0000000016014585 ), 0
( 0,9999999994666611 1,0000000012676742 1,0000000016015385 ), 0
( 0,9999999994664972 1,0000000012679162 1,000000001601737 ), 0
( 0,9999999994666152 1,0000000012674566 1,0000000016016448 ), 0
( 0,9999999994666494 1,0000000012673143 1,0000000016028152 ), 0
( 0,9999999994666567 1,0000000012675252 1,000000001601325 ), 0
( 0,9999999994665177 1,0000000012684194 1,0000000016018669 ), 0
( 0,9999999994668156 1,000000001267713 1,0000000016013755 ), 0
( 0,9999999994666434 1,000000001268152 1,0000000016004185 ), 0
( 0,9999999994666693 1,0000000012678651 1,0000000016018618 ), 0
( 0,9999999994670077 1,0000000012678867 1,0000000016007862 ), 0
( 0,9999999994662497 1,0000000012668078 1,000000001600156 ), 0
( 0,999999999466609 1,0000000012678032 1,0000000016015367 ), 0
( 0,9999999994661593 1,0000000012677537 1,0000000016014492 ), 0
( 0,9999999994664366 1,000000001267678 1,0000000016016282 ), 0
( 0,9999999994664894 1,000000001267951 1,0000000016013129 ), 0
( 0,9999999994667327 1,0000000012675136 1,0000000016012607 ), 0
( 0,9999999994665049 1,0000000012681602 1,0000000016019714 ), 0
( 0,9999999994664973 1,000000001268509 1,0000000016021635 ), 0
( 0,9999999994668121 1,000000001267209 1,0000000016012573 ), 0
( 0,9999999994669717 1,0000000012675887 1,0000000016012236 ), 0
( 0,9999999994667471 1,0000000012672658 1,0000000016008372 ), 0
( 0,9999999994668377 1,0000000012675354 1,0000000016013797 ), 0
( 0,9999999994667106 1,000000001268017 1,0000000016016906 ), 0
( 0,999999999466429 1,0000000012678572 1,000000001601309 ), 0
( 0,9999999994667534 1,0000000012679102 1,0000000016015327 ), 0
( 0,9999999994668047 1,0000000012669976 1,0000000016010324 ), 0
( 0,9999999994665681 1,0000000012674721 1,0000000016010007 ), 0
( 0,9999999994672333 1,0000000012674959 1,0000000016005288 ), 0
( 0,9999999994666007 1,0000000012678025 1,0000000016018729 ), 0
( 0,9999999994667923 1,0000000012679606 1,0000000016016306 ), 0
( 0,9999999994667021 1,0000000012681995 1,000000001601563 ), 0
( 0,9999999994664366 1,0000000012677652 1,0000000016018415 ), 0
( 0,9999999994667265 1,0000000012674028 1,0000000016009691 ), 0
( 0,9999999994666339 1,0000000012675712 1,0000000016017565 ), 0
( 0,9999999994666485 1,0000000012681542 1,0000000016017114 ), 0
( 0,9999999994667867 1,0000000012674388 1,0000000016012622 ), 0
( 0,9999999994667523 1,0000000012675216 1,00000000160149 ), 0
( 0,9999999994664815 1,0000000012675547 1,0000000016009742 ), 0
( 0,9999999994670518 1,0000000012675894 1,0000000016009236 ), 0
( 0,999999999466986 1,0000000012673025 1,0000000016008472 ), 0
( 0,9999999994664909 1,0000000012676227 1,0000000016011499 ), 0
( 0,9999999994666234 1,0000000012673234 1,0000000016009951 ), 0
( 0,9999999994666703 1,000000001267823 1,0000000016007016 ), 0
( 0,999999999466723 1,0000000012676817 1,0000000016014003 ), 0
( 0,9999999994666797 1,0000000012678956 1,0000000016014419 ), 0
( 0,9999999994663478 1,0000000012673465 1,0000000016012907 ), 0
( 0,999999999466145 1,0000000012680978 1,0000000016023096 ), 0
( 0,9999999994668524 1,0000000012676897 1,0000000016013582 ), 0
( 0,9999999994669386 1,0000000012680303 1,0000000016018025 ), 0
( 0,9999999994661226 1,0000000012680759 1,0000000016019093 ), 0
( 0,9999999994663722 1,0000000012680306 1,000000001602384 ), 0
( 0,9999999994668842 1,000000001267797 1,000000001601852 ), 0
( 0,9999999994666774 1,0000000012678072 1,0000000016014563 ), 0
( 0,9999999994667603 1,0000000012673895 1,0000000016010824 ), 0
( 0,9999999994667493 1,0000000012683248 1,000000001601775 ), 0
( 0,9999999994667375 1,0000000012681496 1,0000000016018202 ), 0
( 0,9999999994668205 1,0000000012674148 1,0000000016009238 ), 0
( 0,9999999994664326 1,0000000012681227 1,0000000016015071 ), 0
( 0,9999999994667491 1,0000000012679262 1,0000000016014183 ), 0
( 0,999999999466642 1,0000000012677797 1,0000000016015775 ), 0
( 0,9999999994666298 1,0000000012673202 1,0000000016009474 ), 0
( 0,9999999994667467 1,0000000012674992 1,000000001601286 ), 0
( 0,9999999994667342 1,000000001267419 1,000000001600477 ), 0
( 0,9999999994664359 1,000000001267611 1,0000000016014026 ), 0
( 0,99999999946647 1,0000000012679455 1,000000001601612 ), 0
( 0,9999999994665589 1,0000000012668089 1,0000000016003185 ), 0
( 0,9999999994667756 1,0000000012674584 1,0000000016013104 ), 0
( 0,9999999994666126 1,00000000126472 1,000000001598305 ), 0
( 0,9999999994665678 1,0000000012675803 1,0000000016017259 ), 0
( 0,9999999994663364 1,000000001267591 1,0000000016018238 ), 0
( 0,9999999994670105 1,0000000012671757 1,0000000016008452 ), 0
( 0,9999999994668928 1,0000000012678667 1,000000001601283 ), 0
( 0,9999999994667275 1,0000000012674606 1,0000000016005963 ), 0
( 0,9999999994667818 1,0000000012680919 1,000000001601438 ), 0
( 0,9999999994669132 1,00000000126758 1,0000000016012303 ), 0
( 0,9999999994666385 1,000000001268051 1,0000000016014714 ), 0
( 0,9999999994664731 1,0000000012679178 1,000000001601569 ), 0
( 0,9999999994665268 1,000000001267388 1,0000000016001083 ), 0
( 0,9999999994668486 1,0000000012668444 1,0000000016002522 ), 0
( 0,9999999994670232 1,000000001267653 1,000000001601075 ), 0
( 0,9999999994668816 1,0000000012677828 1,0000000016016115 ), 0
( 0,9999999994667969 1,0000000012675323 1,000000001601213 ), 0
( 0,9999999994666806 1,0000000012678383 1,0000000016018302 ), 0
( 0,9999999994670771 1,0000000012674424 1,000000001600771 ), 0
( 0,9999999994665332 1,000000001268084 1,0000000016016548 ), 0
( 0,9999999994662753 1,0000000012678676 1,0000000016015274 ), 0
( 0,9999999994665573 1,0000000012676473 1,0000000016009816 ), 0
( 0,9999999994663161 1,00000000126736 1,0000000016012658 ), 0
( 0,9999999994666333 1,0000000012676689 1,0000000016010662 ), 0
( 0,9999999994668638 1,000000001267676 1,000000001601339 ), 0
( 0,9999999994667782 1,0000000012677621 1,0000000016014212 ), 0
( 0,9999999994663928 1,000000001267447 1,0000000016011372 ), 0
( 0,9999999994663064 1,0000000012666153 1,000000001600792 ), 0
( 0,9999999994663344 1,0000000012681676 1,0000000016018737 ), 0
( 0,99999999946647 1,0000000012679113 1,0000000016016137 ), 0
( 0,9999999994667798 1,000000001267895 1,0000000016017265 ), 0
( 0,9999999994670163 1,0000000012681591 1,000000001600932 ), 0
( 0,9999999994662564 1,0000000012673493 1,0000000016015664 ), 0
( 0,9999999994667094 1,0000000012681793 1,0000000016017452 ), 0
( 0,9999999994668911 1,0000000012679593 1,0000000016019968 ), 0
( 0,9999999994664964 1,0000000012670673 1,0000000016008677 ), 0
( 0,999999999466605 1,0000000012673116 1,0000000016005903 ), 0
( 0,9999999994669794 1,0000000012682262 1,0000000016009276 ), 0
( 0,9999999994668315 1,000000001267318 1,0000000016007844 ), 0
( 0,9999999994668891 1,0000000012672658 1,0000000016007138 ), 0
( 0,999999999466734 1,0000000012677497 1,00000000160097 ), 0
( 0,9999999994665824 1,0000000012679822 1,0000000016015393 ), 0
( 0,9999999994666081 1,0000000012675447 1,000000001602227 ), 0
( 0,9999999994668242 1,000000001267768 1,0000000016010808 ), 0
( 0,9999999994668421 1,0000000012678887 1,000000001601475 ), 0
( 0,9999999994666698 1,000000001267887 1,0000000016009407 ), 0
( 0,9999999994666985 1,0000000012677819 1,0000000016012884 ), 0
( 0,9999999994661268 1,0000000012680268 1,0000000016014057 ), 0
( 0,9999999994667812 1,0000000012676913 1,0000000016016195 ), 0
( 0,9999999994667234 1,000000001267836 1,000000001601546 ), 0
( 0,9999999994666862 1,000000001267657 1,0000000016018276 ), 0
( 0,9999999994666995 1,0000000012674166 1,0000000016013577 ), 0
( 0,9999999994666114 1,0000000012677128 1,0000000016011572 ), 0
( 0,9999999994665483 1,000000001267335 1,000000001601442 ), 0
( 0,9999999994670307 1,0000000012680021 1,0000000016016344 ), 0
( 0,9999999994667117 1,0000000012672676 1,0000000016007082 ), 0
( 0,9999999994666489 1,0000000012676413 1,0000000016016448 ), 0
( 0,9999999994673094 1,0000000012688164 1,0000000016008652 ), 0
( 0,9999999994666487 1,000000001267595 1,0000000016010393 ), 0
( 0,9999999994666882 1,0000000012673247 1,0000000016009747 ), 0
( 0,9999999994663962 1,000000001268107 1,000000001602312 ), 0
( 0,9999999994667412 1,0000000012680768 1,0000000016018373 ), 0
( 0,9999999994668902 1,0000000012673498 1,0000000016009953 ), 0
( 0,9999999994667994 1,0000000012677717 1,0000000016018933 ), 0
( 0,9999999994666601 1,0000000012674857 1,0000000016011434 ), 0
( 0,999999999466475 1,0000000012678807 1,0000000016017194 ), 0
( 0,999999999466057 1,0000000012678443 1,0000000016014714 ), 0
( 0,9999999994667674 1,000000001268321 1,0000000016019768 ), 0
( 0,9999999994668431 1,0000000012675763 1,0000000016005774 ), 0
( 0,9999999994664293 1,000000001267907 1,0000000016020223 ), 0
( 0,9999999994665378 1,0000000012676813 1,0000000016013242 ), 0
( 0,9999999994665317 1,0000000012677415 1,0000000016010355 ), 0
( 0,9999999994665735 1,000000001266237 1,0000000016001769 ), 0
( 0,9999999994663556 1,0000000012679922 1,00000000160169 ), 0
( 0,9999999994667605 1,0000000012677193 1,0000000016013613 ), 0
( 0,9999999994664802 1,0000000012679597 1,0000000016018078 ), 0
( 0,9999999994667256 1,000000001267984 1,0000000016015775 ), 0
( 0,9999999994666839 1,000000001268063 1,000000001601881 ), 0
( 0,9999999994665472 1,000000001267907 1,00000000160196 ), 0
( 0,9999999994667051 1,0000000012678554 1,0000000016017012 ), 0
( 0,9999999994668969 1,0000000012681851 1,000000001601666 ), 0
( 0,9999999994666872 1,0000000012681902 1,0000000016022517 ), 0
( 0,9999999994668222 1,000000001267457 1,0000000016011608 ), 0
( 0,9999999994664711 1,0000000012675796 1,0000000016010429 ), 0
( 0,9999999994666101 1,0000000012677726 1,0000000016021242 ), 0
( 0,9999999994666238 1,0000000012676846 1,0000000016011255 ), 0
( 0,9999999994666038 1,0000000012675951 1,0000000016008368 ), 0
( 0,999999999466504 1,0000000012681567 1,000000001601709 ), 0
( 0,9999999994672502 1,0000000012682877 1,0000000016009942 ), 0
( 0,999999999466793 1,0000000012684676 1,000000001602073 ), 0
( 0,999999999466682 1,0000000012674841 1,0000000016006825 ), 0
( 0,9999999994667886 1,0000000012677834 1,0000000016016115 ), 0
( 0,9999999994663066 1,0000000012680712 1,0000000016013166 ), 0
( 0,9999999994665584 1,00000000126751 1,0000000016014559 ), 0
( 0,999999999466711 1,0000000012679806 1,0000000016013737 ), 0
( 0,9999999994666011 1,0000000012673176 1,0000000016011197 ), 0
( 0,9999999994666442 1,0000000012675119 1,0000000016011699 ), 0
( 0,9999999994664787 1,0000000012679375 1,0000000016015411 ), 0
( 0,9999999994665142 1,0000000012677113 1,0000000016014121 ), 0
( 0,999999999466517 1,0000000012682217 1,0000000016019726 ), 0
( 0,9999999994668154 1,0000000012672605 1,0000000016010062 ), 0
( 0,9999999994669988 1,0000000012680048 1,0000000016011412 ), 0
( 0,9999999994661799 1,0000000012676267 1,0000000016015282 ), 0
( 0,9999999994663177 1,0000000012678825 1,0000000016017967 ), 0
( 0,9999999994666781 1,000000001267768 1,0000000016016948 ), 0
( 0,9999999994667846 1,0000000012674035 1,0000000016006971 ), 0
( 0,9999999994665322 1,0000000012673036 1,0000000016010817 ), 0
( 0,999999999466376 1,0000000012671775 1,000000001600589 ), 0
( 0,9999999994665868 1,0000000012682704 1,0000000016015695 ), 0
( 0,999999999466311 1,000000001267622 1,0000000016011097 ), 0
( 0,9999999994664777 1,0000000012677592 1,0000000016014694 ), 0
( 0,9999999994663804 1,0000000012681314 1,0000000016022461 ), 0
( 0,999999999466805 1,0000000012676658 1,0000000016011836 ), 0
( 0,9999999994665915 1,0000000012672032 1,0000000016003867 ), 0
( 0,9999999994665406 1,0000000012682067 1,000000001602073 ), 0
( 0,9999999994659573 1,0000000012677546 1,000000001602185 ), 0
( 0,9999999994664786 1,000000001267631 1,0000000016014001 ), 0
( 0,9999999994665838 1,000000001267941 1,0000000016013346 ), 0
( 0,999999999466913 1,0000000012676091 1,0000000016008233 ), 0
( 0,9999999994670066 1,0000000012679138 1,000000001601357 ), 0
( 0,9999999994668419 1,0000000012680608 1,000000001601632 ), 0
( 0,9999999994662818 1,0000000012676948 1,0000000016013608 ), 0
( 0,9999999994668357 1,000000001267566 1,0000000016023232 ), 0
( 0,9999999994666006 1,00000000126724 1,0000000016003563 ), 0
( 0,9999999994663916 1,0000000012668229 1,0000000016004444 ), 0
( 0,9999999994670764 1,0000000012677912 1,0000000016012995 ), 0
( 0,9999999994664093 1,0000000012672972 1,0000000016013277 ), 0
( 0,9999999994665398 1,0000000012679096 1,0000000016016446 ), 0
( 0,9999999994667045 1,0000000012678143 1,0000000016014443 ), 0
( 0,9999999994664899 1,0000000012680845 1,0000000016018176 ), 0
( 0,9999999994668122 1,0000000012679184 1,000000001601847 ), 0
( 0,9999999994666369 1,0000000012679695 1,0000000016016735 ), 0
( 0,9999999994665788 1,0000000012676118 1,0000000016015818 ), 0
( 0,9999999994664857 1,0000000012678791 1,0000000016016157 ), 0
( 0,999999999466456 1,000000001268149 1,000000001601479 ), 0
( 0,9999999994665922 1,0000000012675963 1,0000000016017387 ), 0
( 0,9999999994666017 1,0000000012675632 1,0000000016007569 ), 0
( 0,9999999994666369 1,0000000012681949 1,0000000016014963 ), 0
( 0,9999999994667027 1,0000000012678611 1,000000001602174 ), 0
( 0,9999999994663461 1,000000001267234 1,0000000016012567 ), 0
( 0,9999999994665763 1,0000000012679853 1,0000000016018373 ), 0
( 0,9999999994666212 1,0000000012670662 1,000000001600716 ), 0
( 0,999999999466525 1,0000000012682397 1,0000000016018087 ), 0
( 0,9999999994663655 1,0000000012672479 1,0000000016013049 ), 0
( 0,9999999994667422 1,0000000012668309 1,0000000016002477 ), 0
( 0,999999999467015 1,0000000012682693 1,0000000016010615 ), 0
( 0,9999999994664117 1,0000000012673382 1,0000000016012467 ), 0
( 0,9999999994665968 1,0000000012672485 1,000000001601666 ), 0
( 0,999999999466438 1,0000000012675319 1,0000000016010864 ), 0
( 0,9999999994665315 1,000000001267962 1,0000000016016577 ), 0
( 0,9999999994667195 1,000000001267921 1,0000000016016117 ), 0
( 0,9999999994665358 1,0000000012686994 1,0000000016027382 ), 0
( 0,99999999946663 1,0000000012676913 1,0000000016011623 ), 0
( 0,9999999994660513 1,0000000012682209 1,0000000016026092 ), 0
( 0,9999999994668107 1,00000000126802 1,0000000016012558 ), 0
( 0,9999999994666571 1,0000000012676296 1,0000000016014152 ), 0
Liczba wywoa funkcji celu: 183091
