Iteracja nr: 124
( 0,9999999994666104 1,000000001267786 1,0000000016014743 ), 0
( 0,99999999946661 1,0000000012677859 1,0000000016014763 ), 0
( 0,9999999994666129 1,0000000012677872 1,0000000016014727 ), 0
( 0,9999999994666109 1,0000000012677885 1,0000000016014756 ), 0
( 0,9999999994666113 1,0000000012677863 1,000000001601477 ), 0
( 0,9999999994666121 1,0000000012677848 1,000000001601471 ), 0
( 0,9999999994666121 1,0000000012677857 1,0000000016014712 ), 0
( 0,9999999994666112 1,000000001267789 1,000000001601475 ), 0
( 0,9999999994666093 1,0000000012677885 1,0000000016014758 ), 0
( 0,9999999994666109 1,0000000012677877 1,0000000016014767 ), 0
( 0,9999999994666109 1,0000000012677885 1,000000001601477 ), 0
( 0,9999999994666087 1,0000000012677872 1,0000000016014758 ), 0
( 0,9999999994666122 1,0000000012677883 1,000000001601473 ), 0
( 0,9999999994666107 1,000000001267786 1,0000000016014754 ), 0
( 0,99999999946661 1,0000000012677879 1,0000000016014723 ), 0
( 0,9999999994666111 1,0000000012677879 1,0000000016014756 ), 0
( 0,9999999994666112 1,0000000012677839 1,0000000016014732 ), 0
( 0,9999999994666113 1,0000000012677872 1,0000000016014747 ), 0
( 0,9999999994666116 1,0000000012677879 1,0000000016014736 ), 0
( 0,9999999994666118 1,000000001267787 1,0000000016014752 ), 0
( 0,9999999994666103 1,0000000012677837 1,0000000016014727 ), 0
( 0,9999999994666127 1,000000001267786 1,0000000016014698 ), 0
( 0,9999999994666121 1,0000000012677852 1,0000000016014694 ), 0
( 0,9999999994666118 1,0000000012677872 1,000000001601473 ), 0
( 0,9999999994666102 1,0000000012677848 1,0000000016014758 ), 0
( 0,9999999994666096 1,0000000012677874 1,0000000016014734 ), 0
( 0,9999999994666113 1,0000000012677903 1,0000000016014772 ), 0
( 0,9999999994666108 1,0000000012677877 1,0000000016014772 ), 0
( 0,9999999994666101 1,0000000012677854 1,0000000016014738 ), 0
( 0,9999999994666101 1,0000000012677852 1,0000000016014774 ), 0
( 0,999999999466611 1,000000001267786 1,0000000016014758 ), 0
( 0,9999999994666102 1,0000000012677888 1,0000000016014756 ), 0
( 0,9999999994666096 1,0000000012677892 1,000000001601479 ), 0
( 0,9999999994666104 1,0000000012677863 1,000000001601474 ), 0
( 0,9999999994666128 1,0000000012677868 1,0000000016014736 ), 0
( 0,999999999466611 1,0000000012677863 1,0000000016014727 ), 0
( 0,9999999994666109 1,0000000012677899 1,000000001601476 ), 0
( 0,9999999994666109 1,0000000012677879 1,0000000016014758 ), 0
( 0,9999999994666097 1,0000000012677877 1,0000000016014774 ), 0
( 0,99999999946661 1,0000000012677872 1,0000000016014763 ), 0
( 0,9999999994666114 1,0000000012677874 1,0000000016014745 ), 0
( 0,9999999994666093 1,000000001267788 1,000000001601476 ), 0
( 0,9999999994666101 1,0000000012677863 1,0000000016014732 ), 0
( 0,9999999994666113 1,0000000012677872 1,0000000016014752 ), 0
( 0,9999999994666128 1,0000000012677845 1,0000000016014687 ), 0
( 0,9999999994666102 1,0000000012677892 1,0000000016014758 ), 0
( 0,9999999994666114 1,0000000012677872 1,0000000016014732 ), 0
( 0,9999999994666101 1,0000000012677874 1,0000000016014738 ), 0
( 0,9999999994666106 1,0000000012677874 1,000000001601475 ), 0
( 0,9999999994666097 1,000000001267787 1,0000000016014794 ), 0
( 0,9999999994666109 1,0000000012677865 1,0000000016014738 ), 0
( 0,9999999994666114 1,0000000012677863 1,0000000016014743 ), 0
( 0,9999999994666089 1,0000000012677874 1,000000001601477 ), 0
( 0,9999999994666106 1,0000000012677879 1,000000001601476 ), 0
( 0,999999999466611 1,0000000012677865 1,000000001601476 ), 0
( 0,9999999994666123 1,0000000012677877 1,0000000016014752 ), 0
( 0,9999999994666108 1,0000000012677865 1,0000000016014712 ), 0
( 0,9999999994666109 1,000000001267786 1,0000000016014754 ), 0
( 0,9999999994666119 1,0000000012677843 1,0000000016014703 ), 0
( 0,999999999466611 1,0000000012677848 1,0000000016014732 ), 0
( 0,9999999994666101 1,0000000012677868 1,0000000016014758 ), 0
( 0,9999999994666122 1,000000001267786 1,0000000016014727 ), 0
( 0,9999999994666104 1,0000000012677857 1,0000000016014736 ), 0
( 0,9999999994666128 1,0000000012677883 1,0000000016014716 ), 0
( 0,9999999994666101 1,000000001267787 1,0000000016014747 ), 0
( 0,9999999994666084 1,0000000012677879 1,0000000016014796 ), 0
( 0,9999999994666129 1,0000000012677885 1,0000000016014732 ), 0
( 0,9999999994666109 1,0000000012677903 1,000000001601476 ), 0
( 0,99999999946661 1,000000001267789 1,0000000016014798 ), 0
( 0,9999999994666118 1,0000000012677863 1,000000001601473 ), 0
( 0,9999999994666094 1,000000001267787 1,000000001601475 ), 0
( 0,9999999994666109 1,0000000012677865 1,0000000016014765 ), 0
( 0,9999999994666112 1,0000000012677863 1,0000000016014743 ), 0
( 0,9999999994666116 1,0000000012677899 1,0000000016014705 ), 0
( 0,9999999994666107 1,0000000012677877 1,0000000016014767 ), 0
( 0,9999999994666103 1,0000000012677837 1,0000000016014712 ), 0
( 0,9999999994666087 1,0000000012677877 1,0000000016014725 ), 0
( 0,9999999994666101 1,0000000012677879 1,0000000016014736 ), 0
( 0,9999999994666133 1,0000000012677879 1,0000000016014743 ), 0
( 0,9999999994666121 1,0000000012677865 1,0000000016014747 ), 0
( 0,999999999466613 1,0000000012677868 1,0000000016014676 ), 0
( 0,9999999994666106 1,0000000012677885 1,000000001601476 ), 0
( 0,9999999994666104 1,0000000012677857 1,0000000016014723 ), 0
( 0,9999999994666116 1,000000001267785 1,0000000016014736 ), 0
( 0,9999999994666103 1,0000000012677872 1,0000000016014756 ), 0
( 0,9999999994666121 1,0000000012677883 1,000000001601475 ), 0
( 0,9999999994666114 1,000000001267786 1,0000000016014725 ), 0
( 0,9999999994666108 1,0000000012677863 1,0000000016014763 ), 0
( 0,9999999994666119 1,0000000012677865 1,000000001601476 ), 0
( 0,9999999994666109 1,000000001267789 1,0000000016014743 ), 0
( 0,9999999994666102 1,0000000012677877 1,0000000016014765 ), 0
( 0,99999999946661 1,0000000012677892 1,000000001601478 ), 0
( 0,9999999994666098 1,0000000012677905 1,0000000016014778 ), 0
( 0,9999999994666131 1,0000000012677865 1,0000000016014725 ), 0
( 0,9999999994666111 1,0000000012677848 1,0000000016014725 ), 0
( 0,9999999994666084 1,0000000012677868 1,000000001601476 ), 0
( 0,9999999994666108 1,0000000012677892 1,000000001601477 ), 0
( 0,9999999994666123 1,0000000012677872 1,0000000016014758 ), 0
( 0,9999999994666106 1,0000000012677872 1,0000000016014754 ), 0
( 0,9999999994666096 1,0000000012677885 1,0000000016014785 ), 0
( 0,9999999994666101 1,0000000012677857 1,0000000016014745 ), 0
( 0,9999999994666126 1,0000000012677883 1,0000000016014725 ), 0
( 0,9999999994666098 1,0000000012677879 1,0000000016014754 ), 0
( 0,9999999994666107 1,0000000012677854 1,000000001601473 ), 0
( 0,9999999994666117 1,0000000012677883 1,0000000016014752 ), 0
( 0,9999999994666094 1,000000001267786 1,0000000016014765 ), 0
( 0,9999999994666124 1,0000000012677852 1,0000000016014696 ), 0
( 0,9999999994666113 1,0000000012677872 1,0000000016014745 ), 0
( 0,9999999994666109 1,0000000012677859 1,0000000016014747 ), 0
( 0,9999999994666118 1,0000000012677852 1,0000000016014732 ), 0
( 0,9999999994666101 1,0000000012677874 1,0000000016014745 ), 0
( 0,9999999994666098 1,000000001267787 1,0000000016014736 ), 0
( 0,9999999994666121 1,0000000012677845 1,0000000016014736 ), 0
( 0,9999999994666088 1,000000001267789 1,0000000016014803 ), 0
( 0,9999999994666116 1,0000000012677885 1,0000000016014765 ), 0
( 0,9999999994666121 1,000000001267786 1,0000000016014796 ), 0
( 0,9999999994666106 1,0000000012677845 1,0000000016014763 ), 0
( 0,9999999994666089 1,0000000012677879 1,0000000016014785 ), 0
( 0,9999999994666104 1,0000000012677877 1,000000001601473 ), 0
( 0,9999999994666103 1,0000000012677877 1,0000000016014772 ), 0
( 0,999999999466611 1,000000001267785 1,0000000016014725 ), 0
( 0,99999999946661 1,0000000012677872 1,0000000016014765 ), 0
( 0,9999999994666103 1,0000000012677872 1,000000001601476 ), 0
( 0,9999999994666102 1,0000000012677863 1,0000000016014754 ), 0
( 0,9999999994666103 1,0000000012677877 1,0000000016014778 ), 0
( 0,9999999994666103 1,0000000012677863 1,0000000016014743 ), 0
( 0,9999999994666123 1,0000000012677868 1,0000000016014745 ), 0
( 0,9999999994666128 1,0000000012677877 1,000000001601472 ), 0
( 0,9999999994666128 1,0000000012677897 1,0000000016014765 ), 0
( 0,9999999994666097 1,0000000012677865 1,0000000016014727 ), 0
( 0,9999999994666084 1,0000000012677854 1,0000000016014785 ), 0
( 0,9999999994666108 1,0000000012677868 1,0000000016014723 ), 0
( 0,9999999994666116 1,0000000012677883 1,0000000016014743 ), 0
( 0,9999999994666119 1,0000000012677863 1,0000000016014725 ), 0
( 0,9999999994666101 1,0000000012677865 1,0000000016014734 ), 0
( 0,9999999994666129 1,0000000012677874 1,0000000016014745 ), 0
( 0,999999999466611 1,0000000012677859 1,0000000016014752 ), 0
( 0,9999999994666097 1,0000000012677912 1,0000000016014843 ), 0
( 0,9999999994666108 1,000000001267784 1,0000000016014743 ), 0
( 0,9999999994666108 1,0000000012677863 1,000000001601472 ), 0
( 0,9999999994666113 1,0000000012677883 1,0000000016014745 ), 0
( 0,9999999994666129 1,0000000012677854 1,0000000016014732 ), 0
( 0,9999999994666101 1,0000000012677874 1,0000000016014752 ), 0
( 0,9999999994666113 1,000000001267784 1,0000000016014718 ), 0
( 0,9999999994666122 1,000000001267785 1,000000001601472 ), 0
( 0,9999999994666092 1,000000001267788 1,000000001601476 ), 0
( 0,99999999946661 1,0000000012677868 1,0000000016014745 ), 0
( 0,9999999994666103 1,000000001267788 1,000000001601469 ), 0
( 0,9999999994666089 1,0000000012677865 1,000000001601476 ), 0
( 0,9999999994666092 1,000000001267787 1,000000001601476 ), 0
( 0,9999999994666112 1,0000000012677845 1,0000000016014714 ), 0
( 0,9999999994666112 1,000000001267785 1,0000000016014756 ), 0
( 0,9999999994666118 1,000000001267791 1,0000000016014752 ), 0
( 0,9999999994666103 1,000000001267787 1,0000000016014732 ), 0
( 0,9999999994666099 1,000000001267788 1,000000001601477 ), 0
( 0,9999999994666099 1,0000000012677885 1,000000001601477 ), 0
( 0,9999999994666109 1,0000000012677883 1,0000000016014734 ), 0
( 0,9999999994666109 1,0000000012677859 1,0000000016014765 ), 0
( 0,9999999994666124 1,0000000012677865 1,0000000016014772 ), 0
( 0,9999999994666098 1,000000001267784 1,0000000016014732 ), 0
( 0,9999999994666131 1,0000000012677872 1,000000001601472 ), 0
( 0,9999999994666099 1,000000001267786 1,0000000016014736 ), 0
( 0,9999999994666086 1,0000000012677837 1,0000000016014678 ), 0
( 0,9999999994666116 1,000000001267787 1,0000000016014743 ), 0
( 0,999999999466612 1,0000000012677897 1,0000000016014714 ), 0
( 0,9999999994666108 1,000000001267786 1,0000000016014736 ), 0
( 0,9999999994666107 1,000000001267786 1,0000000016014716 ), 0
( 0,9999999994666106 1,0000000012677868 1,000000001601475 ), 0
( 0,9999999994666101 1,000000001267788 1,000000001601473 ), 0
( 0,999999999466611 1,0000000012677863 1,0000000016014734 ), 0
( 0,9999999994666099 1,0000000012677877 1,0000000016014763 ), 0
( 0,9999999994666107 1,000000001267787 1,0000000016014734 ), 0
( 0,9999999994666108 1,000000001267787 1,0000000016014734 ), 0
( 0,9999999994666119 1,0000000012677872 1,000000001601474 ), 0
( 0,9999999994666124 1,0000000012677874 1,0000000016014685 ), 0
( 0,9999999994666101 1,0000000012677859 1,0000000016014774 ), 0
( 0,999999999466611 1,0000000012677874 1,0000000016014767 ), 0
( 0,9999999994666108 1,0000000012677857 1,0000000016014752 ), 0
( 0,9999999994666109 1,0000000012677859 1,000000001601474 ), 0
( 0,9999999994666141 1,000000001267788 1,0000000016014738 ), 0
( 0,9999999994666102 1,0000000012677865 1,0000000016014745 ), 0
( 0,9999999994666098 1,0000000012677854 1,0000000016014732 ), 0
( 0,9999999994666123 1,0000000012677879 1,0000000016014752 ), 0
( 0,9999999994666108 1,0000000012677872 1,0000000016014734 ), 0
( 0,9999999994666101 1,0000000012677852 1,0000000016014734 ), 0
( 0,9999999994666107 1,0000000012677852 1,000000001601473 ), 0
( 0,9999999994666117 1,000000001267787 1,000000001601472 ), 0
( 0,9999999994666124 1,000000001267785 1,0000000016014743 ), 0
( 0,999999999466612 1,000000001267785 1,0000000016014723 ), 0
( 0,999999999466611 1,0000000012677874 1,0000000016014758 ), 0
( 0,9999999994666126 1,0000000012677852 1,000000001601474 ), 0
( 0,9999999994666101 1,0000000012677874 1,0000000016014767 ), 0
( 0,9999999994666117 1,0000000012677877 1,0000000016014752 ), 0
( 0,9999999994666117 1,0000000012677845 1,0000000016014696 ), 0
( 0,9999999994666101 1,0000000012677874 1,0000000016014763 ), 0
( 0,99999999946661 1,000000001267788 1,0000000016014763 ), 0
( 0,9999999994666117 1,000000001267786 1,0000000016014734 ), 0
( 0,9999999994666102 1,0000000012677859 1,000000001601475 ), 0
( 0,9999999994666096 1,0000000012677872 1,0000000016014752 ), 0
( 0,9999999994666106 1,0000000012677868 1,0000000016014736 ), 0
( 0,9999999994666106 1,0000000012677859 1,0000000016014723 ), 0
( 0,999999999466612 1,0000000012677872 1,000000001601476 ), 0
( 0,9999999994666101 1,000000001267789 1,0000000016014758 ), 0
( 0,9999999994666112 1,000000001267787 1,0000000016014736 ), 0
( 0,9999999994666107 1,0000000012677857 1,0000000016014734 ), 0
( 0,9999999994666094 1,0000000012677879 1,0000000016014778 ), 0
( 0,9999999994666121 1,000000001267786 1,0000000016014756 ), 0
( 0,9999999994666108 1,0000000012677874 1,0000000016014738 ), 0
( 0,999999999466611 1,000000001267787 1,000000001601476 ), 0
( 0,9999999994666123 1,000000001267786 1,0000000016014718 ), 0
( 0,9999999994666113 1,000000001267786 1,000000001601473 ), 0
( 0,9999999994666096 1,000000001267787 1,0000000016014716 ), 0
( 0,999999999466612 1,0000000012677865 1,000000001601474 ), 0
( 0,9999999994666123 1,0000000012677863 1,000000001601474 ), 0
( 0,9999999994666119 1,0000000012677885 1,000000001601476 ), 0
( 0,9999999994666107 1,0000000012677877 1,0000000016014763 ), 0
( 0,9999999994666118 1,000000001267786 1,0000000016014754 ), 0
( 0,9999999994666113 1,0000000012677872 1,000000001601477 ), 0
( 0,9999999994666122 1,0000000012677883 1,0000000016014758 ), 0
( 0,9999999994666107 1,0000000012677868 1,000000001601475 ), 0
( 0,9999999994666107 1,000000001267787 1,0000000016014776 ), 0
( 0,9999999994666108 1,000000001267787 1,0000000016014736 ), 0
( 0,9999999994666094 1,0000000012677865 1,0000000016014776 ), 0
( 0,9999999994666124 1,0000000012677874 1,0000000016014747 ), 0
( 0,9999999994666078 1,0000000012677865 1,0000000016014778 ), 0
( 0,9999999994666099 1,000000001267788 1,0000000016014767 ), 0
( 0,9999999994666113 1,000000001267787 1,0000000016014736 ), 0
( 0,9999999994666117 1,0000000012677863 1,000000001601472 ), 0
( 0,9999999994666121 1,0000000012677868 1,0000000016014683 ), 0
( 0,9999999994666092 1,0000000012677888 1,000000001601482 ), 0
( 0,9999999994666119 1,0000000012677885 1,0000000016014712 ), 0
( 0,9999999994666096 1,0000000012677865 1,0000000016014763 ), 0
( 0,9999999994666113 1,0000000012677872 1,0000000016014723 ), 0
( 0,9999999994666118 1,0000000012677819 1,0000000016014732 ), 0
( 0,9999999994666112 1,0000000012677857 1,0000000016014738 ), 0
( 0,9999999994666096 1,0000000012677859 1,0000000016014734 ), 0
( 0,9999999994666128 1,000000001267788 1,0000000016014747 ), 0
( 0,9999999994666104 1,000000001267787 1,0000000016014743 ), 0
( 0,999999999466613 1,000000001267784 1,0000000016014696 ), 0
( 0,9999999994666107 1,0000000012677843 1,000000001601469 ), 0
( 0,9999999994666111 1,0000000012677868 1,0000000016014725 ), 0
( 0,9999999994666114 1,0000000012677872 1,000000001601475 ), 0
( 0,9999999994666121 1,0000000012677868 1,0000000016014734 ), 0
( 0,9999999994666098 1,0000000012677879 1,0000000016014754 ), 0
( 0,9999999994666112 1,0000000012677879 1,000000001601474 ), 0
( 0,9999999994666113 1,0000000012677843 1,0000000016014732 ), 0
( 0,99999999946661 1,0000000012677865 1,0000000016014752 ), 0
( 0,9999999994666111 1,0000000012677868 1,0000000016014738 ), 0
( 0,9999999994666112 1,0000000012677859 1,0000000016014732 ), 0
( 0,9999999994666111 1,0000000012677852 1,0000000016014705 ), 0
( 0,9999999994666087 1,0000000012677859 1,0000000016014774 ), 0
( 0,9999999994666113 1,000000001267785 1,000000001601473 ), 0
( 0,9999999994666104 1,000000001267785 1,0000000016014732 ), 0
( 0,999999999466612 1,000000001267787 1,000000001601473 ), 0
( 0,9999999994666109 1,0000000012677854 1,000000001601476 ), 0
( 0,9999999994666111 1,000000001267787 1,0000000016014763 ), 0
( 0,999999999466611 1,0000000012677892 1,000000001601476 ), 0
( 0,9999999994666098 1,0000000012677885 1,0000000016014783 ), 0
( 0,9999999994666113 1,0000000012677859 1,000000001601473 ), 0
( 0,9999999994666123 1,0000000012677848 1,0000000016014716 ), 0
( 0,999999999466611 1,000000001267788 1,0000000016014772 ), 0
( 0,9999999994666111 1,0000000012677854 1,0000000016014725 ), 0
( 0,9999999994666127 1,0000000012677892 1,000000001601477 ), 0
( 0,999999999466611 1,0000000012677872 1,000000001601474 ), 0
( 0,9999999994666118 1,000000001267787 1,0000000016014752 ), 0
( 0,9999999994666118 1,0000000012677892 1,0000000016014745 ), 0
( 0,9999999994666121 1,0000000012677854 1,0000000016014727 ), 0
( 0,9999999994666091 1,0000000012677857 1,0000000016014754 ), 0
( 0,99999999946661 1,0000000012677857 1,000000001601474 ), 0
( 0,999999999466612 1,000000001267788 1,0000000016014736 ), 0
( 0,999999999466611 1,0000000012677865 1,0000000016014734 ), 0
( 0,9999999994666127 1,0000000012677854 1,000000001601473 ), 0
( 0,9999999994666099 1,0000000012677857 1,0000000016014698 ), 0
( 0,9999999994666104 1,000000001267786 1,0000000016014705 ), 0
( 0,9999999994666119 1,0000000012677874 1,0000000016014725 ), 0
( 0,9999999994666103 1,0000000012677872 1,0000000016014778 ), 0
( 0,99999999946661 1,0000000012677863 1,0000000016014736 ), 0
( 0,9999999994666111 1,0000000012677874 1,0000000016014752 ), 0
( 0,9999999994666117 1,0000000012677874 1,0000000016014756 ), 0
( 0,9999999994666121 1,0000000012677859 1,0000000016014734 ), 0
( 0,9999999994666123 1,0000000012677857 1,0000000016014752 ), 0
( 0,9999999994666112 1,000000001267789 1,0000000016014754 ), 0
( 0,9999999994666126 1,000000001267788 1,0000000016014734 ), 0
( 0,999999999466612 1,000000001267789 1,0000000016014752 ), 0
( 0,9999999994666131 1,0000000012677883 1,0000000016014716 ), 0
( 0,9999999994666107 1,0000000012677868 1,0000000016014736 ), 0
( 0,9999999994666119 1,0000000012677865 1,0000000016014745 ), 0
( 0,9999999994666114 1,0000000012677868 1,0000000016014758 ), 0
( 0,9999999994666098 1,0000000012677879 1,00000000160148 ), 0
( 0,999999999466612 1,0000000012677872 1,000000001601478 ), 0
( 0,9999999994666108 1,0000000012677865 1,0000000016014754 ), 0
( 0,9999999994666126 1,0000000012677865 1,000000001601472 ), 0
( 0,999999999466611 1,0000000012677883 1,0000000016014738 ), 0
( 0,9999999994666102 1,0000000012677859 1,0000000016014743 ), 0
( 0,9999999994666114 1,0000000012677854 1,0000000016014736 ), 0
( 0,9999999994666119 1,0000000012677874 1,0000000016014765 ), 0
( 0,9999999994666111 1,000000001267785 1,0000000016014712 ), 0
( 0,9999999994666126 1,0000000012677894 1,0000000016014725 ), 0
( 0,9999999994666118 1,0000000012677888 1,0000000016014745 ), 0
( 0,9999999994666113 1,0000000012677883 1,0000000016014754 ), 0
( 0,9999999994666111 1,0000000012677865 1,000000001601475 ), 0
( 0,9999999994666113 1,0000000012677854 1,0000000016014723 ), 0
( 0,999999999466611 1,000000001267787 1,0000000016014727 ), 0
( 0,9999999994666089 1,0000000012677879 1,0000000016014754 ), 0
( 0,99999999946661 1,0000000012677857 1,000000001601476 ), 0
( 0,9999999994666108 1,0000000012677852 1,000000001601475 ), 0
( 0,9999999994666121 1,0000000012677883 1,000000001601474 ), 0
( 0,9999999994666118 1,000000001267787 1,0000000016014754 ), 0
( 0,9999999994666144 1,000000001267788 1,0000000016014738 ), 0
( 0,9999999994666121 1,0000000012677868 1,000000001601473 ), 0
( 0,9999999994666108 1,000000001267788 1,0000000016014734 ), 0
( 0,9999999994666086 1,0000000012677883 1,0000000016014772 ), 0
( 0,9999999994666137 1,0000000012677863 1,0000000016014725 ), 0
( 0,999999999466612 1,0000000012677863 1,0000000016014758 ), 0
( 0,9999999994666109 1,0000000012677874 1,0000000016014752 ), 0
( 0,9999999994666132 1,0000000012677883 1,000000001601473 ), 0
( 0,9999999994666093 1,0000000012677872 1,0000000016014787 ), 0
( 0,9999999994666103 1,0000000012677857 1,0000000016014727 ), 0
( 0,999999999466611 1,0000000012677874 1,0000000016014787 ), 0
( 0,9999999994666103 1,000000001267786 1,0000000016014732 ), 0
( 0,999999999466611 1,0000000012677868 1,0000000016014758 ), 0
( 0,9999999994666111 1,0000000012677859 1,0000000016014712 ), 0
( 0,9999999994666103 1,0000000012677908 1,0000000016014785 ), 0
( 0,9999999994666108 1,000000001267786 1,0000000016014752 ), 0
( 0,9999999994666102 1,0000000012677916 1,0000000016014783 ), 0
( 0,9999999994666119 1,0000000012677885 1,0000000016014754 ), 0
( 0,9999999994666113 1,000000001267789 1,0000000016014752 ), 0
( 0,9999999994666073 1,0000000012677865 1,0000000016014805 ), 0
( 0,9999999994666109 1,0000000012677848 1,0000000016014747 ), 0
( 0,9999999994666123 1,0000000012677863 1,0000000016014774 ), 0
( 0,9999999994666106 1,0000000012677879 1,0000000016014752 ), 0
( 0,999999999466612 1,0000000012677857 1,0000000016014716 ), 0
( 0,9999999994666114 1,0000000012677874 1,0000000016014705 ), 0
( 0,9999999994666112 1,0000000012677863 1,0000000016014725 ), 0
( 0,9999999994666119 1,0000000012677888 1,0000000016014754 ), 0
( 0,9999999994666112 1,0000000012677863 1,0000000016014747 ), 0
( 0,9999999994666111 1,0000000012677854 1,0000000016014714 ), 0
( 0,999999999466611 1,000000001267788 1,0000000016014705 ), 0
( 0,9999999994666104 1,0000000012677857 1,0000000016014714 ), 0
( 0,9999999994666123 1,0000000012677894 1,0000000016014747 ), 0
( 0,999999999466613 1,000000001267787 1,0000000016014738 ), 0
( 0,9999999994666101 1,000000001267788 1,0000000016014767 ), 0
( 0,999999999466612 1,0000000012677899 1,0000000016014774 ), 0
( 0,9999999994666118 1,0000000012677843 1,000000001601472 ), 0
( 0,9999999994666118 1,0000000012677874 1,0000000016014745 ), 0
( 0,9999999994666099 1,0000000012677885 1,0000000016014763 ), 0
( 0,9999999994666102 1,0000000012677859 1,0000000016014725 ), 0
( 0,9999999994666098 1,0000000012677863 1,000000001601479 ), 0
( 0,9999999994666123 1,0000000012677868 1,0000000016014723 ), 0
( 0,9999999994666099 1,0000000012677872 1,000000001601473 ), 0
( 0,9999999994666111 1,000000001267784 1,0000000016014734 ), 0
( 0,9999999994666114 1,0000000012677859 1,0000000016014723 ), 0
( 0,9999999994666129 1,0000000012677839 1,0000000016014707 ), 0
( 0,9999999994666106 1,0000000012677879 1,000000001601475 ), 0
( 0,99999999946661 1,000000001267786 1,0000000016014703 ), 0
( 0,9999999994666122 1,0000000012677868 1,0000000016014743 ), 0
( 0,9999999994666113 1,0000000012677852 1,0000000016014725 ), 0
( 0,999999999466611 1,0000000012677897 1,0000000016014756 ), 0
( 0,9999999994666107 1,0000000012677865 1,0000000016014727 ), 0
( 0,9999999994666109 1,0000000012677868 1,0000000016014727 ), 0
( 0,9999999994666107 1,000000001267786 1,0000000016014743 ), 0
( 0,9999999994666127 1,0000000012677865 1,0000000016014718 ), 0
( 0,999999999466611 1,000000001267786 1,0000000016014758 ), 0
( 0,9999999994666107 1,0000000012677865 1,0000000016014738 ), 0
( 0,9999999994666094 1,0000000012677848 1,0000000016014703 ), 0
( 0,9999999994666102 1,0000000012677868 1,0000000016014738 ), 0
( 0,9999999994666112 1,0000000012677868 1,0000000016014716 ), 0
( 0,9999999994666101 1,0000000012677877 1,0000000016014738 ), 0
( 0,9999999994666123 1,0000000012677888 1,0000000016014723 ), 0
( 0,9999999994666103 1,0000000012677877 1,000000001601475 ), 0
( 0,9999999994666112 1,0000000012677883 1,0000000016014734 ), 0
( 0,999999999466611 1,000000001267785 1,0000000016014687 ), 0
( 0,9999999994666109 1,0000000012677905 1,0000000016014767 ), 0
( 0,9999999994666098 1,0000000012677857 1,0000000016014736 ), 0
( 0,9999999994666107 1,0000000012677868 1,0000000016014752 ), 0
( 0,999999999466612 1,0000000012677857 1,0000000016014734 ), 0
( 0,9999999994666106 1,000000001267787 1,000000001601475 ), 0
( 0,9999999994666116 1,0000000012677892 1,0000000016014763 ), 0
( 0,9999999994666124 1,000000001267786 1,000000001601474 ), 0
( 0,9999999994666099 1,0000000012677857 1,0000000016014696 ), 0
( 0,9999999994666117 1,0000000012677857 1,000000001601474 ), 0
( 0,9999999994666114 1,000000001267789 1,0000000016014745 ), 0
( 0,9999999994666109 1,0000000012677872 1,0000000016014756 ), 0
( 0,9999999994666117 1,0000000012677874 1,0000000016014727 ), 0
( 0,9999999994666101 1,0000000012677872 1,0000000016014752 ), 0
( 0,9999999994666118 1,0000000012677868 1,0000000016014767 ), 0
( 0,9999999994666119 1,0000000012677859 1,000000001601476 ), 0
( 0,9999999994666103 1,0000000012677874 1,0000000016014752 ), 0
( 0,9999999994666109 1,000000001267786 1,0000000016014723 ), 0
( 0,9999999994666119 1,000000001267788 1,0000000016014754 ), 0
( 0,9999999994666107 1,000000001267786 1,000000001601475 ), 0
( 0,9999999994666112 1,0000000012677877 1,0000000016014745 ), 0
( 0,9999999994666129 1,000000001267786 1,000000001601471 ), 0
( 0,9999999994666111 1,0000000012677859 1,0000000016014756 ), 0
( 0,9999999994666101 1,0000000012677852 1,0000000016014747 ), 0
( 0,99999999946661 1,000000001267788 1,0000000016014778 ), 0
( 0,999999999466612 1,0000000012677877 1,0000000016014743 ), 0
( 0,9999999994666126 1,0000000012677885 1,0000000016014747 ), 0
( 0,9999999994666108 1,0000000012677859 1,0000000016014758 ), 0
( 0,9999999994666122 1,0000000012677868 1,0000000016014703 ), 0
( 0,9999999994666108 1,0000000012677868 1,000000001601476 ), 0
( 0,9999999994666098 1,0000000012677854 1,000000001601473 ), 0
( 0,99999999946661 1,0000000012677863 1,0000000016014747 ), 0
( 0,9999999994666116 1,000000001267787 1,000000001601475 ), 0
( 0,9999999994666108 1,000000001267786 1,000000001601472 ), 0
( 0,9999999994666116 1,0000000012677872 1,000000001601474 ), 0
( 0,9999999994666124 1,0000000012677854 1,0000000016014725 ), 0
( 0,9999999994666112 1,0000000012677859 1,000000001601474 ), 0
( 0,9999999994666116 1,000000001267787 1,0000000016014732 ), 0
( 0,9999999994666082 1,0000000012677848 1,0000000016014705 ), 0
( 0,9999999994666109 1,000000001267784 1,000000001601472 ), 0
( 0,9999999994666102 1,0000000012677868 1,0000000016014765 ), 0
( 0,9999999994666106 1,0000000012677868 1,0000000016014752 ), 0
( 0,9999999994666101 1,0000000012677865 1,0000000016014763 ), 0
( 0,9999999994666114 1,0000000012677872 1,0000000016014756 ), 0
( 0,9999999994666121 1,0000000012677863 1,0000000016014714 ), 0
( 0,9999999994666123 1,0000000012677879 1,000000001601474 ), 0
( 0,9999999994666103 1,0000000012677872 1,0000000016014754 ), 0
( 0,9999999994666122 1,0000000012677865 1,0000000016014743 ), 0
( 0,9999999994666119 1,0000000012677843 1,0000000016014732 ), 0
( 0,9999999994666113 1,000000001267787 1,000000001601475 ), 0
( 0,9999999994666094 1,0000000012677874 1,0000000016014734 ), 0
( 0,999999999466613 1,0000000012677845 1,00000000160147 ), 0
( 0,9999999994666109 1,0000000012677885 1,000000001601471 ), 0
( 0,9999999994666103 1,0000000012677857 1,000000001601472 ), 0
( 0,9999999994666103 1,0000000012677863 1,000000001601474 ), 0
( 0,999999999466613 1,0000000012677874 1,000000001601471 ), 0
( 0,999999999466609 1,0000000012677865 1,0000000016014738 ), 0
( 0,9999999994666108 1,0000000012677863 1,0000000016014723 ), 0
( 0,9999999994666101 1,0000000012677848 1,0000000016014723 ), 0
( 0,9999999994666119 1,0000000012677859 1,0000000016014743 ), 0
( 0,9999999994666111 1,000000001267786 1,0000000016014716 ), 0
( 0,9999999994666117 1,0000000012677877 1,0000000016014712 ), 0
( 0,9999999994666128 1,0000000012677868 1,0000000016014743 ), 0
( 0,9999999994666101 1,0000000012677879 1,0000000016014738 ), 0
( 0,9999999994666104 1,000000001267787 1,000000001601475 ), 0
( 0,9999999994666114 1,0000000012677877 1,000000001601476 ), 0
( 0,9999999994666118 1,000000001267786 1,000000001601472 ), 0
( 0,9999999994666106 1,0000000012677874 1,0000000016014774 ), 0
( 0,9999999994666101 1,000000001267786 1,0000000016014752 ), 0
( 0,9999999994666107 1,000000001267786 1,000000001601474 ), 0
( 0,9999999994666116 1,0000000012677885 1,0000000016014747 ), 0
( 0,9999999994666104 1,0000000012677865 1,0000000016014732 ), 0
( 0,9999999994666117 1,0000000012677854 1,0000000016014745 ), 0
( 0,99999999946661 1,0000000012677879 1,0000000016014758 ), 0
( 0,999999999466612 1,000000001267786 1,0000000016014707 ), 0
( 0,9999999994666103 1,000000001267786 1,0000000016014756 ), 0
( 0,9999999994666101 1,0000000012677879 1,0000000016014734 ), 0
( 0,9999999994666109 1,0000000012677852 1,0000000016014727 ), 0
( 0,9999999994666094 1,000000001267787 1,000000001601476 ), 0
( 0,9999999994666124 1,000000001267789 1,0000000016014767 ), 0
( 0,9999999994666118 1,0000000012677877 1,0000000016014727 ), 0
( 0,9999999994666112 1,000000001267787 1,0000000016014738 ), 0
( 0,9999999994666108 1,0000000012677868 1,000000001601474 ), 0
( 0,9999999994666128 1,000000001267788 1,0000000016014712 ), 0
( 0,9999999994666116 1,000000001267786 1,0000000016014752 ), 0
( 0,9999999994666114 1,000000001267787 1,0000000016014718 ), 0
( 0,9999999994666119 1,0000000012677883 1,000000001601473 ), 0
( 0,9999999994666098 1,0000000012677865 1,0000000016014763 ), 0
( 0,9999999994666099 1,0000000012677874 1,0000000016014754 ), 0
( 0,9999999994666127 1,0000000012677874 1,0000000016014736 ), 0
( 0,9999999994666098 1,0000000012677865 1,0000000016014756 ), 0
( 0,9999999994666118 1,0000000012677868 1,0000000016014725 ), 0
( 0,9999999994666127 1,000000001267786 1,0000000016014727 ), 0
( 0,9999999994666111 1,0000000012677874 1,0000000016014738 ), 0
( 0,9999999994666117 1,0000000012677872 1,000000001601476 ), 0
( 0,9999999994666122 1,0000000012677892 1,0000000016014736 ), 0
( 0,9999999994666103 1,0000000012677879 1,0000000016014756 ), 0
( 0,9999999994666111 1,0000000012677845 1,0000000016014703 ), 0
( 0,9999999994666117 1,0000000012677854 1,0000000016014718 ), 0
( 0,9999999994666132 1,000000001267784 1,0000000016014705 ), 0
( 0,9999999994666119 1,0000000012677857 1,0000000016014738 ), 0
( 0,9999999994666101 1,0000000012677865 1,0000000016014765 ), 0
( 0,9999999994666102 1,0000000012677857 1,0000000016014734 ), 0
( 0,999999999466613 1,000000001267788 1,000000001601472 ), 0
( 0,9999999994666121 1,0000000012677872 1,000000001601475 ), 0
( 0,999999999466612 1,0000000012677879 1,0000000016014763 ), 0
( 0,9999999994666111 1,0000000012677879 1,0000000016014767 ), 0
( 0,9999999994666111 1,000000001267784 1,0000000016014756 ), 0
( 0,9999999994666116 1,0000000012677868 1,0000000016014756 ), 0
( 0,9999999994666107 1,000000001267786 1,0000000016014732 ), 0
( 0,9999999994666118 1,0000000012677839 1,0000000016014752 ), 0
( 0,9999999994666121 1,0000000012677868 1,000000001601473 ), 0
( 0,9999999994666107 1,0000000012677859 1,0000000016014734 ), 0
( 0,9999999994666107 1,000000001267787 1,0000000016014756 ), 0
( 0,9999999994666111 1,0000000012677848 1,000000001601474 ), 0
( 0,9999999994666117 1,0000000012677859 1,000000001601473 ), 0
( 0,9999999994666111 1,000000001267788 1,0000000016014752 ), 0
( 0,999999999466611 1,0000000012677863 1,0000000016014752 ), 0
( 0,999999999466611 1,0000000012677872 1,0000000016014745 ), 0
( 0,9999999994666117 1,0000000012677852 1,0000000016014736 ), 0
( 0,9999999994666122 1,000000001267787 1,0000000016014732 ), 0
( 0,9999999994666111 1,0000000012677854 1,000000001601472 ), 0
( 0,999999999466612 1,0000000012677883 1,000000001601476 ), 0
( 0,9999999994666101 1,0000000012677868 1,0000000016014756 ), 0
( 0,9999999994666101 1,000000001267788 1,0000000016014767 ), 0
( 0,9999999994666127 1,0000000012677828 1,0000000016014747 ), 0
( 0,9999999994666096 1,0000000012677888 1,0000000016014812 ), 0
( 0,9999999994666111 1,0000000012677874 1,000000001601476 ), 0
( 0,9999999994666118 1,000000001267789 1,0000000016014752 ), 0
( 0,9999999994666106 1,0000000012677897 1,0000000016014754 ), 0
( 0,9999999994666098 1,0000000012677879 1,0000000016014783 ), 0
( 0,9999999994666104 1,0000000012677894 1,000000001601479 ), 0
( 0,9999999994666108 1,000000001267786 1,0000000016014752 ), 0
( 0,9999999994666114 1,000000001267788 1,0000000016014752 ), 0
( 0,9999999994666121 1,000000001267786 1,0000000016014743 ), 0
( 0,9999999994666089 1,0000000012677859 1,0000000016014763 ), 0
( 0,9999999994666101 1,000000001267786 1,0000000016014734 ), 0
( 0,9999999994666111 1,0000000012677868 1,0000000016014734 ), 0
( 0,9999999994666116 1,0000000012677868 1,0000000016014738 ), 0
( 0,9999999994666112 1,0000000012677905 1,0000000016014754 ), 0
( 0,9999999994666098 1,0000000012677868 1,0000000016014763 ), 0
( 0,9999999994666117 1,000000001267787 1,0000000016014743 ), 0
( 0,9999999994666111 1,000000001267788 1,0000000016014747 ), 0
( 0,9999999994666108 1,000000001267786 1,0000000016014738 ), 0
( 0,99999999946661 1,0000000012677852 1,0000000016014738 ), 0
( 0,9999999994666107 1,0000000012677874 1,000000001601476 ), 0
( 0,9999999994666107 1,000000001267788 1,0000000016014767 ), 0
( 0,9999999994666098 1,0000000012677883 1,0000000016014767 ), 0
( 0,9999999994666119 1,0000000012677874 1,000000001601476 ), 0
( 0,9999999994666113 1,0000000012677868 1,000000001601475 ), 0
( 0,999999999466611 1,0000000012677839 1,0000000016014718 ), 0
( 0,9999999994666097 1,000000001267786 1,000000001601475 ), 0
( 0,9999999994666099 1,0000000012677879 1,0000000016014772 ), 0
( 0,9999999994666097 1,000000001267786 1,000000001601478 ), 0
( 0,9999999994666114 1,0000000012677863 1,0000000016014747 ), 0
( 0,9999999994666098 1,0000000012677857 1,0000000016014738 ), 0
( 0,9999999994666098 1,000000001267788 1,000000001601476 ), 0
( 0,9999999994666121 1,0000000012677863 1,0000000016014727 ), 0
( 0,9999999994666113 1,0000000012677857 1,0000000016014745 ), 0
( 0,9999999994666089 1,000000001267787 1,0000000016014767 ), 0
( 0,9999999994666103 1,0000000012677863 1,000000001601474 ), 0
( 0,9999999994666102 1,0000000012677879 1,0000000016014774 ), 0
( 0,999999999466613 1,0000000012677868 1,0000000016014714 ), 0
( 0,9999999994666109 1,0000000012677865 1,0000000016014745 ), 0
( 0,9999999994666102 1,0000000012677874 1,0000000016014732 ), 0
( 0,9999999994666106 1,000000001267787 1,000000001601477 ), 0
( 0,9999999994666103 1,000000001267787 1,0000000016014763 ), 0
( 0,9999999994666102 1,000000001267786 1,000000001601472 ), 0
( 0,9999999994666117 1,0000000012677859 1,0000000016014712 ), 0
( 0,9999999994666108 1,000000001267787 1,0000000016014765 ), 0
( 0,9999999994666109 1,0000000012677872 1,0000000016014752 ), 0
( 0,9999999994666114 1,0000000012677868 1,000000001601475 ), 0
( 0,9999999994666119 1,0000000012677883 1,0000000016014747 ), 0
( 0,9999999994666112 1,0000000012677877 1,0000000016014752 ), 0
( 0,9999999994666106 1,000000001267787 1,000000001601477 ), 0
( 0,9999999994666116 1,0000000012677845 1,000000001601475 ), 0
( 0,9999999994666101 1,0000000012677879 1,0000000016014754 ), 0
( 0,9999999994666108 1,0000000012677865 1,0000000016014752 ), 0
( 0,9999999994666108 1,0000000012677874 1,0000000016014745 ), 0
( 0,9999999994666119 1,000000001267786 1,0000000016014745 ), 0
( 0,9999999994666108 1,0000000012677854 1,000000001601473 ), 0
( 0,9999999994666107 1,0000000012677852 1,0000000016014738 ), 0
( 0,9999999994666113 1,0000000012677879 1,0000000016014812 ), 0
( 0,9999999994666104 1,0000000012677863 1,0000000016014705 ), 0
( 0,9999999994666104 1,0000000012677865 1,0000000016014732 ), 0
( 0,9999999994666109 1,000000001267786 1,0000000016014727 ), 0
( 0,9999999994666118 1,0000000012677852 1,0000000016014716 ), 0
( 0,9999999994666109 1,0000000012677852 1,0000000016014736 ), 0
( 0,9999999994666103 1,0000000012677865 1,000000001601474 ), 0
( 0,9999999994666103 1,0000000012677883 1,0000000016014758 ), 0
( 0,9999999994666119 1,0000000012677854 1,0000000016014734 ), 0
( 0,9999999994666119 1,000000001267786 1,0000000016014683 ), 0
( 0,9999999994666113 1,0000000012677899 1,0000000016014756 ), 0
( 0,9999999994666099 1,000000001267787 1,0000000016014754 ), 0
( 0,9999999994666099 1,0000000012677868 1,0000000016014756 ), 0
( 0,9999999994666122 1,0000000012677863 1,0000000016014703 ), 0
( 0,9999999994666113 1,0000000012677854 1,000000001601473 ), 0
( 0,999999999466611 1,0000000012677877 1,0000000016014752 ), 0
( 0,999999999466611 1,0000000012677865 1,0000000016014736 ), 0
( 0,9999999994666077 1,0000000012677883 1,0000000016014796 ), 0
( 0,9999999994666112 1,0000000012677865 1,0000000016014718 ), 0
( 0,9999999994666109 1,000000001267786 1,000000001601473 ), 0
( 0,9999999994666102 1,000000001267787 1,000000001601475 ), 0
( 0,9999999994666092 1,0000000012677892 1,0000000016014827 ), 0
( 0,9999999994666128 1,0000000012677863 1,0000000016014727 ), 0
( 0,9999999994666109 1,0000000012677868 1,000000001601473 ), 0
( 0,9999999994666103 1,0000000012677877 1,000000001601474 ), 0
( 0,9999999994666116 1,000000001267787 1,0000000016014743 ), 0
( 0,9999999994666118 1,000000001267786 1,0000000016014747 ), 0
( 0,9999999994666106 1,0000000012677859 1,00000000160147 ), 0
( 0,9999999994666117 1,0000000012677874 1,0000000016014712 ), 0
( 0,9999999994666109 1,0000000012677879 1,0000000016014767 ), 0
( 0,9999999994666112 1,0000000012677843 1,0000000016014743 ), 0
( 0,9999999994666112 1,0000000012677874 1,0000000016014758 ), 0
( 0,999999999466612 1,000000001267786 1,0000000016014723 ), 0
( 0,9999999994666092 1,0000000012677872 1,0000000016014774 ), 0
( 0,9999999994666114 1,000000001267787 1,0000000016014752 ), 0
( 0,9999999994666116 1,0000000012677868 1,0000000016014743 ), 0
( 0,9999999994666111 1,0000000012677852 1,0000000016014765 ), 0
( 0,999999999466611 1,0000000012677868 1,0000000016014767 ), 0
( 0,9999999994666083 1,0000000012677859 1,0000000016014752 ), 0
( 0,9999999994666108 1,0000000012677857 1,0000000016014734 ), 0
( 0,9999999994666099 1,0000000012677859 1,0000000016014756 ), 0
( 0,9999999994666108 1,000000001267787 1,000000001601473 ), 0
( 0,9999999994666108 1,000000001267786 1,0000000016014754 ), 0
( 0,9999999994666123 1,0000000012677859 1,0000000016014758 ), 0
( 0,9999999994666116 1,0000000012677874 1,000000001601475 ), 0
( 0,999999999466611 1,0000000012677859 1,0000000016014756 ), 0
( 0,9999999994666112 1,0000000012677865 1,0000000016014743 ), 0
( 0,9999999994666107 1,0000000012677854 1,0000000016014734 ), 0
( 0,9999999994666118 1,000000001267789 1,000000001601474 ), 0
( 0,9999999994666103 1,000000001267788 1,0000000016014767 ), 0
( 0,9999999994666107 1,0000000012677852 1,0000000016014716 ), 0
( 0,9999999994666118 1,0000000012677857 1,0000000016014732 ), 0
( 0,9999999994666132 1,000000001267788 1,0000000016014716 ), 0
( 0,9999999994666106 1,0000000012677857 1,0000000016014763 ), 0
( 0,999999999466612 1,0000000012677868 1,0000000016014752 ), 0
( 0,999999999466611 1,0000000012677852 1,000000001601474 ), 0
( 0,9999999994666111 1,0000000012677859 1,0000000016014752 ), 0
( 0,9999999994666101 1,0000000012677857 1,0000000016014698 ), 0
( 0,9999999994666082 1,0000000012677868 1,0000000016014796 ), 0
( 0,9999999994666118 1,0000000012677859 1,0000000016014732 ), 0
( 0,99999999946661 1,0000000012677883 1,0000000016014756 ), 0
( 0,9999999994666106 1,0000000012677865 1,0000000016014725 ), 0
( 0,999999999466611 1,0000000012677863 1,0000000016014743 ), 0
( 0,9999999994666117 1,0000000012677848 1,0000000016014756 ), 0
( 0,9999999994666117 1,0000000012677885 1,0000000016014754 ), 0
( 0,9999999994666117 1,0000000012677877 1,0000000016014736 ), 0
( 0,9999999994666123 1,0000000012677857 1,0000000016014707 ), 0
( 0,9999999994666103 1,0000000012677854 1,0000000016014716 ), 0
( 0,999999999466611 1,0000000012677857 1,000000001601472 ), 0
( 0,9999999994666121 1,0000000012677872 1,000000001601473 ), 0
( 0,9999999994666112 1,0000000012677874 1,0000000016014743 ), 0
( 0,9999999994666106 1,0000000012677852 1,0000000016014723 ), 0
( 0,9999999994666111 1,000000001267787 1,000000001601472 ), 0
( 0,9999999994666092 1,0000000012677894 1,0000000016014838 ), 0
( 0,9999999994666087 1,000000001267789 1,0000000016014774 ), 0
( 0,9999999994666114 1,0000000012677879 1,0000000016014754 ), 0
( 0,9999999994666108 1,0000000012677868 1,000000001601474 ), 0
( 0,9999999994666127 1,000000001267787 1,0000000016014734 ), 0
( 0,9999999994666113 1,0000000012677854 1,0000000016014736 ), 0
( 0,9999999994666109 1,000000001267788 1,0000000016014745 ), 0
( 0,9999999994666104 1,0000000012677877 1,000000001601477 ), 0
( 0,9999999994666096 1,0000000012677883 1,0000000016014807 ), 0
( 0,999999999466611 1,0000000012677865 1,000000001601473 ), 0
( 0,9999999994666119 1,0000000012677863 1,0000000016014745 ), 0
( 0,9999999994666087 1,0000000012677912 1,000000001601481 ), 0
( 0,9999999994666094 1,000000001267787 1,0000000016014776 ), 0
( 0,9999999994666119 1,000000001267788 1,0000000016014752 ), 0
( 0,9999999994666103 1,0000000012677863 1,0000000016014754 ), 0
( 0,9999999994666132 1,0000000012677872 1,0000000016014723 ), 0
( 0,999999999466612 1,0000000012677843 1,0000000016014712 ), 0
( 0,999999999466613 1,000000001267786 1,0000000016014712 ), 0
( 0,9999999994666117 1,0000000012677848 1,0000000016014727 ), 0
( 0,9999999994666102 1,0000000012677872 1,000000001601477 ), 0
( 0,9999999994666109 1,0000000012677883 1,0000000016014747 ), 0
( 0,9999999994666106 1,0000000012677872 1,0000000016014763 ), 0
( 0,9999999994666104 1,0000000012677883 1,000000001601476 ), 0
( 0,9999999994666108 1,0000000012677865 1,0000000016014752 ), 0
( 0,9999999994666127 1,0000000012677868 1,0000000016014743 ), 0
( 0,9999999994666121 1,0000000012677852 1,0000000016014718 ), 0
( 0,9999999994666118 1,0000000012677874 1,0000000016014727 ), 0
( 0,9999999994666104 1,000000001267786 1,0000000016014745 ), 0
( 0,9999999994666113 1,0000000012677865 1,0000000016014732 ), 0
( 0,9999999994666101 1,000000001267783 1,0000000016014687 ), 0
( 0,9999999994666103 1,0000000012677843 1,0000000016014698 ), 0
( 0,9999999994666102 1,0000000012677883 1,000000001601476 ), 0
( 0,9999999994666116 1,0000000012677883 1,0000000016014727 ), 0
( 0,9999999994666104 1,0000000012677865 1,000000001601477 ), 0
( 0,9999999994666112 1,0000000012677872 1,0000000016014745 ), 0
( 0,9999999994666121 1,0000000012677883 1,0000000016014754 ), 0
( 0,9999999994666112 1,000000001267786 1,0000000016014725 ), 0
( 0,9999999994666098 1,0000000012677877 1,0000000016014752 ), 0
( 0,9999999994666123 1,0000000012677865 1,000000001601471 ), 0
( 0,9999999994666108 1,0000000012677857 1,0000000016014756 ), 0
( 0,9999999994666107 1,000000001267786 1,000000001601474 ), 0
( 0,9999999994666117 1,000000001267786 1,0000000016014743 ), 0
( 0,9999999994666116 1,0000000012677848 1,0000000016014718 ), 0
( 0,999999999466611 1,000000001267787 1,0000000016014734 ), 0
( 0,9999999994666121 1,0000000012677863 1,000000001601474 ), 0
( 0,9999999994666106 1,0000000012677859 1,0000000016014736 ), 0
( 0,9999999994666123 1,000000001267787 1,000000001601475 ), 0
( 0,9999999994666109 1,0000000012677877 1,000000001601475 ), 0
( 0,9999999994666106 1,0000000012677877 1,0000000016014745 ), 0
( 0,9999999994666101 1,0000000012677883 1,0000000016014758 ), 0
( 0,999999999466611 1,000000001267785 1,0000000016014772 ), 0
( 0,9999999994666119 1,0000000012677899 1,0000000016014754 ), 0
( 0,9999999994666106 1,0000000012677879 1,0000000016014732 ), 0
( 0,9999999994666101 1,000000001267787 1,000000001601475 ), 0
( 0,999999999466609 1,0000000012677885 1,0000000016014767 ), 0
( 0,9999999994666117 1,000000001267787 1,0000000016014738 ), 0
( 0,9999999994666119 1,0000000012677865 1,0000000016014714 ), 0
( 0,9999999994666121 1,0000000012677868 1,0000000016014727 ), 0
( 0,9999999994666104 1,0000000012677874 1,0000000016014765 ), 0
( 0,9999999994666118 1,0000000012677879 1,000000001601473 ), 0
( 0,9999999994666116 1,0000000012677872 1,0000000016014754 ), 0
( 0,9999999994666111 1,000000001267787 1,0000000016014723 ), 0
( 0,9999999994666106 1,000000001267787 1,0000000016014765 ), 0
( 0,9999999994666117 1,0000000012677863 1,0000000016014767 ), 0
( 0,9999999994666099 1,0000000012677865 1,0000000016014756 ), 0
( 0,9999999994666114 1,000000001267785 1,0000000016014732 ), 0
( 0,9999999994666136 1,0000000012677863 1,0000000016014712 ), 0
( 0,9999999994666121 1,000000001267788 1,0000000016014738 ), 0
( 0,9999999994666104 1,0000000012677874 1,0000000016014772 ), 0
( 0,9999999994666108 1,0000000012677872 1,0000000016014734 ), 0
( 0,9999999994666108 1,000000001267788 1,0000000016014752 ), 0
( 0,9999999994666098 1,0000000012677852 1,0000000016014716 ), 0
( 0,9999999994666108 1,0000000012677868 1,0000000016014754 ), 0
( 0,9999999994666113 1,0000000012677905 1,0000000016014758 ), 0
( 0,9999999994666096 1,000000001267788 1,0000000016014774 ), 0
( 0,9999999994666113 1,0000000012677885 1,0000000016014747 ), 0
( 0,9999999994666114 1,0000000012677859 1,0000000016014774 ), 0
( 0,9999999994666099 1,0000000012677863 1,0000000016014763 ), 0
( 0,9999999994666103 1,0000000012677854 1,0000000016014738 ), 0
( 0,9999999994666102 1,0000000012677874 1,0000000016014765 ), 0
( 0,9999999994666096 1,000000001267787 1,0000000016014754 ), 0
( 0,9999999994666122 1,000000001267785 1,0000000016014725 ), 0
( 0,9999999994666119 1,0000000012677857 1,000000001601472 ), 0
( 0,9999999994666111 1,0000000012677883 1,0000000016014774 ), 0
( 0,9999999994666094 1,0000000012677865 1,000000001601474 ), 0
( 0,999999999466611 1,0000000012677865 1,0000000016014756 ), 0
( 0,9999999994666114 1,0000000012677872 1,0000000016014745 ), 0
( 0,9999999994666137 1,0000000012677903 1,000000001601472 ), 0
( 0,9999999994666122 1,0000000012677892 1,0000000016014745 ), 0
( 0,9999999994666113 1,0000000012677879 1,000000001601475 ), 0
( 0,9999999994666106 1,0000000012677854 1,000000001601472 ), 0
( 0,9999999994666129 1,0000000012677854 1,0000000016014718 ), 0
( 0,9999999994666101 1,0000000012677863 1,0000000016014736 ), 0
( 0,9999999994666108 1,000000001267786 1,0000000016014736 ), 0
( 0,9999999994666108 1,0000000012677865 1,0000000016014734 ), 0
( 0,9999999994666127 1,000000001267787 1,000000001601473 ), 0
( 0,999999999466611 1,000000001267785 1,0000000016014754 ), 0
( 0,9999999994666123 1,0000000012677857 1,0000000016014727 ), 0
( 0,9999999994666108 1,000000001267786 1,0000000016014747 ), 0
( 0,9999999994666099 1,0000000012677859 1,0000000016014743 ), 0
( 0,9999999994666097 1,000000001267786 1,0000000016014736 ), 0
( 0,999999999466611 1,0000000012677874 1,0000000016014752 ), 0
( 0,9999999994666119 1,0000000012677892 1,0000000016014774 ), 0
( 0,9999999994666098 1,0000000012677874 1,0000000016014763 ), 0
( 0,9999999994666104 1,0000000012677863 1,0000000016014725 ), 0
( 0,9999999994666099 1,0000000012677857 1,000000001601473 ), 0
( 0,9999999994666112 1,0000000012677888 1,0000000016014756 ), 0
( 0,999999999466611 1,000000001267786 1,0000000016014723 ), 0
( 0,9999999994666106 1,0000000012677874 1,0000000016014745 ), 0
( 0,9999999994666117 1,0000000012677868 1,000000001601474 ), 0
( 0,9999999994666126 1,0000000012677868 1,0000000016014716 ), 0
( 0,9999999994666109 1,0000000012677857 1,000000001601471 ), 0
( 0,9999999994666114 1,0000000012677872 1,0000000016014774 ), 0
( 0,9999999994666109 1,0000000012677863 1,0000000016014752 ), 0
( 0,9999999994666116 1,0000000012677877 1,0000000016014754 ), 0
( 0,9999999994666128 1,0000000012677883 1,0000000016014767 ), 0
( 0,9999999994666106 1,0000000012677865 1,0000000016014758 ), 0
( 0,9999999994666118 1,000000001267786 1,0000000016014758 ), 0
( 0,999999999466611 1,0000000012677859 1,000000001601476 ), 0
( 0,9999999994666096 1,0000000012677874 1,0000000016014736 ), 0
( 0,9999999994666093 1,0000000012677865 1,0000000016014776 ), 0
( 0,9999999994666107 1,000000001267786 1,0000000016014725 ), 0
( 0,9999999994666101 1,000000001267785 1,0000000016014738 ), 0
( 0,999999999466611 1,000000001267786 1,000000001601475 ), 0
( 0,9999999994666114 1,000000001267786 1,0000000016014727 ), 0
( 0,999999999466611 1,0000000012677859 1,000000001601474 ), 0
( 0,9999999994666107 1,0000000012677859 1,0000000016014745 ), 0
( 0,9999999994666126 1,0000000012677854 1,000000001601473 ), 0
( 0,9999999994666108 1,0000000012677874 1,0000000016014747 ), 0
( 0,9999999994666108 1,0000000012677879 1,0000000016014772 ), 0
( 0,9999999994666116 1,0000000012677868 1,0000000016014738 ), 0
( 0,9999999994666094 1,0000000012677868 1,000000001601478 ), 0
( 0,9999999994666113 1,0000000012677868 1,0000000016014745 ), 0
( 0,9999999994666107 1,0000000012677868 1,0000000016014756 ), 0
( 0,999999999466611 1,0000000012677868 1,0000000016014743 ), 0
( 0,9999999994666131 1,0000000012677872 1,0000000016014732 ), 0
( 0,9999999994666097 1,0000000012677908 1,0000000016014778 ), 0
( 0,9999999994666106 1,0000000012677865 1,000000001601474 ), 0
( 0,99999999946661 1,0000000012677872 1,0000000016014747 ), 0
( 0,9999999994666117 1,0000000012677868 1,0000000016014727 ), 0
( 0,9999999994666103 1,000000001267786 1,0000000016014738 ), 0
( 0,9999999994666098 1,0000000012677872 1,000000001601476 ), 0
( 0,9999999994666109 1,0000000012677859 1,0000000016014727 ), 0
( 0,999999999466611 1,0000000012677872 1,0000000016014752 ), 0
( 0,9999999994666119 1,0000000012677894 1,0000000016014812 ), 0
( 0,9999999994666098 1,0000000012677868 1,0000000016014745 ), 0
( 0,9999999994666109 1,0000000012677857 1,0000000016014723 ), 0
( 0,9999999994666109 1,0000000012677874 1,0000000016014747 ), 0
( 0,9999999994666113 1,0000000012677852 1,000000001601473 ), 0
( 0,999999999466612 1,000000001267787 1,0000000016014736 ), 0
( 0,9999999994666117 1,0000000012677852 1,000000001601473 ), 0
( 0,9999999994666088 1,000000001267788 1,0000000016014792 ), 0
( 0,9999999994666117 1,0000000012677848 1,0000000016014714 ), 0
( 0,9999999994666128 1,000000001267786 1,0000000016014727 ), 0
( 0,9999999994666119 1,0000000012677872 1,0000000016014734 ), 0
( 0,9999999994666113 1,0000000012677872 1,0000000016014752 ), 0
( 0,999999999466611 1,0000000012677859 1,0000000016014747 ), 0
( 0,9999999994666096 1,0000000012677863 1,000000001601476 ), 0
( 0,9999999994666131 1,0000000012677857 1,00000000160147 ), 0
( 0,9999999994666107 1,0000000012677874 1,0000000016014754 ), 0
( 0,9999999994666103 1,000000001267788 1,000000001601476 ), 0
( 0,9999999994666106 1,0000000012677877 1,0000000016014756 ), 0
( 0,9999999994666127 1,000000001267788 1,0000000016014738 ), 0
( 0,9999999994666107 1,0000000012677865 1,0000000016014763 ), 0
( 0,9999999994666118 1,0000000012677863 1,0000000016014745 ), 0
( 0,999999999466611 1,0000000012677857 1,0000000016014727 ), 0
( 0,9999999994666114 1,0000000012677848 1,0000000016014705 ), 0
( 0,9999999994666121 1,000000001267786 1,000000001601471 ), 0
( 0,9999999994666108 1,0000000012677845 1,0000000016014745 ), 0
( 0,9999999994666116 1,000000001267786 1,0000000016014734 ), 0
( 0,9999999994666107 1,0000000012677854 1,0000000016014734 ), 0
( 0,9999999994666113 1,0000000012677874 1,0000000016014765 ), 0
( 0,9999999994666106 1,000000001267787 1,0000000016014738 ), 0
( 0,9999999994666122 1,0000000012677868 1,0000000016014698 ), 0
( 0,9999999994666106 1,0000000012677877 1,000000001601477 ), 0
( 0,9999999994666123 1,0000000012677874 1,0000000016014727 ), 0
( 0,9999999994666108 1,0000000012677883 1,0000000016014763 ), 0
( 0,9999999994666091 1,000000001267786 1,0000000016014767 ), 0
( 0,9999999994666112 1,0000000012677865 1,0000000016014756 ), 0
( 0,9999999994666101 1,000000001267787 1,0000000016014752 ), 0
( 0,9999999994666112 1,0000000012677859 1,0000000016014738 ), 0
( 0,9999999994666114 1,0000000012677874 1,0000000016014738 ), 0
( 0,9999999994666098 1,0000000012677885 1,0000000016014765 ), 0
( 0,9999999994666109 1,000000001267788 1,000000001601475 ), 0
( 0,9999999994666109 1,0000000012677857 1,0000000016014745 ), 0
( 0,9999999994666112 1,000000001267787 1,0000000016014745 ), 0
( 0,9999999994666106 1,000000001267786 1,0000000016014734 ), 0
( 0,9999999994666103 1,000000001267787 1,000000001601474 ), 0
( 0,9999999994666112 1,0000000012677863 1,0000000016014732 ), 0
( 0,9999999994666107 1,0000000012677857 1,0000000016014738 ), 0
( 0,9999999994666107 1,0000000012677877 1,0000000016014738 ), 0
( 0,9999999994666107 1,0000000012677865 1,0000000016014738 ), 0
( 0,999999999466611 1,0000000012677859 1,0000000016014734 ), 0
( 0,9999999994666121 1,0000000012677874 1,0000000016014765 ), 0
( 0,9999999994666113 1,0000000012677883 1,0000000016014747 ), 0
( 0,9999999994666093 1,0000000012677874 1,0000000016014752 ), 0
( 0,9999999994666106 1,0000000012677894 1,0000000016014774 ), 0
( 0,9999999994666102 1,0000000012677879 1,000000001601478 ), 0
( 0,9999999994666126 1,0000000012677874 1,0000000016014743 ), 0
( 0,9999999994666101 1,0000000012677859 1,000000001601473 ), 0
( 0,9999999994666117 1,0000000012677879 1,000000001601474 ), 0
( 0,9999999994666114 1,0000000012677859 1,0000000016014723 ), 0
( 0,999999999466611 1,0000000012677859 1,000000001601473 ), 0
( 0,9999999994666082 1,0000000012677872 1,0000000016014792 ), 0
( 0,9999999994666098 1,0000000012677879 1,0000000016014765 ), 0
( 0,9999999994666101 1,0000000012677879 1,000000001601475 ), 0
( 0,9999999994666109 1,0000000012677865 1,0000000016014738 ), 0
( 0,9999999994666108 1,0000000012677865 1,0000000016014754 ), 0
( 0,9999999994666106 1,0000000012677874 1,0000000016014754 ), 0
( 0,9999999994666117 1,0000000012677854 1,0000000016014747 ), 0
( 0,9999999994666098 1,000000001267788 1,0000000016014765 ), 0
( 0,9999999994666102 1,0000000012677892 1,0000000016014747 ), 0
( 0,9999999994666116 1,0000000012677872 1,0000000016014723 ), 0
( 0,9999999994666116 1,000000001267786 1,0000000016014736 ), 0
( 0,9999999994666113 1,0000000012677885 1,0000000016014758 ), 0
( 0,9999999994666111 1,0000000012677872 1,000000001601473 ), 0
( 0,9999999994666099 1,0000000012677883 1,000000001601474 ), 0
( 0,9999999994666101 1,0000000012677874 1,0000000016014765 ), 0
( 0,9999999994666114 1,000000001267789 1,000000001601473 ), 0
( 0,9999999994666109 1,0000000012677872 1,0000000016014736 ), 0
( 0,9999999994666106 1,0000000012677857 1,0000000016014747 ), 0
( 0,9999999994666111 1,000000001267787 1,0000000016014743 ), 0
( 0,9999999994666108 1,0000000012677877 1,0000000016014743 ), 0
( 0,9999999994666107 1,0000000012677879 1,0000000016014776 ), 0
( 0,9999999994666113 1,0000000012677863 1,0000000016014752 ), 0
( 0,9999999994666122 1,0000000012677843 1,0000000016014707 ), 0
( 0,9999999994666112 1,000000001267788 1,0000000016014723 ), 0
( 0,9999999994666117 1,0000000012677874 1,0000000016014736 ), 0
( 0,9999999994666088 1,0000000012677892 1,0000000016014767 ), 0
( 0,9999999994666109 1,000000001267787 1,0000000016014758 ), 0
( 0,9999999994666113 1,0000000012677874 1,0000000016014754 ), 0
( 0,9999999994666098 1,0000000012677865 1,0000000016014752 ), 0
( 0,9999999994666091 1,0000000012677885 1,000000001601477 ), 0
( 0,9999999994666106 1,0000000012677863 1,000000001601473 ), 0
( 0,9999999994666108 1,0000000012677859 1,0000000016014747 ), 0
( 0,9999999994666129 1,0000000012677879 1,000000001601473 ), 0
( 0,9999999994666111 1,0000000012677852 1,0000000016014698 ), 0
( 0,9999999994666122 1,0000000012677848 1,0000000016014745 ), 0
( 0,9999999994666118 1,0000000012677843 1,000000001601471 ), 0
( 0,999999999466611 1,0000000012677865 1,0000000016014738 ), 0
( 0,9999999994666111 1,0000000012677859 1,0000000016014732 ), 0
( 0,9999999994666101 1,0000000012677885 1,0000000016014758 ), 0
( 0,9999999994666112 1,0000000012677868 1,0000000016014754 ), 0
( 0,9999999994666117 1,0000000012677868 1,0000000016014756 ), 0
( 0,9999999994666109 1,0000000012677852 1,000000001601475 ), 0
( 0,999999999466611 1,0000000012677865 1,0000000016014725 ), 0
( 0,9999999994666107 1,0000000012677857 1,000000001601477 ), 0
( 0,9999999994666124 1,0000000012677877 1,0000000016014743 ), 0
( 0,999999999466612 1,0000000012677859 1,0000000016014763 ), 0
( 0,9999999994666116 1,0000000012677877 1,0000000016014756 ), 0
( 0,9999999994666106 1,0000000012677888 1,0000000016014752 ), 0
( 0,9999999994666119 1,000000001267788 1,0000000016014738 ), 0
( 0,9999999994666126 1,0000000012677868 1,0000000016014716 ), 0
( 0,9999999994666117 1,0000000012677868 1,0000000016014738 ), 0
( 0,9999999994666111 1,0000000012677874 1,0000000016014756 ), 0
( 0,9999999994666119 1,0000000012677888 1,0000000016014747 ), 0
( 0,9999999994666109 1,0000000012677854 1,000000001601473 ), 0
( 0,9999999994666112 1,0000000012677845 1,0000000016014725 ), 0
( 0,999999999466612 1,0000000012677868 1,0000000016014752 ), 0
( 0,9999999994666092 1,0000000012677865 1,0000000016014758 ), 0
( 0,9999999994666106 1,0000000012677877 1,0000000016014763 ), 0
( 0,9999999994666117 1,0000000012677899 1,0000000016014756 ), 0
( 0,9999999994666098 1,000000001267787 1,0000000016014716 ), 0
( 0,9999999994666102 1,0000000012677883 1,0000000016014812 ), 0
( 0,9999999994666099 1,0000000012677883 1,0000000016014778 ), 0
( 0,9999999994666117 1,0000000012677863 1,0000000016014736 ), 0
( 0,9999999994666101 1,0000000012677894 1,0000000016014772 ), 0
( 0,999999999466611 1,0000000012677839 1,0000000016014743 ), 0
( 0,9999999994666108 1,000000001267787 1,0000000016014758 ), 0
( 0,9999999994666119 1,0000000012677868 1,0000000016014734 ), 0
( 0,9999999994666116 1,000000001267789 1,0000000016014763 ), 0
( 0,9999999994666107 1,0000000012677879 1,0000000016014756 ), 0
( 0,9999999994666119 1,0000000012677872 1,000000001601475 ), 0
( 0,9999999994666099 1,000000001267787 1,0000000016014745 ), 0
( 0,999999999466611 1,0000000012677879 1,0000000016014754 ), 0
( 0,99999999946661 1,0000000012677857 1,000000001601476 ), 0
( 0,9999999994666092 1,0000000012677865 1,000000001601471 ), 0
( 0,9999999994666117 1,0000000012677872 1,0000000016014756 ), 0
( 0,9999999994666113 1,0000000012677854 1,00000000160147 ), 0
( 0,9999999994666104 1,0000000012677905 1,0000000016014838 ), 0
( 0,9999999994666106 1,0000000012677854 1,000000001601475 ), 0
( 0,9999999994666117 1,0000000012677872 1,0000000016014732 ), 0
( 0,9999999994666113 1,0000000012677865 1,000000001601476 ), 0
( 0,9999999994666113 1,000000001267788 1,0000000016014743 ), 0
( 0,999999999466612 1,0000000012677865 1,000000001601475 ), 0
( 0,9999999994666106 1,0000000012677874 1,0000000016014765 ), 0
( 0,9999999994666102 1,0000000012677883 1,000000001601475 ), 0
( 0,999999999466611 1,0000000012677868 1,0000000016014767 ), 0
( 0,9999999994666113 1,0000000012677863 1,0000000016014732 ), 0
( 0,9999999994666107 1,0000000012677859 1,0000000016014743 ), 0
( 0,9999999994666112 1,0000000012677857 1,0000000016014752 ), 0
( 0,9999999994666121 1,000000001267785 1,0000000016014736 ), 0
( 0,9999999994666098 1,0000000012677865 1,0000000016014758 ), 0
( 0,9999999994666088 1,0000000012677874 1,0000000016014785 ), 0
( 0,999999999466611 1,0000000012677857 1,0000000016014747 ), 0
( 0,9999999994666108 1,0000000012677863 1,0000000016014738 ), 0
( 0,9999999994666113 1,0000000012677874 1,0000000016014754 ), 0
( 0,9999999994666108 1,0000000012677859 1,0000000016014756 ), 0
( 0,9999999994666113 1,0000000012677859 1,000000001601473 ), 0
( 0,9999999994666111 1,0000000012677874 1,0000000016014756 ), 0
( 0,9999999994666103 1,0000000012677874 1,0000000016014743 ), 0
( 0,999999999466611 1,0000000012677874 1,0000000016014745 ), 0
( 0,999999999466611 1,0000000012677868 1,0000000016014765 ), 0
( 0,9999999994666099 1,0000000012677883 1,0000000016014765 ), 0
( 0,9999999994666089 1,0000000012677897 1,0000000016014796 ), 0
( 0,9999999994666118 1,0000000012677859 1,000000001601474 ), 0
( 0,9999999994666091 1,0000000012677894 1,0000000016014814 ), 0
( 0,9999999994666111 1,0000000012677872 1,0000000016014765 ), 0
( 0,9999999994666104 1,0000000012677857 1,000000001601475 ), 0
( 0,9999999994666103 1,0000000012677863 1,0000000016014758 ), 0
( 0,9999999994666111 1,0000000012677834 1,0000000016014747 ), 0
( 0,9999999994666076 1,0000000012677857 1,0000000016014765 ), 0
( 0,9999999994666104 1,0000000012677843 1,000000001601473 ), 0
( 0,9999999994666114 1,0000000012677877 1,0000000016014752 ), 0
( 0,9999999994666101 1,0000000012677852 1,000000001601471 ), 0
( 0,9999999994666126 1,000000001267787 1,0000000016014763 ), 0
( 0,9999999994666109 1,000000001267786 1,0000000016014758 ), 0
( 0,9999999994666117 1,0000000012677859 1,0000000016014732 ), 0
( 0,9999999994666121 1,0000000012677843 1,0000000016014725 ), 0
( 0,9999999994666108 1,000000001267786 1,0000000016014732 ), 0
( 0,9999999994666101 1,0000000012677888 1,0000000016014772 ), 0
( 0,9999999994666119 1,0000000012677883 1,0000000016014743 ), 0
( 0,99999999946661 1,0000000012677845 1,0000000016014738 ), 0
( 0,9999999994666107 1,0000000012677868 1,0000000016014738 ), 0
( 0,9999999994666112 1,0000000012677865 1,0000000016014754 ), 0
( 0,9999999994666101 1,0000000012677859 1,0000000016014745 ), 0
( 0,9999999994666108 1,0000000012677885 1,0000000016014765 ), 0
( 0,9999999994666103 1,0000000012677877 1,0000000016014738 ), 0
( 0,9999999994666097 1,0000000012677859 1,0000000016014738 ), 0
( 0,9999999994666116 1,000000001267787 1,0000000016014736 ), 0
( 0,9999999994666118 1,0000000012677892 1,0000000016014756 ), 0
( 0,999999999466611 1,0000000012677868 1,0000000016014754 ), 0
( 0,9999999994666106 1,000000001267784 1,000000001601472 ), 0
( 0,9999999994666101 1,0000000012677868 1,0000000016014754 ), 0
( 0,9999999994666128 1,0000000012677848 1,0000000016014685 ), 0
( 0,9999999994666123 1,0000000012677863 1,0000000016014732 ), 0
( 0,9999999994666103 1,000000001267786 1,0000000016014736 ), 0
( 0,9999999994666099 1,0000000012677903 1,0000000016014805 ), 0
( 0,9999999994666131 1,0000000012677852 1,000000001601472 ), 0
( 0,9999999994666106 1,0000000012677874 1,0000000016014734 ), 0
( 0,9999999994666101 1,0000000012677885 1,0000000016014765 ), 0
( 0,9999999994666096 1,0000000012677857 1,0000000016014736 ), 0
( 0,9999999994666113 1,0000000012677854 1,0000000016014718 ), 0
( 0,9999999994666119 1,000000001267789 1,000000001601477 ), 0
( 0,9999999994666096 1,0000000012677868 1,0000000016014752 ), 0
( 0,9999999994666097 1,000000001267787 1,0000000016014776 ), 0
( 0,9999999994666112 1,0000000012677857 1,0000000016014743 ), 0
( 0,9999999994666114 1,0000000012677872 1,000000001601474 ), 0
( 0,9999999994666136 1,0000000012677877 1,000000001601472 ), 0
( 0,9999999994666096 1,000000001267789 1,0000000016014778 ), 0
( 0,9999999994666129 1,0000000012677837 1,0000000016014725 ), 0
( 0,9999999994666112 1,0000000012677857 1,0000000016014752 ), 0
( 0,9999999994666107 1,0000000012677879 1,0000000016014756 ), 0
( 0,9999999994666092 1,0000000012677879 1,000000001601476 ), 0
( 0,9999999994666114 1,0000000012677879 1,0000000016014758 ), 0
( 0,9999999994666106 1,000000001267786 1,000000001601475 ), 0
( 0,9999999994666111 1,0000000012677879 1,0000000016014734 ), 0
( 0,9999999994666092 1,000000001267786 1,0000000016014745 ), 0
( 0,99999999946661 1,000000001267785 1,000000001601475 ), 0
( 0,999999999466608 1,000000001267787 1,0000000016014798 ), 0
( 0,9999999994666107 1,0000000012677892 1,0000000016014783 ), 0
( 0,9999999994666107 1,0000000012677874 1,0000000016014712 ), 0
( 0,9999999994666112 1,0000000012677848 1,000000001601468 ), 0
( 0,9999999994666116 1,0000000012677865 1,0000000016014743 ), 0
( 0,999999999466611 1,0000000012677863 1,0000000016014745 ), 0
( 0,9999999994666109 1,0000000012677848 1,0000000016014734 ), 0
( 0,999999999466611 1,0000000012677865 1,0000000016014763 ), 0
( 0,9999999994666119 1,0000000012677877 1,0000000016014752 ), 0
( 0,999999999466611 1,0000000012677868 1,0000000016014752 ), 0
( 0,9999999994666108 1,0000000012677863 1,000000001601473 ), 0
( 0,9999999994666114 1,000000001267789 1,000000001601477 ), 0
( 0,999999999466609 1,0000000012677879 1,0000000016014758 ), 0
( 0,999999999466611 1,0000000012677854 1,0000000016014727 ), 0
( 0,9999999994666129 1,0000000012677854 1,0000000016014718 ), 0
Liczba wywoa funkcji celu: 251125
