Iteracja nr: 3
( 1,0052297128359027 1,0035763066918582 0,9680052225793524 ), 0,21037045335628335
( 1,0513578633042246 1,0277185544923926 0,9690299913743636 ), 0,8605174263054529
( 1,0504316708296448 0,9566040693127786 0,9836782259490542 ), 0,9245161474190553
( 1,0478572977703953 1,0053648925012795 0,9431367877948766 ), 1,091420265490946
( 1,0044468356967915 1,0742870960019122 0,9854929752794623 ), 1,1208535809482498
( 1,0158668965836628 0,9280683512072556 0,9793403723269591 ), 1,1437104702976164
( 1,984155177156099 1,0186510862220746 1,0197595974585187 ), 1,164373759335625
( 1,0454378994764222 0,9539653782692507 0,9581987425095617 ), 1,1690430571821544
( 1,0136438174985745 1,056461136521577 1,0509510312726436 ), 1,173449170026629
( 1,0669808138888193 1,0150459202367395 1,0394170052839167 ), 1,2286340925346622
( 1,0806707397565816 0,9975033211200102 1,0123881491711808 ), 1,2954894985931489
( 1,0684629970302149 1,0474078452084445 1,0109415155741008 ), 1,382078494684695
( 1,0089367622346765 1,0819387936998814 0,9690224399009164 ), 1,5086044027393797
( 1,0555810998062378 0,9912324750247734 0,9325850957103616 ), 1,5102716275287307
( 1,067032818713474 0,9524263169831522 0,9626061235493869 ), 1,600260470791408
( 1,0816389213905186 0,9662360426795646 0,9794329296549086 ), 1,6028009790107305
( 1,083301711097357 0,9571466630736367 0,9847116286759476 ), 1,754171621017484
( 1,085354284665683 0,9695032524341309 0,9681800254225834 ), 1,7953809619825876
( 1,0501593566090692 0,9304193034158332 0,9516886832497257 ), 1,8999517118438618
( 1,0846830114130084 0,954185261371266 0,9728984108615553 ), 1,948567556127557
( 1,0023389483313705 0,00339360878894494 0,0015570995591397052 ), 1,9939496252154356
( 1,0008021483339276 0,00035216685611416665 0,006341013573775478 ), 1,9947418866792432
( 1,000878894735411 9,038736922756252E-05 0,004999230797207321 ), 1,9949335039407359
( 1,0763311222963208 0,9515177465128885 0,9549983631413811 ), 1,9959092468377975
( 1,0035889553777655 0,001174962269891694 0,007547000728682446 ), 1,9966830170272303
( 1,0028088778069604 0,008291554214834573 0,011245941756120259 ), 2,001207103176313
( 1,0024949312937095 -0,0027423536639725743 0,00546747438383044 ), 2,0032066419674983
( 1,0780262222936794 0,9434743436471382 0,9687271767197898 ), 2,004647134704882
( 1,0059442917389625 0,005735326845242361 0,013353791510562488 ), 2,010713635210351
( 1,0000191468795558 0,00017161540986904145 0,01464596107858429 ), 2,0128968226089157
( 1,0017106087081038 -0,00544101407527986 0,0007766391866832478 ), 2,0159016952697293
( 0,9924421903667415 -0,0037948687359019573 0,005774470154862987 ), 2,016842410653439
( 0,9938245093203735 0,006298172726636561 0,016490817874817987 ), 2,0237598231303906
( 0,9928424849275023 0,0009238925180584667 0,01605217930001296 ), 2,027456201162181
( 1,0128683624921564 0,008021372703750695 0,010128088059920215 ), 2,0296421673121046
( 1,000349526213247 -0,008165827969404746 0,012381061474177469 ), 2,0352162179293174
( 1,015111113141636 0,0033060813284715024 0,005980548710528624 ), 2,0359583119104556
( 1,0139835170723268 0,014079278708381486 0,005825890224051045 ), 2,0449920340394243
( 0,9946717507868956 -0,010837045336374685 -0,0023823705084234925 ), 2,0564872173964055
( 1,0068634392108384 -0,0066788225779284005 0,019227667501710233 ), 2,066352276749271
( 0,9868555900311391 -0,0074727531624509125 0,01355629508246034 ), 2,0696046339829195
( 0,993195367429138 -0,002755501953820863 0,022316820216061614 ), 2,0702147519502745
( 1,0062217558676514 -0,005610517408543559 0,022181742156617886 ), 2,0782383924708654
( 1,0141645472716785 0,0015222672767768973 -0,010246904227958648 ), 2,078510969035271
( 1,0028276011352524 0,02068230276484284 -0,009079620654766973 ), 2,0794767137631176
( 1,0189865868145758 -0,00484864786435598 0,0044085450998256875 ), 2,0808335892091208
( 1,0069161497261592 0,004907139239648561 -0,015339634216166534 ), 2,0817767084377543
( 1,0019092248590267 -0,015138284429358384 -0,003708272483890905 ), 2,0865752505651542
( 0,9982387809137185 0,02681772596544635 0,009596801507707031 ), 2,08839857440492
( 1,0229862596425368 0,004878943926999876 0,008439056086827199 ), 2,0968547941433364
( 0,9838857099760481 -0,009890890435255562 -0,007702164037294434 ), 2,1178282987640706
( 1,083642878993389 0,9445923371864713 0,971147721191591 ), 2,124155571727144
( 0,9875105531361209 -0,01275994075776013 -0,011117716465789573 ), 2,1354822341514854
( 0,9994995377095768 0,0273482731810263 0,020870482344580464 ), 2,1379241741029595
( 1,02096986608265 0,02171883986646217 0,010833944551492752 ), 2,138724861682725
( 1,0069771438436041 -0,021842996878009356 0,0002440868883714295 ), 2,1473743400622105
( 1,0231192677078083 0,005695148900479841 -0,011197110385081643 ), 2,148156572120026
( 1,02466702470544 -0,005738128277005955 0,013723817533486435 ), 2,1483768002502472
( 1,0265683000482824 0,010598973581931848 0,013296026055114117 ), 2,149257805848954
( 0,9974432674544524 -0,02237729232032848 -0,0022125029635753357 ), 2,1506283427505437
( 0,9746274566181916 0,01804782391846195 0,0057424119624517435 ), 2,1509622144712495
( 0,9910840698786506 1,97865126139568 -0,017164167139791305 ), 2,156075454535223
( -0,05647734297559914 1,0389192827396148 1,024820910945416 ), 2,160182924738624
( 0,9817324217125464 -3,8528712910915544E-05 -0,017350379124371304 ), 2,16057440821681
( 0,9970084358550111 0,009253640032918176 0,034113014343944315 ), 2,162016032075865
( 0,9879598877495721 0,0010140012411338217 0,03364843440558207 ), 2,1834169342239207
( 0,9745890334954828 -0,01254415712535406 0,011944987893790138 ), 2,188528983174777
( 0,9952735689711052 0,02804356301772004 -0,01655439699812078 ), 2,191395996440285
( 0,973818443343555 -0,0012156030271750669 0,026465323122091156 ), 2,2241196392773475
( 0,970117267624396 0,022528099440953173 -0,003848615043882786 ), 2,242741784076035
( 1,0108516423925549 0,011526104487365879 -0,02916093422322974 ), 2,253203737416495
( 0,9758773627492846 -0,008610641075164065 -0,020166316944967913 ), 2,2680595317303585
( 0,9791564966174453 0,035677881102749553 0,014195035716906263 ), 2,2777579434987985
( 1,0003195022280336 -0,026239318025619074 0,02685164104855775 ), 2,2777868937873045
( 1,0322107434760641 -0,01552853138231991 0,0029151827530783936 ), 2,279854267058816
( 1,102511782621697 0,9784255670783875 0,9694276700811405 ), 2,2911728153393796
( 0,9897282477574769 -0,03158314532274087 0,015361456444869637 ), 2,2973974050807655
( 0,9455221541365363 0,06607501834356186 1,0020089715440774 ), 2,305602489740103
( 1,0248458312187831 -0,023865233329524747 0,018817243454585252 ), 2,3152697828100486
( 1,0216078803028554 -0,019444800983337722 -0,019392347413315185 ), 2,319597652876027
( 0,987779484745769 -0,03164699509140425 0,02075718748870109 ), 2,3347976567713538
( 0,9968029893462386 -0,03749687554780156 0,004181312392024039 ), 2,3497881487877876
( 0,9580441035656001 0,013931061728588934 0,008300774354561204 ), 2,3549028740808424
( 1,0179753230940285 0,040096233547563725 -0,01289739741331727 ), 2,359902191984986
( 0,9718708420590074 0,03770769777808036 0,01900073183025075 ), 2,3954725143140863
( 1,0124153894853016 -0,021494587132972993 -0,030637740840642996 ), 2,4120052541699195
( 2,0063086233680987 0,9540325499823454 1,0708589954989451 ), 2,4166868011529274
( 1,0073627036635067 0,021525276954301065 -0,03816757435688345 ), 2,4234554988415837
( 1,096032741097778 0,9500042809616912 0,9713242017793098 ), 2,4296142150273354
( 1,0211745739138482 0,04463761139207098 -0,009985566656278033 ), 2,4320206113293352
( 0,96708774389589 -0,016350861198357818 -0,022142259308958627 ), 2,441232420227159
( 0,9794603473778556 -0,03010063845932084 -0,02165722588371824 ), 2,4592278551704823
( 1,0101702024313424 0,022939733242706373 0,0493440931398218 ), 2,459381443230072
( 1,017300020320451 0,0383205572215351 -0,0278733859757625 ), 2,482102952563693
( 0,9579763491060926 -0,006994936152224039 0,030355063814913305 ), 2,4935763792285925
( 1,9704130516236251 0,004212454368661492 0,9558292921806277 ), 2,4937018301988303
( 0,9912667568355995 -0,013045528916648008 0,051599402883077294 ), 2,495395688644706
( 0,9942500344398516 -0,02745958441454041 -0,03376891446248376 ), 2,503631200328975
( 0,9943040482236187 -0,027166388960314418 -0,034162997711476184 ), 2,5058194766502524
( 1,0349844376073194 -0,02354296914332621 -0,02039509597117739 ), 2,521893727783315
( 0,9962627796691391 -0,04248281190966202 0,027526311067128523 ), 2,538578268943681
( 1,0391663074236388 -0,02414369947184579 0,026676365778627007 ), 2,554021795410627
( 1,042731155108576 0,011527601620049746 0,038064946173410774 ), 2,5733587950295274
( 1,0493905977286035 0,027036794325481863 -0,0019058830140992729 ), 2,57524621809614
( 0,9539533136767266 -0,01729270187201526 0,024271384867617263 ), 2,579697772223412
( 1,0212113527029367 -0,0346731815178738 0,036431823831866605 ), 2,585367294351471
( 1,0162192882739847 -0,03956530770877009 -0,02465659123555286 ), 2,6099386873527735
( 0,9771204337483808 0,008490803295933269 0,05633195440975047 ), 2,611372769359299
( 0,980322135569953 0,008663943118726567 0,05793084119403369 ), 2,6169412923616946
( 1,0288359725855674 0,004943812734575043 -0,043425982430519185 ), 2,618157309078537
( 0,9792641495189827 0,0024740418551805754 0,05798433380328394 ), 2,625203278636924
( 0,948838036079803 -0,019700093353614112 -0,005468096620640572 ), 2,648031163105685
( 0,9824685053841716 -0,02990443206837163 -0,037674782358066566 ), 2,6532616615832723
( 0,943487572210145 0,0016120794566558128 -0,012403739511777367 ), 2,679606807598411
( 0,9727237207190459 0,044985862155869145 -0,029263380350009836 ), 2,68405428769519
( 0,9707149528081865 -0,04580511804186458 -0,0046737315471538435 ), 2,6883551611425887
( 1,037849235080205 0,051315979136181245 0,0038784697881190135 ), 2,693418734717529
( 1,0161463243316196 -0,05168282015803014 -0,004713863888168537 ), 2,6941896602334054
( 1,0366030773047616 -0,04106763547339817 -0,008154292050611814 ), 2,7090269736287027
( 1,0588902772193085 1,0506859242060822 1,089209083889319 ), 2,723827368635199
( 0,9663816631107651 -0,0334173009109886 -0,02975907565670255 ), 2,7456725598901244
( 1,0212753702372543 0,06327346510377907 0,01162037061887422 ), 2,7505724448320024
( 0,9731020984152406 0,03585545903091869 0,05239015816613418 ), 2,7603472518785424
( 1,0356061675571262 -0,03847765876833986 -0,022423241342877126 ), 2,764173709965835
( 1,0010723054559665 -0,03541558308108199 -0,04425215629258907 ), 2,7933977389997118
( 1,0149498680843865 0,06845497430297956 0,0017008323022333158 ), 2,8200794647314
( 0,9888040735874122 -0,034196207694512426 -0,04546642260150549 ), 2,8226402094403937
( 1,9690871170813184 1,0741425942891323 0,9422530464700762 ), 2,852660812092367
( 1,0561399346284288 0,03437213102675985 0,025494538094435304 ), 2,861272714532703
( 0,9507207111236522 0,02463347592232512 -0,03502438393354623 ), 2,861289678291385
( 1,035308258180736 -0,02884369339765594 -0,040315725849004475 ), 2,86999253337774
( 1,0366774609921856 -0,028291943928486843 -0,03987125646529682 ), 2,8741712438748053
( 0,9697581852371039 -0,05216509593789086 0,02255484148358322 ), 2,8759516448395033
( 1,0622308504814066 0,9232879553763695 0,9284855579207962 ), 2,9015571215382217
( 1,0806236113561332 0,9226634359143246 0,9504076516076757 ), 2,9099115522431127
( 0,9419169017710692 -0,023408854718311507 -0,017683445661455882 ), 2,9146245184953727
( 0,9743410290986984 0,015917306231821263 -0,057829429522159234 ), 2,9206244355126714
( 1,0514306637111506 -0,03165261857508846 0,034440421987409285 ), 2,9471909439488186
( 0,9817660662600689 2,0622521336195447 2,0001346700467604 ), 2,9497974622549847
( 1,0173021077767461 -0,062209709549955194 0,01321598723328421 ), 2,9500624681568297
( 0,9696220204999679 -0,05696783167102658 0,016413103452245628 ), 2,95407350198807
( 1,0909050487679717 1,080027559125416 0,9756375147146603 ), 2,9572862380810747
( 1,003424332465573 0,040496630097803216 -0,056274674368673144 ), 2,9792882206918208
( 1,0485810134369322 0,8964343240422363 0,9516215649198467 ), 2,979668520424564
( 1,1106712521917785 0,9487962671592567 0,9719875031206839 ), 3,0050472305041183
( 0,985715992495135 -0,06583537388622396 0,002576490592094971 ), 3,016046103697967
( 1,044984921731723 -0,034760860272052996 0,046023735720688075 ), 3,032396214898178
( 0,9542344642254061 -0,030311768975062936 -0,03988417773674513 ), 3,0487676979646814
( 1,1201075909394653 1,0083979126551026 1,0427642961132826 ), 3,10400704788335
( 1,0632352538647851 -0,021664267163319685 -0,02835244301846101 ), 3,1350452349742355
( 0,9698731395204365 -0,0005669164644323196 -0,06540830323598534 ), 3,1484968253805476
( 1,0231722839311996 -0,025281352569708898 0,0719725988495925 ), 3,149869690189135
( 1,0083614849884794 -0,007346364076049661 -0,0707048782873958 ), 3,1563495168720195
( 0,9834408552533054 0,9266057414448563 0,8960546378833739 ), 3,173137297330726
( 1,0337241850745522 -0,0008147708329176682 -0,06743078201908784 ), 3,2501447861815933
( 1,059980060298185 0,04381695915470485 -0,031967386452497415 ), 3,2622452367490666
( 0,9774344158467353 -0,027008822652176363 0,07580348066419275 ), 3,2663556161234197
( 1,0316448950621286 0,9511117012216702 1,9034603890828796 ), 3,2686866456012496
( 1,0721430160895642 0,9876430666735219 0,8914869792634643 ), 3,2927872394416404
( 1,084738525895545 0,9262276467179655 0,9340042452167336 ), 3,3038690538993194
( 1,0330310173956776 -0,05285082129238122 -0,0424483053202033 ), 3,3107553804555323
( 0,0229920575789897 0,04363649023842764 -0,002873406774589693 ), 3,354241591211295
( 0,9863699176353149 -0,05298702997877687 -0,05357698374760103 ), 3,366025723397364
( 1,0555683861183167 0,060842609530505826 -0,023796341517912198 ), 3,370036140868031
( 0,9568970878514887 -0,01935181894938782 -0,06393705800003238 ), 3,4073544797463704
( 1,0433084709985587 -0,0009145648435816695 0,07922267053094861 ), 3,4331643979473974
( 1,0521475554000306 -0,05988091556897366 -0,016733777728307652 ), 3,446517067521903
( 0,9267299839092855 -0,029621037025181134 0,036582469096598194 ), 3,470473418729057
( 1,0286670018142736 -0,042662762567730106 -0,06276136166798975 ), 3,5038381725460397
( 1,1324596850786999 0,9678810505924531 0,9876497752010411 ), 3,519768806361821
( 1,0124891489073584 0,017543338301901766 0,09244532438386646 ), 3,5205361592605477
( 1,0334052857946463 0,022851083484555 0,08683386981621188 ), 3,5639732667901782
( 1,0479448323513876 0,8764203006737996 1,0344812215043553 ), 3,568971070797801
( 1,112247097760398 0,9759640529280573 0,924765721605169 ), 3,614916670716916
( 1,9789243171900406 1,0352506656290892 0,8895768797058592 ), 3,615400297146955
( 1,109266433074359 1,0192726122542553 1,0808142806637384 ), 3,61933544616047
( 0,9591862111340824 -0,06909851579970808 0,03882894501409176 ), 3,6193881742223724
( 1,0693341872183728 0,06283925515480937 -0,009333584402133208 ), 3,622402313355554
( 0,963612657736475 0,019374909987719013 0,08877945638569029 ), 3,643375173186328
( 0,8888701832668818 0,04032428663455424 0,9803072558035411 ), 3,6697337521045768
( 1,1070475724968951 0,028297175760308546 1,0449589426819634 ), 3,68962627893303
( 0,9353226169964435 -0,0198303721812165 -0,05722129526865563 ), 3,693283154814619
( 1,088263158101262 -0,013940802413752685 0,031831582369684586 ), 3,709646311575405
( 1,0054152375079672 0,08075769190993293 0,06089831144914043 ), 3,715864036406245
( 0,9734746249436784 1,0327311864392181 0,8632653543199573 ), 3,838790050962732
( 1,9858592423074584 -0,06108146063192785 -0,010749430814642278 ), 3,90913525323883
( 0,8997629638919102 -0,0018201301296564762 0,014738948987805367 ), 3,9465276122917388
( 0,9254300724471394 -0,03455955698593772 0,06233511078902211 ), 4,0248668704501895
( 1,0045589762921707 -0,09083524041522872 -0,030798478743362417 ), 4,028199070832542
( 1,1395078906551186 1,04577179396513 1,0030358559635744 ), 4,036057335895549
( 1,061493372542533 0,8887901218135168 0,9302935061236477 ), 4,045632475379179
( 1,0291029284278863 -0,03440939072336613 -0,08534661494069473 ), 4,052039712624875
( 1,0916294125356472 1,0905020506278988 1,0679933103324468 ), 4,105660737375015
( 1,9732435082989284 -0,033872621680490766 -0,05612191839010461 ), 4,113400831269459
( 1,0373213594720652 0,8580118387149467 0,9762008246379517 ), 4,129908776043713
( 0,8955865968401191 0,013366782744145655 -0,010632474156537924 ), 4,139193235695913
( 1,042721499902209 1,1017424323626692 1,0967974426523988 ), 4,1475185972710165
( 1,068550033892301 0,0839108628279098 0,02708591227983171 ), 4,206208941832621
( 0,9322797513330523 -0,06783890313079333 0,04447646232694172 ), 4,232250327723328
( 1,0980583754272755 0,022869801594000372 0,046416844950278924 ), 4,237790173944006
( 1,060076275287351 -0,0767009141959322 -0,03346540984990677 ), 4,294159311962343
( 0,9172943703365207 1,0693973130118946 -0,0680087581479106 ), 4,3072317296925675
( 1,0749561821032374 -0,056052313580887754 0,055479442426555794 ), 4,316903161157221
( 0,9388060544689534 0,00542255343695811 -0,08565857063574045 ), 4,3212165960981075
( 1,0890628552894461 0,06545955708309129 -0,016866590578567098 ), 4,330693647796654
( 1,0461635593012812 -0,06920280302950843 0,07174922968983966 ), 4,354278794457695
( 0,9902395535995571 -0,04534022051345446 -0,09365499905674507 ), 4,392749720573896
( 1,0940760699908847 -0,053427456389347615 -0,00859220939487695 ), 4,405273550877496
( 1,077469878294536 0,02900840123474205 -0,07175619146873002 ), 4,423851358178979
( 0,9060639677608205 -0,05530676958836399 -0,004679635349740767 ), 4,425742302832457
( 1,02459183343733 0,00652135688284345 -0,10552040464491771 ), 4,455843563402997
( 1,0187723296381326 1,1544496015157084 0,9897922238034774 ), 4,464949990182092
( 1,0046326432354888 0,8862888336574628 1,1029319999525073 ), 4,49284590203046
( 0,9683679719282823 -0,05663027694272049 0,09589648300344766 ), 4,519099118318547
( 1,1401338085226886 1,016186283247574 1,0648384701922844 ), 4,526442965121149
( 1,011747949941697 -0,07119772637712912 -0,08091072206333363 ), 4,591872306017574
( 0,9140340245747187 0,0661723514057766 -0,04237425932638861 ), 4,593903042749837
( 1,020937271052106 -0,0674474782901197 -0,08253468292381445 ), 4,597544221843961
( 1,0406430246035823 1,0866317169944717 1,1225666933007097 ), 4,615348486101148
( 1,0424635127700144 0,8631412467781101 0,9363447581383557 ), 4,642566856951138
( 0,983446001132875 -0,11091999034899974 0,020718095306170414 ), 4,663904968860365
( 0,9051206991890574 0,0483047119360647 0,05941712072450106 ), 4,6702307416285365
( 1,1181301815780862 -0,008174739451792479 0,007748213665462661 ), 4,670366016947753
( 1,1181571541237973 -0,008118465312917766 0,007776075722441698 ), 4,671253710271433
( 2,0759646369274156 0,051927185951271215 0,009946258440925747 ), 4,70143382187787
( 0,9355726578319704 -0,087392062355604 -0,031289173370844484 ), 4,721037530787491
( 1,9870897347213123 1,0826902412679456 -0,07962975507640047 ), 4,725029691659461
( 1,1332127669720142 1,0145890303645853 1,0856810761366702 ), 4,784791469069262
( 1,0488193690288055 -0,07727802038795728 0,07741126063533477 ), 4,79641666053918
( 1,963695020486063 1,002901206835364 0,8599489667027667 ), 4,837270032603506
( 0,997975922989877 -0,11733042699891556 0,0014133820673152692 ), 4,843332193409687
( 0,8797819913580192 -0,004650573862617052 0,029606829764492137 ), 4,861932795433127
( 1,0781192837347318 -0,07951362653006971 -0,03510302417229522 ), 4,88800699801163
( 1,9552051879546632 1,0792886584569141 0,8885533362280997 ), 4,893211870325288
( 1,8831574689535393 0,9770128390079476 -0,045066516703650694 ), 4,95096230682995
( 1,1093423506148443 0,0026564111157124023 -0,05432059711813323 ), 4,965046984492371
( 1,9788884795865929 1,0315427513235216 -0,11459994873389309 ), 4,967441251308166
( 0,9674879259065347 -0,02343057079904102 0,12300740477442629 ), 4,974639974314815
( 1,0442124301981752 -0,04217634304210005 -0,10195668365708077 ), 5,017552660868759
( 1,1117216001724695 0,9023803396994028 0,9347139854813904 ), 5,042975526477829
( 0,9180171650500653 0,10042563047203078 0,015079274025003836 ), 5,054083693532839
( 1,1486835952343235 1,0671620930977732 0,9735278696779391 ), 5,098011453822686
( 0,9936315975661777 -0,05807613586481246 0,11635368514086675 ), 5,122225111726777
( 1,0717090425319493 0,8606047437691219 0,9483330567961321 ), 5,144064434791066
( 0,08395530256413064 0,8991311464598258 -0,003077383497140207 ), 5,158736367936786
( 1,0165793674705674 -0,07547521055163202 -0,09302792771509924 ), 5,169554700763435
( 1,0635913978859386 1,1148916359270535 1,0995691406104642 ), 5,203157743689502
( 0,935304080268292 1,0184887984813014 -0,945438965804144 ), 5,253427962151516
( 0,9505345684112878 0,10033045531067059 -0,06884437526943162 ), 5,276493838022944
( 1,0422672933672223 -0,0720108464597461 0,10142373656904764 ), 5,277990395269853
( 2,125928521268284 0,9301732430270623 0,9751045964393533 ), 5,312706789700854
( 0,8825625078977012 0,9607500154121911 2,080651582436555 ), 5,34347248862294
( 0,9066942601357797 -0,05969938683944186 0,0713464179524923 ), 5,3472659434043806
( 2,009552546992313 0,13153996921001013 1,0451784445138512 ), 5,419046985349418
( 1,0521818910688985 1,0971792557404974 1,1277935065026599 ), 5,422247612998486
( 0,9969114236740197 0,872175984871129 0,8887055432596513 ), 5,433089825797552
( 0,9105881174692082 1,094549103028449 -0,07303633015217187 ), 5,4532230792970395
( 1,0709045204682863 2,1210926102137195 0,9436443808534538 ), 5,618991119254815
( 2,0055822382134334 1,0945333336451288 1,8947721812645928 ), 5,646879813333754
( 1,1184845493552478 -0,005081947059200308 -0,06619832736297032 ), 5,664184313085244
( 1,0659344057278486 -0,008044942459311241 -0,11603582865355577 ), 5,666827192148734
( 1,050495491860081 -0,9902134067373047 2,0263867127043813 ), 5,672091483573951
( 1,0443556101405078 -0,9495705531772058 0,002192051162757558 ), 5,683015606207363
( 1,0084169441672233 0,10759935981105548 -0,08865431014698263 ), 5,7069175043766975
( 0,9170057770798459 -0,017132199309777746 0,11596213071787691 ), 5,748966190139829
( 0,9653716294216073 0,13995134139904547 0,03377725934344898 ), 5,758000468114176
( 2,961086958916571 -0,04432877146854575 0,9730375654345557 ), 5,7631596745511615
( 1,123145264326931 -0,03219023645044176 0,06425464346927678 ), 5,811010039935631
( 1,0828203292189622 0,8590630135915993 0,932483036933303 ), 5,912593763603468
( 1,988321688033764 -0,9469305304623915 0,9461270523845611 ), 5,915367137116647
( 0,8647133555782429 0,003504021248754461 -0,04707924231783709 ), 5,944836754164982
( 1,100584983271815 -0,05681807088323787 0,08594662277076298 ), 5,947473307629792
( 0,8254055732886678 0,964970949127746 1,0359458144712477 ), 5,965605682741771
( 1,0328529703795248 -0,06969192931819107 -0,11402234477262375 ), 6,000572129822846
( 1,0688350261140098 0,8369325665496459 0,9615298060010515 ), 6,049773965548788
( 0,8879485653340002 0,08893881152431984 0,04658555205970845 ), 6,075768388586937
( 1,1567337822569688 0,9164392480766598 0,9660517967124364 ), 6,075826458989617
( 2,0702776600711474 0,0898473251159676 -0,05110333538987763 ), 6,100531932905227
( 1,1056044401133387 0,04644428697902392 -0,08744156160048588 ), 6,119190080701536
( 1,0475630379735834 -0,9293738847625498 0,005858014335691192 ), 6,131621957817252
( 1,0587346428398534 -0,9721893955460952 0,05275119478557655 ), 6,160074160141175
( 1,0883530053848767 0,9978030459208216 0,8392797242360013 ), 6,216317191898458
( 1,1256201992467072 1,960051198333503 0,8940784106393708 ), 6,352680169487108
( 1,0756445803796395 0,09215525329368202 -0,09120532198042097 ), 6,356623348575106
( 1,0081496959386176 0,10770556427115063 0,11685705834675342 ), 6,369644368501973
( 1,116644737218498 1,0939218829668989 1,1052694197612833 ), 6,401284109243015
( 2,0072224330100013 0,8314032314272872 0,9608329164464993 ), 6,461426712875891
( 1,1734853275955435 0,9645194155348835 0,9355314308037015 ), 6,467725073446111
( 1,045779434803161 0,12581792835085914 0,08845316662853792 ), 6,478457168668111
( 1,864516094157416 1,0878462772422985 0,9335823737835511 ), 6,512413912012974
( 1,0997797822148776 -1,007528804727607 0,9453709757044744 ), 6,539325911221297
( 1,059472017190319 -0,0016456395357733467 -0,13862692951801736 ), 6,5534348513457985
( 0,06460903323558576 1,8711270428096354 2,007946750841013 ), 6,578043254130407
( 0,8643075614295643 -0,05981171662731875 0,047148779468943885 ), 6,60260878529634
( 0,9497856587296715 0,8727705153777163 0,8722994435664421 ), 6,607224405661466
( -0,013128918492898656 1,0752631478567338 0,8440328861293694 ), 6,617406315963862
( 1,9233693281250817 0,9080692006144686 -0,09730244619118728 ), 6,635767927434497
( 1,0773182245487578 -0,12875489424046652 0,02844415720600016 ), 6,6379810817381255
( 0,9534442296089259 0,0793431230737772 0,13535892592872742 ), 6,6431133519364955
( -0,15348801876364765 2,0089863807908466 1,0126570256023963 ), 6,697138014326157
( 0,049586933064829974 0,016008851221261694 0,13891951431811733 ), 6,718573651437872
( 0,8708866362796862 -0,07891453134181281 0,0400882210021305 ), 6,736011791746037
( 0,8590513457975223 -0,06891638821212417 0,007281492519771369 ), 6,75315287193661
( 1,0939174309707298 -1,0004290993142944 0,9262952366447199 ), 6,760442391725853
( 1,904938623377042 0,9012722401268155 -0,0785517811288814 ), 6,779860410761074
( 1,040606643318522 0,04379592909363861 -0,14505911956743883 ), 6,800949784454687
( 0,0295779785609748 0,15397033534070564 0,94175819152305 ), 6,820982614889253
( 1,0118744867318754 0,1577283764924614 0,059992861171487305 ), 6,8448367296074935
( 0,94523094234973 0,1382318496394881 -0,06734533726289392 ), 6,893683717731989
( 1,9521023609610928 1,9499193685266654 -0,9608645110683237 ), 6,895085848780276
( 0,9028900779766809 2,9933392155362006 0,030582421802787474 ), 6,9198430610748005
( 1,0327956423009457 0,8211183054995589 -0,0003965376550294983 ), 6,92418905351925
( 0,9876742645889615 0,027370075625922672 -0,1569843508344877 ), 6,944974939214937
( 0,8600096716921685 -0,057370362236697496 -0,047996467956185604 ), 6,9551900945923215
( 0,9769712159302985 0,8989292651706461 2,9210288070473984 ), 6,961128605429625
( 1,0576579968076618 -0,13948320186115323 1,0869934736243385 ), 7,016174254622101
( 0,9346433083067673 2,140770777350406 1,9588012501578607 ), 7,052631175166585
( 1,1540570883601842 0,8798311443014877 1,0016673675963779 ), 7,0865710872265595
( -1,086863215255877 -0,009473824898142025 0,9638733992869111 ), 7,102331615644609
( 1,0306288971361366 0,002354808576071059 -0,1590080419786437 ), 7,114449142134561
( 0,8730405951041273 -0,04737887115586688 0,09506552501397626 ), 7,119891357967816
( 0,9195899810630055 0,08098188084566746 0,12640919740789736 ), 7,122232619959348
( 1,0143546180330438 -0,08531695333299712 0,14354045106216307 ), 7,153748328480852
( 1,1820244094073762 0,9650297598111458 0,02159489793107905 ), 7,181607669643199
( 0,832592960637976 0,9645482677615282 0,900236968269214 ), 7,227725866200036
( -1,005776624765791 -0,05243902632677413 1,0898263585877643 ), 7,2342086156424585
( 1,0512737175653126 1,9700413414499804 -0,1530659837804943 ), 7,2433598916250475
( 0,9604302589271501 0,13144610141393454 -0,09613469757232451 ), 7,255467157457527
( 1,0020061474025657 1,0279599438441949 0,19288767878973911 ), 7,294975080728829
( 1,9365983024562636 0,03452917173126124 3,0402014919904223 ), 7,306552668948928
( 1,1004189343703434 0,9183461282819005 0,13392364133673967 ), 7,315940086678008
( 0,9854221005879316 -0,15495066713673145 -0,04977271889840984 ), 7,339700240823959
( 0,9915922826150623 0,9773820712290129 0,7947068811725464 ), 7,3852676253086855
( 0,902504994754462 -0,12629455353200564 2,0344698996510377 ), 7,386796799357214
( 0,9388188898858586 0,16004684813969186 -0,03517809596160784 ), 7,398165192468106
( 0,9343742116839242 0,151375565311183 0,06281084342202692 ), 7,401919330199938
( 1,012012388957979 1,9897877013992717 3,101441933428325 ), 7,408345336144791
( -0,15853373075621469 1,0252800169307104 1,086174825522477 ), 7,470713250686416
( 0,9275259748969047 0,8134857690025845 0,9605412179182465 ), 7,482387404121539
( 0,9139703235688607 0,15326432850234384 -0,016607093258557165 ), 7,527240292363018
( 1,0473483254797782 0,1692846247482264 -0,03178748544998051 ), 7,538102368229438
( 1,1606011871018493 -0,05388291932230714 2,0276613590402666 ), 7,584517151496858
( 1,005030879587765 0,8201703489837182 1,0972668595021977 ), 7,58943379122573
( 1,1429649789426315 -0,09090151326723962 0,017222429268828658 ), 7,592456631926314
( 1,0508733105244932 -0,16194688588556766 -0,0007095770047339522 ), 7,606175930269654
( 1,1349285090348962 0,1036821400012583 -0,03876759924537593 ), 7,627314455641628
( 0,9291192448751796 1,81694227405431 0,9821990091894138 ), 7,627469316399107
( 1,0957852509679682 0,8431601836332174 0,9146864671973877 ), 7,675853116892068
( 1,9354623571755494 -0,9630514164632064 0,9008656979948662 ), 7,695692687349634
( -0,8798054607161728 0,9472087812570766 1,999811462934189 ), 7,799861256842362
( 0,8936096770028287 -0,12603387174606995 -0,0413198912551126 ), 7,826050587960054
( 1,075826115529472 0,1297369749010755 -0,09221384346154793 ), 7,844217805043925
( 2,904559648172112 0,9293452786395563 2,0476555218668633 ), 7,888968439669892
( 0,8609974225565322 0,06679971315499333 0,09991092788229317 ), 8,052432926702174
( 2,148487867337135 -0,05442707384426865 -0,0033668977158102104 ), 8,064432070175862
( 0,8481538522764448 0,02752293912738181 -0,08963070368318406 ), 8,065913248639617
( 1,033835545965433 -0,12617185521086183 -0,11176459124987048 ), 8,077761786677527
( 0,8440808675837694 0,084683880965835 -0,04086059627173278 ), 8,082772656810327
( 0,8440770822457568 0,08467579630271249 -0,040867555185726934 ), 8,0828539422073
( 1,097538917202571 0,14781784180379276 0,057093783911185914 ), 8,093057705748933
( 1,0115354224575748 0,10004344587835384 0,16228671738268913 ), 8,213100834061223
( 0,8882709701649482 0,041686517044759175 -0,13460165332627538 ), 8,29193075263235
( 1,0822046188894632 0,16072391035434308 0,060927206896397974 ), 8,301534435933291
( 1,8592202348337503 -0,069463001138709 -0,06036950778212628 ), 8,318202898141497
( 1,0309030642954624 0,783053637684346 1,0280550902782077 ), 8,329764748335602
( 0,08775726147730623 0,07899977395450958 -0,9851446396240924 ), 8,353642087085753
( 0,8885278305185874 -1,0158142687869542 -0,062306170876554406 ), 8,364461501445358
( 1,0144141737649683 -0,8572833918415653 0,03919449402069 ), 8,473747140726765
( 0,07619050080029427 -0,054526113583868885 1,1626978233585925 ), 8,482827144835312
( 0,9734860047968107 -0,045259666551512985 -0,17561365454207356 ), 8,509893645083555
( 0,8302249381091266 0,9222311996606742 -0,07152432962556737 ), 8,516301691151021
( 1,1272207013703375 -0,022457253012314778 -0,9464329188420926 ), 8,538947333830723
( 2,8881528047569356 0,9496541611462413 0,08159264143961989 ), 8,562245509246903
( 0,0710156350175552 0,9712494464374108 1,1937358327644347 ), 8,581170687901235
( 1,0716443954030708 0,17886206008996153 -0,030354925542042333 ), 8,596188031529294
( 0,14351218927407938 0,10869262522087181 -0,00924040212696045 ), 8,60351620682512
( 3,0979321431272244 1,965158187369165 2,0287021021491563 ), 8,626065826177399
( 0,8272725331215093 0,9794800338937316 0,11283899018521773 ), 8,643439102410891
( 1,1143633852374026 0,003946713660804374 0,1564023277727925 ), 8,644688050282667
( 1,057022389134948 1,1190990643003849 -1,072694178244309 ), 8,645270328884273
( 1,1770136617143994 1,1048077494294786 1,0703104852119363 ), 8,671554440294543
( 1,9625036837445822 1,8069611470705225 1,042799867226996 ), 8,712036059910208
( 1,1167125548628585 1,0962625305180183 1,15415195147053 ), 8,726350602678895
( 1,0913203786320094 -0,08369108782109524 0,14517421889651594 ), 8,745506454125433
( 1,033152340239605 0,057098827796814224 -0,1777919838387208 ), 8,747291974028826
( 1,1248418381639769 0,1372708848186455 -0,04908768724179896 ), 8,748837991470896
( 1,0500995911951583 0,04779243959909943 0,18913539222523434 ), 8,773868845242461
( 0,8235494378984268 0,08487071758634833 0,003762847551676163 ), 8,793817328716997
( 1,0409055261305151 -0,9716053741154895 -0,12989354200505354 ), 8,802416005785492
( 0,8850189973373471 -0,02260196914266049 0,15609503628840443 ), 8,806083762529713
( 1,0780972832459812 0,8422473197206922 0,8720005867328754 ), 8,81382420695142
( 1,10863472681523 1,032132991449613 1,191048609186245 ), 8,873020358871496
( 0,1764101976205701 1,1148763567356483 1,030344596847355 ), 8,906599282720478
( 2,0682528317752045 0,8421711463582167 0,08800943216508594 ), 8,920755174440316
( 0,9067647744407847 0,7966175545261865 0,978029278835102 ), 8,925686543569991
( 0,9045294476907758 -0,13848785262122598 -0,07750220700590295 ), 8,927379221856981
( 1,1156108433771421 1,061214398006706 0,8212034987912542 ), 8,97790987172722
( 1,9206000348815677 0,039176714869486706 0,16664064424304054 ), 8,984024160245717
( 1,0371799839438443 0,15955807767105146 0,11932477218551218 ), 9,05458575752142
( 0,8714325545764868 1,0874110965195274 -1,0405855356903029 ), 9,071416552867344
( 3,036472041160292 1,0109541049647435 3,0493066526593706 ), 9,108161168792034
( 2,106292625810828 -0,13064055250380213 1,0811161900361856 ), 9,112158430158445
( -1,0070244609900567 -0,04355719273437514 -0,11400423712912128 ), 9,197729935220632
( 0,09949128330328733 1,0236633536329955 0,8083079477895878 ), 9,267442134630745
( 0,17651580892529628 -0,019108580998560498 0,8982292928496786 ), 9,319939144637686
( 0,9481731700989514 -0,19003499491887332 0,024528004118469615 ), 9,335265128397658
( 0,816640569215747 -0,04735345764483747 2,06045112933812 ), 9,341331751350701
( 2,1280499023039106 -0,061971686437851614 -0,10048699365351582 ), 9,353483674507793
( 0,8601130036993447 0,9176179484581197 1,1549069402110774 ), 9,354988802042627
( 0,042600211784445285 1,1341816164825873 0,8382786169260554 ), 9,398624117536695
( 1,1507648755592375 0,029453712238731517 0,13473308684453345 ), 9,41953680953958
( 1,1594537290251201 0,8379391383613801 1,0127091785625237 ), 9,448009152198999
( 1,972813613436406 0,0024233665972236695 0,19704678089937694 ), 9,466854256436438
( 0,878213204194593 -0,09957106580490192 1,1383477415186793 ), 9,47078550025434
( 2,112322306525361 -0,1102183980927833 -0,07740468892711533 ), 9,482505625777232
( 1,1404351791669147 1,0431197276040198 0,8253645474749594 ), 9,50340304968574
( 1,8698504567479772 1,1773435199572788 1,0041786655931662 ), 9,544717009085453
( 0,8885265248610409 -0,15387118630786972 -0,04718037995716324 ), 9,551473339522019
( 2,8907851512284655 0,03774192965907658 1,116680308433712 ), 9,627125027840929
( -0,0185571425741226 0,07261223245581042 1,1952108004706004 ), 9,651426974737223
( 1,0391376657920794 0,8184625512931338 0,8631104296575439 ), 9,660276235775594
( 1,9512220309094201 -1,1334628116590657 1,046949952233231 ), 9,671386220478958
( 0,9221349035501012 0,8430024169455592 1,1474557010683202 ), 9,70254228432185
( 1,1326121329740988 0,8816492107828533 0,8566924911462059 ), 9,754239770547215
( -0,03794660844044173 -1,0302263873694955 2,965088705525965 ), 9,763036675536608
( 1,057373537012696 -0,1141855346433042 -0,14941712696266415 ), 9,766318620556813
( 1,8758574334358697 1,104341705209785 -0,9726987416329489 ), 9,780428022819226
( 1,0751295631054818 -0,1312550734629474 -0,12531364112299714 ), 9,800454038614536
( -0,04925296604145467 1,8075198633482907 0,02902245545019999 ), 9,800740492134452
( 0,9184752877742014 0,11117831281102292 -0,14880018035916145 ), 9,80347514597495
( 2,964361889698701 0,9725794730432963 -1,0810368645047972 ), 9,856394642093015
( 1,092455298968893 0,8206449988718865 0,8827194394930266 ), 9,994845059938172
( 3,0716785684845274 1,121028891276072 1,9234153030937098 ), 10,046632713011853
( 1,097223183061644 0,8349530620141272 1,1330304110335279 ), 10,069590342500522
( 1,087876905991421 1,1863199548470362 1,1138937325754668 ), 10,099280008586604
( 1,9171700583999642 0,8951168612900976 1,181263002653638 ), 10,117128696625127
( 1,8882760065037028 0,004725007424560779 -0,1608966540045066 ), 10,185444270319923
( 0,8608510321865777 0,9406305111228737 0,816562088882554 ), 10,26754887257238
( 1,8824428636645854 1,9675564095205198 1,1796536347405127 ), 10,282831276758426
( 1,1557496585317608 0,1469496126524504 -0,023349646405948055 ), 10,292988935602729
( 2,0986680366803276 0,9182895833376434 -1,0904214392020943 ), 10,304682779800434
( 1,2028850652727472 0,02916912918902545 0,07963728658198727 ), 10,306928532322573
( 1,8214940073637447 1,010180384855668 -0,9849188143107065 ), 10,337629909336886
( 0,08272952242433346 0,024027007120359878 2,859463976755949 ), 10,337837937495589
( 1,1779507071040414 -0,09411852567321005 0,06962009833855884 ), 10,360207911956564
( 0,8837443999046426 0,18196618762051625 -0,03321629972784733 ), 10,372833341393786
( 0,8787978320113741 0,1837153130279241 0,015018518430088475 ), 10,41248797060311
( 0,9931788089174705 0,7615436020981146 0,02709541132291709 ), 10,432532112647117
( 0,1234051641602242 -0,059546657786451365 3,063179302066694 ), 10,47560764695459
( 1,085650754745307 0,9010405400907797 1,2039341714930114 ), 10,489600981753235
( 1,0272553624885903 -0,02081968775520838 -0,21453594261243208 ), 10,539749930820374
( 1,0865456461799232 0,8575582956954805 0,827676543234604 ), 10,555512795095314
( 0,8217823281388017 1,110646046819687 -0,08553002809009438 ), 10,59391222078267
( 0,9705393492740474 0,043792614474534086 0,22690415455146762 ), 10,613819389899195
( 1,2048659902856562 0,9546278173700816 0,8735714064054843 ), 10,658317595019806
( 1,0394888570089298 -0,03611696116002651 -0,21078803598755433 ), 10,6648084659697
( -0,8954970171013558 0,047052591373878516 0,8596530259431813 ), 10,676478167875196
( 0,014999790834017115 1,8207494279069452 -0,10427890828354147 ), 10,678075826964808
( 1,107178556158947 -0,16286443871055628 -0,07803934595188713 ), 10,681797423444461
( 1,0860193204629267 1,1017058010270024 1,2055641889473487 ), 10,702797452479007
( 1,1224824381493266 0,8631222983396944 0,8451141455423439 ), 10,724769355579859
( 1,218268003563239 1,0079222016609455 1,1184503692842303 ), 10,737531733881525
( 3,0396330342099533 0,9380933566279613 0,16391084369388514 ), 10,769244041875861
( 1,1895463143939855 -0,10807259850037898 0,015199289267063147 ), 10,789658035160961
( 1,9025945329452594 -1,0225802103192125 -0,9993884584418692 ), 10,818699337837337
( 2,9832060099500035 -1,081053098761471 0,04011176127990623 ), 10,82581262746811
( 1,1667202325448973 0,9543978396524584 0,8266076958539836 ), 10,840866105048775
( 1,1381809283693265 0,11936732838343803 -0,11695777799777382 ), 10,844277214342345
( 1,8560980855323244 -1,0996161333979353 0,991112347177979 ), 10,869194861851426
( 1,0421216121737726 -0,017932163595189454 -0,21839510477885893 ), 10,961264460414519
( 0,8678496880758606 -0,016487324902332404 -0,17140725930481648 ), 10,99028915944914
( 1,1275387426217314 1,8098160231593616 -0,004167662562557933 ), 11,05597433923127
( -0,9800571165317309 -1,0092380767518145 -0,09862651039037518 ), 11,119295721985381
( -0,09052717860309967 -0,027431661956012127 -0,8576644371644897 ), 11,157980925704386
( 0,8771203076342244 0,14665433780430542 -0,11275906474762692 ), 11,176804308543595
( 1,1180327798474183 2,023323197611043 1,801951747092649 ), 11,231127757958031
( 2,824478572315805 0,9378713977881532 0,0638102671019436 ), 11,24366603112162
( 2,840374431920431 0,07371778865329806 -0,03680747644091385 ), 11,26171377836668
( 0,7685233596709388 -0,02089025969807162 -0,03114238777293014 ), 11,274670943340851
( 0,9384202840190432 0,22556272366637287 0,054362161843848594 ), 11,285286543683824
( 1,0667519596300574 -1,0996871815162177 -0,9638354628839247 ), 11,291866114524332
( 1,178152531032572 1,0725453921043278 0,8398499369345613 ), 11,370787991909772
( 1,8041517917629277 0,9859786169190974 0,8516130321704426 ), 11,410926904712682
( 0,9275816927712508 -0,16302940381925385 0,1373184673448161 ), 11,41982395483312
( 0,932742886268056 3,04336211933999 2,8857643583031822 ), 11,451733831551259
( 0,9170783604701458 -0,054430569746598545 0,21498697540790923 ), 11,458688494950096
( 1,106873543055167 -0,1677513847154089 -0,09320563018968905 ), 11,466799244121184
( 0,9469192862000734 0,1259158913817414 -0,18152207210952903 ), 11,512537526709291
( 1,0701818892771915 1,2330677218869468 1,0899711379270687 ), 11,51781082198886
( 0,970540647351449 0,1590210521446591 -0,16150707445782994 ), 11,539853289121552
( 0,9935775985842831 -0,7970087148294065 -0,030218658696623376 ), 11,567598441380014
( 1,12808222462391 -0,11574413872402364 0,14746888845577566 ), 11,579414419186492
( 2,9124759965694276 1,1141471077819851 -0,9955999698283281 ), 11,594779306072176
( 1,9476008201671848 1,1370256139886386 -0,1719848948047636 ), 11,602374959248017
( 1,1190218853657972 0,19647978026409768 0,059547159281236134 ), 11,604689256114241
( -0,9467488376887893 -1,0061668476149865 0,11369288758626325 ), 11,606952744556214
( 1,0366073429323515 0,1471362440726019 -0,869630404812931 ), 11,636607055679413
( 1,1003654373158602 0,8099696550426115 0,8661121325463775 ), 11,642613016473394
( 1,1775234643396517 0,8437037430459258 0,9107016551875201 ), 11,645744364002969
( 2,149017754717999 0,8369758235985443 0,052226413137193894 ), 11,654140245076352
( -0,8994790506416828 -1,0612942088571005 0,03411903034521867 ), 11,680377678853837
( 0,9831420768379876 0,07561802004511377 -0,8085700173476132 ), 11,69180796134528
( 1,0553631892127386 0,7624085586059836 1,0982854400237425 ), 11,736237671214042
( 2,028191641292347 1,922455254607363 1,2253983364547514 ), 11,739417338747263
( 2,1099172182710606 1,1119962480890666 -0,890961543892321 ), 11,743668552775773
( 0,8384644067270779 -0,08505821195634589 -0,1298645691328444 ), 11,746253997955485
( 1,1569458115799809 0,8959457767570724 2,9112136764148815 ), 11,74717222897949
( 1,899776188011192 -0,9515285261252955 3,052592184125854 ), 11,750519278767612
( 2,0136014438115337 1,0911906967357523 0,7654280005599432 ), 11,75641424201849
( 1,1826123733566005 -0,12523635178038006 -0,05281720237090004 ), 11,784282524767555
( 1,1024405657324765 0,010405753231870448 0,22147847652222336 ), 11,835680711475106
( 1,2340719763729253 1,9356245689921716 1,9671558191043124 ), 11,885575345166025
( 2,8154704900670646 -0,004806172399435399 0,9090448677150196 ), 11,908837718219033
( 0,8232777108212015 -0,14788616117529552 0,01582838965243369 ), 11,938877819078538
( 2,18103698419163 -1,0533992054435377 0,9938087732177451 ), 11,977750195251886
( -2,0564452064226146 0,97331290270071 1,1009263889169407 ), 12,059528282592652
( 1,1325996731255241 0,22058307143832542 1,002293754186066 ), 12,062811331419915
( 1,8839838927414518 0,08120637279521375 0,18402075159493073 ), 12,07852389014382
( 0,8384422643704061 0,17591474511508298 0,0345339095001822 ), 12,10783477128114
( 2,85156477965242 0,9084270351662376 1,891009937058139 ), 12,13813205053145
( -0,07709380987869219 1,7615551513449668 0,9852982014860743 ), 12,207984277268267
( 1,7988229980751644 1,9585899392288464 2,1057331668142223 ), 12,223255571409783
( -0,20710350851330747 0,04449823621871468 0,8941705239860223 ), 12,237346188785537
( 1,9038148576627218 2,162281230379568 -0,11088442040791685 ), 12,266828711612334
( -1,0556023659302576 0,06775735433093624 2,895360110945163 ), 12,268283094030686
( 1,8897692291175252 0,9098669255036342 -0,848433226573889 ), 12,283914010719997
( 0,762537528952556 0,0705925978336667 -0,027013724755937094 ), 12,29934736873438
( 0,9612647275505489 1,2774601142613393 0,9671345925219431 ), 12,303552606892477
( 1,105648753669604 -0,15379996192599 -0,13246026412623393 ), 12,3333739324259
( 0,8385934387575431 0,16886244304513096 0,06877629475064105 ), 12,33979174408589
( 2,117016701074771 -0,06957472412793983 0,18047268334280098 ), 12,356110923037757
( 1,187469957575904 1,1386852625167312 1,1172237580138358 ), 12,393888886571343
( 1,8082155706818002 0,03638807944514956 2,9534077649756965 ), 12,506474677283691
( 1,066129407323608 -0,06264624208214545 0,23733956237569315 ), 12,536193216884328
( 1,2718178972670677 0,9366568858967984 0,9601286654262624 ), 12,539824057322068
( 2,8257878994090397 -0,09175475403437056 1,9828592174443118 ), 12,581732556548126
( -0,03615956283689936 -1,878689938056461 0,966163391068195 ), 12,61066695059495
( 0,9645369893872666 -0,19148650299303885 -0,13277510239115464 ), 12,639721231520355
( 3,039863203315339 2,1958739182292892 1,0191730004682955 ), 12,64036802421193
( 0,06693995694589372 0,9455580659031015 0,24662579309553445 ), 12,680061534800124
( -1,0585446526175013 -1,0849583522394646 2,0682135048100445 ), 12,690454982859507
( -0,1911226168678551 1,0563013568766149 -1,0286136483602875 ), 12,702026699957408
( -0,9462033399437515 -0,9151902421717159 0,8672148870254062 ), 12,708779862254648
( 1,167330979356179 -0,08948143101325556 0,8339379733457508 ), 12,785179618643497
( -0,8760700355766681 -1,05492808986234 0,06223355805404318 ), 12,847799937247608
( 1,0549443094767543 0,8731023860927681 0,7632086720894231 ), 12,84996821757126
( -0,0046577984744593515 -0,15571142046429248 0,8146251744810714 ), 12,849990891823769
( 1,2391988538707823 1,0465115544652548 0,8725202404084471 ), 12,861446801353352
( 1,1553953747467673 0,04063681430444377 0,19459003695378718 ), 12,905533331252592
( -1,9363866268855339 1,1372744851279768 1,0040021945149489 ), 12,927341001890383
( 1,9947168371802166 -0,9436668892292306 1,2096390176958338 ), 12,927794417119674
( 2,8256159761058943 1,8738919781126777 0,9506192396718784 ), 12,980458771690131
( -2,0130983831511653 0,04530852631748719 -0,08614866294836476 ), 13,035795521471496
( 2,1204124294602695 0,7816565921269922 0,0038390495873603225 ), 13,050368026932176
( 0,9942089148000599 1,1830614794599201 1,2027234063538366 ), 13,071312269194053
( -1,0360668198514338 2,9234455671031734 0,8557845123465873 ), 13,088437551087768
( 1,1713164310312367 0,7858281122732911 1,004835041137975 ), 13,10278499361413
( 1,0792404791220715 0,9863624437377927 1,2783891779548664 ), 13,108998108071873
( 0,8509822917247329 -0,9552826844703333 -0,9234403867130083 ), 13,144260314249124
( 1,8195326475291749 0,957426098936514 -0,16650512052223032 ), 13,149840117078345
( 1,238726535681171 -0,019078377283994974 0,8807599170744473 ), 13,1514623563472
( 0,9157651639662139 1,0363013105859913 0,7268684906573859 ), 13,158499179071907
( 1,0243530857366072 0,9051579628232183 1,737503741588318 ), 13,178315683122808
( 1,2150878988486289 1,0405754683790802 0,8336835671546372 ), 13,203706341887774
( 0,09218238400651174 1,8965246637600202 1,2157019225808106 ), 13,207131153821436
( 0,9524012677403828 0,13697176373366843 0,7741848234860524 ), 13,208553168041622
( 0,7137446416808539 0,9331244614131751 0,9956453772987148 ), 13,21840816066538
( 0,7894211266534217 1,1337066679263603 0,08708600401234566 ), 13,230159819646918
( -0,04989324418159824 -1,0963975496386764 0,16233516911694845 ), 13,231261138455935
( 0,8196579423651317 1,849582945700445 1,116924042636559 ), 13,252398816614992
( 1,020997746002919 -0,25364593937809465 0,052582776632879386 ), 13,326466979886995
( 2,0387958739223757 -0,7708044951271948 0,9702560163658658 ), 13,382021207599166
( 0,9258712963381418 1,150757914900914 1,2204561391553401 ), 13,457125808515677
( 0,7918912500524257 1,8749335557168834 1,1111557091601996 ), 13,49259745160596
( 1,1382679684591146 -0,19720714050903965 0,06803879049491496 ), 13,506634421787773
( 1,7926430461584162 1,9421883809476699 3,0035357591254837 ), 13,537724875626662
( 0,7722121089467365 0,12851027748735144 0,024435330130305855 ), 13,576231793243267
( 1,0395873840821581 -0,04874818309684183 2,252215783594634 ), 13,581878983097425
( 1,05101756975021 -1,2045486250156687 1,9746729608316582 ), 13,631228650447056
( 1,8644157071049794 -0,9001343817981716 -0,9757270080048461 ), 13,696630329837014
( 1,0167372953751108 0,2778806553469303 -0,04264198339057883 ), 13,763715570533687
( 3,000652785930016 0,9427536898185889 -1,9554875801932894 ), 13,76937808947875
( 2,9959566889226332 -1,1304183128927807 0,08006800015121335 ), 13,784731687505158
( 0,019179327068303276 1,7630759894931918 -0,09667680824478703 ), 13,78772328572838
( 1,12942155805506 1,0639373654037056 1,246615512112181 ), 13,793241679874708
( 1,9842951796636805 1,9340640647021416 -2,0894436643850782 ), 13,818629814977264
( 0,9326206520276478 0,22529214719032115 0,12928707766888006 ), 13,821435743694522
( 0,8010532096864429 0,06926943715569023 0,15600542644257143 ), 13,82893546613587
( 0,019697817411556823 -2,0579495603726294 -0,0916073649345053 ), 13,84699278540758
( 1,9717273985649 0,25864119047948814 -0,0552890154391566 ), 13,904905213901515
( 0,9110916150284477 0,9866598494190312 -0,7620445440068182 ), 13,912100278140358
( 2,1360075009785624 0,15113462811097372 1,1537326094614677 ), 13,962671562984973
( 1,0820492161795652 1,9299591267208327 1,2627592958861118 ), 13,993940013587572
( 0,7997301196840333 0,9651874991736662 0,18705568398368688 ), 14,013817748582968
( 1,048300325622296 -1,005023972326444 -0,8094468769661912 ), 14,109600456357139
( 2,865910519213241 1,915155049606582 0,15469506418650458 ), 14,128702159289976
( 1,069342715833526 0,7792815287610388 1,165824627116974 ), 14,140046093188015
( 1,987577373486347 1,8843074217712765 -1,9166587434036608 ), 14,162386074549932
( 2,8828987410102176 0,979389380527863 -0,19357557841440887 ), 14,169490223960882
( -0,03829776572683813 -1,0294032755917555 -0,8301132289286096 ), 14,180379814507143
( 0,7746260439158267 -0,034340638031683704 -0,12886677820952522 ), 14,188538184822551
( 1,0266348438976571 1,9131544084323557 2,2543900527800944 ), 14,27574789945355
( 0,1700702052736176 3,0337515874925662 1,8665817474670359 ), 14,29890378822919
( 1,922348048715428 -1,2051083427664793 1,0375767316879925 ), 14,375510045453609
( 1,0500967741366571 0,14518766931443006 -0,8159157741657039 ), 14,378110124233665
( 2,085414178847144 -1,081769608698233 0,8118161213876485 ), 14,45709607000635
( 1,2517846118890996 -0,09391673146902438 -0,04058119940004659 ), 14,469429847074899
( 0,8255064238357068 -0,1905705474702497 0,040416219883705584 ), 14,473288283075174
( 1,8541852536140138 1,219233527131964 -0,05570699337998751 ), 14,48890756511623
( 0,18511967236437843 0,15506753916460214 0,10012317828873085 ), 14,520200325912608
( 1,8991535351447504 0,860443202149059 0,779699823431271 ), 14,566735960792787
( 2,81331309741188 1,940535304661445 -0,11309962117788232 ), 14,648086690508592
( 0,7636919506068163 -0,12744323460248558 -0,025771926998900824 ), 14,68907914697741
( 0,7685127887507526 0,16557513317569805 0,9682324015998359 ), 14,72955589231307
( 2,832048750977662 2,1231436960167342 1,9148746852314877 ), 14,768443492179756
( -0,0989779589061297 0,9351997686575282 2,786993253702442 ), 14,791542242378528
( 2,019645211120542 0,21925188501075077 -0,14135211706605436 ), 14,799496290834055
( -0,11806922731615312 -0,1439425151018901 -1,0883982214761483 ), 14,869683900471479
( 0,8119609381361925 -0,09545045996670547 -0,15450080497448337 ), 14,871110494156783
( -1,114586408809903 1,8747034045435997 -1,0244783597287244 ), 14,876987956980464
( 1,1026142363046012 1,1972985773237272 -0,8835633773352084 ), 14,912475327642897
( 0,8862918138307825 0,22623748949476363 -0,10588760971996458 ), 14,925338473556655
( 0,01899164335523751 -0,8243042423176457 1,1673523393776515 ), 14,926027344547872
( -0,7549780722984427 0,01828011251474572 2,021889335737564 ), 14,935567878943425
( 0,8437260347989247 -0,12625448102902925 0,17667179131015243 ), 14,955112799747294
( 0,28613004495730565 -0,005708988507972579 1,9626393048142745 ), 14,979099045823924
( 2,046749942572619 0,7529079432641776 -0,11308166174448844 ), 15,061034450601765
( 0,8078111798070919 2,143652355409454 0,8629811994931837 ), 15,097422155663317
( 0,9412145376389716 1,7041558454096921 0,027187524418122444 ), 15,106424776097954
( 1,088258304919464 1,2555367321272852 1,1313352498314488 ), 15,152667171963706
( -0,990879517986654 1,7802704208804196 1,1136754501072317 ), 15,155372724620289
( 2,01478061352452 1,8457796666968471 -1,9639122860883758 ), 15,16767720266612
( 2,8661760736232296 0,21188769414560107 1,0266930062270747 ), 15,204549865314512
( 1,952808982012002 0,20355456138231204 1,186115955122812 ), 15,229149436832577
( 1,8477503300507419 -0,8780054562066826 -0,9875343865352235 ), 15,260293552161615
( -0,22333084317136387 0,0072039316464394855 -0,9397380363633374 ), 15,295473471454368
( 0,8125201151968979 0,8422303507921343 0,1444318418681619 ), 15,330736575257703
( 1,278004117145055 -0,08322971208687585 0,007745338485559028 ), 15,334059203466811
( 0,9475563801321997 -0,7882768213297056 -0,9906327481479051 ), 15,336731682426716
( 1,2997795404315533 1,9694288569692706 2,014602936509952 ), 15,362050851610213
( 1,2039256083426868 0,8430405850968985 1,1405658640845662 ), 15,365917997237215
( 1,0831212279474782 1,050199690112191 0,2992694490102099 ), 15,37334441490566
( 1,1567630361627146 0,8666186079725249 1,2101802806010673 ), 15,392682386864614
( 0,9299769756876344 -0,7432420123209704 0,016638950147758055 ), 15,442228886061883
( -0,827981533303406 1,09164701470552 -0,9089064128330547 ), 15,494183226790081
( -0,19005226466868827 0,09284686491625382 0,8283731072050406 ), 15,516616729166532
( 0,8826623957069619 1,295707969735659 1,0014085373926833 ), 15,531030764672938
( 0,9126086012260655 -0,2220749944784215 -0,9458159862878684 ), 15,585697303029848
( 1,0980683507774005 -0,24415122273095513 -0,08676139276961481 ), 15,659703994278965
( 2,099941615307655 1,8398635028021841 -0,18215318003483993 ), 15,734383550747005
( 1,2020783339770162 0,10056500514950589 0,8165234782057853 ), 15,789368612047841
( 0,0805750846191985 0,2280820047329648 3,0399972356811915 ), 15,79851200026884
( 1,841386050113825 0,1717599482114605 1,1579358604608507 ), 15,799601326946135
( -0,0024144117374342855 -0,9234228415138049 2,802900552385783 ), 15,82837672975926
( 0,7941506512395056 -0,044445822664504975 -0,8607213062922137 ), 15,835212573723002
( 1,016488558022566 0,8368272277874846 0,2565094779712549 ), 15,853284757797669
( 0,1031975157303362 1,9063940787777511 -0,23431379256086637 ), 15,8751589953307
( 1,7797156931480766 -0,8603789056099077 1,0228106359381273 ), 15,923190185383696
( 1,2176044893953613 1,0181755344987815 0,784815953223569 ), 15,967534767720178
( 1,2413454678915086 0,8139453589902361 1,0420503636194833 ), 15,987552268867876
( 1,1381827462442806 1,9846017245021679 1,7355567023950735 ), 16,020798486799016
( 1,2275150438628288 0,8477380791035812 0,11096856627406398 ), 16,02876403166519
( 0,9945197929695386 -0,11049665878576997 -0,2641904876269725 ), 16,042568329375303
( 0,048602038743562836 0,2850346387509075 -0,06684178891212106 ), 16,069726790620177
( 2,2522885040258895 1,1388147412470224 0,9366789155779083 ), 16,084917581318486
( 1,9102835954206165 0,015528300252142649 -0,7559245371032484 ), 16,103653437024096
( -0,29289054521460134 2,0506383328465314 0,9655908632253134 ), 16,173688671297988
( 0,8733628476943843 0,9253380079631159 -1,8530135613517231 ), 16,21367750648942
( 0,9864684197993151 0,7051736682407845 -0,10490710792293759 ), 16,218351549834882
( 1,2963154523053917 1,1166926290828239 0,9388385350602839 ), 16,273336573902796
( 2,0528856389510874 -1,8899141282971401 3,000189768440553 ), 16,306268785556355
( -1,0209230456273841 2,0626912555141077 2,797722061855814 ), 16,343609867019605
( 1,7394987366955836 -0,9747393599496194 -0,020510789372930605 ), 16,355849560644273
( 1,1752077908236096 2,076996090308781 0,7732319575673288 ), 16,406817768441755
( 0,24260658550794195 0,050876525325903865 0,15172329981067378 ), 16,44636550516515
( 0,8485926143948488 0,1670590058585914 1,192775257494678 ), 16,450593024857277
( -1,1945270642325625 0,8572962829550838 1,9559766908760297 ), 16,472573079573962
( 1,8574181668525505 -1,885161711098902 2,0270763311520095 ), 16,50233558427614
( 0,8210431216896692 -0,7913170725237217 1,0290432541626597 ), 16,52375512047029
( 2,974631317309904 1,0901788790937739 2,2409040138448404 ), 16,565452547334534
( 3,041319883960373 -0,20764432535327426 0,8684057620802643 ), 16,57574255297589
( 1,9069399635210345 -0,10770731255967947 -0,2362235962378305 ), 16,57843194040147
( 0,8242256643060483 -0,21697406313288956 0,06331494834068828 ), 16,613500115945715
( -0,02951131468655488 2,8749274042526825 3,9754199999601174 ), 16,65097180696212
( 1,224809733949682 0,9466936877390466 0,7883935835099072 ), 16,68867446880003
( 1,0105377000614884 0,787990449561721 0,7666859041238135 ), 16,710511941694804
( -0,009743302421004907 -0,2503972060763041 -1,021664807540418 ), 16,806399177028965
( -0,034032444974620546 -0,0706121654523233 -0,7436099369384432 ), 16,85292524414075
( 0,9180180881986385 0,25812477677292245 -0,9384865795900037 ), 16,86036600905475
( -1,2150712018894434 0,9786297330057279 2,1218122862049076 ), 16,867138566793784
( 0,7280706763848042 0,9834984278685928 0,82698560695629 ), 16,880648133001102
( 1,2268135952357615 0,7980766174060829 0,9201411282850334 ), 16,904550556811223
( 2,1960183108999947 -1,1479051001424598 0,9701054256879478 ), 16,90979941844202
( 2,9741395213087385 -1,9694908706155112 -1,003682979023751 ), 17,047416328607465
( 1,7559962951812187 0,11826509215699024 0,12158454191715139 ), 17,158886089403033
( 3,004000742744241 0,878095845777342 1,2543205429574282 ), 17,162885957901693
( 2,1029745224862317 0,26785469050646427 -0,07814701825718506 ), 17,237012319790804
( 1,0042985368170556 0,23831445242374638 0,1974662876205016 ), 17,253147564141443
( 1,1811001400052963 0,7654704676495381 0,08908518141723432 ), 17,27797365411661
( 1,8433167606562835 0,04162590097097302 -0,7878019902469675 ), 17,28003123759866
( 2,6799325511706695 0,9770272449214078 1,0252236382306863 ), 17,314281420895853
( 0,9739264415561935 0,9599887179383377 2,683978472286163 ), 17,316604520593483
( 0,056530044657653544 1,9839072477021549 3,2459621878788036 ), 17,32414692481365
( 1,2391628907716963 -0,07942964028719862 -0,15279641668251487 ), 17,355837227707024
( 0,9439509768265011 0,014153746207763995 -0,3158810500563065 ), 17,3820407850563
( 0,7265566031986213 1,1563972212993399 1,0868783691951203 ), 17,479697352277718
( 0,9427854128304262 -0,9795197588161271 -0,7530217119699583 ), 17,526924624664417
( 1,1090144636149448 0,6847804672866367 0,036030752865297444 ), 17,535327621962765
( 0,12974278893355765 -2,0795749679950104 -0,09725080047169632 ), 17,62145448866137
( -0,06260654167218867 -0,9166088809396871 -0,2371316696189032 ), 17,630687092066196
( 1,6925672758390116 -0,03441554425514451 1,1107267284148226 ), 17,649660402065784
( 0,8055025588469427 0,16711042273586107 -1,0736336712883316 ), 17,689873622958714
( 2,708024991099146 -0,005910914747356583 0,922752235375097 ), 17,703907235521356
( -1,0484570599816532 0,9331065656827258 0,2767722997179604 ), 17,72821494449812
( 2,077339210427381 -0,872725451065671 0,7682462185621164 ), 17,765863427278003
( 0,9062472913196717 0,657538479822682 0,9504782260917519 ), 17,782320034386707
( 1,1058166541656773 -0,011150897749213906 0,3184551054769243 ), 17,82242754014043
( 1,0629522990267555 0,6517490868058979 0,9233429885947525 ), 17,82950823380706
( 1,2504560869991797 1,8160038489806882 2,018866032019077 ), 17,836224556495036
( 0,8887944449061076 0,6593639563376228 0,9869332051661286 ), 17,897593253821128
( 2,011865735302646 -0,003433183653769434 1,347698916814546 ), 17,94202407661149
( 0,9099147461191908 -0,05785352597669874 0,6750636140010535 ), 17,982122973470638
( 1,662728243462897 0,9179543201160941 -0,013115563386290024 ), 18,018608758588893
( -0,06121909344283605 -1,0197992856708114 -0,7671756665088392 ), 18,05958497670627
( 2,1438154870789603 3,0401267571362744 -1,1468493123310148 ), 18,170991281095425
( 2,24364079892185 2,0137937258296565 -1,093218173379856 ), 18,26084765885306
( 0,8129401745810787 0,1847762993194968 -0,14969706572376595 ), 18,2913978884506
( 3,004452271899747 -1,2198246289341368 0,9202951855165857 ), 18,299093190511535
( 0,8835691573380823 0,13451406859313342 0,2688568547573921 ), 18,40188845343225
( 0,6691681716725784 0,0760933311774783 0,05353120640813391 ), 18,403791986464128
( 0,9280231017977687 -0,16787565095918144 0,2571622102070053 ), 18,442027622801433
( 1,1670021417542402 1,1519531771993599 1,2360456857005246 ), 18,471181743194855
( 1,0148346221433937 2,07403902494294 -2,939196750151695 ), 18,49807685105069
( 0,8342312640167856 -0,265889959984849 0,0050934338401074815 ), 18,572873911755412
( 3,0670488091208 1,9909715881532175 0,2809771172097588 ), 18,59621679361237
( 1,3798178257524958 1,960785131544677 1,0091971964199895 ), 18,66801072141193
( -0,9927916379542687 1,1772249944484257 -2,011618516866419 ), 18,694460011759695
( 1,0616163166681114 -0,2740740752213682 0,14977368255479367 ), 18,707551835474362
( 0,9226589066454761 0,3545772706022121 -0,013915750911522862 ), 18,754515398742356
( -1,226346216919648 0,041369090229764455 3,0077602346891226 ), 18,773750345670393
( 0,9036896491714856 0,7428108687742698 1,1922572008670858 ), 18,790673975559287
( 1,7701625482700947 -0,8796694896138302 0,8691331561311983 ), 18,79884850460979
( -0,16218959716517078 1,8764471052768799 0,22555626260570438 ), 18,812120100736294
( -2,0102575252951933 0,0848745133156237 3,1262372503742197 ), 18,813435370757045
( 1,8551570442332568 1,8531971918385315 -1,9291709654133609 ), 18,83727272847603
( -2,1318364418406417 0,8375934993315955 -0,015041754770483896 ), 18,918815258037963
( -0,9848513183479781 1,8289503375684353 -1,9615717325473876 ), 18,973408149701648
( 1,963640759404671 2,9415484969782533 1,7036547254342973 ), 18,991001758716372
( 1,9911615346461313 -0,9092377659385664 1,2933842834565867 ), 19,0038414146822
( 2,045287626391225 1,8569262762396324 -2,1324590607233636 ), 19,08508900464862
( -0,8922192779992645 1,2370087649856532 -1,0127666528853883 ), 19,11143076839203
( 1,0654494082088886 -1,8050551965095862 1,1444334711263893 ), 19,179383831277413
( 3,7662459460099442 0,9106990910547013 -0,010472810909742059 ), 19,21706351283276
( 0,6482224079293996 -0,044343416174555075 0,06305851947312727 ), 19,22042890210747
( 1,0566596961310895 0,3794381318568006 -0,0032771030549264453 ), 19,289493730221743
( -1,1280679745350777 -1,040613275756419 -1,1208450073000757 ), 19,327887698819886
( 1,1738631265485764 1,3075221547845786 0,9591926562836011 ), 19,385987398115795
( 2,771268497742732 1,910391746100733 2,1470572464768587 ), 19,466712254486367
( 1,8388657401902975 1,71409906517483 2,036795038383806 ), 19,493315296620423
( 2,158743715670868 -1,001174061779389 0,7574604729778275 ), 19,51315136246845
( 1,1558287646097827 1,7443678271632033 3,02070209674104 ), 19,52219813652301
( 0,3565700691812985 1,0984048102868327 0,9264278841968103 ), 19,53670638512141
( 1,9832318378889164 0,33240202377810113 -0,10003831963474918 ), 19,538449795298956
( -0,9504973308730278 -0,8441698363176577 -1,1255211160481424 ), 19,577573529081107
( 2,2398776005066443 0,7948019837018246 0,05582116546033261 ), 19,666129521400464
( 0,7608790941434196 0,7647486414771014 1,9647699756850683 ), 19,678918287583826
( 3,8074579616363105 2,9843804068564213 0,047611344952015244 ), 19,6866012149029
( 1,9149788799118188 -1,0489869671513963 0,7064500498780616 ), 19,687224066375236
( 1,1419880379426461 0,7780980378301519 0,2026862431920078 ), 19,742100003637077
( 2,0897642706837654 0,0309987667972779 -1,7795796822965657 ), 19,742621223729408
( -0,08450624613162772 -0,9363215864792145 -0,7562522018437157 ), 19,783801699091345
( 2,037638328880958 -0,8984993615178103 1,2976368909240352 ), 19,962147224490533
( 1,9532949107124757 -2,011547682336667 -2,0413258659072597 ), 20,01688896898686
( 1,9213937471852334 1,2481721081205746 -0,1952459390380028 ), 20,046567212729457
( 0,9954959934862537 1,041534158394088 -1,321357528740233 ), 20,06785568192522
( 0,9727728140093883 0,2787636568800741 -0,18885987956334266 ), 20,129980846132106
( 0,1516368550005307 0,8617116839511112 1,731769791218049 ), 20,166189923456763
( 3,7961973372282074 2,9764977418096015 0,04531714245230267 ), 20,28608133687747
( 0,1149152803964855 0,03317050346085498 -0,7010791286340129 ), 20,34919087085909
( 0,875817981013405 0,8997848390446386 0,6590907476550245 ), 20,358567570464494
( 1,2721423826363205 0,9229385928093888 0,7868223016575213 ), 20,368662029132388
( 1,1837454526394282 0,6958752029676221 0,9299406540268742 ), 20,376371704584866
( 1,7575256698566664 3,9131985999700047 0,9556812002498862 ), 20,425815649272238
( 2,0262926995705226 -1,094409970689585 1,7071232466684412 ), 20,445970819015727
( 1,0473133121956577 -0,08650200049422807 2,6742664796677555 ), 20,44644480613994
( 4,196012266806328 0,030900974955952676 -0,08098776185746148 ), 20,44960652528747
( 1,081667219108201 0,7934585833159455 1,2784169908192324 ), 20,49396711851134
( 1,1539934736587019 0,24472507211222583 0,17101446767191164 ), 20,515388523467788
( 0,11763909752377177 0,334535030051595 0,9081100276284444 ), 20,525612197637933
( -0,04885350235443092 -0,66551163343713 0,9237528380549297 ), 20,535758632411255
( 2,1081765161660493 1,2951127561102287 0,13784393165187253 ), 20,599483875261523
( 0,6745898613435075 -0,02527236346318678 0,14817689803647405 ), 20,601199984071332
( 2,041899131052632 2,030736222498885 1,6115423026317628 ), 20,695389400901924
( 2,918316647269087 1,0764511205828375 1,682168974761291 ), 20,70530337954389
( 3,1190921115178805 1,7715045154936926 -1,0309806271685256 ), 20,72383420105015
( 2,027763840554707 0,3220046859791823 1,8532467332341724 ), 20,725542924988833
( 2,134678644409761 -2,026576630879022 3,110806353211818 ), 20,74127323559247
( 1,7946857104293827 0,8066525968727638 0,8104304652160528 ), 20,74263137066601
( -1,8888246424107105 -1,092026017377123 3,011754481054025 ), 20,764061467694326
( 1,7325233628328867 1,089121825570936 2,848521368588952 ), 20,782294304880963
( -1,9858914969194603 0,8398213696385566 0,7965012266044128 ), 20,79272884325023
( 1,051152816650709 -0,2873750514368323 0,17827043673070453 ), 20,818208410798093
( 1,3766994522876514 1,0522695512629063 0,8732167230220923 ), 20,849945983471926
( -0,8731322343084746 3,9858107405949124 -1,0752055779745286 ), 20,87809012991196
( 1,934845169007453 0,9783440571473849 0,5749951928396486 ), 20,88398775779586
( 0,7082125056134299 -0,09734853878021643 0,8290271918722357 ), 20,96321845700404
( -2,108287818443221 1,8564474294860593 2,934292113839145 ), 21,002714578953526
( 0,9463064601871218 1,8579658948363265 -2,182236061331336 ), 21,023820636999268
( 0,9304577471747468 1,4379342256613254 0,9428763529421045 ), 21,025835662647474
( 1,2670028162763154 -0,17096004184254762 0,11571414816317982 ), 21,054735949917703
( 0,7143451720579255 -0,026675062629641755 0,2012835742707464 ), 21,121934731875527
( 0,676158983614548 0,1315403666103774 1,1169092251276365 ), 21,151823241089705
( 1,724921652285992 -0,1580426587681083 0,8694614349439469 ), 21,170358369698697
( 2,129369635663226 1,007066905900354 -0,684700877660696 ), 21,23803015003265
( -1,9464897458006956 -1,1706624685787506 0,08002591392014402 ), 21,256525699926918
( 1,830462221889569 1,1142575916523703 -0,2715042733278704 ), 21,291647934399684
( 2,0248985130678636 -0,6632172634933571 0,08287201775216574 ), 21,29174993642586
( 0,11515188361999024 -1,1790228043398405 0,7894950903078078 ), 21,311186113300927
( 0,68636436944704 1,0903484543968822 1,8313862173341047 ), 21,365186080083333
( 2,0078474386603964 0,5647921486595052 0,015675374119502483 ), 21,417399218560163
( 0,9152977721642962 0,5891231583059229 0,04977598779238265 ), 21,419757171615437
( 1,026302127143999 -0,12693206065092777 0,3660634955152813 ), 21,48717326801651
( 1,918282861402759 -1,291331428476897 1,9406030851139633 ), 21,52378780849368
( 2,1834815725091623 2,2281035951464836 -0,9687433655704116 ), 21,54673463777125
( 2,7416292051246636 1,1442361474696539 3,020791770097333 ), 21,58167397453199
( 2,18233941216928 2,231383351503584 -0,9724439961196453 ), 21,662888603570757
( 2,137221466614634 -1,9755789541024815 0,20636396988510602 ), 21,67940236115981
( 0,27739326701278344 -0,04985024288800721 2,19283569927613 ), 21,73140898572405
( -1,043039390184398 0,7130125344461552 -1,0559324026335766 ), 21,76098024613752
( 2,035903524547268 3,9720242392335603 2,7767378307673365 ), 21,798189257353496
( 2,076919731844025 0,9747256431275501 0,4327944640434853 ), 21,874917919806997
( 0,8605524028029152 0,7586634095456575 1,7793685243895077 ), 21,905265676609837
( 3,196536106928672 1,143838525309099 1,8175588729624703 ), 21,912365416380545
( -3,050607275901421 1,055516719344249 2,1299840536855066 ), 21,94469843367352
( 1,9227112887996505 0,8421996807458659 1,667634438927008 ), 21,950972710537798
( 1,1112834051870943 -0,14736539874069887 -0,7288937933611095 ), 21,975718909060365
( 0,24156639211439868 0,7671484102280928 -0,09683279673514811 ), 22,021919139561046
( 1,0037805888832332 0,11867328886262984 0,4041152275949227 ), 22,027585718898628
( 1,0651295461955994 0,15835738886611317 0,3471573415582161 ), 22,251798976499167
( 1,0063792916840388 0,24835285573257737 0,27180028496362985 ), 22,36530259176635
( 1,9637090580009646 1,9158847906121266 0,5786876688758058 ), 22,370837250885877
( 1,7331824892282974 -0,20634143617345568 0,07917955694697434 ), 22,398777284814155
( 0,24226788381416986 -1,177021461307695 0,8961785042502362 ), 22,465636626961313
( 2,061992586919739 -1,0834876183898645 -0,7186990814594812 ), 22,470364483709698
( 2,077857759565299 -1,0244772213880404 -2,9797964200583094 ), 22,470445123407647
( 0,17236531652524342 0,8313968812127145 3,8700448089317665 ), 22,522002543528057
( 1,9143171789824502 1,0233094634434026 0,47989564855360367 ), 22,548906818066975
( 0,790835704531534 2,99889454448886 2,784202805683054 ), 22,55270405008523
( 2,802234034461315 1,818974149746302 -1,0954722602099758 ), 22,63293669462957
( 1,0455463120632384 0,4537928372856024 1,1115600094392275 ), 22,658774412273825
( 3,9557319191263103 3,9581463110137625 -1,0414737700174088 ), 22,72033217441808
( 2,1433837727616676 2,78509383907315 0,18393873748970158 ), 22,731075483513976
( 0,052686229877245284 -1,9741555932339976 -1,848432846883893 ), 22,733165677139965
( -0,10981348285931453 -1,1220381563573731 -1,2034290019412366 ), 22,79124400584906
( 0,7161281547159537 0,23341733550677768 1,9768009896937122 ), 22,800585534366824
( 3,8891709422219 2,21389671085558 0,10514574337060309 ), 22,804828373322636
( 1,2902432204519134 0,8109971689156787 0,8540348114635067 ), 22,822500292574354
( 1,0303516424534205 0,8689536495246414 1,4406480927782122 ), 22,908836675618662
( 0,2718891821346812 0,1954166799313727 1,8740545110967368 ), 22,920806112479973
( 3,976026461039695 -0,9370081252451301 -2,033970163715084 ), 22,926939109399157
( 1,5981259705339812 0,907528771108733 1,120873274592012 ), 22,928652470534118
( 0,8430117937105885 3,2003852082335316 2,869770922445654 ), 22,943193080446644
( 1,9192668148397332 -0,7787133916807463 -0,21832446267676275 ), 22,980942078351777
( 1,4088523812856937 0,12202130903133446 0,9335057182653149 ), 23,004835411852735
( 0,7609764346786667 -0,04615793402425261 0,27663393021555827 ), 23,06898852822388
( -0,947466826447255 -1,2402883177893496 -1,0320828057787785 ), 23,073366573582977
( 1,7866887911258484 2,081541867663942 -1,847592949663337 ), 23,141721122255042
( 0,24243370412821943 -1,0114093574772443 -0,20993614081091028 ), 23,143293625130493
( 2,114536937100641 -0,21750575826834212 0,7507831694072862 ), 23,189575576191736
( 1,976886175588635 -0,5292208204536296 0,9987407123074616 ), 23,23033724316406
( -1,980045800663837 2,9175299439697673 -1,159939369148542 ), 23,252693626341774
( 1,0561578800569258 -0,4342222009446468 -0,04333296423718025 ), 23,291171563783585
( 1,8353748293180216 0,9228508867115559 -0,32943216649635715 ), 23,298811479662962
( 1,2073828774423347 -0,2814940524776175 2,07829635083138 ), 23,35393790295317
( -0,09504067462335875 5,094314653437104 0,07632212316030527 ), 23,379360617931482
( 2,5269394780122396 0,9724951529602149 1,9786382257003663 ), 23,38601970969477
( 0,8858073915088918 -0,0877139175417444 0,5984235227127463 ), 23,45148573756245
( 0,16505125432988244 -0,179284654561515 -0,7894174829064577 ), 23,45237457365876
( 1,1647878958729787 -0,0752604764997572 0,64386639303931 ), 23,490862098917326
( -0,12453151816465213 2,2695274313090987 0,8066331655150843 ), 23,561931665716052
( 0,12583573697460615 0,37304262675061395 0,09219088002046982 ), 23,562366588821614
( -1,1290512956713765 2,2547920998796283 -0,9602100067252554 ), 23,672930089778195
( -0,3505674165607623 -0,15726847256307364 1,025337860434829 ), 23,694681311837265
( 1,9406606004942208 -0,7766250884161529 -1,8901869625643735 ), 23,70372875430431
( 2,405855622103373 2,0582975671874193 1,9367758919188371 ), 23,716978534171762
( 3,013614226161539 -2,878022876984878 1,929730908097051 ), 23,749521058281687
( 1,7680976817035332 1,1879205852235077 0,7800394241442401 ), 23,86035618639973
( 2,20871013647672 0,32138206988494966 1,0299964160317874 ), 23,87037765496762
( 1,7150221867405662 0,08467581638047164 -1,9791228934664589 ), 23,872459888013392
( 0,8144206179518187 0,383027795649459 0,9960064499420074 ), 23,898804173519217
( 0,6665713387840968 0,013528101411564353 -1,131994020301634 ), 23,917383970474678
( 3,049691013714516 -0,028021784205358436 1,6099627275891129 ), 23,974791326314076
( 0,28023184561566006 -0,8049229727100414 1,0947045756934386 ), 24,008852432085604
( -0,023572960179293074 1,3032751997718017 -1,9313998717620189 ), 24,042116666082602
( 2,0032349665229945 0,4957897996329404 1,894204847955804 ), 24,18804728403764
( -0,1837634583849902 -0,31740419990292057 -0,0037933165708430305 ), 24,21428526174291
( -0,67585643873733 0,015300071091958922 1,1833121133892606 ), 24,281213020137773
( -2,8416580887496927 1,9215821759317648 0,8736302721813687 ), 24,35720562215367
( 0,6643341866318956 -0,8479007205020925 1,0873806120915512 ), 24,360469668698947
( 1,3832153446923816 1,819711556471555 0,9531557461954534 ), 24,436109756072394
( 3,045553978159661 -0,9906609541413784 -2,9654093664195726 ), 24,53079073935331
( 0,0982710405104199 0,6370081700465773 2,9065673147247013 ), 24,618524177918868
( 3,092661770947985 1,6955277420733645 -1,0600428226507832 ), 24,813667655264602
( 1,963371052068373 1,1112024393416133 -2,2602646812879295 ), 24,821192896709434
( 1,156461452678321 -0,6997084479140225 -0,9461593020528398 ), 24,83072948460314
( 2,3306868652540773 0,12810554041607186 -1,0347078841841486 ), 24,831364230668825
( 2,7947153509349048 0,056752592821315506 0,28833441725978337 ), 24,858919127308653
( 2,0470342906746817 -0,10715329484515872 -0,6180273701283547 ), 24,929652325375216
( 1,2347745439351714 0,6530727899345738 1,0064503367335438 ), 24,949116366658668
( -1,0381003911977282 -2,829445131416827 0,940324734979859 ), 25,01502766079249
( 2,8260014687010777 1,729384508836051 -0,9393342174110778 ), 25,04082610788501
( 1,2562046216823295 0,010718987336689842 0,30016273705242513 ), 25,046403133421343
( 4,009830095316345 1,787368512898441 1,2138623803701498 ), 25,166278647288657
( 1,0331474228446385 1,5872964368933742 1,8251347066753931 ), 25,228597989314544
( 1,8839123999759877 1,8987457365937206 0,42245548998539917 ), 25,25960826647459
( -2,8784582008774677 0,07899527246163629 0,16271564561279567 ), 25,361969795490754
( -1,1442656023865216 2,3154604012528552 1,9551325352517088 ), 25,46787760271144
( 0,20677687586844334 0,04978398206745471 1,6507940862646908 ), 25,59578222533804
( 0,2876318993632574 -0,9995922523223482 0,7707872528663642 ), 25,598528805154317
( 0,7684925876861297 0,7155200739125125 -1,0445067688772292 ), 25,693215329815708
( -0,10773274246764078 -0,1615081123713703 -1,2682925248400636 ), 25,79497368993777
( 2,1473574451130464 2,3059590445706206 2,1502845246297975 ), 25,914383308259083
( 1,0022599196503854 -1,9693355698542032 -3,051352222034704 ), 25,93249019720581
( -0,9261823234131413 2,0018947701750833 1,5188980490432984 ), 25,96997730880757
( 3,8025682545632504 -0,13617227148032163 -0,8705867691255824 ), 25,971150352501965
( 3,0568552816653107 1,0359391507270497 -0,5935270182410831 ), 25,978937487455696
( 0,09821190849230099 4,944929523132756 2,1806038430919124 ), 25,98308155692623
( 0,2162351205601153 -1,0485791885856202 -1,8373226768361963 ), 26,00247736489958
( 4,993219522157353 -0,9125372701127636 0,8342817342638753 ), 26,060995047979894
( 0,046990583483013104 -1,6980732867500457 -1,0259810018384048 ), 26,06315384020355
( -0,80377168324217 -0,8181327927803992 -0,17753808602753662 ), 26,082540267871995
( 1,6923596546436777 -1,1043172149981022 -0,8969980470257989 ), 26,14346852999515
( -0,9345085371358313 -0,9670494160841767 1,3814458058799801 ), 26,156991766164698
( 1,3177515249975427 0,7834949898838106 0,13329244965022546 ), 26,246298601112347
( 1,9410227584557793 2,2512120979995967 0,29120239524392266 ), 26,268380574685583
( -0,1987604042232789 -2,080690257356758 -0,8528095917777526 ), 26,434595550540376
( -0,007007793840606236 -0,6912153369822549 -0,8215160174661071 ), 26,468239207599776
( 1,1488093979170968 0,44929995888076757 -0,08644918701257076 ), 26,503746249066122
( -1,404769536286126 0,05731347272699912 1,0724947163946552 ), 26,60048938277801
( 0,5820182147463391 -0,932824740582316 0,11876728460702146 ), 26,92346672282916
( 2,703443553043909 1,845117181406116 0,8132544594478208 ), 27,03699578186372
( 1,2639737096155161 1,0957239263131977 -0,7280339724736969 ), 27,072448194393537
( 1,969627562403097 -2,1143731209650203 1,6963844679147277 ), 27,084294074856075
( 1,7350528854107257 3,0414455941901593 -0,2460917323553562 ), 27,289939342834725
( 0,8965930904298142 0,7478710331904744 0,6663994175725659 ), 27,371346016153776
( -0,8115219230558317 1,9272819875844598 0,6478132157175496 ), 27,509725035195075
( 0,41447555480285336 -0,87048204429867 -0,0662929772985334 ), 27,556624538832047
( 0,19563761576277547 0,4333527505976679 0,0035121784348081837 ), 27,749803467937245
( -1,116084459355934 1,3657190738869995 -0,9736471514093068 ), 27,834683013512358
( 2,095242705578258 -0,8977129107806631 1,444208668909421 ), 28,122945201191033
( 0,31256331807364246 1,7169444774672555 2,0334879506928756 ), 28,167773767357236
( 1,766646988351045 1,0228550860975167 -0,3663398838191727 ), 28,19006477667751
( 1,4230500899708 2,917611079969892 3,023920964633321 ), 28,229203070909016
( 2,08534900155321 -2,0419146886674846 4,938966866569845 ), 28,42156429780961
( 1,8790856623014194 0,16092599933214702 1,5554283633808934 ), 28,62570206720649
( 1,7625076153481525 0,8255591688861399 -0,2785560410191371 ), 28,674921502181146
( 0,5811438391404402 0,1503531922197241 -1,0682161320730543 ), 28,947766832703678
( 0,6429392529874768 -0,9131059842065934 0,7912532218678638 ), 28,95258233133198
( 1,625627848319704 1,7994530059439524 -0,9953762291078427 ), 29,001934477549774
( 0,23759212140274838 -1,8347801018939702 0,81152760726352 ), 29,025111799698973
( -0,9033621576492216 1,695599418256728 -2,0533958025569 ), 29,126793542328663
( 0,951652974145937 1,4118197003889352 0,7494415509089345 ), 29,23164466598024
( 1,66573648320187 2,2207161438717686 -0,9657569088955127 ), 29,24905613238638
( -0,8544182747654183 0,1672160961700646 4,186502654028938 ), 29,3313191042169
( 0,014314650527635073 0,23523458734249847 1,4150483340581401 ), 29,451684880524112
( 4,861721737229916 -2,055637045174703 0,9260250856863532 ), 29,463770801733535
( 2,831062459353826 1,759430316595151 3,8787107114404438 ), 29,514400297788622
( 0,12597300837994396 0,20645745530864623 -1,7419862109834194 ), 29,68586671119351
( 1,1094261752286518 1,759118854074801 1,3879723763400182 ), 30,061354667200998
( -0,741026202288773 1,9802249462878336 1,3429826655812873 ), 30,26583361868607
( 2,124517387671656 -0,8405793882180985 -1,7402702621755277 ), 30,290863191848732
( 0,13445999588928412 0,24462598331583443 -2,9483035044734835 ), 30,455637158887086
( 1,2564031085466523 -2,973227124606888 -1,0195342455356395 ), 30,549387974446223
( 2,19401657192571 2,32236846997092 -1,103514520390374 ), 30,587213099185703
( 0,6819993110282341 0,12734109584525433 1,299504124691252 ), 31,190384635414645
( 3,827771631190316 1,2483274096119146 0,7767756417385148 ), 31,633885072092124
( 4,1252615009849505 4,104196646637421 -1,1249422161203542 ), 31,853214446702964
( 2,8698901531194223 -1,758411096248933 -0,19712327131609114 ), 31,908188664486694
( 1,1457223527408165 0,7167910418945683 0,6391667051872262 ), 32,62446480745618
( 0,08203840575247234 3,2018900176567007 0,4059535177589422 ), 32,67053472017413
( 0,3968145890328789 -0,1409405247646922 -0,8039536933308331 ), 33,23669478514187
( 2,1169564430486485 1,4355841171153942 -0,801925352606091 ), 33,25207380807346
( -0,8990539397211518 -1,297374291419461 1,2448823222815943 ), 33,50056942457631
( 0,47785429301728355 1,0830426059986125 1,726264217866111 ), 33,52680843237182
( 3,0115878340163 -2,657811172966143 0,9392411662159404 ), 33,65002240420121
( 0,9745142458673237 0,5541797901976571 -0,2893672190405898 ), 33,86431935050719
( 3,157963897366634 0,4760110833470118 2,9241914262789424 ), 34,16777834259567
( -0,9609788274757262 -0,6692200800797468 2,267804868478642 ), 34,51492162695021
( 0,5828324119296211 0,1672388607417275 0,7506675637457578 ), 34,59485806284575
( 3,3518399581339864 3,212069713490026 0,9426379227084705 ), 34,68044672198647
( 4,271439599992299 1,2559638094874335 1,9033351066922974 ), 35,08994200587493
( 1,3710116607819112 0,2803894361749171 0,16925666491935154 ), 35,27672353899814
( 0,20724486952390334 -2,2700316446707545 2,8971206574582604 ), 35,53923711098572
( 2,9268843831421996 -1,1840578678010305 0,48913568819666675 ), 35,73175680530631
( -1,679711736636555 -0,7404154101289357 2,044592465288962 ), 36,56705281407297
( 2,5646868705870243 -0,9147197784145426 -2,071563758420991 ), 37,129798609823936
( -1,2274703970974759 4,7936844669861545 -0,9605305615359312 ), 39,3819830990997
( -2,121840694075125 -0,8576738464301282 3,711088939705852 ), 39,496438002174344
( -0,6491277998556164 -2,079841087907236 -0,799526550750203 ), 39,53570198967043
( 2,008061797215437 -1,2775437991550334 3,6041793413052874 ), 42,653021181533326
Liczba wywoa funkcji celu: 9004
