Iteracja nr: 9
( 0,8274951897146487 1,6789726116197718 4,148646952749671 -62,20122814084524 275,5742901116408 -30,4910228519051 144,4749554950066 ), 31302,149289457753
( 0,8324503984975102 1,6702075419556657 4,047151756733423 -61,97588618584806 283,86005852505764 -29,8146326803576 148,56217862300736 ), 35407,24287716429
( 0,8347343698328004 1,6698091094299778 4,039088859750435 -62,01089574067937 285,43381847664625 -29,71903967755075 149,0331379363666 ), 37171,16499079499
( 0,8397423663123837 1,6739559785411204 4,090696426283056 -62,26696402721298 285,38436360960503 -29,867482517604792 147,4815851986615 ), 37386,260417088764
( 0,8380058997967745 1,672285320773564 4,045973712206681 -62,11090802894676 286,72204997232046 -29,69868244421342 149,26796553423893 ), 42621,434543707786
( 0,8397075106172789 1,6646378839351357 3,969256853552195 -61,91845083742052 291,75852244734176 -29,238860275900976 151,99237323863875 ), 44045,09491813964
( 0,8393533772123254 1,6612631439590484 3,930707581738497 -61,75326509968614 293,94957770356996 -29,043996869368982 153,4495505015338 ), 45192,53184183167
( 0,8396329799706722 1,6679172252443486 3,9944077592840426 -61,9926293505839 290,3526764515396 -29,390188438124365 151,239245006778 ), 45443,73892641925
( 0,8416995031736834 1,6673167641490683 3,9790599808080485 -61,998488218628694 292,2177367982894 -29,268448182046605 152,02167889813808 ), 49406,58644008325
( 0,8416156216639509 1,6673119058746302 3,9787715151286993 -61,99644490622799 292,18315357989445 -29,269890233210877 152,02873475159845 ), 49431,56139621996
Liczba wywołań funkcji celu: 220
