Iteracja nr: 2
( 0,8532411844565833 1,6448122078996081 3,681912205725358 -61,62457503972451 312,4468793718159 -27,49826916243649 163,11941662489411 ), 99956,15430724651
( 0,8687233321796655 1,5687173376916774 3,06242331601319 -59,80521084026205 354,6746546691876 -24,07508538109334 186,7562675565361 ), 157532,61956390316
( 0,867541635273944 1,5825697114634996 3,112484649738287 -59,35486238711462 355,7553917488768 -24,135995796762067 185,45759828304918 ), 162309,09691136208
( 0,8645390186363687 1,560493808984887 3,008739154271401 -59,32818752425087 358,3417592073591 -23,46148315582814 186,4583875194686 ), 165885,88059738066
( 0,8677554198263854 1,5798414255348026 3,0843904738875794 -59,19006871543227 357,8643534490873 -23,99643193312505 186,60589094042567 ), 168860,0269033893
( 0,8702719788009623 1,5607304476275536 3,0001229924456534 -59,659083145759894 359,5522731865544 -23,25246938979727 186,26598651209326 ), 170490,57770803515
( 0,8596320453216989 1,6058887042116656 3,2027269903712643 -58,26370503546972 356,81235026824163 -24,51759759005005 186,24838846228397 ), 182820,67359086397
( 0,8618206984583897 1,560443813734932 3,0520385558236187 -58,863901420246826 358,08351122000505 -23,257738711569193 185,8905049670196 ), 183291,36362690106
( 0,8654261895321952 1,4537056286039192 2,632552566376737 -60,07862990266875 366,803141460938 -19,829639306280683 184,72731183537394 ), 195544,05335824876
( 0,8483380891790377 1,569139755657049 3,2036483771295012 -57,281866784570354 355,1824109377263 -24,509952090213194 184,2627071593717 ), 426245,1814332806
Liczba wywołań funkcji celu: 73
