Iteracja nr: 6
( 0,8449818490372392 1,6658071003560833 3,9463385499982104 -61,988125364263574 295,58729425656907 -29,034389189932206 153,57945214675502 ), 57638,777422377425
( 0,8455837194847718 1,6546953942032956 3,8316318806254377 -61,64664888433584 302,1665885966347 -28,402414493651733 157,58229069534767 ), 60358,503500421546
( 0,8430003170554039 1,6670783784461545 3,9362164400662407 -61,79397573494837 295,92815958674316 -29,051755977339806 154,4156437026686 ), 60857,94079062688
( 0,8464502590090875 1,657438815403099 3,845595757426565 -61,58752667086776 302,7130431980291 -28,46144745394356 157,70433515228075 ), 62167,90993288302
( 0,8475179954760499 1,651953699982623 3,803475813057073 -61,585820163282435 304,83796568766894 -28,194381728267228 158,73630593292125 ), 62676,62307945042
( 0,8509218238897215 1,6403626588057576 3,7090872096361567 -61,40923928001927 311,5111548832423 -27,528231229894256 161,82478115041607 ), 66217,07314720354
( 0,8370052936258352 1,6602097412386856 3,8683652237608293 -61,81484396545863 293,8817292323632 -28,91957377019759 155,30407358084184 ), 67035,8592192474
( 0,8473306680643881 1,6504879549169247 3,772908723294361 -61,543759295153066 305,9782879345629 -28,05064979472739 159,89324687148587 ), 69423,03948826587
( 0,8530426602360395 1,6469031734968 3,739072368281737 -61,383567768046724 312,16003877306633 -27,6993303603784 161,87828373392537 ), 71830,36253755189
( 0,8506427734568194 1,6438063733748935 3,718153538751669 -61,573724957029334 309,80750758919 -27,68662396370349 161,47593270681614 ), 73737,46125073647
Liczba wywołań funkcji celu: 157
