Iteracja nr: 75
( 0,0021915583107220697 3,0498672697456253 3,9640005303854475 -0,00043654862918016205 1,8965537359447646 1,927776101733601 -1,9750186602308701 -0,051736017206494934 1,9786097449415816 -2,0349033131462293 1,8815026523934766 -0,02883827024048807 3,055291968650064 -0,9860433189089638 3,9592150593502087 3,0103577640922032 ), 68,13945291206292
( 0,00217682330738373 3,049876178441413 3,964066515894917 -0,0004046845986564545 1,8965215269414721 1,9278134738726211 -1,9750695528078084 -0,05186256493851134 1,9786849784474354 -2,034968782128843 1,8816059720097646 -0,02887892790175676 3,0553230226114096 -0,9859607890457956 3,9592689868712587 3,010363221718588 ), 68,13945325569372
( 0,002172990996397959 3,049873452513834 3,9640623140622813 -0,00040567773337474197 1,8965393292987143 1,9277993082615712 -1,975055412647226 -0,05181561296786517 1,9786670003164004 -2,0349649158619325 1,8815728039970314 -0,028860993441027837 3,0553226649007064 -0,9859838018573378 3,9592600982700086 3,0103752126960144 ), 68,13945338044957
( 0,0021844981715066964 3,049885244938685 3,9640385110270064 -0,00041930177918870614 1,8965265351343465 1,9277880724471668 -1,9750585333291237 -0,05178661298250598 1,9786487069857257 -2,0349602879700766 1,8815726895542695 -0,028836467614700285 3,0553077293924784 -0,9859894411073246 3,959243720536559 3,0103678308294883 ), 68,13945372830699
( 0,0021874246238893095 3,049880594378462 3,964023005947806 -0,00042846163809485803 1,8965390376834288 1,927783226034803 -1,9750438091345541 -0,05177011150410492 1,9786331029028175 -2,034934480699295 1,881548338816258 -0,028838854153171455 3,0553053760184405 -0,9860156937661464 3,9592322176034176 3,01036462315769 ), 68,13945416937456
( 0,002187558064440366 3,0498891509330055 3,964030213160462 -0,00042339680918949344 1,8965245951181517 1,927781101846685 -1,9750576364322912 -0,05176615634884916 1,9786391894923847 -2,0349604984478367 1,8815668405292325 -0,02882284676122257 3,055301850250374 -0,9859938615537721 3,959236698581873 3,0103680412972236 ), 68,13945444725731
( 0,0021836564775964784 3,0498798323781826 3,964029443711614 -0,000426451724452121 1,8965460455939602 1,9277856974509215 -1,9750431113243552 -0,05178013955508733 1,9786369987946923 -2,034932652969532 1,881550259972569 -0,028847126915308042 3,0553138164324865 -0,9860206794632128 3,9592366116967943 3,0103681235563973 ), 68,13945463058293
( 0,0021740019805406834 3,049868853012932 3,9640427371805136 -0,0004185412624958607 1,8965656207963393 1,927788781922345 -1,9750322712173618 -0,05178432738946194 1,9786413586588723 -2,0349279120288983 1,881533777974149 -0,028861804386375384 3,0553253741647293 -0,9860313685659241 3,9592437079908307 3,0103769241266187 ), 68,13945494225494
( 0,0021845838674944456 3,0498867266679244 3,9640385896555435 -0,0004214214823831874 1,8965281860060417 1,9277894477820454 -1,9750595009843501 -0,05179427949700234 1,978650020650206 -2,034955830363622 1,8815768695753212 -0,028841069321396684 3,0553120742877753 -0,985993665713917 3,9592443577551633 3,010367741057053 ), 68,13945529926673
( 0,0021845491098349155 3,049887398197055 3,9640379398571213 -0,00042254373494803217 1,8965299163894067 1,9277896060666326 -1,9750590914277832 -0,05179636354358736 1,9786494439095201 -2,034952978435577 1,8815773641831701 -0,028842960887326366 3,055313890521527 -0,9859971502850672 3,959244101025637 3,0103676888197946 ), 68,13945546638334
( 0,002185460129543257 3,04988342281767 3,9640270508845568 -0,00042700581982001645 1,8965404195697073 1,9277812098629912 -1,9750461622930695 -0,05176640388990971 1,978633748823197 -2,0349405176534927 1,8815509405039428 -0,028834540941247138 3,055308763831995 -0,9860157695802735 3,959233914842351 3,0103692990648785 ), 68,13945549500353
( 0,0021837882202065295 3,049887378174987 3,964042012203011 -0,0004203960520987487 1,896527383979992 1,92779238240024 -1,9750621749473225 -0,05180500197406738 1,9786545629214904 -2,0349569520706896 1,8815837029738216 -0,028846047109742493 3,0553152871555493 -0,9859910704865864 3,959247564384708 3,0103675034905915 ), 68,13945551608315
( 0,0021863518465047157 3,0498902231156984 3,9640338809809683 -0,000423929841968602 1,896526787337654 1,9277850257644153 -1,9750598702829762 -0,05178231684826093 1,9786443308366382 -2,0349569046084186 1,8815750276206709 -0,028832259784918466 3,055309101803855 -0,9859963331745106 3,959240354837797 3,0103682058793897 ), 68,13945557669655
( 0,002185822354606929 3,049886656806533 3,964030965757551 -0,0004268171847313087 1,896535396108554 1,9277864253664754 -1,9750532250581072 -0,05178684006887134 1,9786417195445232 -2,034942794533958 1,8815671927279554 -0,028841902728985444 3,0553130573317704 -0,9860092837858655 3,95923868185579 3,0103670773735662 ), 68,13945571933797
( 0,0021813540878862572 3,049876993884777 3,9640321833562253 -0,00042298254680493745 1,8965487500527265 1,927781143329042 -1,9750398389235975 -0,05176130416916621 1,978634175144387 -2,0349396255461096 1,881538907017507 -0,02883766282245909 3,0553112186717697 -0,9860193534903813 3,959235841955647 3,010373693455586 ), 68,1394557271126
( 0,0021806330964764496 3,049884694182204 3,9640499778879406 -0,0004111700740639379 1,8965225269604296 1,9277865541100792 -1,9750633935240673 -0,05177813198418971 1,9786550771563398 -2,0349805152814233 1,8815750143736072 -0,028826631392865728 3,0553071394023092 -0,9859740325787054 3,9592494394766953 3,0103752493284177 ), 68,13945575271407
( 0,0021854139194405577 3,049885264334491 3,964027417754581 -0,0004264534824495494 1,8965389569593383 1,927779101731794 -1,9750476488512232 -0,05176033564387311 1,9786326718903609 -2,034945215973689 1,8815514898106411 -0,028828962723967108 3,0553076452586856 -0,9860138737611825 3,9592335073127196 3,010370923764556 ), 68,13945576618092
( 0,0021836179969113418 3,049888570174752 3,9640443892328068 -0,0004192961255717316 1,896524697306005 1,9277936678884724 -1,975065255550209 -0,05180980216933096 1,9786576626940755 -2,0349607668842107 1,881589344198954 -0,02884643951394492 3,055315973644233 -0,9859864915572488 3,9592496076262993 3,0103675108800894 ), 68,13945578516211
( 0,002186486127802136 3,0498880313353376 3,964027036389609 -0,00042902204088600946 1,896537802006361 1,9277829554333186 -1,9750509842268626 -0,05177714994701148 1,9786361557089946 -2,034940136247433 1,8815620912918258 -0,028837308654038912 3,05531205715857 -0,986015605345126 3,9592351962770773 3,0103678951298707 ), 68,1394558826803
( 0,0021833171541393898 3,0498840098345643 3,9640351573504167 -0,00042367824686926654 1,8965384771232652 1,9277859990931356 -1,9750513593895782 -0,051782973633414234 1,978642817669439 -2,0349459913491046 1,8815624672203795 -0,028841391095984627 3,0553141429992103 -0,9860084619842587 3,9592404785736983 3,0103703718525856 ), 68,13945589826777
( 0,0021842316504803857 3,0498906553824567 3,9640470843118805 -0,00041843645151158203 1,8965191493051503 1,9277973234808912 -1,9750708252250728 -0,05182303398459329 1,978663538871143 -2,0349646175767804 1,8816010692505225 -0,02885009723288268 3,0553170196517083 -0,9859787934147712 3,9592529768822358 3,0103653288115506 ), 68,13945595609731
( 0,002189384882265881 3,049891799705929 3,9640237467077197 -0,00042848135917157413 1,8965275199164346 1,9277775432006308 -1,9750554343367246 -0,05175841635337944 1,9786325109094816 -2,0349531820790903 1,881562953902276 -0,028819590683690475 3,0553022192129164 -0,9860043084354557 3,959231791898395 3,0103679919534 ), 68,13945598182656
( 0,0021857328297956663 3,049890207695069 3,9640361660713133 -0,0004239019270185684 1,8965275025798993 1,9277878953314223 -1,9750611281690134 -0,051792833074679766 1,9786479360243714 -2,0349548916265627 1,8815798394118997 -0,02883848687421396 3,0553127908952566 -0,9859965772474075 3,9592427522688625 3,010367736986303 ), 68,13945607867286
( 0,0021853559785293057 3,0498882531840734 3,964031466515184 -0,0004262356556718994 1,8965353549040822 1,927783826629568 -1,9750538746849131 -0,05177924470760409 1,9786399778807138 -2,034946946403987 1,8815661413088742 -0,028836158461742444 3,055312493405568 -0,9860090065173182 3,959238089372158 3,010369450040069 ), 68,13945608361044
( 0,002185782069255426 3,049889332505571 3,964031791059936 -0,00042717356482070533 1,8965345016608144 1,927786071959131 -1,975055706170324 -0,051788315295436475 1,9786423370655433 -2,0349448755884176 1,8815717027762968 -0,028840646575341026 3,055314685232734 -0,9860090024781624 3,9592393153382472 3,010367943261852 ), 68,13945625824343
( 0,002189986597046455 3,0498861291148662 3,9640140248779563 -0,00043658091915302664 1,8965438383391606 1,927779547104934 -1,9750419958306251 -0,05176623478923078 1,97862465521097 -2,0349220361446507 1,88154747415032 -0,028837886096169392 3,0553086570684287 -0,9860326092188066 3,959226165337648 3,010363804226399 ), 68,13945627874558
( 0,0021895678012367353 3,0498907243444644 3,9640264011733484 -0,0004252296784017916 1,8965213348300671 1,9277771881272268 -1,975058107032571 -0,051753415539592305 1,9786352225559998 -2,03496295582883 1,881563921953877 -0,02881347845392053 3,055297464350909 -0,9859927631770303 3,9592330843927837 3,0103685294305462 ), 68,13945633022195
( 0,002195755318159478 3,0498982846710523 3,964016983055119 -0,00044283698893425485 1,8965260568277442 1,927800477207179 -1,9750642226435968 -0,05184891409148926 1,9786483190902695 -2,03491370564515 1,8816058539908727 -0,028872816857080433 3,055322036150658 -0,9860189936698502 3,959238179658069 3,010347083337331 ), 68,1394564357635
( 0,00218082744170591 3,049885746338899 3,964043745783618 -0,00041635563207570155 1,8965318291891569 1,927782585809631 -1,9750572905145094 -0,05176927585099457 1,9786464089989464 -2,0349683361992574 1,8815654972466733 -0,028826576686800973 3,0553104110314946 -0,9859919713777097 3,959244234643154 3,0103767402360537 ), 68,13945643751065
( 0,0021923754167102855 3,049902633279844 3,9640279748034457 -0,0004312143495915286 1,8965143262472743 1,9277883338700765 -1,9750727519066476 -0,05180468602222036 1,9786475766825655 -2,034955699161536 1,881602998394923 -0,028834630002996617 3,0553108849115915 -0,985992409845638 3,959240082704641 3,0103606416974764 ), 68,13945649243928
( 0,002186747792309529 3,049887650800762 3,9640275647607117 -0,00042797148721148044 1,8965351859914337 1,927781787700579 -1,9750517952549245 -0,05177163529091859 1,9786363001176208 -2,0349445606286163 1,8815610299403531 -0,028832719446669413 3,05530943983669 -0,9860111450346744 3,9592349620935656 3,0103686706371704 ), 68,13945649806061
( 0,0021853680131287247 3,049889708532436 3,9640408364539677 -0,000422815585810227 1,8965247331492705 1,9277946247646032 -1,9750652710022367 -0,051815193959124824 1,9786568350794176 -2,0349540764860525 1,8815916530893586 -0,028850025559625146 3,0553171611861774 -0,9859908499633682 3,9592480673013464 3,010365033292029 ), 68,13945663696042
( 0,002184264888837265 3,0499013268043313 3,9640503180930464 -0,0004175409122068996 1,8965122493583748 1,927794109710825 -1,9750813110450243 -0,051820665672953875 1,9786646796939746 -2,034979847685768 1,8816171896524128 -0,02883849935998995 3,0553185076386513 -0,985971631105598 3,959254950943649 3,0103688272507454 ), 68,13945663850075
( 0,0021857439139816616 3,0498901567878267 3,964033461583255 -0,0004255096414564787 1,8965310815477352 1,9277848587371302 -1,9750580093829675 -0,0517835300043756 1,9786432328470482 -2,034951777557884 1,8815731433299492 -0,0288351579960554 3,0553125529686964 -0,9860030628385689 3,9592398886417763 3,010369272362368 ), 68,13945666900442
( 0,00218148144895945 3,049881599865754 3,9640342831421354 -0,00042487631071512933 1,896547772958062 1,9277844891852796 -1,9750451740581663 -0,0517783793722049 1,9786388541666082 -2,034937806342755 1,8815526271125276 -0,028844547311434328 3,055317919294767 -0,986020525047767 3,959238885384257 3,0103728860400727 ), 68,13945667053729
( 0,0021833301632704616 3,0498903425937636 3,9640421419908174 -0,00041963244031639817 1,8965266519960042 1,927786448758946 -1,9750632066324314 -0,051786891631456757 1,9786503197915994 -2,034965375201584 1,881580221796127 -0,028832784412345654 3,055313010931931 -0,9859901872879998 3,959245526439131 3,0103722808642055 ), 68,13945669930634
( 0,0021876388617942774 3,049879980111401 3,9640116220251715 -0,0004329094896207397 1,8965509507749125 1,9277690268721015 -1,975031041974129 -0,05172370079182494 1,9786122811364961 -2,034927683663926 1,881518166431563 -0,02881916567300612 3,0552995179274705 -0,9860370484779967 3,959219746844203 3,0103708934775772 ), 68,13945671295333
( 0,0021840129606897915 3,0498914373632955 3,9640437754181903 -0,0004207751039229269 1,8965244306068942 1,9277925042097777 -1,975067018521663 -0,05180909348363444 1,9786568502277626 -2,034961102477656 1,881592381478798 -0,02884437894454475 3,0553174937909326 -0,9859883687477582 3,959249071160029 3,010368420798942 ), 68,13945688841328
( 0,002186506733321889 3,0498849774915446 3,9640212487433475 -0,0004316537753279921 1,8965455703013712 1,9277780810517378 -1,9750425301711354 -0,051759615952539764 1,9786270823826826 -2,0349316280557557 1,8815452115097817 -0,028833389836590027 3,055310220194188 -0,9860281272764196 3,9592294142905176 3,010369615763537 ), 68,13945690195898
( 0,0021882451873200515 3,049891673071295 3,9640255241053253 -0,00043058116054117603 1,8965330965465566 1,9277819280405517 -1,9750549065011045 -0,05177630248867204 1,9786361059161266 -2,034943284106371 1,8815679858953882 -0,028832844886010026 3,0553108170109726 -0,9860125153334397 3,959234373302574 3,010367307215763 ), 68,13945695486926
( 0,0021872178711477962 3,0498924324361476 3,9640306847515308 -0,00042914540359548854 1,8965315130978548 1,927787112545192 -1,975059134590989 -0,05179482118063442 1,9786436611821452 -2,034944292300582 1,8815791934334074 -0,028841749812099707 3,0553157973084963 -0,9860081808181319 3,959239496973817 3,010366289245311 ), 68,13945696478345
( 0,0021824978399793875 3,0498807993952344 3,9640298486131056 -0,0004254859243622055 1,8965478670279516 1,927778964285442 -1,9750417103293054 -0,05175798703424787 1,978631811455678 -2,034939582278337 1,881541665313085 -0,028833610779058313 3,0553118157909473 -0,9860220751178564 3,9592340414216696 3,0103743014922446 ), 68,13945699022456
( 0,002185777520674115 3,0498840093919872 3,9640201274697113 -0,0004318385192214624 1,8965493734027095 1,9277756116436282 -1,9750392429260952 -0,05175107177565903 1,978623432670391 -2,034930025928642 1,8815381639199547 -0,028830766068963502 3,0553099709234446 -0,9860330007675582 3,9592276026091624 3,0103714876387913 ), 68,13945724118938
( 0,002183039606016399 3,0498915047142514 3,9640470165415382 -0,0004192796333711921 1,896523909691881 1,9277940449228257 -1,9750687693154685 -0,05181425744033033 1,978660084648313 -2,034963597950076 1,8815960579068642 -0,028846434145021818 3,0553193866032764 -0,9859855697844824 3,959251521500747 3,0103691573189115 ), 68,13945728113904
( 0,0021795674301624338 3,049884127896867 3,9640461736552544 -0,00041958093171789757 1,8965395213520204 1,9277919367063538 -1,9750563004792163 -0,05180407982188678 1,9786538299815586 -2,03495051701617 1,881574855843051 -0,028851954392803573 3,055323349407642 -0,9860032471590685 3,959248998072906 3,0103730629870156 ), 68,139457282514
( 0,002180630866441818 3,0498866249268204 3,964045831396293 -0,00042010691550044727 1,896535815576462 1,9277923484697954 -1,975059584173958 -0,051807093371179155 1,9786549855118127 -2,0349529900662975 1,8815808001611403 -0,0288507299670252 3,0553227872053994 -0,985999929912629 3,9592493462441944 3,0103719393816264 ), 68,13945728570422
( 0,002186123539425572 3,0498923273250402 3,964031896325496 -0,0004277177962783671 1,8965327283103206 1,9277843784655824 -1,9750582766122164 -0,05178518549620282 1,978641829874185 -2,0349483892741107 1,8815749426384927 -0,0288361209640739 3,055314943755084 -0,9860080382002271 3,9592390138878546 3,010369342007415 ), 68,13945730523825
( 0,0021833457677148684 3,0498923185538773 3,9640472973393526 -0,0004193833330786064 1,8965225115204225 1,9277946759749784 -1,9750701885965587 -0,05181694599785781 1,9786611576102713 -2,0349643584403543 1,881598947875255 -0,028846893052507115 3,0553196068340562 -0,9859840889451231 3,959252054518311 3,0103686390927042 ), 68,1394574370743
( 0,0021830735661120164 3,0498928477358476 3,96404988291954 -0,00041829895433242287 1,8965203903354961 1,9277972930403686 -1,97507292306798 -0,05182589621360398 1,978665194154808 -2,0349663119934887 1,88160526709405 -0,028850447920135806 3,055321080351223 -0,9859800147823661 3,9592546947238407 3,010367758143192 ), 68,13945747061238
( 0,0021896464084278696 3,049895671960973 3,964023406835415 -0,00043258465866685306 1,8965305939896833 1,927780526111272 -1,9750577463569137 -0,05177521117846953 1,9786346837105386 -2,034944474402182 1,8815727369519402 -0,02882925598190975 3,0553106278534248 -0,9860128427572182 3,9592331202632107 3,010366939671196 ), 68,13945747663307
( 0,002189869182963177 3,0498951242245536 3,964025301585344 -0,0004324310266845211 1,8965286684343925 1,9277847602806517 -1,9750599219643743 -0,051789048614125685 1,978639737409712 -2,0349427899027797 1,8815795169165608 -0,028836689334389157 3,055312748057734 -0,986009691510909 3,959235854464064 3,0103645535861516 ), 68,13945748278749
( 0,002185754909736289 3,049890155996731 3,9640318886269914 -0,00042731721367928783 1,8965342096863083 1,9277842238070992 -1,975056144726052 -0,05178275261334015 1,9786413246499228 -2,0349470691351588 1,8815706826509329 -0,028836544838854897 3,0553143599526376 -0,9860088865258747 3,9592386319880877 3,0103696844975616 ), 68,13945749833228
( 0,002191332275744405 3,0499021249119247 3,964028543228249 -0,00043025733584969763 1,8965163423749336 1,9277845168977286 -1,9750709201470904 -0,0517912409675468 1,9786445347465316 -2,0349591726305425 1,8815961482351662 -0,028827397111232046 3,055309738559808 -0,9859936683661121 3,9592386694698436 3,010364476869933 ), 68,1394575663282
( 0,0021829115688648637 3,0498861820291485 3,9640334135377553 -0,0004260044150715066 1,8965429581693918 1,927782701913066 -1,975049789865542 -0,051775718508882386 1,978638556317707 -2,0349430184305253 1,8815591425231795 -0,028838218919535672 3,055316853313784 -0,9860170177678426 3,95923824219478 3,0103732512099772 ), 68,1394576223861
( 0,00218459859872303 3,049888492309573 3,9640313938752096 -0,00042947317685433314 1,8965420146765652 1,9277868412540593 -1,9750522193236593 -0,051793237998522965 1,978641237048592 -2,0349353410303146 1,8815687697080763 -0,02884779119784353 3,0553206911124655 -0,9860201250966922 3,9592390859238007 3,0103689847516653 ), 68,13945763360428
( 0,002183800781484427 3,049894157176337 3,964049285357354 -0,0004187207712529355 1,8965182532486768 1,9277969843826896 -1,975074485691811 -0,051825601582127206 1,9786652437630055 -2,0349678477149307 1,8816075841318376 -0,028848658688831113 3,055320224693675 -0,9859782581061316 3,9592544167784536 3,010367319927698 ), 68,13945769816851
( 0,0021872879838377344 3,049896004890295 3,9640347711250348 -0,00042853364632744364 1,8965267296897905 1,9277909953851986 -1,975066041420552 -0,0518108907133932 1,978650574830491 -2,0349484203934973 1,8815939781438427 -0,028846296401424484 3,0553195325474376 -0,9860016590871258 3,95924385710527 3,0103652251577535 ), 68,13945770207908
( 0,002188823688219574 3,0498878667444953 3,9640157521713766 -0,0004351622342408151 1,8965441891443007 1,9277751620763295 -1,9750426554692426 -0,05175256916765786 1,978622277060637 -2,0349293579409906 1,8815444259625642 -0,028828156476564927 3,055307924361082 -0,9860317262869471 3,959225478237507 3,010368553403303 ), 68,13945770573389
( 0,0021839597669850086 3,0498897146020463 3,9640366140294097 -0,000424263946611675 1,896533821109475 1,9277846026101817 -1,9750576586445328 -0,05178300179594565 1,9786443334384536 -2,0349530794570483 1,8815722197966356 -0,028835537029975898 3,055315421819638 -0,9860043363784996 3,9592413838722744 3,0103721344326564 ), 68,13945771173965
( 0,00218393807484784 3,0498939432764565 3,964046555222984 -0,00042069590994331705 1,8965220039031758 1,9277953791425066 -1,9750715022233427 -0,05182129268121539 1,9786615854124099 -2,034962707795375 1,881602623694291 -0,028848599821157835 3,0553209544659827 -0,9859852683820679 3,9592521182079223 3,01036773861554 ), 68,13945773422502
( 0,0021843522489973922 3,04989194415376 3,9640456783489304 -0,00042043768028031446 1,8965213813599464 1,9277951145660062 -1,9750700557505534 -0,051817962746953744 1,9786610213680933 -2,0349624461794913 1,8815989821299468 -0,02884759923362804 3,0553186010062308 -0,9859839201693174 3,9592512625500462 3,010367199247598 ), 68,1394577350067
( 0,0022065803238440615 3,0499211330644997 3,9640053534309545 -0,0004474899699407792 1,896492805711275 1,9277864797489648 -1,9750868144786347 -0,051813663846887355 1,9786397346987066 -2,0349485031693098 1,881631117136117 -0,02882532970707132 3,0553017532797795 -0,9859913355354963 3,9592292597898755 3,010345324877973 ), 68,13945775982397
( 0,002187400978127059 3,0498963594891038 3,9640365439672927 -0,00042721821717008073 1,8965234243940763 1,9277919008096775 -1,9750684920738277 -0,05181317045237696 1,9786531205749662 -2,0349526476196256 1,8815977159300468 -0,028845472276018337 3,055318594994848 -0,9859960493179979 3,9592453189239505 3,0103649410852253 ), 68,13945776945629
( 0,002180804378653772 3,0498900456302778 3,9640498760645158 -0,00041798123489212094 1,8965287862308766 1,9277937550472068 -1,9750666262597028 -0,051813126636366474 1,9786602744850619 -2,034962884124464 1,8815924259620291 -0,02884812522479172 3,055322630019013 -0,9859892618886806 3,9592527180010246 3,0103721079843555 ), 68,13945777565722
( 0,0021826521557377766 3,0498898059880926 3,9640441213269293 -0,0004205393322928859 1,8965290695033323 1,9277901564829283 -1,975063594646191 -0,05180064294689482 1,9786541846928758 -2,034959812376299 1,8815848115344058 -0,028842170034666402 3,055318428225812 -0,9859932665785641 3,9592479557836975 3,0103714877347096 ), 68,13945777731367
( 0,0021837258316095933 3,049892652083574 3,9640437111120166 -0,00042168810362676654 1,8965260968472477 1,9277915814234152 -1,9750670365143077 -0,05180797721544111 1,9786559478934134 -2,0349601253141487 1,8815925099566364 -0,02884378316687415 3,0553193970896104 -0,98599153650702 3,9592487171318838 3,0103697291743887 ), 68,13945778483733
( 0,0021855682243861196 3,049892966061592 3,9640340993014784 -0,0004263409222944985 1,896531253494089 1,927783986956823 -1,9750600254700594 -0,05178383194589258 1,9786432261760085 -2,034952955621128 1,8815767507238248 -0,02883363969048971 3,055314912162764 -0,986004569040552 3,9592401626001252 3,01037079081084 ), 68,13945779247757
( 0,0021866173592684124 3,049890665114936 3,9640381577201538 -0,00042457490375249633 1,8965236519756288 1,9277924244644022 -1,9750651618963038 -0,05180854721685953 1,9786542561834766 -2,034953770216885 1,8815897600335478 -0,028845517314236787 3,0553153832482574 -0,9859919416256645 3,959245698229799 3,0103652645447196 ), 68,13945782522154
( 0,002184837752469382 3,04989225120421 3,9640371856189227 -0,00042515685363893655 1,8965306846273793 1,9277870894972766 -1,9750615897801527 -0,05179372317134001 1,9786476165455438 -2,0349532077641133 1,8815814239838289 -0,028839074006030623 3,055317277258251 -0,9860018240784585 3,959243073203882 3,010370188677256 ), 68,13945785203941
( 0,0021983004129088528 3,0499030174656223 3,964003598096074 -0,00044453644675504576 1,8965250919047942 1,9277742379774763 -1,975057076748262 -0,05176094344975246 1,9786202945216809 -2,034932212683726 1,8815710136142003 -0,028818811235679528 3,0553018174496533 -0,9860238375589869 3,959220434306646 3,010359144754984 ), 68,13945805559577
( 0,002179362343867883 3,049886267957941 3,964045628945532 -0,00042110931843932864 1,896541712777521 1,9277909768639807 -1,9750565403801341 -0,05180408076393064 1,9786524805410821 -2,03494856037648 1,8815760353192788 -0,028851905886642003 3,055326079694831 -0,9860080090774405 3,959248481985446 3,0103742313882806 ), 68,13945805564026
( 0,0021906194774482628 3,04990059558552 3,9640269954489753 -0,0004307851841890208 1,8965208708290167 1,9277815176914515 -1,9750667596011982 -0,05178060104872401 1,9786401964455345 -2,034956679509968 1,8815871190296924 -0,02882423174123508 3,0553093889873635 -0,9859996532637596 3,959236272937288 3,010366765290981 ), 68,13945807811857
( 0,0021905088745147665 3,049893794627246 3,9640180936130567 -0,000434689160940227 1,8965340434188154 1,9277763449786567 -1,9750522418943541 -0,05175986693521919 1,9786275159220574 -2,0349397991753526 1,8815605524890928 -0,028823851704521057 3,0553071516879937 -0,9860197775821197 3,959228112477674 3,0103675712685054 ), 68,13945813300771
( 0,0021924588296469718 3,0498934840703775 3,964009214586344 -0,0004388847606614641 1,8965381756153556 1,9277712338628816 -1,9750459720139957 -0,05174331955616005 1,9786172163140925 -2,0349316904417982 1,8815479113292333 -0,028818101134563623 3,055303094638054 -0,9860308430358796 3,9592209865813754 3,0103667418672493 ), 68,13945824408249
( 0,002182079491477063 3,049890657407694 3,964044331718189 -0,00042177465625703 1,896532230117466 1,9277908844103477 -1,9750631717648621 -0,051805485162428326 1,9786542744157334 -2,034955777141838 1,8815862291989989 -0,028846110926976073 3,055322247561044 -0,9859984348898956 3,959248395715217 3,0103719016565638 ), 68,13945824720813
( 0,002179331751711638 3,0498859284866997 3,964041768501193 -0,0004224985163326769 1,8965459834051457 1,9277857727961698 -1,9750519312291521 -0,05178687685792313 1,9786450507346809 -2,0349465607184087 1,8815649360599571 -0,028844506475511546 3,055323882349501 -0,9860153880667538 3,9592440704256875 3,010376696775974 ), 68,13945827348816
( 0,002184557122558719 3,0498952533378803 3,9640439730028687 -0,0004221278757454774 1,8965226215650735 1,9277919678359943 -1,9750705541342448 -0,051811147893792535 1,9786574896840121 -2,034962926793362 1,8815987824991023 -0,028842535474727232 3,0553194748722854 -0,9859882715646567 3,9592493701948293 3,0103691559717385 ), 68,13945834847664
( 0,0021752505327232792 3,0498839465474976 3,964067676237788 -0,00040584977292704584 1,8965240414364402 1,927801155036683 -1,9750720040530279 -0,05182913679579125 1,9786768588194037 -2,0349811279338876 1,8816009069837494 -0,028854612486662785 3,0553248470055223 -0,9859663631993689 3,9592650985923656 3,010375644062621 ), 68,13945837266931
( 0,0021828063759921973 3,0498945526830874 3,964050547620741 -0,00041895026164254657 1,8965210564930262 1,9277970989731184 -1,975074116647169 -0,051827514296700794 1,9786655366410024 -2,0349662698510715 1,8816078698452283 -0,028850600398874278 3,0553233663202928 -0,9859816715444181 3,9592551298736236 3,010368765426322 ), 68,13945839284048
( 0,0021884053028574167 3,049899476548333 3,9640334830396795 -0,0004287633145127319 1,896522510290378 1,9277871850124877 -1,9750689261675842 -0,05179982616098599 1,978648088375553 -2,034955561086788 1,8815952620766812 -0,02883581389294187 3,055316165184398 -0,9859978940689196 3,9592420323785924 3,0103667998389088 ), 68,13945841378194
( 0,0021852401243655814 3,049896999352882 3,96404349047132 -0,0004223945695417769 1,896520246700867 1,9277913975901653 -1,9750724601537253 -0,05181025997755703 1,9786574056603807 -2,034965314093858 1,881601507371109 -0,02883999704189216 3,0553185094805895 -0,9859861866858523 3,9592491232370097 3,01036890897766 ), 68,13945842606903
( 0,0021849384009825445 3,0498945377071554 3,964038385163097 -0,00042460827770333086 1,8965280085512213 1,9277862000883395 -1,975064535740543 -0,05179212283654103 1,9786484197859384 -2,0349582389925707 1,8815853004195626 -0,028835196751473023 3,055316988182405 -0,9859983260923076 3,9592436783779426 3,010371274223754 ), 68,13945843477015
( 0,0021732046273485284 3,0498664968369926 3,9640809892926163 -0,0003975473520076302 1,8965192626587513 1,9278266606884833 -1,975072300411628 -0,051897437866708244 1,9787047013584171 -2,034970348384565 1,881615865982681 -0,02890100951765272 3,0553295520355133 -0,9859450854407423 3,9592811263293375 3,0103616074309416 ), 68,13945846181664
( 0,0021843691567494353 3,0498937639362147 3,9640400893140066 -0,000423848023210989 1,8965282666359213 1,9277876706617532 -1,9750648341210506 -0,05179648593056279 1,978650490137647 -2,0349581726646337 1,8815866916014703 -0,028838005802110468 3,055318233805033 -0,9859973143814862 3,9592451296727464 3,01037121767516 ), 68,13945849424194
( 0,0021849400205355704 3,049894143699801 3,9640378911322722 -0,0004251869248594946 1,8965291787452965 1,9277865301064427 -1,9750637122495494 -0,05179337740681882 1,97864815448311 -2,0349559437029425 1,881584575256487 -0,02883687348838486 3,0553177222138093 -0,9860002984803466 3,959243458004377 3,0103709870943525 ), 68,139458511738
( 0,0021837466019626332 3,0498961925391153 3,9640505156250874 -0,0004188420492077676 1,8965170602774837 1,9277972809580128 -1,9750769707297224 -0,051828580385969165 1,9786667114587553 -2,034969764887381 1,8816122934537167 -0,02884844071222462 3,055321837326705 -0,9859771079978604 3,9592554561115207 3,0103678790813344 ), 68,1394585303836
( 0,0021889394606700494 3,0499017907244865 3,964027858571626 -0,00043246953512353977 1,8965279981012833 1,9277820667099408 -1,975065084548358 -0,051786599619645476 1,9786395597530049 -2,0349498866514284 1,8815875604967438 -0,02883040583091981 3,055316474828616 -0,9860100436002309 3,959236979366844 3,010368580835288 ), 68,13945864905229
( 0,0021793738834546836 3,0498913087403565 3,96406277469897 -0,000411279696803751 1,8965170976231303 1,9278041940279576 -1,9750792049352741 -0,0518464922548869 1,9786786578176585 -2,0349769560295448 1,8816183816834615 -0,028859128555418754 3,055326414728763 -0,9859659760543352 3,959264619848978 3,010369494625013 ), 68,13945870981544
( 0,002190793026423099 3,049902862602739 3,9640371636371077 -0,00042485963501529174 1,8965056453717684 1,9277887577621557 -1,9750799560487082 -0,051802770583680546 1,9786556308399443 -2,0349743633868793 1,8816106014606333 -0,028826754476615396 3,0553086171430377 -0,9859735966765331 3,959245447466281 3,0103644697261105 ), 68,13945880148158
( 0,002181551929520661 3,049894889828559 3,964059104595797 -0,00041365528399216797 1,8965134204006358 1,9278021380762822 -1,9750815707982938 -0,05184228446646867 1,9786761105653639 -2,0349781642053566 1,8816214220258298 -0,0288536972449728 3,0553240783800173 -0,9859654657320948 3,9592621966424906 3,0103684045384327 ), 68,13945895272168
( 0,0021836685877998784 3,0498983173093386 3,964047969205792 -0,0004214974897884333 1,896521434353662 1,9277944480161548 -1,9750751763150498 -0,05182285000492807 1,9786622407205692 -2,034965567869077 1,8816092399523408 -0,028846413431800756 3,0553242383603694 -0,9859860607462777 3,959253000310206 3,0103697517362282 ), 68,13945920340035
( 0,002182347052030007 3,049896916886075 3,9640625751690215 -0,0004089948404587087 1,8965017647156126 1,9278001349144978 -1,9750884338378825 -0,051832605173722734 1,9786791713944119 -2,0349968953616857 1,8816271620632088 -0,02884015656289224 3,055316299951953 -0,9859466018018342 3,959263804057272 3,0103695257467495 ), 68,13945932008775
( 0,002184218168952359 3,049898564629727 3,964049869387969 -0,00042015537987550314 1,8965165571002869 1,9277966629119199 -1,9750785718252124 -0,05182912004240477 1,9786662797923311 -2,0349697323063665 1,8816153537341274 -0,028847336435614896 3,0553230470656 -0,985978437939872 3,9592550893292495 3,010368200912046 ), 68,13945934741916
( 0,0021825890807760213 3,049891184678405 3,964037841786018 -0,0004260658124607088 1,8965395120669122 1,9277851194787938 -1,975057053660539 -0,051788888610811955 1,9786445425256303 -2,0349475215952824 1,8815739317696756 -0,02884067441146161 3,055322317966902 -0,9860129712729966 3,9592422588716567 3,0103741852996935 ), 68,13945938190453
( 0,002185135153172429 3,0498983335181715 3,964039761511806 -0,00042467203335894296 1,8965250571599779 1,9277850756999126 -1,9750687401614273 -0,05179143371199744 1,97864943917774 -2,0349636536733615 1,8815915654706628 -0,028830831067346137 3,0553178826732137 -0,9859953686996276 3,9592444313103097 3,010372851488756 ), 68,13945974351438
( 0,002177653555982736 3,0498835738787857 3,964071408551454 -0,0004056001707337913 1,896513337766391 1,9278138200808037 -1,975080683095541 -0,051870112024815895 1,9786918825880795 -2,0349788854562547 1,8816242750451242 -0,028874059328701403 3,055327450524913 -0,9859519371678593 3,9592725049991078 3,010366132293017 ), 68,13945977754436
( 0,0021880767281652453 3,0498995489016596 3,9640307931734036 -0,0004313850861023989 1,8965283880041985 1,9277842042887086 -1,9750651017825063 -0,05179195515655322 1,978643176872221 -2,034949551663184 1,8815881918645008 -0,028834353582528994 3,055318304677344 -0,9860080887023136 3,959239100652874 3,010369061591222 ), 68,13945995709776
( 0,002183914242831545 3,0498993200197724 3,9640514370935653 -0,0004192166545817498 1,8965149867634978 1,9277953504374004 -1,9750800994476747 -0,051824760774123124 1,978666788354073 -2,034974422203838 1,8816159481661627 -0,028843031757833426 3,0553224954381175 -0,9859753904397217 3,959255471943914 3,01037011388073 ), 68,13946050886413
( 0,002179600436683741 3,0498987237944553 3,964086736949309 -0,00039010043744682024 1,8964726962020744 1,92781291233165 -1,9751121660731699 -0,05186619273021367 1,978708394689205 -2,0350424614363414 1,8816665862799777 -0,028839991511430355 3,0553099186062886 -0,9858885763346101 3,959283736231701 3,010366879965943 ), 68,13946059887212
( 0,002185881448536844 3,049898590671352 3,964035963452695 -0,00042878045806198003 1,89652984432254 1,9277855270382303 -1,9750659373158472 -0,051795766277746846 1,978646864929565 -2,034952803432855 1,8815898289533872 -0,028836582484421374 3,0553214172339884 -0,9860059340804652 3,9592423590924284 3,0103715475084685 ), 68,13946059975113
Liczba wywołań funkcji celu: 15376
