Iteracja nr: 82
( 0,002242271080211723 3,049649970857077 3,9639258997003353 -0,0003569657593352348 1,8964145878353382 1,92789652342315 -1,9749131451151196 -0,051848480049508934 1,9786561439448775 -2,0348572342077067 1,8813312641096664 -0,028987966762108706 3,055023749398088 -0,9857678302810514 3,9592071648455076 3,010146155322836 ), 68,139384868297
( 0,0022453787789250943 3,049647269468285 3,963917591704882 -0,0003595503965989229 1,8964133585961398 1,9278956143913257 -1,9749084814058735 -0,051841961819277145 1,9786503576303973 -2,034850272145342 1,881322848114866 -0,028987115550901832 3,055016426548871 -0,9857701494790794 3,959201988015455 3,0101408238192873 ), 68,13938497193311
( 0,002244777053187312 3,0496514462546513 3,963926056317561 -0,0003557259823560093 1,8964038062652897 1,927899627336623 -1,9749193476932032 -0,05185708997503263 1,9786611026409027 -2,034864247340488 1,8813421063403937 -0,02898732536880369 3,0550187213663818 -0,9857538828832142 3,959208978528126 3,010141427854388 ), 68,13938497870694
( 0,0022394775040673687 3,0496665248291848 3,963935472542041 -0,0003593032684518232 1,8964145603423594 1,9278921233258453 -1,9749278829487722 -0,05185243916982072 1,9786607752446916 -2,0348704884120963 1,8813563110169065 -0,028978292931151155 3,0550402573266897 -0,9857715024416256 3,9592122001673564 3,010158360209237 ), 68,13938497945675
( 0,0022493688810431354 3,049657254151948 3,963907642545615 -0,00036805352295281627 1,8964124286853754 1,9278882474470656 -1,9749110821151068 -0,05182811508695904 1,9786402575694775 -2,034846325514952 1,8813258108475068 -0,028974969427626857 3,055016452671002 -0,9857817299567981 3,9591944482993147 3,0101415613688762 ), 68,13938498584811
( 0,0022389756816294038 3,049646826925154 3,963931296867682 -0,0003538547997034467 1,896419885110601 1,9278971134320966 -1,9749107133497343 -0,05184849659362877 1,978658284376441 -2,0348582659480607 1,8813268676160269 -0,02899086101748779 3,055027403039023 -0,9857693024954933 3,959209927212348 3,0101499442828974 ), 68,13938501335964
( 0,0022493005955566154 3,0496837501279046 3,963912095373866 -0,0003765099370049808 1,8964099315895695 1,927879228918197 -1,9749313323049293 -0,05182705878190377 1,9786400960220467 -2,034859602056896 1,8813599795209708 -0,028956638846744445 3,0550353629249596 -0,9857917072591376 3,9591957914137477 3,010155034513238 ), 68,13938504668343
( 0,0022434638013173426 3,049654625021366 3,963928604707113 -0,00035637445584383513 1,8964062495297092 1,927898325971717 -1,9749213652424011 -0,05185718690380875 1,9786615990585976 -2,0348655982219155 1,881345679793122 -0,028986016104300367 3,055023895247284 -0,9857575615836626 3,959210067760816 3,010145224073307 ), 68,13938505315129
( 0,0022415544084731227 3,049646336764134 3,963928604109267 -0,0003540211916668544 1,8964131359161929 1,9278993586695756 -1,9749126486708148 -0,05185344755381709 1,9786598020151822 -2,0348591400448397 1,8813307366061691 -0,028991738780708716 3,055022134633925 -0,9857617932949808 3,95920950727354 3,010144775901901 ), 68,13938511544548
( 0,002243872818556712 3,0496445052963623 3,963920022531611 -0,000357654115284891 1,8964157294949318 1,9278965407905917 -1,97490655216781 -0,05184269363347923 1,9786516756260284 -2,0348501714272578 1,8813195693861966 -0,028989637117160537 3,0550172643395315 -0,9857700097341575 3,95920337033344 3,0101418186905393 ), 68,13938511997198
( 0,002243576637076718 3,0496486877229887 3,9639262979773364 -0,000355420174421194 1,8964084549077447 1,927899572948967 -1,974915527957633 -0,05185539750017501 1,9786599126668325 -2,0348603232107316 1,8813358578184798 -0,028989990236491823 3,0550199600928596 -0,9857585231861831 3,959208679946356 3,0101423778107526 ), 68,13938512074718
( 0,0022457355046037616 3,04964684939958 3,963920134917535 -0,0003575301336929726 1,8964082207533233 1,9278986566479512 -1,97491186279107 -0,051850167632993875 1,9786553118301644 -2,0348547329809974 1,881329304028695 -0,028989338005444537 3,055015059850041 -0,9857612863897337 3,959204737449627 3,010138801763774 ), 68,13938513083797
( 0,0022377795296123146 3,0496550814827 3,9639396334536925 -0,00035263670174231744 1,8964140636733724 1,9278986599349541 -1,9749225354807494 -0,05186133806914646 1,9786668749113556 -2,034870313244272 1,8813481196496296 -0,02898908074059324 3,055034955734033 -0,9857609747570678 3,9592161053229438 3,0101539961656605 ), 68,13938521476359
( 0,002243584684060251 3,049639525123123 3,9639170350436226 -0,00035772184303838094 1,896420637787026 1,927896119010433 -1,9748996861752908 -0,05183717999755193 1,9786477959975894 -2,034843316926658 1,881307711207915 -0,028992212442977425 3,0550149026183626 -0,9857756161348309 3,9592009483168336 3,0101406008062446 ), 68,13938526113952
( 0,002236825378075194 3,049647027678272 3,9639267724953253 -0,0003583053172962329 1,8964354512012005 1,92788954537403 -1,9749012344409078 -0,051828110646345855 1,978646422860435 -2,0348464856798367 1,8813091024318536 -0,02898666141974501 3,055033055307607 -0,9857935337798226 3,9592038993900145 3,010156749908494 ), 68,13938526728013
( 0,0022462834218415556 3,0496441234664804 3,963914646948488 -0,0003601428847144158 1,8964140713432902 1,9278968183266965 -1,9749051263207922 -0,05184294372946317 1,9786490221251116 -2,0348450172255763 1,8813180256743045 -0,02899064795776076 3,055013832387105 -0,9857715354578056 3,959200529222274 3,0101377384823684 ), 68,13938527546271
( 0,0022373833882053783 3,0496437829721588 3,9639360552420024 -0,0003504744893426662 1,8964194099732872 1,9279004486400133 -1,97491110504223 -0,05185623098957856 1,97866343460507 -2,0348608631957643 1,8813284513372575 -0,028995919682376484 3,055028250392778 -0,9857636837245178 3,9592136403609453 3,0101498178065134 ), 68,139385276494
( 0,0022431163190747712 3,0496641259488726 3,9639365802261097 -0,0003550652075386992 1,8963972202652146 1,9279003588521855 -1,9749353131587863 -0,05187192088351211 1,978671048031605 -2,034879921423394 1,881370642554589 -0,028983288512594137 3,0550300045992667 -0,9857456753613842 3,9592164959401255 3,0101479468297643 ), 68,13938527846464
( 0,0022354813367367545 3,0496671344826285 3,9639368924418577 -0,0003615247100305092 1,8964298330893274 1,9278871643799484 -1,974921588567472 -0,05184148201349874 1,9786547230638287 -2,0348625034369245 1,8813453234367736 -0,02897796621807462 3,055050302990196 -0,9857919089885449 3,9592105489497413 3,0101670220496812 ), 68,13938528938928
( 0,002240014670542318 3,049636871084781 3,963928540965682 -0,0003506986243854772 1,8964180625067502 1,9279011151326944 -1,9749039632486045 -0,051850042337459976 1,9786587330647005 -2,034854076404618 1,8813154902087403 -0,028997448735988165 3,0550180682339376 -0,9857624895588653 3,9592091615507594 3,0101430195563887 ), 68,13938530835345
( 0,0022371404513451673 3,049661727115052 3,9639408497428597 -0,0003550987400565088 1,8964158836148342 1,9278952362037856 -1,9749264228374008 -0,05185792359720593 1,9786655265884734 -2,0348726260099457 1,8813542116777489 -0,028983654384907444 3,055040981763017 -0,9857667276406837 3,959215933792784 3,0101589870064203 ), 68,13938531491975
( 0,002246107919572768 3,0496417760947128 3,963921660967466 -0,00035362788005148646 1,8964031640078098 1,9279023092389533 -1,97491147000584 -0,051854868429386594 1,9786593725688664 -2,0348584115940618 1,8813283202328772 -0,028992402696092812 3,0550091441414042 -0,9857499482629156 3,959206748141621 3,01013484981293 ), 68,13938532246965
( 0,0022362839073253255 3,049651155986277 3,963942938214246 -0,0003495938601991353 1,8964149186449777 1,9279010015774105 -1,9749209708928634 -0,051865027178490085 1,9786699444111746 -2,034871349942381 1,8813457577567516 -0,0289931619794477 3,055034717560897 -0,9857574457080737 3,9592184925060443 3,010153866469699 ), 68,1393853988038
( 0,002235879351959878 3,0496536169105974 3,9639440135590625 -0,0003501544950405102 1,8964153548905913 1,9279000289167698 -1,974922786928709 -0,05186467143710972 1,9786700826626762 -2,0348728601598216 1,8813487381780347 -0,028991439237642948 3,055037169015171 -0,9857588111758414 3,9592189058804417 3,01015581230262 ), 68,13938540004399
( 0,0022333776064798446 3,0496511521948646 3,963947639264525 -0,0003480834045078689 1,8964200917816392 1,927900350985035 -1,9749203766596568 -0,05186441624996081 1,9786711240065387 -2,0348726070218826 1,8813446360901638 -0,02899398219243816 3,05504009597351 -0,9857611804527081 3,9592206765981297 3,0101586076791436 ), 68,139385406383
( 0,002234625588286026 3,049652561385736 3,9639458543361337 -0,00034924249721968767 1,8964177930015553 1,9279001709509829 -1,9749217011846767 -0,05186473421432304 1,9786706340304643 -2,0348726373769606 1,881346956936949 -0,028992749391989724 3,055038890369155 -0,9857602251352486 3,959219809391332 3,010157304444498 ), 68,1393854479012
( 0,0022485408481878267 3,0496465547673943 3,963917351722076 -0,00035764701780908954 1,8964005826516652 1,9279007854787253 -1,9749142589516284 -0,0518546214988427 1,9786569298344567 -2,0348564519068106 1,8813336372025353 -0,028989397311824112 3,0550092128610764 -0,985752707950161 3,9592042528273295 3,010133510107217 ), 68,13938546644873
( 0,002235888528526459 3,0496546943532907 3,9639451087241127 -0,0003498602943387286 1,896413862343495 1,927900490379486 -1,9749246827612703 -0,05186697781429595 1,9786715551943763 -2,034874882175785 1,8813521435947138 -0,02899125099651891 3,0550377350747397 -0,9857567084457255 3,95921984602555 3,010155956927225 ), 68,13938546723503
( 0,0022376526078740377 3,04964413648834 3,9639360083714363 -0,0003506525747494686 1,896418567119054 1,9279006559219265 -1,9749117766879076 -0,05185713378965567 1,9786638645785533 -2,03486117380627 1,881329678916382 -0,02899588122576499 3,0550281730213187 -0,9857628993659501 3,9592137396753904 3,0101495404875127 ), 68,13938547019585
( 0,002240776655976351 3,0496568942759654 3,963936985471256 -0,0003537217415824654 1,8964060895195287 1,92790083420274 -1,9749266989870253 -0,05186839715910716 1,9786689742906862 -2,0348719781845097 1,8813562496652898 -0,028989338052280936 3,055030951723816 -0,9857533551888 3,9592159303401715 3,0101490075439448 ), 68,13938548467632
( 0,002234676146719614 3,0496645093595096 3,963946797572121 -0,00035386131181140403 1,896418032946175 1,9278954333344525 -1,9749297688407605 -0,05186249362556757 1,9786691479183431 -2,0348767248015656 1,8813605516717549 -0,028984312871129955 3,055047704358878 -0,9857673881148258 3,9592195061658573 3,0101635825874284 ), 68,13938548849038
( 0,0022367111581129574 3,049641378240583 3,9639406640097192 -0,00034633011280471056 1,8964146672292366 1,9279038930472472 -1,9749136231214859 -0,05186339527813842 1,9786694911867604 -2,0348675522324395 1,8813326739513372 -0,028998295867786326 3,055026185802704 -0,985752368803776 3,9592175081561187 3,0101485098941776 ), 68,13938549296932
( 0,0022341982651804403 3,0496520407420578 3,9639466856242946 -0,00034873949656398376 1,8964183235938368 1,9279004950377276 -1,9749214698243809 -0,05186541545225957 1,9786712028009208 -2,034872793200291 1,8813466591740016 -0,028993501392785188 3,055039356244074 -0,9857600740984356 3,9592203356870606 3,0101576330400257 ), 68,13938549643883
( 0,002230234492050266 3,04965719316664 3,9639512391873133 -0,00035035129630969536 1,8964290179132544 1,927895628211365 -1,9749214892514653 -0,05185827038104553 1,9786686022696345 -2,0348723038910013 1,8813461588795501 -0,02898993142692152 3,0550511960160156 -0,9857746671254038 3,9592210301509203 3,0101677597106518 ), 68,13938552084967
( 0,0022457241909307362 3,049631709059912 3,9639171799317943 -0,0003524513760603659 1,896409786679101 1,9279027201636059 -1,9748997727801147 -0,051846853128971665 1,978654159492588 -2,0348481709964243 1,8813079178884122 -0,028997577370557918 3,0550032335503325 -0,9857556562928602 3,959203315454935 3,01013161731915 ), 68,13938552134233
( 0,002228806859262909 3,049639840928587 3,9639460035434966 -0,00034775939512750857 1,8964408777994166 1,9278986047501396 -1,9749025765894765 -0,05185262221179854 1,978662819212639 -2,034854182878025 1,8813150456094063 -0,029003448582304518 3,055043944578165 -0,9857839051642983 3,9592174080669627 3,010162153300122 ), 68,13938553294297
( 0,002232884981045069 3,049653340919413 3,9639493081068173 -0,00034828821828481826 1,8964201254668638 1,9279000089172669 -1,9749225211948362 -0,051865806677236774 1,9786721804906884 -2,034874446673459 1,881348443270543 -0,028993147499896767 3,055042670693715 -0,9857615086609235 3,9592216568529035 3,0101603231037584 ), 68,139385536524
( 0,002232196954591455 3,0496612517659263 3,963946693500013 -0,00035418037183942183 1,896428204038848 1,927892709095985 -1,974922616788263 -0,05185286328871877 1,9786644523385897 -2,0348702110127244 1,8813475198919478 -0,02898504726725072 3,055050917588119 -0,9857792840695072 3,9592177059283897 3,0101676690958867 ), 68,13938559732519
( 0,0022480029836305358 3,0496496058493583 3,9639226041038853 -0,0003558919663254718 1,8963958295571528 1,927903448980983 -1,9749209222185173 -0,05186567167674674 1,9786635673183053 -2,0348635416560987 1,881346213850563 -0,02899084062568106 3,0550121686732954 -0,9857447242249361 3,9592086742013475 3,0101341218404016 ), 68,13938561305908
( 0,002246118011419188 3,0496366869033116 3,9639123586509712 -0,00035827106459608256 1,896416644014715 1,927897556983307 -1,9748978890127136 -0,05183760850869394 1,9786466246274115 -2,034840485767333 1,8813047799466536 -0,028993469134744036 3,055008329538649 -0,9857717387887519 3,9591987912912 3,0101351179999156 ), 68,13938561310324
( 0,0022361187099668865 3,049651089138022 3,9639457708668058 -0,000347603341413861 1,8964112929461572 1,927903004380216 -1,9749238378801304 -0,05187048126968877 1,978673936400201 -2,034875977150152 1,8813508326064308 -0,028994120088464397 3,0550341829605094 -0,9857504749593851 3,9592209759829635 3,010153213821193 ), 68,13938562862056
( 0,002231769899641676 3,04965455284928 3,963951703728895 -0,0003479593449402705 1,8964215696073483 1,9278998213840843 -1,9749236564434407 -0,05186705621242952 1,9786733491080901 -2,034875765227326 1,8813505782404571 -0,028993263470405838 3,055045793105825 -0,9857626493084691 3,9592229710952784 3,0101625615452545 ), 68,13938567653504
( 0,002233737616534816 3,0496586331441664 3,9639499133812635 -0,0003496650652109886 1,896416440282347 1,9278992881289976 -1,9749280127414477 -0,05186823854341703 1,9786735163967424 -2,0348785937718077 1,8813578773612347 -0,028989693090475627 3,0550445932580033 -0,9857593991920613 3,9592222964722543 3,010161239163069 ), 68,13938568005491
( 0,0022327267801043175 3,049653875272844 3,963950881533617 -0,00034758009926520603 1,896418602393257 1,9279008744226833 -1,974924296996503 -0,05186886604597787 1,9786742037434613 -2,0348766456424348 1,881351711846537 -0,02899359603657411 3,0550431849022797 -0,985758732494089 3,9592229710232614 3,01016038241065 ), 68,1393856994092
( 0,002236542464291579 3,049664415302523 3,9639494723922315 -0,00035022294006401054 1,8964055688246666 1,9279001324158525 -1,9749366779612108 -0,05187396705527002 1,9786768787865068 -2,034887070162811 1,8813724720793417 -0,028984905518550753 3,0550416689755866 -0,985748203223321 3,959223287259211 3,010158466476891 ), 68,13938571718984
( 0,0022353253894732868 3,049681751301194 3,963947738543257 -0,00036004665258556164 1,8964161031137 1,9278887578481898 -1,9749421614464067 -0,051858878590159974 1,97866725407033 -2,03488447187972 1,8813809863975188 -0,02897095407609771 3,0550583717024895 -0,9857746411767547 3,9592189901646644 3,0101716043906976 ), 68,13938572200048
( 0,002233365020440845 3,0496309722304966 3,963944281612831 -0,00034120294613748246 1,8964216466500052 1,9279064735215883 -1,9749048914482548 -0,05186235002196291 1,9786706836403105 -2,0348640157043407 1,8813176115291694 -0,02900600441472703 3,0550247744369887 -0,9857527592680954 3,9592193875484454 3,0101488001041226 ), 68,13938576382148
( 0,0022305055748659025 3,049649805856357 3,963953216613185 -0,0003456695360277576 1,896423991750406 1,9279013870479544 -1,974920040208884 -0,05186770512720798 1,9786743088941268 -2,034874196373947 1,8813445150015802 -0,02899714989494657 3,0550448231095455 -0,9857619714346094 3,959223926181403 3,01016214913366 ), 68,1393858072545
( 0,002248235032192648 3,0496452429941288 3,96392344608513 -0,0003528443119972701 1,8963924536141377 1,9279059318510767 -1,974919868161589 -0,051867766757775775 1,9786660504017006 -2,034866002952007 1,881343893901846 -0,028992855288891742 3,0550072064046394 -0,9857365611981419 3,959209847231618 3,010131162923494 ), 68,13938580968289
( 0,002231394553971516 3,04965629182807 3,9639536740287564 -0,00034765113996338163 1,8964205742128606 1,9279001963227296 -1,9749261392047635 -0,05187001247010427 1,9786752730397847 -2,0348782671065457 1,8813551192763889 -0,02899309617290309 3,0550476767017045 -0,9857610763940144 3,959224405746195 3,0101635666901663 ), 68,1393858139587
( 0,002229554411809289 3,0496555107527614 3,9639557557407867 -0,0003468906872204833 1,8964249308391918 1,9278991303575834 -1,974924284696852 -0,051866825828924615 1,9786746511592788 -2,0348778721472747 1,8813514499263906 -0,028993078507309773 3,0550504282715796 -0,9857649700857596 3,959224915994775 3,0101666559473905 ), 68,13938582688472
( 0,002255770851880478 3,049644908932945 3,963905689206931 -0,0003604337892534107 1,8963872354524804 1,9279035511095608 -1,9749148911045014 -0,051857895772848495 1,9786546248865102 -2,0348531018848743 1,8813353685819667 -0,028989183440640314 3,054994380859937 -0,9857415808327414 3,959199206993837 3,010120323754452 ), 68,13938583272721
( 0,002231510104030193 3,0496508721764948 3,9639505891012874 -0,0003473990919232139 1,8964238554321637 1,927900000270245 -1,9749196807338598 -0,05186422992858249 1,978671911402208 -2,0348725297318784 1,8813434672319722 -0,02899500589766441 3,0550439342274758 -0,9857642899699144 3,959221991785547 3,01016175440449 ), 68,13938585187606
( 0,0022365759757727926 3,0496699676227084 3,963947194470301 -0,000354995472940738 1,896410544815307 1,927896479501183 -1,9749372632180169 -0,05186997580155385 1,9786725804600445 -2,0348821767016387 1,8813741140239506 -0,028982148562920765 3,0550479354392066 -0,985760515624581 3,95922087990904 3,010162108483638 ), 68,13938588875521
( 0,0022570217266656934 3,0496425057018985 3,963900669091916 -0,00036102187089300083 1,8963876419404526 1,9279002182773448 -1,9749103549113511 -0,05184346314995581 1,978648551179551 -2,0348516045787437 1,8813244915820624 -0,028983173725712123 3,0549880975044443 -0,9857432951956974 3,959194821558701 3,010119383284195 ), 68,13938592369696
( 0,0022316314075928874 3,0496460336186986 3,963946886828548 -0,0003479253802130345 1,896428244824708 1,9278992438012312 -1,9749128630939592 -0,05185763511633427 1,9786675942543381 -2,0348654823508507 1,8813313743348234 -0,028996761625860044 3,055041019474806 -0,9857698648207808 3,95921903273968 3,010160346730003 ), 68,13938596418667
( 0,002232278499708106 3,0496535088893326 3,963953675888922 -0,0003458376063845071 1,8964164014585712 1,9279028424796234 -1,9749263558864505 -0,05187441158650994 1,9786778237783793 -2,034879831404779 1,8813557269293968 -0,028995462380148437 3,05504349659174 -0,9857536600168239 3,959225348211565 3,0101600473486987 ), 68,1393859761486
( 0,0022302793230526185 3,0496561324725557 3,963957022504799 -0,00034590166254868765 1,896420208178425 1,9279012081488986 -1,9749275823846073 -0,05187307438207694 1,9786781124448836 -2,034881434489584 1,8813576398432135 -0,028994025000330156 3,0550491809024782 -0,985758141650979 3,9592266623056647 3,0101648025775334 ), 68,13938604572861
( 0,0022360267982765663 3,0496554499087596 3,963949641711317 -0,00034704639318225666 1,8964068171452821 1,9279043674538765 -1,9749305856345982 -0,05187869798252767 1,978678876004322 -2,0348824375576413 1,8813631563284492 -0,028993547517363306 3,0550372326168467 -0,9857445856752475 3,9592242117388174 3,010154246703022 ), 68,13938605347806
( 0,0022327588098729123 3,0496654717775487 3,9639543702026843 -0,0003503898003010827 1,8964152428594132 1,9278986292739742 -1,9749350314425158 -0,051873527805634506 1,9786768937724164 -2,034884379555008 1,881370512844039 -0,028987263963096165 3,0550514781943408 -0,9857591257839262 3,95922516533941 3,0101654199008454 ), 68,13938608511569
( 0,0022297551773930837 3,0496565192948153 3,963958073182898 -0,0003456671717421266 1,896420907449468 1,9279010734454334 -1,9749279285987111 -0,051873275738216366 1,9786785408012222 -2,034882066842291 1,8813582256984902 -0,028993977277154134 3,05505041027705 -0,9857586062264743 3,9592272031639104 3,0101658101161526 ), 68,13938609453372
( 0,0022299132955276063 3,04965537135563 3,963958074743498 -0,0003450406020955696 1,8964200429474454 1,9279018344950196 -1,9749275950865568 -0,051874244939167556 1,9786791527533827 -2,0348822618708327 1,8813576925259845 -0,028994833842968696 3,055049135885667 -0,9857567023381638 3,9592274328107093 3,0101648220207973 ), 68,13938612195402
( 0,0022256323324621103 3,0496693120192035 3,963953945046484 -0,0003565660217435361 1,8964459450702054 1,9278844094021121 -1,9749220868897543 -0,05183955621117566 1,9786596381309387 -2,034869613172845 1,8813453778565472 -0,028978595587737657 3,05506967947042 -0,9858032050363557 3,959218568415325 3,010184305750428 ), 68,13938612376954
( 0,0022363551528644878 3,049673497172024 3,963950400822729 -0,0003544785747787437 1,8964072616575283 1,9278970159637578 -1,9749424947060907 -0,051874748818903166 1,9786761332696712 -2,034887823342739 1,8813831886402106 -0,028980661756061735 3,055050354634304 -0,9857560727553022 3,9592232865472203 3,0101635385947425 ), 68,13938640069273
( 0,0022283541989521886 3,049669743117298 3,9639592275337803 -0,00035191532691938854 1,89642746411985 1,9278938279660363 -1,9749339441217337 -0,05186619000656196 1,9786741628901439 -2,0348826344948963 1,8813682435412353 -0,028984713518037566 3,055063998154331 -0,9857751900994008 3,959225907224698 3,0101759932942627 ), 68,13938641569807
( 0,002229142148475842 3,0496642321469127 3,9639619732626317 -0,0003467153552518421 1,8964188521839465 1,9278997566886238 -1,9749355806997295 -0,051876955915343054 1,9786813474064169 -2,0348887638679765 1,8813714689058996 -0,028989794014231914 3,0550567361483387 -0,9857579395454157 3,9592296058003202 3,010170054227277 ), 68,13938645620715
( 0,0022654531674505063 3,0496594408769475 3,9638922140815853 -0,0003695157950999556 1,8963679428468017 1,9278996184111632 -1,9749278151034846 -0,05185484028433356 1,978649563975801 -2,034858375276936 1,8813562081283823 -0,028973373554150833 3,0549851309396674 -0,98573331814201 3,9591920938874163 3,010112367582344 ), 68,13938645798237
( 0,0022188484651052796 3,049656798886288 3,9639727660901882 -0,0003418000275979132 1,8964442116723808 1,9278951287373385 -1,974922493274276 -0,05186053772267299 1,9786776933307522 -2,034883662321824 1,8813469982440874 -0,028993037337390396 3,0550704415245664 -0,9857798197098222 3,9592322436676644 3,0101854372265073 ), 68,13938653064483
( 0,0022430846987974897 3,0496830755759796 3,963941256314875 -0,0003608581303962734 1,8963940605876517 1,9278957470256874 -1,974951427568312 -0,05187729893955441 1,978673780671484 -2,034889759770736 1,8813989281266452 -0,028972903907751778 3,055044700615892 -0,9857504720385523 3,9592190194701633 3,0101569802645436 ), 68,1393866108398
( 0,0022279756745367113 3,0496762520271634 3,9639616585289073 -0,0003533035720740148 1,8964264289874198 1,9278923335221108 -1,974939714894722 -0,05186823675605447 1,9786755476655324 -2,034887070295674 1,881378292881491 -0,028981087651601383 3,0550692619879665 -0,9857761659233835 3,959227290543724 3,010179471179 ), 68,1393866804256
( 0,0022230466917511735 3,0496332448497276 3,9639626250118956 -0,0003369595646425779 1,89643943973751 1,927905999518783 -1,9749058706415785 -0,05186944100015315 1,9786779948578623 -2,0348675830523337 1,8813211360962259 -0,029012583230889327 3,055047994149234 -0,985766427774221 3,9592289901033735 3,010165717450995 ), 68,13938676838119
( 0,0022385984515040447 3,049674463037542 3,9639516828276706 -0,000352141988638537 1,8963955691239935 1,9279008464450982 -1,9749491965745043 -0,05188481638910313 1,9786823506959093 -2,0348965367619036 1,881394877892088 -0,028980501857500267 3,055044849093102 -0,9857396284625926 3,959226021388322 3,0101585725051576 ), 68,13938685775429
( 0,002232501238735585 3,0496482310209694 3,9639582588035345 -0,0003402780933047017 1,8964080265465897 1,9279097926278668 -1,9749290143433642 -0,05188918441858722 1,9786869924058452 -2,0348863314793575 1,8813614759915125 -0,029002499537658603 3,055038244319462 -0,9857359374922041 3,959230472363859 3,0101546775628187 ), 68,13938685831343
( 0,002232465299747179 3,0496659212664716 3,9639606830010377 -0,0003462892099624245 1,8964070990575572 1,9279031864163105 -1,9749419179873395 -0,05188673118189339 1,9786859656861688 -2,034894481363424 1,8813829969556044 -0,028989670785670513 3,0550508869742017 -0,9857439665845132 3,9592307985297857 3,0101639761896473 ), 68,1393869628395
( 0,002256913239567954 3,0496655945216684 3,9639175137050344 -0,0003596037159265339 1,8963666766441287 1,9279030521564833 -1,9749426833133674 -0,05187261190034025 1,9786685496664767 -2,034884210397454 1,8813811216099574 -0,028973512537889247 3,055002049968549 -0,9857177433607859 3,9592080384594404 3,010126616602454 ), 68,13938708305855
( 0,002218371331917938 3,0496575889252235 3,9639735755391787 -0,00034290473255878403 1,8964463778090903 1,9278959776971827 -1,9749228020241252 -0,051865517793489406 1,9786786947881425 -2,034880690593753 1,881349230890622 -0,02899644217795821 3,0550741944986886 -0,9857834182762112 3,959233014639755 3,0101861220038124 ), 68,13938717765228
( 0,002225032061716941 3,049661069036056 3,9639714314614034 -0,00034149020448530923 1,8964218379180404 1,9279029348578332 -1,9749361030061916 -0,051885037492258416 1,9786884196584988 -2,0348937431625105 1,8813730660880736 -0,028995524964416743 3,055061852299126 -0,9857536304739594 3,959235737593208 3,010173862682254 ), 68,13938727838823
( 0,002230803914536903 3,049632443091879 3,9639609760268044 -0,00033195328012375444 1,8964080979086997 1,9279162455142065 -1,9749195829558057 -0,05189264131812835 1,9786912822119587 -2,034885312293659 1,8813449927226251 -0,029013101912293258 3,0550283250875006 -0,9857239294065959 3,959233147586374 3,0101487642781724 ), 68,13938729277564
( 0,0022541816714057184 3,049630489226858 3,963914812804994 -0,00034850759862761283 1,896377933873452 1,9279150189856264 -1,9749137418145966 -0,0518769485732752 1,9786689291592483 -2,0348624454360222 1,8813341536204862 -0,029002521310462305 3,0549843906570384 -0,9857135369155734 3,9592078434578424 3,0101126454466196 ), 68,1393872994876
( 0,0022351135348531496 3,049664176157467 3,963959469854655 -0,00034435409980796626 1,896397103228693 1,927906799918068 -1,97494501052488 -0,05189357387707347 1,9786898417831689 -2,034899243441931 1,8813883349896 -0,02899053671215883 3,0550431381798346 -0,9857299196054268 3,959231748647309 3,01015761195981 ), 68,13938733660302
( 0,002226876275943193 3,049668917658738 3,9639695636646 -0,0003450951315975563 1,8964180445355334 1,9279005289505249 -1,9749422823939975 -0,0518846922801692 1,9786873456689664 -2,034896570596983 1,8813835329727013 -0,028989477035239703 3,05506405656306 -0,985754673530142 3,9592345680014014 3,0101748914566975 ), 68,13938738362475
( 0,00222250460637682 3,049656981279569 3,9639702492989404 -0,00034288881427607865 1,8964344676581841 1,9279003653650175 -1,974927078994957 -0,051876106921392745 1,978682719415678 -2,0348830750351254 1,8813577079062755 -0,02899859623778181 3,055066210065339 -0,9857695520917411 3,959233226580383 3,01017773684237 ), 68,13938746509024
( 0,0022198117689154998 3,0496483528655802 3,9639773004600536 -0,00033508421433243486 1,8964331259097307 1,9279054692606727 -1,9749247279320374 -0,051882605342990454 1,9786897511484516 -2,03488897252822 1,8813533539392435 -0,029005138030508807 3,0550625775449403 -0,985756953969772 3,9592384807024117 3,0101763610728356 ), 68,13938754255798
( 0,002222973627447133 3,049670379289998 3,963964900437565 -0,00035295074412658103 1,8964433373865552 1,9278913502777393 -1,974929601480558 -0,05186425479492447 1,9786726409861755 -2,0348755861672716 1,8813623324375992 -0,0289890883087849 3,0550781919001775 -0,9857941378196204 3,9592275714723817 3,010185748370449 ), 68,1393875859258
( 0,0022293150087223774 3,0496566625305643 3,963966710650622 -0,0003407343685965727 1,8964109340629671 1,9279087597532945 -1,9749369378338326 -0,05189653005930368 1,978691907519323 -2,0348926323802354 1,8813762970726855 -0,02900128697073834 3,0550513343516137 -0,9857397753042435 3,9592354081552537 3,010163030031949 ), 68,1393877126842
( 0,0022226954975402384 3,049680246474155 3,9639753156521595 -0,0003487662578989382 1,8964288598884196 1,9278935212143806 -1,9749467896576818 -0,05187743520858394 1,9786846303134737 -2,034898683774108 1,8813907541982187 -0,02898200504298996 3,0550809082822052 -0,9857724891198671 3,959235628282702 3,010188466403767 ), 68,13938789626027
( 0,002218091853787632 3,0496684152905926 3,9639792644662686 -0,0003440486602395828 1,896440963877536 1,9278954654866962 -1,974934968107499 -0,05187447978770085 1,9786843745797167 -2,0348911537073575 1,8813707556901897 -0,028991666326507817 3,055082132624485 -0,9857790405620517 3,9592371191789075 3,0101905947792935 ), 68,1393879355475
( 0,002223156979020618 3,04966549626389 3,96397642442875 -0,0003413399945613744 1,8964232147931612 1,9279022493917184 -1,9749404838431732 -0,05188828396493706 1,9786912475295952 -2,0348980716239 1,8813808882591134 -0,02899429399829829 3,055068707125349 -0,9857549635818248 3,9592385787998956 3,010178675555158 ), 68,13938794752654
( 0,0022199818405375313 3,0496629204372883 3,9639783439693286 -0,0003410880605959991 1,8964335488928457 1,9279000912973263 -1,974934618878662 -0,051881440125308584 1,9786882567216477 -2,0348929663506836 1,8813704915456677 -0,028995899016314112 3,0550738454344977 -0,9857661925188315 3,9592381908909284 3,010183755983817 ), 68,13938798208812
( 0,002222310274310906 3,0496589515137265 3,9639780876599477 -0,00033792745410649873 1,8964234504677822 1,9279056030675965 -1,9749368678177621 -0,05189223876427868 1,9786938871865971 -2,0348970907069974 1,8813751976487452 -0,029000197413859393 3,0550655328257488 -0,9857501268252373 3,959240247561105 3,0101761368572535 ), 68,13938809810884
( 0,0022268988748238958 3,0496720718819237 3,963973857559008 -0,00034355397047331306 1,8964122177548255 1,9279031922989402 -1,9749490870798678 -0,05189545919333518 1,978693595728435 -2,0349037006252426 1,8813962827225268 -0,028990440077253668 3,0550657934929473 -0,9857458592201401 3,9592385149957696 3,0101745966451325 ), 68,13938812390992
( 0,0022200973283300826 3,049672512418391 3,9639824435731263 -0,00034189738486754156 1,8964279013674579 1,9278989723009108 -1,9749451549124233 -0,051886568872995975 1,9786922017658612 -2,0349032326453287 1,8813884325950385 -0,02898979866791597 3,0550790425657395 -0,9857613714794516 3,9592411021115588 3,0101872634884406 ), 68,13938834378398
( 0,0022197608616060568 3,0496710312144137 3,9639823784772856 -0,000341590275454483 1,8964292662419833 1,927898988341088 -1,9749435078813002 -0,05188539808399803 1,9786917332267182 -2,0349019688024303 1,8813854820400528 -0,028990585155084927 3,0550787884085837 -0,9857623970962818 3,959240878965675 3,010187352010466 ), 68,1393883914211
( 0,002222208236923759 3,049648592432106 3,963979287024535 -0,0003325540108905059 1,8964205092036401 1,9279113812744144 -1,974932066755131 -0,05189893548501943 1,9786982448569184 -2,034896677565042 1,8813675117078132 -0,029008633911672112 3,0550575997256506 -0,9857388267322782 3,959242390613483 3,0101700062893846 ), 68,13938841858098
( 0,0022175824709584615 3,0496667884846196 3,9639848010016343 -0,0003397222600751398 1,8964346082623877 1,9279002495100257 -1,974939343361007 -0,05188667344098668 1,9786924546647122 -2,0348987615628613 1,8813791234849073 -0,028995700997338527 3,055080763311024 -0,9857655604602676 3,9592421814783547 3,010188545822717 ), 68,13938846801771
( 0,0022197384903928754 3,0496690981431023 3,963983373816461 -0,00034023569360031844 1,8964278361554592 1,9279011133771187 -1,9749434859219803 -0,05188999908350297 1,9786940146909884 -2,034902370221264 1,8813861582584224 -0,028993612509903746 3,0550776303109384 -0,9857587002712398 3,9592421620099505 3,01018567585542 ), 68,13938855242067
( 0,002229317311616499 3,049697366914373 3,9639734608082975 -0,0003524532269902425 1,8964052550461996 1,927893533324655 -1,9749682913882907 -0,051889045105757994 1,9786906484800095 -2,0349171818146163 1,881427224387109 -0,028968689674203005 3,055077422077474 -0,9857517705528551 3,9592369646559074 3,010184049088753 ), 68,13938894263258
( 0,0022225425129882345 3,0496760395856835 3,96398235563853 -0,00034234872154818494 1,8964187724267407 1,9279016854674782 -1,9749520953321633 -0,051897043542850685 1,978696739359752 -2,034908061814966 1,8814015695808697 -0,028989955609991108 3,055077113827702 -0,9857515296667599 3,959242754758864 3,0101834908202325 ), 68,13938910275547
( 0,002215607289466637 3,0496570200710442 3,9639919228894502 -0,0003318208529888781 1,8964310263315411 1,927907832564443 -1,9749377771316565 -0,05189996020563761 1,978702023204391 -2,034903593628236 1,881377429954286 -0,02900599851208113 3,0550764509567427 -0,9857497957329531 3,9592483933821145 3,010184779695998 ), 68,13938952017097
( 0,0022187737547066573 3,0496716749877066 3,963990602534065 -0,0003369315108703921 1,8964215677423908 1,9279044844177007 -1,97495126004316 -0,05190226301179709 1,9787026244327413 -2,0349126377195126 1,8814001914358711 -0,028994846821447828 3,0550801296488403 -0,9857468345803018 3,9592479594953596 3,010186547668361 ), 68,13938991069539
Liczba wywołań funkcji celu: 16783
