Iteracja nr: 48
( 0,002503394540340094 3,0503268558522443 3,9639221510384295 -0,000288906236146752 1,8951382000675787 1,927475400406578 -1,9758363895049507 -0,050670142335981286 1,9786946885711216 -2,0365415309456223 1,8823173240171778 -0,0272668405167574 3,0543745656665395 -0,9843081719640037 3,9591260585656194 3,010276231020559 ), 68,142015242149
( 0,002343096710020049 3,0504459216707964 3,96411619282557 -6,810593045780493E-05 1,8953175811157672 1,927404902863116 -1,9758409491167874 -0,05053104022897655 1,9786154940269483 -2,0368938293258454 1,8823405807356235 -0,027159196502347452 3,05443773512096 -0,9843349290635591 3,959241878313374 3,010412062314535 ), 68,14203094978743
( 0,0024786079906382896 3,0505110309409385 3,9638900839762945 -0,00018819770215320144 1,8951100380208714 1,927447111254659 -1,9759051779182675 -0,050689219160314575 1,97856878165384 -2,0367670994417275 1,8825058155668004 -0,027181882619019153 3,0542840853191056 -0,9842650843631068 3,9591454045318937 3,0101962313262667 ), 68,14206113367713
( 0,002315118196432335 3,0504092360514115 3,9641770576123743 -5,0073078901987516E-05 1,8953506706888033 1,9274046144317267 -1,9758312747182196 -0,05050270392987671 1,978656249330376 -2,0369154283178674 1,882299360483119 -0,02716045376279345 3,0544817946416405 -0,9843301553975923 3,9592657134606792 3,0104677806417666 ), 68,14208197101094
( 0,002344640999556512 3,050061148045729 3,9642237004383762 -0,00021915994323527544 1,8954604390246743 1,9274052872929983 -1,9756494705321046 -0,050286967654103114 1,978813494929355 -2,0365108420709186 1,881828152649238 -0,027244928917626993 3,054623148763184 -0,9844686532848406 3,959202208091704 3,0106493628093483 ), 68,14208666117986
( 0,0023377057167148197 3,0506447551335962 3,9640543908857597 3,976313664648661E-06 1,8952742917888146 1,9273605479007256 -1,9759149927131285 -0,0505165131502088 1,9784703836412767 -2,0370960531740114 1,8825297721066518 -0,02704495171511288 3,0543384095241315 -0,9843087995196375 3,959239011504816 3,0103301512076284 ), 68,14216296563325
( 0,002255505606953788 3,050427378363321 3,9642684238174315 3,749600254753338E-05 1,8954048107095525 1,9273876112232478 -1,9758328780391736 -0,05045599568831492 1,9786555044119594 -2,037051427779882 1,8822959881370418 -0,02712658216086039 3,0545040559773344 -0,9843055485758749 3,959318171862289 3,0105262927423797 ), 68,14217611560144
( 0,0024858977657185853 3,050535214175522 3,963869845685187 -0,00014188827819669935 1,8950561782686157 1,9274568028305112 -1,9759212077119415 -0,050711366870671036 1,9785443421468798 -2,036847639705612 1,8825492465146463 -0,027164535799282196 3,054199051816147 -0,9841771980507278 3,9591522667178394 3,0101355921175488 ), 68,14218382127197
( 0,0022439885621079233 3,0502198624893135 3,9643686934984026 -2,891460883858556E-05 1,895473807412855 1,9274131761375621 -1,9757560593458294 -0,05040919197652022 1,9788121348166192 -2,0368711859395123 1,8820763754714656 -0,027209313831899905 3,054635957765431 -0,9843429236820543 3,959329967107189 3,0106616668543404 ), 68,14219009632667
( 0,0022136297778739384 3,050024573506107 3,9644183379084166 -5,178419876706653E-05 1,895611366401404 1,9273882448642268 -1,9756047744514853 -0,05019179305722484 1,9788380456397137 -2,0367155495548226 1,8817288823190474 -0,027230952388792917 3,054691921359153 -0,9844521088495506 3,9593052930673713 3,0107799382319387 ), 68,14219561878222
( 0,002207543012473365 3,0504885492815297 3,964293448001849 0,00011111129844792821 1,8954700613994733 1,9273473909859717 -1,9758212772536823 -0,050365610293110964 1,9785771715207732 -2,0371688184156733 1,8822878228288202 -0,027066364389286376 3,0544922414674063 -0,9843409016529335 3,9593342073023745 3,010548618932538 ), 68,1422033355026
( 0,002374258835503156 3,0505708760343144 3,9640635199401215 -3,971000718779193E-05 1,8951799586070128 1,9274418116168368 -1,9759520295304585 -0,050713344504146114 1,9786051732574805 -2,037022174388153 1,8825974941526167 -0,027154749821643898 3,0543528545990264 -0,9842001046226 3,9592576788340237 3,010286178573045 ), 68,1422136869101
( 0,002219101145611892 3,0504718969543037 3,964300486650293 9,941611592963556E-05 1,8954392202101076 1,9273646971626544 -1,9758361781908647 -0,05040792638376463 1,9786147589121625 -2,037157248124187 1,8823090876149557 -0,02708376751828864 3,0544951901139945 -0,984304061889989 3,9593404939220505 3,0105435954181368 ), 68,14223500057105
( 0,002273151439163013 3,0504821928896133 3,964355927037124 -7,576185018866484E-05 1,895371629596804 1,9274265324686426 -1,9759660626001423 -0,0507039502799874 1,9788264926518293 -2,036968956759633 1,8825389952590568 -0,02720173222510936 3,05472741974992 -0,9843403684603076 3,959369073942933 3,0106192820637094 ), 68,14223787989036
( 0,0023017720815844815 3,050402737554545 3,964236583966685 -3,0398484730039693E-06 1,8953094306840559 1,9274254544847602 -1,9758662291009375 -0,05054883514966342 1,9787117258075329 -2,0370090958731306 1,8823516998975558 -0,027157974285541883 3,0544718555091825 -0,9842210556755352 3,9593090166745504 3,0104751870708166 ), 68,14224915999792
( 0,0022169383852744433 3,050468993604058 3,964282240033034 0,00012942474783383948 1,8954332078440452 1,9273602364673081 -1,9758179824854751 -0,05037084381641971 1,9785806796679861 -2,037190968724214 1,882279215110577 -0,02706678637793987 3,054439635387779 -0,9842785902720288 3,959333937087264 3,0105150329370782 ), 68,14225456187131
( 0,002510257702458497 3,0503823686995295 3,963858603918738 -0,00019191389700133813 1,8950528319944626 1,9274532037994605 -1,9758436641730308 -0,05056637686012293 1,9785883383756 -2,0367299742567235 1,8823335110474035 -0,027156112341853684 3,0541788619756183 -0,984165006968902 3,959109615308092 3,0101721286851792 ), 68,14225685268264
( 0,002467727005911855 3,050600481708192 3,9639940658287665 -0,0002084809047975205 1,8950742260798759 1,9274630753797655 -1,976034949159928 -0,050857248757386585 1,9786812685825517 -2,0368374047741016 1,8827426255584 -0,027188008783339313 3,0544255785742527 -0,984230251795636 3,9592149458424672 3,0102729157947152 ), 68,14225981639646
( 0,002200024243585316 3,050533454432207 3,964280610562534 0,00015903680329404292 1,8954489374329495 1,927346617706785 -1,97583659990149 -0,050376369856736276 1,9785378883612128 -2,037254850698296 1,8823369777607115 -0,027044906901360275 3,0544359356554827 -0,9842966362419456 3,959342833733949 3,0105053867224076 ), 68,14226071507774
( 0,0021517338799250333 3,0505175429892235 3,96436937446068 0,00018032330970965864 1,8955341398996852 1,9273246006394613 -1,9758220352218399 -0,05031561661434178 1,9785645953727191 -2,0372799033154116 1,8822870054978624 -0,027032596854638963 3,0545275225310484 -0,9843512774339898 3,9593755938856394 3,0106077835073775 ), 68,14228916959328
( 0,002174494574688954 3,050450943045237 3,9643874447724103 0,0001325022182598372 1,8954978423488 1,9273602454182532 -1,9758308622242242 -0,050388319028789756 1,9786556025311737 -2,0371997438739413 1,8822826346503612 -0,027087491168828814 3,054565143978224 -0,9843160649065604 3,959380587544741 3,010620201165648 ), 68,14229090371028
( 0,0022495066364397803 3,0502175302764702 3,9643983248851433 -1,979819096764677E-05 1,895421481602527 1,9274419452700016 -1,9757971622663786 -0,05049369805605913 1,9788711213040493 -2,0369083470983425 1,8821490204991709 -0,027228979932628888 3,054637770827954 -0,9842607038469589 3,959357461566947 3,0106522414327457 ), 68,14229220080746
( 0,0021220272286875683 3,0502550471338963 3,9644673000089097 0,000183587090251858 1,8956183903130899 1,9273501574198566 -1,975682842140556 -0,05018834821294013 1,9786823456422973 -2,037148002580576 1,8819501512278756 -0,02710787096394151 3,0545685854322673 -0,9843375920766251 3,9593876402385795 3,010712926669997 ), 68,14230418430289
( 0,0023320252279856847 3,0504129423883684 3,964145577474582 5,3437158124084176E-05 1,8952178230339327 1,927447564745547 -1,9758552750166656 -0,05056635596291631 1,9786415903296812 -2,0370779917634905 1,882363839926966 -0,027149523057589824 3,054289705359594 -0,9840977843454549 3,9592860582588223 3,010330513914904 ), 68,14230596735459
( 0,002162896720565588 3,0503899405417725 3,9644144495113594 0,0001484557023609207 1,8955165664617761 1,9273645005453817 -1,9757960785087203 -0,050346926218144 1,9786772251665494 -2,0371914539750846 1,8821988342509333 -0,027096951479470863 3,0545612613975677 -0,9842986809034387 3,9593869955830274 3,010642120858099 ), 68,14231455312805
( 0,0021630656974352186 3,050382075495697 3,96444430750624 0,00011734047240378403 1,89552471880297 1,9273689406688153 -1,975813026521156 -0,05037718604781463 1,9787232805207735 -2,0371560081262925 1,8822187168178803 -0,02711319437477838 3,0546256162607652 -0,9843202665880936 3,959396976737597 3,0106833729863944 ), 68,14232115938495
( 0,002244630326723743 3,050805269305833 3,9640885578957423 0,00019363974096037856 1,8953543754551512 1,927298141189154 -1,9759206112429646 -0,0503968401263241 1,9782988835233197 -2,03741035953335 1,8825914306117768 -0,02692468517145381 3,0542516816050718 -0,9843022098719654 3,959284184048664 3,010312109005146 ), 68,14232965694957
( 0,0022072744473848292 3,0505115255879596 3,964326328163794 0,00013523661783508263 1,895415371164746 1,927372211455588 -1,9758745347854072 -0,050453948790396365 1,978624603482632 -2,0372410163473327 1,8823894572414486 -0,027073811307828315 3,0544884880467587 -0,9842511468321458 3,9593680551460726 3,0105349633687717 ), 68,14233163211682
( 0,002182528883710937 3,0499227225583625 3,9646002799522058 -0,00013736283482361386 1,895678548989935 1,9274349479544433 -1,9756427338185831 -0,050344673969146554 1,979076826151433 -2,036581181655936 1,881749492021396 -0,02735313194623698 3,054972525082702 -0,984509558170726 3,9593808588865 3,010968750485148 ), 68,14233860566488
( 0,0022355847345232023 3,050235360302401 3,964386090042918 -6,441607246560895E-06 1,8954431692827998 1,927416330980441 -1,975785950989843 -0,05041058870593501 1,9788295288445195 -2,0369449919456164 1,88212053288418 -0,027182857865347902 3,054625822809773 -0,9842862361469019 3,9593427103754384 3,0106600322078507 ), 68,14234387444229
( 0,0021327245250709883 3,050454135077464 3,96444741236974 0,00017363843115445425 1,895559123655537 1,9273388273184422 -1,9758181947548772 -0,05032761301578156 1,9786504534488436 -2,0372579270099798 1,8822485568574074 -0,02706269357885576 3,0546033246644386 -0,9843414696036971 3,9594064541102987 3,010680363219098 ), 68,14234643299187
( 0,0021860220890270858 3,050548334875271 3,9643297286169017 0,00017308461734581726 1,8954436698418584 1,9273511210487801 -1,9758691220542584 -0,05040820545512895 1,978576290151586 -2,0373022596638286 1,88238952146742 -0,027040703554645672 3,0544723842059316 -0,9842676481067036 3,9593726447632975 3,010536817740757 ), 68,14234654213804
( 0,002148111783880674 3,0503734802326745 3,9644612187781365 0,0001442041143342617 1,8955385518424726 1,927367197809319 -1,9758021499540477 -0,050356773913829624 1,978719090591655 -2,0371871826456793 1,882196722308147 -0,027108387179216722 3,0546169697989307 -0,9843085326063005 3,9594066185719883 3,010689429099083 ), 68,14234699340915
( 0,0021634412355189697 3,050485334146813 3,9643898645149966 0,00017326113873173272 1,8954894946096246 1,927353438651627 -1,9758421991148716 -0,050378618589753885 1,9786268975300811 -2,0372751021392075 1,8823131485525753 -0,02706075958109276 3,054530075153719 -0,9842844536350542 3,959391049322555 3,010602579517812 ), 68,1423506438108
( 0,0021644487333173563 3,0504772247712433 3,964389803346231 0,00017259139251325306 1,8954899770529405 1,927352637515032 -1,9758369335903732 -0,05036915562753836 1,9786275773268511 -2,0372703300617387 1,8822999334311457 -0,0270595855006892 3,054526976882094 -0,984282932941168 3,959389287031541 3,0106044744583587 ), 68,14235263273541
( 0,002110981268748182 3,050264245199081 3,9644461382720446 0,00020230674684073397 1,895659953862489 1,9273042314528845 -1,9756426476563473 -0,05004036021573482 1,9786052960170595 -2,0371711851492047 1,8818623865793207 -0,027039341223862475 3,0545330825360355 -0,984383583017048 3,9593624283755333 3,010728788231146 ), 68,14235313180676
( 0,002161162947460634 3,050408856470872 3,9644226694094096 0,00016488556844961215 1,8954968622019774 1,9273679120812381 -1,9758160450237483 -0,05036641198184237 1,9786809478481062 -2,0372333759472308 1,8822384100227825 -0,027087837938139316 3,054549730283513 -0,9842648627807509 3,959398211955151 3,010633547880996 ), 68,1423703803176
( 0,0021345886490348716 3,0503668274397597 3,9645163234037084 0,0001276893938939549 1,895561327242738 1,927371910761219 -1,975821414226839 -0,05039139302144521 1,9787744226342845 -2,0371725100792806 1,882220814783789 -0,027127210498241426 3,054698199771098 -0,9843292233700657 3,959431139757875 3,010747656412281 ), 68,1423721465879
( 0,002055620848539354 3,0502951643676655 3,9645467628726263 0,0002220023243005742 1,8957457528621855 1,9272935850292683 -1,9756652291000054 -0,05006538281151088 1,9786445086451978 -2,0372131822805626 1,8819054300442477 -0,0270506830480931 3,054663532456169 -0,9844519599871971 3,959413345677561 3,0108278789092036 ), 68,14237233433852
( 0,002205767460186637 3,0509022919104902 3,964085412010003 0,0002530357467411075 1,895420150064831 1,9272452148347643 -1,9759161895075605 -0,05030075892878492 1,9781876561833418 -2,0375179388548372 1,8826078568716955 -0,026849650299263686 3,054235942098012 -0,9843697142537244 3,9592859272576892 3,010322911683252 ), 68,1423742150083
( 0,0021602289775580277 3,0505215364555776 3,9643975671496 0,00017870345537878915 1,895480779607946 1,927354559718719 -1,9758700683900576 -0,05041415545552001 1,9786286112372276 -2,0373057331632016 1,8823744403980527 -0,027056955323895137 3,054542038937085 -0,9842785353371024 3,9594022935712294 3,010600707194737 ), 68,14237614011526
( 0,002117156884015174 3,050367746881282 3,9645046044857266 0,00017714219433495227 1,8955842459451495 1,9273533336577806 -1,9757870000049227 -0,05030950579916603 1,9787154829778744 -2,037227559038791 1,8821605354142257 -0,027093557398821497 3,054639448908567 -0,9843236595405801 3,9594251462121033 3,0107309104109516 ), 68,14238654061685
( 0,0021273275183299723 3,0503513528313873 3,9645004010119127 0,00016271597489634246 1,8955675911225656 1,9273624539591125 -1,9757893390968178 -0,05032561587706995 1,9787346715697502 -2,037205610111382 1,8821595943583775 -0,027104680919866904 3,054639575552287 -0,9843102379200207 3,959421855786835 3,0107262775580197 ), 68,1423923236764
( 0,002253330892069997 3,050612383630168 3,964244733198984 0,00012255032228452873 1,8953055705332202 1,9273913058725674 -1,9759505605870264 -0,05057790451137491 1,9785918606902115 -2,037283293309099 1,8825723803078436 -0,027066160563379436 3,05441382507022 -0,9841839480634804 3,95935351223117 3,01042471670986 ), 68,14239550012543
( 0,002103135396722136 3,0502555735522034 3,964569402691916 0,00014315617135724585 1,8956389630840844 1,9273635849924597 -1,9757415355282153 -0,05027782861374223 1,978800331781028 -2,0371290856359088 1,8820344943686382 -0,027139704569795357 3,0547267108092244 -0,9843605796371693 3,9594352997816507 3,0108181396138254 ), 68,14239615636512
( 0,002130393027025046 3,0504390255241565 3,9644595491291055 0,00019419309952786712 1,8955405185462972 1,9273505896917302 -1,9758203052201968 -0,0503410556200823 1,9786664379811127 -2,0372860556517915 1,882249478837866 -0,02706785839693198 3,0545822589594396 -0,9842938862049664 3,959417643991807 3,010669900251324 ), 68,14239650746981
( 0,0021704765681478263 3,0508277463501234 3,9641435492281887 0,0003040058824168393 1,8954587771421147 1,9272552003343615 -1,9758729682647345 -0,050257787349966415 1,9782184217057444 -2,037550552112773 1,8825078002545244 -0,026866775541324755 3,0542345641853124 -0,9843358710115114 3,9593120750370128 3,0103546759837285 ), 68,14239854263724
( 0,0021248004610322467 3,0503733105673048 3,9645021673548255 0,00017403227532276796 1,8955599442628552 1,927363187273642 -1,975803136621133 -0,050342805856464765 1,9787291325483913 -2,0372332141199445 1,8821929559756172 -0,02710007171188468 3,054634070177596 -0,9842985513364058 3,9594285839692707 3,010717944692866 ), 68,14240481911847
( 0,0021351656286316507 3,0504222743670852 3,9644682016919033 0,00018273720231208967 1,8955309292959766 1,9273601215372218 -1,9758247855375235 -0,05036175353716936 1,9786932728296034 -2,037268547698352 1,8822514794594318 -0,027081741973009946 3,054595030576056 -0,9842826490298269 3,9594211670261634 3,0106759550550217 ), 68,14240656274872
( 0,0020942503897190745 3,0501752950707517 3,9644785384786907 0,00021048032922131254 1,8957078357185067 1,9272966158192613 -1,9755805057127922 -0,04994391341836108 1,9786227183864278 -2,0371343020000636 1,8817139273253303 -0,027042051077041752 3,054541580921971 -0,9843973704524638 3,959360221609554 3,010776933713552 ), 68,14241193061102
( 0,002078063114624621 3,0503459803496633 3,9645286942166993 0,0002425235233951038 1,8956472010582248 1,9273294920911994 -1,9757325456478956 -0,050198262893776345 1,9786658972019378 -2,0372870000666494 1,8820555071734124 -0,027064166849661706 3,0546077101998224 -0,9843365789475464 3,959432290947466 3,010750874148622 ), 68,14241284569698
( 0,002093354433180673 3,050323776972167 3,964558703567601 0,00018566795375531603 1,8956261023285086 1,9273522783714 -1,9757668871982634 -0,05028046107027468 1,9787520162679626 -2,037221137495503 1,8821029076650084 -0,027104086691693743 3,054686812261829 -0,9843371579497425 3,9594436654534206 3,010787336853454 ), 68,14242750872384
( 0,0020602891301424496 3,050227952626986 3,9646003582956886 0,00019420685765788578 1,8957260563426672 1,9273272185549724 -1,975677774475825 -0,050132835311610696 1,978749340914096 -2,0371660120787065 1,8819023379805369 -0,02710134217436041 3,054721575790242 -0,9844100083487889 3,9594371569092397 3,010866525183271 ), 68,14242968485351
( 0,0021065428833980434 3,050161132080163 3,9646045778351926 0,0001288842105665097 1,8956331021339299 1,927388819228624 -1,9757162175661545 -0,05028432095325089 1,978874603345569 -2,0370745000821144 1,881957503103706 -0,027180549441487133 3,0547453921513896 -0,9843227119783743 3,9594441557979163 3,010845106885797 ), 68,14245162044746
( 0,0021325921409721055 3,050154104166941 3,9645932386400804 9,118334885633404E-05 1,895586465346511 1,9274107728290837 -1,9757438132117833 -0,05035531402075956 1,9789177800966697 -2,037033663498503 1,882006419319964 -0,027206601593795524 3,0547563820567234 -0,9842954210129803 3,959441313815815 3,010829600297026 ), 68,14245913829127
( 0,002051515192921085 3,0507667027118672 3,964412350964502 0,00032524056500309636 1,8956673042621544 1,927215485578781 -1,97586204608392 -0,050163264230708125 1,978360455157983 -2,037577501689416 1,8824136720605873 -0,02686484526431387 3,054536928252019 -0,9844693682307014 3,959414600693239 3,010658099671725 ), 68,1424730324424
( 0,0020829524039303123 3,050252280113881 3,9646185897035737 0,00016867406656862163 1,8956460076695747 1,927370278582228 -1,9757553178031406 -0,05029692519363412 1,9788330712284736 -2,0371745928662452 1,8820537501585508 -0,027143610328268595 3,054752225089378 -0,9843325311494658 3,959464551070158 3,0108455246595307 ), 68,1424756387089
( 0,0021688869561856416 3,050079471318263 3,964615092519208 -2,0186852975819804E-06 1,895542906355173 1,9274596539364561 -1,9757698647883548 -0,050484601520424915 1,9790510590161157 -2,03689180955501 1,8820317384591245 -0,02729321413925988 3,054844876483516 -0,9842824791779595 3,959445472630154 3,0108570801122645 ), 68,14248683746666
( 0,002104842833879864 3,050220141797285 3,9646406027169743 0,00011059619523025629 1,8956103940378795 1,9274058855881253 -1,975789453353026 -0,05040815649668039 1,9789278880015948 -2,037098496413103 1,882106498363547 -0,02720204276243865 3,0548190538179822 -0,9843158703486303 3,9594758058319 3,010863141039027 ), 68,14248980947283
( 0,0020682806190067448 3,0502479792845483 3,9646243126490064 0,00019617694722962937 1,8956680818021443 1,9273581035715277 -1,975734770806915 -0,05024521357343675 1,9788075947034045 -2,037204521185236 1,8820132963721166 -0,02712473573101753 3,0547333904542153 -0,9843353766328977 3,959465309494621 3,0108507519996106 ), 68,14249499044918
( 0,0019475513242261776 3,050310637170956 3,964730896785625 0,00025031137931130564 1,8959484983755717 1,92725182799534 -1,9756591126527594 -0,050014425787476134 1,9786967116387348 -2,037249425244449 1,8818755157864082 -0,02705456619866734 3,0549077339277693 -0,9846262238820486 3,959489379794741 3,0110430422981946 ), 68,1425005354783
( 0,002169276907371676 3,0502418702894443 3,964600739544701 2,8121179094350177E-05 1,8954851915217772 1,9274628569422718 -1,9758764329649854 -0,05062088965896085 1,9790164070222958 -2,037024906272795 1,8822824830793323 -0,02726758406606946 3,05483502687532 -0,9842445882029265 3,9594729893254677 3,0108002331011328 ), 68,14250686487398
( 0,002064297280463574 3,05022673578229 3,9646484479738207 0,0001841615032786408 1,89568012608226 1,9273620570534893 -1,9757333616513562 -0,05025205510121732 1,9788381610196226 -2,0371817433540405 1,8820002827328117 -0,02713833626103787 3,0547686086140304 -0,9843448376072836 3,9594730159278586 3,010879344808901 ), 68,14251007049818
( 0,002027209222512706 3,050183056658441 3,9648296229240754 -0,00015864144412493748 1,8960082515652754 1,9272991832784205 -1,9757408880996052 -0,05027361511388363 1,9790515723986144 -2,036672696305015 1,8819408472755228 -0,02725787336660591 3,0554371335479926 -0,9849411537771043 3,9594728105632337 3,011322745445958 ), 68,1425121285585
( 0,0022802516183071135 3,0503995454547512 3,964435964032502 -6,302618474642514E-05 1,8952729041766867 1,927512780576055 -1,9760207254491506 -0,05089817501060541 1,9789995294702694 -2,0369961848309885 1,882621146293911 -0,027293984990593247 3,0547454499859223 -0,9841564756293565 3,959430677782484 3,0106073851456454 ), 68,14251307890166
( 0,002129103384212988 3,0498965450954447 3,964625694265328 1,9153865014405073E-05 1,8956863342362416 1,9274161829900847 -1,9755885564557831 -0,05018235057854698 1,9790030434764394 -2,0367943407744558 1,8816361579423782 -0,02727298223586742 3,0548210774896667 -0,9843815404770391 3,9594012057015395 3,0109342495597833 ), 68,14251585324199
( 0,00203565282948697 3,049989832495673 3,964758482180499 5,236438653640494E-05 1,8958753742182455 1,927350065984501 -1,9755978122359528 -0,05011461284515038 1,9789772414448474 -2,036859347363654 1,8816606272328549 -0,027234887925221697 3,0550186170556404 -0,9845764836496069 3,9594587012004108 3,011109326459342 ), 68,14251727469555
( 0,0020351545720780893 3,049899139699298 3,9647085135257583 -1,728875785995812E-05 1,8960390801493345 1,927254539142628 -1,9754376059858019 -0,04977663745605037 1,9788606328822893 -2,0366585676055338 1,881317559902373 -0,027168879959119905 3,0550467497071225 -0,9848189639184513 3,9593693841259707 3,0112129136995436 ), 68,14252033798302
( 0,0019833477719823243 3,0502296275684295 3,9646764871605984 0,00028583611261554155 1,895845948815715 1,9272879955720184 -1,9756275396267986 -0,05000222498161448 1,9786992855241108 -2,0372717704847463 1,8818052275689503 -0,02706067167382105 3,054746355715834 -0,9844637251796537 3,9594698341453456 3,0109391202053897 ), 68,14252527155843
( 0,0019223147749632336 3,050310226838783 3,964760384010483 0,00026321077068437975 1,8960025145761052 1,9272344583352279 -1,9756416850612408 -0,04996890736712353 1,9786861708453158 -2,0372581658728253 1,8818388628576204 -0,02704467622040338 3,054943625391532 -0,9846734146026908 3,9594977258002864 3,011085684634125 ), 68,14253394878217
( 0,0020661052320668522 3,0504391665301984 3,9645624429289157 0,000272988657599722 1,8956087877480956 1,9273349432540632 -1,9758149804448313 -0,05028915453331245 1,9786811287350172 -2,037403363726294 1,8822257161773257 -0,027042768103858052 3,0546272087109494 -0,9842840328474924 3,959471217355179 3,010746384499467 ), 68,14254507117198
( 0,002017430715746352 3,0502560371481997 3,9646826165760456 0,000244388918544802 1,8957545714959159 1,9273276589154273 -1,97570855496091 -0,050160989133932125 1,978781661314646 -2,037263131562159 1,881959177007043 -0,02709593738787487 3,05477441541839 -0,9843888124379047 3,959488339511849 3,0109164278641005 ), 68,14254752052302
( 0,0020531404151452296 3,050262790403915 3,9645993133691184 0,0002887120561036597 1,8956502245164892 1,9273511043382239 -1,9757090273208757 -0,05018372766586467 1,9787308618637365 -2,03732708174885 1,8819830103681308 -0,0270836723556697 3,054604531676987 -0,9842551604072038 3,9594668712364482 3,0107827039352895 ), 68,14255686329683
( 0,0020784581750271937 3,0509450360384744 3,964222398298286 0,00043082477927722923 1,8955726179920722 1,9271983254291807 -1,9758794494750134 -0,05016316964183739 1,9781218699141083 -2,0377639630168836 1,8825482164862488 -0,02678514468200543 3,0542598791463127 -0,9843909600432627 3,9593636144892654 3,0104139944207717 ), 68,14257116081887
( 0,002011785524558842 3,0501883219189794 3,964735303785288 0,00020355516495539728 1,8957862490853674 1,9273392352022227 -1,9756959234763931 -0,050172169588926875 1,9788608189746297 -2,0371824694603955 1,8819068566320196 -0,027136483473280834 3,0548631781968667 -0,9844205898511528 3,95950017509366 3,0109869901673014 ), 68,1425754992685
( 0,0020354858403706924 3,0503076819334662 3,9646776070740812 0,00024030217507687676 1,8956867309430185 1,9273463807726647 -1,9757725764849277 -0,05025881510809392 1,9788064556631417 -2,037306811015056 1,8820903004333125 -0,02709682964037995 3,0547659409222465 -0,9843259371647668 3,959502504273099 3,0108830102165602 ), 68,14259698942857
( 0,002019716877393234 3,050196269520352 3,964719670084253 0,00022618790304544732 1,8957494483841253 1,9273464161697853 -1,975703782804609 -0,050182472325814007 1,9788491863263422 -2,037222577932161 1,8819267071233645 -0,027126831749113834 3,0548098227926834 -0,9843652129171889 3,9595010481364135 3,0109489090001067 ), 68,14259784716214
( 0,0019131467793991517 3,0502725462179887 3,9648716542426543 0,00010943981166871922 1,8961008861016118 1,9272361276547219 -1,9756787871455452 -0,050056586586885624 1,9788491733755278 -2,037047316035742 1,8818656464698218 -0,027123306933257867 3,0552520557383698 -0,9848648301783369 3,9595214027111414 3,0112816489060643 ), 68,14259956938588
( 0,00199814286559482 3,050053483929385 3,9647780399079737 0,00016975602143427012 1,8958643881299646 1,9273364945263318 -1,9756125793124077 -0,05007701220498569 1,9789122918860351 -2,0370581194219395 1,881706370406307 -0,02717290694676145 3,054926377072192 -0,9844863353934061 3,9594909436919985 3,011070644489856 ), 68,14260780195255
( 0,002026291376244578 3,050226886137286 3,9647045163525045 0,00023532575069865758 1,8957224345931596 1,9273467025023492 -1,9757237404967574 -0,050198946472001585 1,9788346806858423 -2,0372563454242214 1,881972255810711 -0,027112564640123564 3,0547835062897386 -0,9843393252780523 3,9595006383192755 3,010923365143699 ), 68,14261344177332
( 0,0020957631903914167 3,0499498084622525 3,9647342661649367 4,0398743122546824E-05 1,895695886912648 1,9274276791727827 -1,975664775798506 -0,05029303925944516 1,9790825243940575 -2,036875351838454 1,8817789165857208 -0,02728638949857495 3,0549302631775594 -0,9843585700286464 3,959471404004139 3,0110067742783624 ), 68,14261439223611
( 0,00198260662588776 3,0498089451851436 3,9647941671032565 -1,747170756217482E-06 1,8961313989406856 1,9272797502236931 -1,9753936276630581 -0,04979753308682982 1,9789354526893832 -2,036622708378182 1,8812238958353553 -0,02724664313489853 3,0551447783028984 -0,9848658564852273 3,95940562097874 3,01128424404911 ), 68,14261790230779
( 0,0021767874278986665 3,0496908302411376 3,964693073032493 -0,0001518198217520381 1,8956894320499718 1,9274788867369557 -1,975562262731856 -0,050297433780132045 1,9792327533129297 -2,0364733748514485 1,8815202022983188 -0,027426190550243403 3,0550086116118065 -0,9844296127352572 3,959400663742773 3,0110497500032207 ), 68,14262897738146
( 0,0020779789689689384 3,0499001514422197 3,9647879789139084 3,655332971044798E-05 1,8957294596450758 1,9274412166601034 -1,9756517639360234 -0,05031184168718478 1,9791391937018594 -2,0368450738074375 1,8817412613748299 -0,027324556654469073 3,054990014005439 -0,9843700880350416 3,9594934834537137 3,011055591227883 ), 68,14266048562908
( 0,0019845861486630415 3,05014042182848 3,9647875800942964 0,00022956224029973968 1,8958257653974746 1,927337410413686 -1,9756682461653432 -0,050127667174010855 1,9788866083921945 -2,0371969857050725 1,8818354278949443 -0,027140044802257197 3,0548870033297137 -0,9844170834608699 3,959519495771361 3,0110335720541075 ), 68,1426621682582
( 0,0020513474939895205 3,050887509263167 3,964427502334699 0,00042204743317800995 1,895551694676206 1,927255344495777 -1,975969419748586 -0,05035411459778836 1,9783614214937295 -2,037786316853495 1,8826678635012488 -0,026863181190023577 3,0544471037723695 -0,9842861896300088 3,959477098079376 3,0105571242144067 ), 68,14269988760297
( 0,0019577303341887964 3,050393913140839 3,9647219063403436 0,00037312741383786595 1,8957823130904017 1,9272907148662497 -1,9757499602793505 -0,05012527211056169 1,9786864875841026 -2,03750702672014 1,8820718919749877 -0,027009254992643283 3,0547287200534585 -0,9843551117882411 3,959534548319623 3,010907098568708 ), 68,1427100079347
( 0,00199088918488359 3,050094275039729 3,964820558985409 0,00020728122865907092 1,8958082387260404 1,9273618979459635 -1,9756778025326565 -0,05017871885873595 1,9789590933265726 -2,0371596690112863 1,8818359521506993 -0,02717685266346224 3,0549248378584726 -0,9843870428358027 3,9595342459480927 3,011056447866241 ), 68,14271294245351
( 0,0019955655726788027 3,04986166399488 3,9648467975177137 5,80228127716571E-05 1,8959868111052915 1,9273203662471896 -1,975506110486737 -0,049939661546020364 1,9790142117954672 -2,036799768380749 1,8814267274369085 -0,02722440668087492 3,0550879277279206 -0,9846395548548049 3,9594677989841682 3,0112408352196782 ), 68,14273218657881
( 0,0020139646198498937 3,0498408243409525 3,96486511757193 9,185683587148701E-05 1,8958602669029365 1,9273961116359917 -1,9755689532006269 -0,05012519691690592 1,979111556894615 -2,036873881491879 1,8815548314480037 -0,02728603337924483 3,055030925610361 -0,9844449340282031 3,959508374080183 3,0111608341618847 ), 68,14277935584418
( 0,0019746100040776227 3,050043283429008 3,9648542574810364 0,000221918531884417 1,8958353959660057 1,9273618048741785 -1,9756482091981051 -0,0501354660503436 1,9789804518813414 -2,037156346406282 1,8817618371777864 -0,02718180324761604 3,054935953305012 -0,9843820573882359 3,9595431618661197 3,011089170302993 ), 68,14278351823059
( 0,002011901441001787 3,050022278884676 3,9648670705843747 0,0001647673336897017 1,8957554039410665 1,9274048277841473 -1,9757048146410026 -0,05027199936760892 1,979083253379364 -2,0371012876269052 1,881854629728313 -0,027231327602572145 3,054974630153535 -0,9843159645148114 3,9595561181285452 3,0110839379850614 ), 68,14282920256349
( 0,0020965384775980807 3,0495643498175102 3,9648348330624854 -0,00018789170580188854 1,8959238468126862 1,9274304221024368 -1,9754537934301823 -0,05011381496909241 1,979290446935745 -2,0363340310454867 1,8812570060635396 -0,027450030150687452 3,055237201485897 -0,9846607524878147 3,9594190126894593 3,011284780209749 ), 68,14285099858152
( 0,0020000946330916247 3,049808061661673 3,9649161984825865 7,613147787765748E-05 1,89588817872162 1,927401448169333 -1,9755697151628346 -0,05013557458848684 1,9791668238110238 -2,036846807647348 1,881536949132663 -0,027306814191717082 3,055101264325033 -0,984464353424626 3,9595266388364534 3,0112183654998512 ), 68,1428705667588
( 0,0019715034732100205 3,049853448202193 3,9649291644709765 0,00012292458694009562 1,8959257212715521 1,927376175891928 -1,9755661487257303 -0,050084598195547655 1,9791144360041808 -2,0369237619994154 1,8815416277539292 -0,02726810012156044 3,055091008265123 -0,984485010626162 3,959536933441567 3,011228198128821 ), 68,14287184193249
( 0,001946471636959309 3,050409080193101 3,964812893330155 0,0003607206732108385 1,895757890074291 1,9273151294477537 -1,9758253635227587 -0,05024117716632172 1,978797865415314 -2,0375413945398795 1,8821951149223475 -0,027032969318810995 3,0548316917207554 -0,9843091130084772 3,959588936442303 3,0109703168678115 ), 68,14287346105822
( 0,002092155495428778 3,0495883922326827 3,964854674730745 -0,00013160856482649107 1,8958609199772842 1,9274536711550285 -1,975495115227932 -0,05017745624636018 1,9793097353401279 -2,03644708097979 1,881341955274467 -0,027443476177826727 3,0551828426533545 -0,9845407407594049 3,959450784505605 3,0112431298386135 ), 68,14287971011838
( 0,001998219359137461 3,050116439865925 3,9648649251786927 0,0002681958972428733 1,8956841446594037 1,927413555947462 -1,9757623477196609 -0,050326769717398044 1,9790368966920482 -2,0373053683400997 1,8819959432338764 -0,02718685639469962 3,0548659179635616 -0,9841790106595532 3,9595908848574686 3,0110017229909616 ), 68,14293630324175
( 0,0018850963096262734 3,050195861820907 3,9648974169050812 0,000400912754443604 1,8959140718726004 1,9272965991792936 -1,9756559613451223 -0,05000794937566655 1,9788215229034212 -2,0374588498585644 1,881817393133988 -0,027057046611610354 3,0548618321636782 -0,9843761697699492 3,9595890528076976 3,011087458350211 ), 68,14293711526015
( 0,0019297751163778467 3,0500538010473432 3,9649355749663977 0,0002821350827459114 1,8958685818334962 1,9273575538389924 -1,9756616993169456 -0,05012814561303292 1,9790037845051345 -2,03725741095902 1,8817794410732442 -0,02716712776290111 3,0549698427437453 -0,984353478473213 3,9595906142747728 3,0111395653867086 ), 68,14294088345984
Liczba wywołań funkcji celu: 9949
