Iteracja nr: 43
( 0,001616410854994551 3,0514187156394645 3,965001042112208 0,001303220780888472 1,895637841399906 1,9271652219612945 -1,9762549139090773 -0,0502796172975819 1,9782061544163767 -2,039405845002136 1,8832752936571426 -0,026456242594214748 3,0542865983756013 -0,9836950223357531 3,9599298856303538 3,010665387973797 ), 68,14604492918295
( 0,001623115291764571 3,0512657152440736 3,964948381188883 0,0014750368900719344 1,8954367926356 1,9273322802821296 -1,9762273247492597 -0,0505229112780247 1,9782804216357435 -2,0395738273404977 1,8832798012902419 -0,026614902810803608 3,053981358988194 -0,9832861293596806 3,9599673632471992 3,010378382877511 ), 68,14650950406656
( 0,0017675002791293166 3,0511252201061114 3,9648677618736734 0,0013749056315490369 1,8951965324728368 1,9274036198584843 -1,9762459549772657 -0,05064118340919063 1,9784045294518717 -2,0394062084611884 1,8832639511655214 -0,026665282991471115 3,053834472888631 -0,983046580178746 3,9599303658522116 3,0102730191551603 ), 68,14651196808295
( 0,0016118373970985351 3,0514119133697846 3,965082560922079 0,0013611182766924087 1,8955179527241133 1,9272584760093168 -1,9763516787102382 -0,050545200950294855 1,978353417273761 -2,039528074125491 1,8834724043593127 -0,02654410591806088 3,054280155884596 -0,9834745220053573 3,9600150162720724 3,0106139882162153 ), 68,14652210071579
( 0,0015233865091673188 3,051632574586433 3,9651042549247917 0,0014142055557697574 1,8957301246161884 1,927109489943784 -1,9763463291473855 -0,05029109807922076 1,9781324869369907 -2,0396666360068862 1,883490123596264 -0,026367787724761744 3,0543783781425775 -0,9837583292135815 3,960008827670419 3,0107399873839022 ), 68,14673293107022
( 0,0015337015263401307 3,0515438870957103 3,964943980486135 0,001541890973759064 1,8957201140038071 1,9270750007986452 -1,9761707888597748 -0,04999445897779436 1,977909083126788 -2,0397374344273724 1,8831751830373926 -0,02628361076723144 3,0540341948905434 -0,9836720272577387 3,9599215152965206 3,0105670708390333 ), 68,14676474581094
( 0,0016906310538846957 3,0519838858369153 3,9649256059204494 0,0011383822805813531 1,895511921747783 1,9270920927215653 -1,9766333656086774 -0,050627633778815295 1,978124741303589 -2,039516308594058 1,8840854903198456 -0,026318630422264684 3,0545028458763133 -0,9838686285077791 3,959941277127513 3,010663690642449 ), 68,14677994338946
( 0,001835522928973486 3,05160280041693 3,964954861254581 0,0010531347027195146 1,8951268323521568 1,9273451459459479 -1,9766811685120165 -0,051062641265756804 1,9785639089431089 -2,0393288541070858 1,8840903538585871 -0,02659224605764475 3,054373252296961 -0,983327287357701 3,9599844610787236 3,0105040588193144 ), 68,14683287347137
( 0,0016997522917273165 3,0519653403492435 3,9649541449540027 0,0011196275221618149 1,895475693250369 1,927117007191389 -1,9766659851904185 -0,05069859677292705 1,9781936007610044 -2,0395075959312376 1,884131594837385 -0,02634415431081816 3,0545336800757075 -0,9838227412952109 3,959959942930598 3,0106744712467637 ), 68,14686257843331
( 0,0015429200653170935 3,0516800892132028 3,9650697488725877 0,001419492796138516 1,895677696407715 1,927111171412839 -1,9763782267173382 -0,05032181432912999 1,9781083125068561 -2,0397051166013975 1,8835637265417384 -0,02634707870600949 3,054329865264025 -0,9837155102147525 3,960002616059689 3,0106920215457973 ), 68,14686324238134
( 0,0016644752904603234 3,0519093071259973 3,964957809596537 0,0011993410422735562 1,895532464674598 1,927083986732771 -1,97657797408675 -0,050508022545058755 1,9781192581301053 -2,0395735515498914 1,8839486997935975 -0,02628881427574754 3,054446795525512 -0,9838122381810361 3,959948808057404 3,0106798740119753 ), 68,14686588124157
( 0,0019452073191519436 3,051466612897147 3,9649595238366815 0,000881875806246022 1,8949241619324466 1,9274791811807863 -1,976776946497214 -0,05141427978460999 1,9788472007520608 -2,039095276387343 1,8842324596640412 -0,026772287260036127 3,054454257681375 -0,9831636120459297 3,959995338537759 3,0104667403663488 ), 68,14686843515452
( 0,0017861677324234623 3,0514711348930947 3,9649395724577636 0,0012208899727254134 1,895157781728681 1,927352307571322 -1,97653661940168 -0,050876410982916294 1,9784749230815728 -2,0394586403093795 1,8838198006607894 -0,026577503823899784 3,054155233764529 -0,9832006965935348 3,9599797006194692 3,0104182018718935 ), 68,14688817917876
( 0,0016668579944115105 3,051562976050729 3,96507175692799 0,0012886114407876794 1,8953853367957345 1,9272752296721123 -1,9765181353419785 -0,05075339754983804 1,9784131090998507 -2,0395604691898126 1,8837977047930075 -0,026526665933013963 3,054337241407865 -0,9834166425900286 3,9600346152935386 3,010591576889404 ), 68,14689643342294
( 0,0016590584314709047 3,0515921442599567 3,964993935751809 0,001349552078067162 1,8954126434415133 1,9272292235102992 -1,9764548364104506 -0,0505891356526772 1,9782628673664235 -2,0396249188153965 1,8836975495486041 -0,026449669902613864 3,054204418694046 -0,9834381188949739 3,959992222694087 3,0105301193830694 ), 68,14690241430077
( 0,001535081073493775 3,051792951750141 3,9650367725362567 0,0014048906301998773 1,8957245725020087 1,9270579762174607 -1,976398995987468 -0,050263177114929364 1,9780160031242966 -2,039727217558643 1,8836238532328844 -0,02628180406202507 3,054360201863441 -0,9838309986463252 3,959981586193054 3,010709666338532 ), 68,1469099740763
( 0,0016138566226963362 3,051639158536771 3,9650304759340758 0,0013826315388595308 1,8954998464873327 1,9272001288482608 -1,976445730358606 -0,05054792476172538 1,978220344703984 -2,0396701837022153 1,8836955278800365 -0,026431964661327412 3,054257591095281 -0,9835240635020793 3,960010420745492 3,0105776434995177 ), 68,14691067968215
( 0,0018566240790674439 3,051328880286618 3,9650253566831504 0,0010774965806629095 1,895011623625223 1,927477593534704 -1,9766322816660364 -0,051213561858218286 1,9787902132475261 -2,0392623379033603 1,8839503181189345 -0,0267574439179523 3,0543063833779205 -0,983057030535045 3,960028909387558 3,010456032453713 ), 68,14691829236678
( 0,0016978048233175665 3,0514634115137977 3,964999922415935 0,0013428174126278788 1,8952998748950798 1,927307856426946 -1,9764528714403073 -0,05070598362628589 1,9783849640782112 -2,0395805177699264 1,8836715380218316 -0,026534549266690726 3,054140484667001 -0,9832612095523562 3,960005073350048 3,0104697913354617 ), 68,14693704917234
( 0,0016516371072672156 3,0515937828760995 3,9650871730471593 0,0012975519132647079 1,8954086747811405 1,9272672430371032 -1,9765297311510446 -0,05075987247242143 1,9784044168057977 -2,0395846212429185 1,8838274797858385 -0,02652094770780247 3,054364826834382 -0,9834435761405061 3,9600450042727307 3,010607879203883 ), 68,14695119954943
( 0,0017114628397578633 3,0515232509442454 3,9650458661083765 0,00126170947315397 1,895281478179373 1,927323307897621 -1,976547337078094 -0,05085936339372761 1,9784790611503844 -2,0395284233011357 1,88384688484837 -0,02656938879808727 3,054290112074173 -0,9833046400517012 3,9600321604912585 3,0105304139981786 ), 68,14696464502744
( 0,0017804510171266536 3,051455902159629 3,964988809780342 0,0012144309611548778 1,8951488702335975 1,927374695295082 -1,9765632824727675 -0,05094889730449145 1,9785436228707254 -2,0394567124403347 1,8838621492332799 -0,026611154506474475 3,054207676738616 -0,9831738265603521 3,9600092563536613 3,0104472206654447 ), 68,14697061155303
( 0,0017166982082699974 3,051458090867928 3,9650688759145853 0,0012685338237881328 1,8952498772491086 1,9273615377634736 -1,9765413775463574 -0,05091915242778228 1,9785433618786565 -2,039512614121397 1,8838275124871726 -0,026619641266458636 3,0542790105314546 -0,9832325006377043 3,9600491771843176 3,0105174062914584 ), 68,14698271896975
( 0,0018830815392985463 3,0514875188251827 3,964851124467742 0,0011226330664432702 1,8949819132044454 1,927407480515823 -1,976621919951437 -0,05106614503883094 1,9785435575893446 -2,0393689850443404 1,883985293641364 -0,026621057654422343 3,0541083825600923 -0,983092351485929 3,9599508100609744 3,01031406063151 ), 68,14699079903711
( 0,0015536226410542212 3,051699037491985 3,9650589978493094 0,0014402292949900995 1,895619931206945 1,9271329106114488 -1,9764092290343571 -0,05038601501578211 1,9781185637897107 -2,03975556755717 1,8836333052600283 -0,026353008629347436 3,054284569839698 -0,9836377601053424 3,960012966150159 3,0106431625190955 ), 68,14704111347824
( 0,0017139690160230929 3,0516236857987074 3,9651373447243365 0,0011421410310905092 1,8952966004556762 1,9273294671002061 -1,9766837352589883 -0,05105696473181628 1,9786113833093708 -2,039454818880095 1,8840951958243686 -0,02660891194722183 3,054552872415393 -0,983416908400287 3,9600790225177542 3,010659813568179 ), 68,14705442001826
( 0,0016490218231170416 3,051621600928213 3,9650524711219837 0,0013386291300470873 1,8954003919785554 1,9272506481743785 -1,9765160777032509 -0,05070191626712431 1,9783365157257866 -2,0396470393249535 1,883813682292723 -0,026479410827440472 3,0542875080507255 -0,9834217455632887 3,960032222344769 3,010565699128294 ), 68,1470650329439
( 0,0016190725029144016 3,0516693959274197 3,96503101364667 0,0013926395668323736 1,8954560957073987 1,927218061645365 -1,9764857590182088 -0,05061993330638294 1,9782388683882735 -2,039714117964429 1,8837822262700123 -0,02643910975273967 3,054246502597472 -0,9834718229789168 3,960024105659515 3,010549272831897 ), 68,14710578327976
( 0,0015822103472288374 3,0519646116852965 3,9649388164912267 0,001400374839236357 1,8956371426011451 1,9270477006830433 -1,9764820320578353 -0,050371548795778626 1,9779186488375236 -2,039785346142313 1,8838460838675386 -0,026244239008943696 3,054279881286334 -0,9838132735699489 3,959963909676437 3,010599053431099 ), 68,1471061685025
( 0,0013975376714340747 3,051765039199936 3,9651151006959036 0,001581226125145036 1,8959821986628245 1,926968435979169 -1,976233886921386 -0,049929451100514693 1,9778450085701216 -2,0398746340083584 1,8833211861087538 -0,02620206294564637 3,0543390017876813 -0,9839806824832521 3,9600014201887364 3,010806292616174 ), 68,14711939015285
( 0,0015130419154098227 3,0517467129621485 3,965085140646765 0,0014723763845906433 1,8957012117212177 1,9270940920090947 -1,976395660027944 -0,050310555269516555 1,9780626200173101 -2,0398054762453586 1,8836167352397042 -0,02631422946376737 3,0543217077347675 -0,9837202611468724 3,9600215832069874 3,0106900041192084 ), 68,1471206603036
( 0,0015721455211857012 3,0519778529237422 3,9649398403293583 0,0014128243610200756 1,8956572565796341 1,927036198502969 -1,9764749483916288 -0,05034476871819801 1,9778957883362858 -2,03980237315003 1,8838366777810465 -0,02623076328199815 3,05427884269546 -0,983832483510588 3,9599635841405116 3,010604879326485 ), 68,14713451191005
( 0,001528213565002861 3,051774851297786 3,9650269229423687 0,0014785469277585237 1,895684780567961 1,9270759288179162 -1,9763839325737298 -0,05025838927341308 1,9779947020614066 -2,0398189202086447 1,8836050853098478 -0,02627675833653791 3,054253315704311 -0,9837228831959293 3,95999219899376 3,0106443339651285 ), 68,14713820947352
( 0,0015141627095178966 3,0517416933100274 3,9650729498867623 0,001487636568966461 1,895691234159852 1,9270982329988913 -1,9763876636883029 -0,05030691527225132 1,9780503016190607 -2,03982019670866 1,8836067600596083 -0,026314340274473897 3,05428897934052 -0,9836987248410609 3,960018822621778 3,0106667997641496 ), 68,14714432960712
( 0,0015615438448196965 3,051895427719562 3,9649682939724777 0,0014226510057053269 1,8956120298720707 1,927115324165171 -1,9764891805247793 -0,050494135799639225 1,978010300872659 -2,039804175073089 1,883861578694096 -0,02633334979776079 3,054290572494735 -0,9837347732819246 3,959992410922473 3,0105632430800044 ), 68,14715527934509
( 0,0018151900323634946 3,0514999399241907 3,964925503463819 0,0012150214215304192 1,8950544500544322 1,927411239132466 -1,9766097984015643 -0,051074726093031 1,9785375127847986 -2,039482803782735 1,8839843623452128 -0,02663731228163671 3,054132407661422 -0,9830920087734627 3,960002292217386 3,0103403374406925 ), 68,14716063329286
( 0,0017048821499822582 3,0518746155710583 3,965025527773653 0,001149856848719796 1,8953586890853713 1,9272251626546 -1,9767208068524051 -0,05093586591622333 1,9783738788330176 -2,0395511623893245 1,8842296090813946 -0,026463285434515503 3,0545265800669235 -0,9836036658516871 3,960025460412553 3,0106262696465396 ), 68,14716863721898
( 0,0013985519947450331 3,051718737597083 3,9651127609110883 0,0016131977978936585 1,8959601078987618 1,926978339440208 -1,9762075513266844 -0,04989704041718002 1,977846016892878 -2,039899600094592 1,8832621318613814 -0,026199649193715042 3,054276601863372 -0,9839146499135691 3,960000966144573 3,0107814321767083 ), 68,14718285239091
( 0,0015214277873562677 3,051777429150499 3,965056978942034 0,0014836274698675263 1,8956780795345989 1,9270889771556965 -1,976405125476204 -0,050306588148478014 1,978029777322367 -2,0398358224656947 1,883644738198525 -0,026293359473804803 3,0542799858025025 -0,983701822593926 3,9600132149397282 3,010656558226705 ), 68,14720829819794
( 0,0015282584841201721 3,0515427049290493 3,9651000894298316 0,0015572456917473977 1,8955889586821373 1,927188035767939 -1,9763295026896608 -0,05036432195740573 1,9781637035121296 -2,039835111818028 1,883469701030357 -0,026404349315570057 3,0541475001462617 -0,9834472315525363 3,9600452722822856 3,0105861341666285 ), 68,14721634369457
( 0,0018407292266028963 3,0514506165777853 3,9649318848783768 0,0011891604068879564 1,894999331741161 1,9274347375859282 -1,9766207805246372 -0,051108228423054264 1,9785995387790543 -2,039448777079613 1,8839814296397595 -0,02665523477319622 3,054125168937636 -0,9830253087371411 3,9600029994338453 3,0103370497943915 ), 68,14722059728143
( 0,0015874966564424432 3,0517661643858607 3,9650679038733796 0,0013922495430909497 1,8955255098173993 1,9271681501218594 -1,9765178265956465 -0,05057133018790713 1,9781980681879203 -2,0397621302027362 1,883846167101846 -0,026380338340110665 3,054334246637314 -0,9835760236421605 3,9600371883194834 3,010625005947574 ), 68,14723980067342
( 0,0014179814961717042 3,0517048893263707 3,9650448559099583 0,001648064595868654 1,8959131481586384 1,9269808042213141 -1,9761763470999778 -0,04984882616500583 1,9777849919494201 -2,0399315935611697 1,883213599428028 -0,026177499728368633 3,054145748674031 -0,9838474376893982 3,959972243843009 3,010695114835649 ), 68,14724858461285
( 0,0016845470255408873 3,0519143699382796 3,9651287965790947 0,0010827631819296502 1,8954031619297087 1,9272374842015714 -1,9767996229808955 -0,05107912761181815 1,9784925421374517 -2,039499444001048 1,8843702404623663 -0,026516580376177004 3,0547416090354464 -0,9836893642898675 3,9600768248828477 3,0107452858742367 ), 68,14725591879002
( 0,0016085013607713963 3,0517748068458372 3,965049963985216 0,0013750317725200554 1,8954774712064235 1,9271848984605344 -1,9765445245474775 -0,050627355770663234 1,9782179678239897 -2,0397551245642664 1,883900030778577 -0,02639169785573667 3,0543207642490913 -0,9835383056251094 3,960034324444303 3,010595719520638 ), 68,1472777176538
( 0,001896900986713093 3,051643911122521 3,9649182012921718 0,0010094976544697406 1,894955797822293 1,9274236456414764 -1,9767977824286873 -0,051334389213171225 1,978663092012142 -2,0393326922514703 1,8843328438567843 -0,02666173026413985 3,0543471605606642 -0,9831748521002389 3,9600008077038207 3,010398191089848 ), 68,14728249907527
( 0,0017899305911386852 3,051515731571693 3,9650233187856108 0,001194953151492075 1,8950879720525609 1,9274095326304133 -1,9766576791077783 -0,05112366889249695 1,978620895138184 -2,0394898246547015 1,8840529822909446 -0,02664594507854442 3,054268654530287 -0,9831214179818523 3,960047750668894 3,0104437891833875 ), 68,14728325117991
( 0,0014542970586242565 3,0518273872397588 3,9651282290902805 0,001517132715492979 1,8958085335879669 1,9270483843944601 -1,9763939804212651 -0,050245675175276804 1,977997115593215 -2,0398843894036753 1,883633271710584 -0,026272122221521293 3,0543875475993225 -0,9838305331079366 3,9600424230785514 3,01075198161222 ), 68,14728990697108
( 0,0016208069987577835 3,0518191293362653 3,9649896105077214 0,001381525959155674 1,8954692738616172 1,9271626908688988 -1,976537054472256 -0,05057975157936454 1,9781402220039888 -2,039772459650158 1,8839019176307734 -0,02635211121207669 3,054259252292687 -0,9835569289859661 3,9600055848999234 3,0105507481136446 ), 68,14729792348422
( 0,001823454142037695 3,0515082932227653 3,9650345556137 0,0011199000622089913 1,895030364475774 1,9274467390054633 -1,97671662835859 -0,05126438784052321 1,9787202827050503 -2,0394114185180565 1,8841547383809703 -0,026700594512613075 3,0543418496819315 -0,9831017765332701 3,9600564232468063 3,0104533083290814 ), 68,14731547481351
( 0,0014554816317591149 3,051893539566854 3,9650527476845245 0,0015232422706277524 1,8958553610990332 1,9269751919544114 -1,9763541916286662 -0,05005830957285558 1,9778475019575217 -2,039903206145836 1,883563655705028 -0,02616684311810004 3,0543257927168628 -0,9839284312308929 3,9599882171183856 3,0107426255270244 ), 68,14732371271701
( 0,0016813505192872233 3,051761299174955 3,965050677858517 0,0012719845840292118 1,8953200062284332 1,9272785106950592 -1,9766601665109926 -0,05094309084370344 1,9783965138351258 -2,0396527007103202 1,8841194953785014 -0,026510046561320763 3,054381293533856 -0,9834187874261452 3,9600582606462584 3,0105478112861372 ), 68,14734324769472
( 0,0017512888868978578 3,0516258121003763 3,9650638591256038 0,0011904780282508722 1,895161236035383 1,927378489885573 -1,9767065814113243 -0,051148490162655255 1,9785987138083967 -2,0395338811267663 1,8841667039552188 -0,026624301502370707 3,0543853686899527 -0,9832374657263258 3,9600708824051303 3,0105084466013783 ), 68,14737603368187
( 0,0014667455116542105 3,051252875356128 3,9652383635104442 0,0016866954197793385 1,8955931706922242 1,92729005176004 -1,976216372884151 -0,05038102400326668 1,9783371527229698 -2,039882508577481 1,8832107980261057 -0,02653940936264177 3,054085308165512 -0,9832171886137847 3,9601186388193734 3,010591995472037 ), 68,14741086932112
( 0,0012844616152857913 3,0517828204017805 3,9651852116938193 0,0016909903358944256 1,8962098881085012 1,9268758913443873 -1,976124513350087 -0,04964777751838505 1,977705130376613 -2,0399802391560784 1,883116962265802 -0,026114928569575556 3,0543819184793173 -0,9841608225967352 3,960012624091817 3,010923720935656 ), 68,14741189042981
( 0,0018415648778872047 3,0514545391545007 3,965046040660643 0,0011080533349399142 1,8949710172100624 1,9275023374707525 -1,9767345801818919 -0,05139198582842276 1,9788057111568156 -2,0393795426392862 1,8841904466001216 -0,0267748809975371 3,054339054616287 -0,9830174084736774 3,96007398068719 3,0104198878111808 ), 68,14741310341371
( 0,0018174610926913206 3,051539722945123 3,9650936374532177 0,00108520063984846 1,895047642652812 1,9274316457011194 -1,9767615260310918 -0,05128320124253484 1,9787686913389442 -2,039403484908365 1,88421851779496 -0,02668467858984916 3,054445027818495 -0,9831396566986963 3,960079615081565 3,0105359379943906 ), 68,14741402010351
( 0,0018318045905358446 3,051579551236284 3,965001217436863 0,0011267641718775523 1,8950117545276817 1,927429768604726 -1,9767432622498313 -0,05126351432931488 1,9786681252069802 -2,039454210342413 1,8842226767999255 -0,02666332369122641 3,054311828879327 -0,9831067849752294 3,960047517944019 3,010423483130118 ), 68,14743079811284
( 0,0015615332035711 3,0518580769708263 3,965099467555012 0,0013999602239195014 1,8955605006679053 1,9271488227500517 -1,976566429885625 -0,05060498743001416 1,9781833611444528 -2,0398203486165274 1,8839556157256612 -0,02635908916154384 3,054404657990065 -0,9836323862116819 3,9600605946113587 3,010661573575816 ), 68,14744599791554
( 0,0016489221899277924 3,0518874363821205 3,9650361671060157 0,0012937096354220614 1,895403302756499 1,9271973495759673 -1,9766645071340234 -0,05079738007035404 1,9782661903576297 -2,0397320259748044 1,8841400613147916 -0,026398729881787205 3,0544025149929155 -0,9835490413196417 3,9600416475383433 3,0105913723183533 ), 68,14745453863857
( 0,001614441704923553 3,0515800125236425 3,964959768555613 0,0015490616435551974 1,8953977214914894 1,9272226775455221 -1,9763767192028665 -0,05044673394320238 1,9781228137606728 -2,0398661309605957 1,8835805962927967 -0,026384116022315916 3,053948022961036 -0,983274112750087 3,9599994167619728 3,010402818438063 ), 68,14745552686354
( 0,0015708834749717216 3,051794046343927 3,965044447705773 0,0014662908751085337 1,8955247149357626 1,9271544263146836 -1,976497247176281 -0,050511774511750956 1,9781213336677992 -2,0398635098476636 1,8838267294758813 -0,02634008086285103 3,0542386595700832 -0,9835347776454747 3,9600358087009626 3,0105747623902395 ), 68,14745754657471
( 0,0017529563966713348 3,0516304481973453 3,9649061640480827 0,0013376319241701503 1,8951422836206873 1,9273288921544196 -1,9765819232324338 -0,05088073939542098 1,9783441701917541 -2,039684860289276 1,8839667763162438 -0,026503984133859706 3,0540486888507417 -0,9831537761234148 3,959997564395686 3,010329992152196 ), 68,1474586932047
( 0,0013694599656858117 3,0518923700274025 3,9651307886206446 0,001609858907333587 1,8960091353203072 1,9269352499513561 -1,9762893601652305 -0,049933325440621075 1,9777912755629863 -2,0399815073204253 1,883449843808867 -0,02614641362034079 3,054375701854852 -0,9840270119380551 3,960020150853012 3,0108249564781118 ), 68,14746099939055
( 0,0018693635492163447 3,051431977676148 3,9650378537396724 0,0010825556519838946 1,894918549840737 1,9275112955392086 -1,9767489535752476 -0,05140011209564826 1,9788376750210377 -2,0393572679019565 1,884196165501868 -0,02676854348721117 3,05432110838889 -0,98296675004877 3,960067145488783 3,010412420579195 ), 68,14747059402188
( 0,0014374125647963539 3,0519904714712505 3,9651422672709 0,0014936186533041713 1,8958505086434776 1,9270075065929313 -1,976475361426575 -0,05029168371397555 1,9779538434209751 -2,0399313064394704 1,8838162875077413 -0,026227270619833876 3,0544941209289185 -0,9839476282977045 3,960057201206411 3,010799716600584 ), 68,14750550202669
( 0,0018601035810018613 3,051489162684345 3,9651990086659286 0,0008879223166365503 1,8949880228488454 1,9275215544468085 -1,9768963733357439 -0,05162606947279213 1,9790702923811256 -2,0391786432434413 1,8844322385104955 -0,026849767810767065 3,0547478543327844 -0,9831672273400963 3,960127906689562 3,0106534857500877 ), 68,14752122664625
( 0,002002065545531733 3,0514911476224675 3,9649572026890234 0,0008468917272579086 1,894744566973509 1,9275477419725384 -1,9768983133970923 -0,051638165625875136 1,9789690286518868 -2,039129629034103 1,884455703866423 -0,026809316125275484 3,0544334670221893 -0,9829763104339185 3,960021748663787 3,010397138939469 ), 68,14752771197087
( 0,0013634076162594138 3,0518666709831885 3,9651325259733823 0,00164697777566737 1,8959945630724746 1,926947866142799 -1,9762740072777194 -0,04992905284980328 1,9777901098639554 -2,040019077679645 1,883422509672401 -0,026152163538116783 3,0543266370849222 -0,9839719375463122 3,960027094502484 3,010797674516908 ), 68,14754199404982
( 0,0015319221100623915 3,051814346601362 3,96494413248584 0,0015837200023052116 1,8956253994834897 1,9270657035848036 -1,976358805139372 -0,05018002578532144 1,9778674039992112 -2,0399699816869705 1,8835874889347126 -0,02620957094422421 3,0540429414199766 -0,9836081022685472 3,9599710647986126 3,0105121000466135 ), 68,14754711545467
( 0,0014309946189950888 3,0519070339022263 3,9650498415573714 0,001599900414809013 1,8958612510479098 1,9269749871089188 -1,976335731382013 -0,050033766606979675 1,9777982331210737 -2,0400001365854337 1,8835497794445206 -0,026152585864885954 3,0542523793006344 -0,983882582037746 3,9600000094986316 3,010700595756621 ), 68,14754717802722
( 0,001415972628127159 3,0519437288315987 3,965119664999615 0,0015684068911638953 1,8958741148347225 1,9269964472571173 -1,9764022144763094 -0,050171591669988046 1,9778846655927724 -2,039990269416012 1,8836803319747624 -0,026200875415645426 3,054385202740962 -0,9839120797826622 3,9600436745600773 3,0107594714004495 ), 68,14756448788377
( 0,0016684544289154845 3,05178125354835 3,9649437605417615 0,0014006288557852963 1,8953116454983236 1,9272350929785647 -1,9765751481004454 -0,05072513503069722 1,978198625516388 -2,03981098256405 1,8839831479581772 -0,026400777118597896 3,054130589874101 -0,9833504809985352 3,9600097741153926 3,0104202674876555 ), 68,14756670943892
( 0,001380007313527178 3,051869230928257 3,965084094824535 0,001663218587869141 1,8959600277365798 1,9269483463484067 -1,9762613576083765 -0,049908125027525514 1,9777484748720846 -2,040036270341537 1,8834083586574453 -0,02613680461903285 3,054245534144937 -0,9839333632377726 3,960007349372583 3,01073995969449 ), 68,14757448777344
( 0,0014696783065593275 3,051847890651392 3,96509574243316 0,0015643207802617065 1,8957156126516226 1,9270843279361904 -1,9764277792669194 -0,05033000427093455 1,9779959527188444 -2,0399743188489152 1,8837184730010201 -0,026280298473715654 3,0542842403037187 -0,9836967551601087 3,960051866605233 3,010653270955514 ), 68,14757660187729
( 0,0014998649329293957 3,051719696199539 3,965119341377645 0,0015729594504898209 1,8956078923460837 1,927163079462031 -1,9764271279433792 -0,050446943674436404 1,9781225230086101 -2,03995182149745 1,8836948628970938 -0,026363592837486516 3,054222742427071 -0,9835087166223513 3,9600757059701346 3,0106013831487712 ), 68,14758117446317
( 0,0016202750208937898 3,0518894324095514 3,965010002528858 0,0013947427455750765 1,8954215122305267 1,927190420208708 -1,9766131821277355 -0,05072656826397336 1,9781755354966026 -2,0398392104956873 1,884071970665407 -0,02637616234519339 3,054280607862587 -0,9835039502793386 3,9600413346540333 3,0105244349767757 ), 68,14759907857427
( 0,0015863987907746347 3,0514981910738217 3,965194271948441 0,0014629678487095344 1,8953716290410836 1,927342327811492 -1,9765190810079047 -0,05083950080444271 1,9784939517192757 -2,039791687670806 1,883805038433919 -0,026580041691219084 3,0542780343477927 -0,9832063856151213 3,960132117217656 3,0105633016176823 ), 68,14760728005108
( 0,0015347711618376122 3,0518698570466314 3,9649712732816353 0,0015549579757059276 1,895609338959589 1,9270747840472005 -1,9764230124700797 -0,05027963050976982 1,977910605374794 -2,03997448388963 1,8837158358181547 -0,026223569294416684 3,0541165590695503 -0,9836191515659971 3,9599932978425727 3,010535327163862 ), 68,14761642066361
( 0,0019373267489371689 3,0515518473756846 3,9650359178620866 0,0008973838371959615 1,8948411849538411 1,9275258001633089 -1,976911438703112 -0,05163564920659535 1,9789557019729358 -2,0392143469985027 1,8844980133723794 -0,026801043688321226 3,0545243790337016 -0,9830512082616829 3,9600669928370813 3,0104686466838007 ), 68,14762012421248
( 0,0014565519473684824 3,051967656520459 3,9650963061273976 0,001530738263156738 1,8957912026060115 1,9270091762131747 -1,9764542662570639 -0,050233964416429355 1,9779153448600828 -2,039980409242733 1,8837699654232047 -0,026191931831065652 3,0543695258619508 -0,9838528463822936 3,960037654734893 3,010732194499112 ), 68,14763487649799
( 0,0014528862695751621 3,0519604919210983 3,9650513017087134 0,0015699820981793081 1,8957974946328984 1,9270006948557912 -1,976411803865822 -0,05017025307953991 1,9778470433716044 -2,0400087706198504 1,8837049801669945 -0,026174834312303955 3,054283974933457 -0,9838432619673803 3,9600166672240134 3,010680514812155 ), 68,14764101741918
( 0,002009691387055888 3,051242844088337 3,9649861457031834 0,00093721660386773 1,8946454031404756 1,9276634186786157 -1,9768119556417632 -0,051725003550687494 1,9790988318648204 -2,0391329550498685 1,8842739753029227 -0,026944811245546006 3,0542678903946894 -0,9826974146539368 3,9600545289716305 3,01029099330782 ), 68,14771006202814
( 0,0015572106987873208 3,0521196162254696 3,9649963958998944 0,001397058658190633 1,8956087558155827 1,9270469805789916 -1,976625060302464 -0,050505713015102725 1,9779636392152247 -2,0399203020486687 1,884123271816147 -0,026210355627353004 3,054394138337929 -0,9838103627257467 3,960013648757953 3,0106355888812697 ), 68,14774476839192
( 0,0013111106851073661 3,0517960875262506 3,9651164521640223 0,001771186684380827 1,8960810408152393 1,9269061261679317 -1,9761396984849164 -0,049675809865658664 1,9776607408734297 -2,0401141944517702 1,88316555566845 -0,026088406901304487 3,054182739408306 -0,9839663336171911 3,960006331298419 3,0107760919942597 ), 68,14777209930975
( 0,001266957651876213 3,0519831422845773 3,9651587805180397 0,001699675381652293 1,8962424886415652 1,926816447365284 -1,9761988085157116 -0,0496386177876873 1,9775923348562685 -2,0400854929581955 1,883298535572742 -0,026025389428287544 3,0544186940716376 -0,9842663872250256 3,96001087797131 3,01092943433847 ), 68,14778392837599
( 0,0017300635822517924 3,051896714795958 3,964721981076354 0,001440202487004012 1,895215250426548 1,9271972157637218 -1,9765568736564185 -0,05062903251828222 1,9779632903377111 -2,039888011370757 1,8840040475134807 -0,026295675781601902 3,0538515737292196 -0,9833097647243007 3,9599183406956833 3,0102044671436885 ), 68,1478065255132
( 0,0017539279177001732 3,0518442620767665 3,9649743886931583 0,0012571024690675192 1,8951247149942352 1,9273147446859515 -1,9767705032530374 -0,05108952428997705 1,9784112099195144 -2,0397271661592766 1,8843397529028383 -0,02648404776827211 3,054265262383273 -0,983238902291108 3,9600504912029733 3,0104190325172 ), 68,14789406411639
( 0,001468477764884766 3,052006250892867 3,965068406977548 0,0015860685691959442 1,895684290426724 1,927067928712673 -1,9765114201855587 -0,050402822245668014 1,9779326358145735 -2,0400866686913726 1,8839199596629448 -0,02623432319289991 3,0542745982935773 -0,9837005927860295 3,960062677383541 3,010609949831659 ), 68,14796627653703
( 0,0016915895810451448 3,0521832452702014 3,9648429211725085 0,0013333560708676962 1,8953161472213287 1,9271296083028098 -1,9767512106669098 -0,05078027546940144 1,9780027332030308 -2,0399074346430406 1,8843976126897473 -0,026247020365839653 3,054215028101592 -0,9835675165129146 3,9599796797421343 3,010409905191024 ), 68,14804845555913
( 0,0014596659715885294 3,0520262987839786 3,965056355922891 0,0016168878884612048 1,8956993187125653 1,9270431100948804 -1,9764941187737464 -0,05032837117739084 1,977877651232302 -2,0401314625059337 1,8838893126458085 -0,026190873160008524 3,0542336144279623 -0,9837054453284366 3,9600549658163433 3,0106044275126993 ), 68,14808214690946
( 0,0016129339878683416 3,051819828151754 3,964926863566719 0,0015507851471949121 1,8953596268532336 1,9271566085517544 -1,9765078873100843 -0,05042885161307835 1,9780252197340604 -2,040039964439381 1,8838433148469695 -0,02623498534330391 3,0539653102849957 -0,9833104281056531 3,9599950792223186 3,010401035829618 ), 68,14817412782358
( 0,0012295003610691818 3,0519776460145924 3,965049757981205 0,0018421456554934908 1,8963398865147783 1,926723881163131 -1,9760307425209214 -0,04926009346872495 1,977315869149468 -2,040203947419005 1,883001414086847 -0,025883721502021607 3,0541705863157502 -0,9843109814046109 3,9599406485332223 3,010850884517136 ), 68,14818426470673
( 0,0013439053961984695 3,052126157712129 3,965022897964933 0,001726114166863658 1,896021800006985 1,9268519757689233 -1,9763138118936 -0,04980313867318336 1,9775294835759993 -2,0402237155480227 1,883569116139481 -0,02598545445661997 3,05421413211217 -0,984062614195269 3,9599910794836024 3,0107162684183155 ), 68,1482003671267
( 0,0012177140285592805 3,051997044736461 3,965062581644538 0,0018408717070996536 1,8963721243691865 1,9267079586398208 -1,9760303889475268 -0,049237232151955065 1,9773026223094663 -2,0402063728430027 1,8830011984266137 -0,025870988094407407 3,0542012716711957 -0,9843537538115892 3,9599434584737865 3,010878924481675 ), 68,14821523612615
( 0,0019492814118380634 3,0513525265160766 3,9650644204340315 0,001022637960582129 1,894674751576542 1,927654809043688 -1,9768773473872163 -0,05177710321812584 1,9790899396920016 -2,03931801760761 1,884423193929627 -0,02691465519607337 3,0543122863190972 -0,9826775507525318 3,960117619002859 3,010319055848933 ), 68,1482210364066
( 0,0016760221449267179 3,0515176740559173 3,9649199147152405 0,0016359441014373558 1,895140247269845 1,9273043367126457 -1,9764276436369141 -0,05054630692449239 1,9781881983989114 -2,0400306776724846 1,8836560937353761 -0,02637460729065763 3,0536883679272235 -0,982880643213436 3,9600171552527192 3,0102240648317555 ), 68,14832173988194
( 0,0012132653935555855 3,0520727438171495 3,96519232906459 0,0018324792549123474 1,896242570569351 1,9268174791467887 -1,9762316228034051 -0,0496676743574416 1,9775359964294466 -2,040309461397416 1,8834008720560136 -0,025992330442776747 3,0543506307323405 -0,9841826408130026 3,9600615282198137 3,0108821899250438 ), 68,1484192611772
( 0,0012142991641983308 3,0521905792249466 3,9651623437948236 0,0018841845429024959 1,896185911824817 1,9268111686207663 -1,9762935585447423 -0,049714028086824076 1,9774750678562654 -2,0404473421951717 1,8835541394508393 -0,025943857717887042 3,054281563295798 -0,9841198519042655 3,9600719482403544 3,0108138936913647 ), 68,14886600535117
( 0,000999012455724515 3,052070777863931 3,965312695317463 0,0019836258394199282 1,8968136985787323 1,9265622676960847 -1,9759212164141244 -0,048916534819748024 1,9771843585708617 -2,0403503084214645 1,8827985961044347 -0,02578255432624815 3,054488680131612 -0,9847328577762376 3,9600346795636 3,0112101114261156 ), 68,14903141273157
Liczba wywołań funkcji celu: 8944
