Iteracja nr: 30
( -0,00163711447687148 3,048143829389165 3,9691135188926787 0,005408412672722957 1,9006633076152395 1,927093805221638 -1,9728342810956359 -0,046987065330036125 1,9783578360444563 -2,041812433576271 1,8767758279487619 -0,027700637122600433 3,0552483232339105 -0,9844164453020977 3,9618929740993414 3,0133724139393507 ), 68,17511816881084
( -0,0014976397852717773 3,048749763488252 3,9696725170218157 0,004718449288022501 1,8998244798732895 1,9270753787727921 -1,9741485863378934 -0,0475965580678707 1,9795252815935744 -2,0423650465801275 1,8786885757588603 -0,027104203932044046 3,0564115400372236 -0,9838895002938042 3,9620842524707625 3,0141352575982463 ), 68,17558896502383
( -0,0008599126045328865 3,049774825501744 3,9696238527975622 0,0028620979417714747 1,8987349397630056 1,9265557141862313 -1,9757680306887053 -0,047250076513054656 1,9804734965740256 -2,0419618492614586 1,8807686209441514 -0,025680148505157704 3,05803332546988 -0,9842625156630455 3,961659023927354 3,0153083511813654 ), 68,17634249011513
( -0,0015699649863225834 3,0488556553452946 3,9701075171978695 0,0045715302529641295 1,9003367273233467 1,9269173920049742 -1,9741238332670137 -0,0477026996650791 1,9796331999683665 -2,0419484558659575 1,8786970400471397 -0,027211007137570294 3,0571185486703607 -0,9845413454601631 3,9622692846418675 3,0147774777935354 ), 68,17662022906985
( -0,0016427615594473064 3,0486306232043505 3,9701105764145366 0,004676429617672574 1,9009666162057894 1,9268061537469787 -1,9735650516532908 -0,04740245839614966 1,9792515411879152 -2,0413848868149977 1,8778593532294732 -0,02747081147649909 3,0571107239601885 -0,985182254205737 3,9622465043806194 3,0149030484944914 ), 68,17672824545959
( -0,0007408961563950232 3,048978565062439 3,96988721313659 0,003577605016751236 1,8981364625368098 1,9269974516369697 -1,9755233387059454 -0,04781466406204418 1,9808361928822027 -2,042383177857132 1,8802671418106267 -0,02610896195516589 3,0569132826247936 -0,9826352706700654 3,9620453518749668 3,0147552177474397 ), 68,17678307286403
( -0,0010012142789971544 3,0495712624723637 3,9698213285728055 0,003287685654744715 1,898733930885171 1,926749937314055 -1,9756494590150213 -0,04751080837190975 1,9805680134540886 -2,0423123142674844 1,880644052657568 -0,025943206341044474 3,0577676997100056 -0,983807356480433 3,961869531894875 3,015114617507934 ), 68,1770169818177
( -0,0014839683320666205 3,049932236529591 3,9692299623732463 0,00484593215869282 1,8986119271417488 1,9274550234538617 -1,9754619134738116 -0,04924469501635818 1,9797912780400753 -2,0439930986760935 1,881378990299142 -0,026912922961772938 3,0561719598304555 -0,9828228364873602 3,962152183544298 3,0131455861743315 ), 68,17708116824495
( -0,0013809181394957792 3,0490280601993094 3,9698517032409444 0,0043128520739954684 1,8991975246695982 1,927381681505704 -1,9749996577139302 -0,04907525606598974 1,9804719413895993 -2,0424981921779297 1,8802273451499436 -0,02734973503196148 3,0570948841786314 -0,9834656500413417 3,962261090188007 3,0142161938680228 ), 68,17725869846234
( -0,0013589345305199706 3,0487548392524935 3,9697207478240153 0,0040492198135439585 1,9003679716890804 1,9266665171165527 -1,9740364992722705 -0,0469904635029485 1,9794862358783665 -2,04132628706166 1,8781658227574514 -0,0268550688957096 3,05718932237042 -0,9850636055552577 3,961916666185532 3,0149313111583123 ), 68,17746910848535
( -0,0012265203699737778 3,0491728632081943 3,9693498897832193 0,0031470618875822664 1,9011135491560145 1,9260515514108165 -1,9738220252657936 -0,045830499269341796 1,9788231477531597 -2,040132439902518 1,8777266509746513 -0,026386735297738852 3,058008447650743 -0,986932039716558 3,961395504609274 3,0155899646325595 ), 68,17763657290843
( -0,001730403168483845 3,0491463756651576 3,9696891539488592 0,004870998487601134 1,8997411707685203 1,9273255097432977 -1,9745974305498848 -0,048611655892085534 1,9797622777761812 -2,0430102257647276 1,8797353340703988 -0,027366956140424246 3,0566923886670874 -0,9838014170333267 3,9622413160194263 3,013861334754431 ), 68,17763946571684
( -0,001566449346332546 3,0491238323026004 3,970023446739269 0,004451524953675597 1,8996819308905062 1,9269957582746164 -1,9747316975456026 -0,047721342116131396 1,9799722079836497 -2,042731927042386 1,8795295273338384 -0,026773373515533872 3,057122663721526 -0,9839089797828896 3,9622012691501745 3,0146110908292227 ), 68,17826570663131
( -0,000950058853271074 3,049243382648628 3,969952657883767 0,0038378963411219327 1,898210664816292 1,9271361717047153 -1,9756717944588902 -0,04834140540722021 1,980855463818136 -2,0428314738110207 1,8807860833985592 -0,026322734322555292 3,0570162697418763 -0,9825971205834062 3,962178309051186 3,0145743255119597 ), 68,1782776783738
( -0,0006671472149112583 3,0492447735757695 3,96994719657573 0,0034205870017264962 1,897799539168913 1,9270085035878075 -1,9759287618842403 -0,04805029018271305 1,9810980841623411 -2,0426027531830075 1,8809273259852441 -0,02593377832637302 3,057114599559013 -0,9823945358644013 3,962077406683745 3,0148320024321573 ), 68,17842217511463
( -0,001452234642477873 3,0494280602347015 3,970081382726435 0,004309439912657842 1,8990141757322816 1,9272136991116908 -1,975380736511387 -0,04854311154517786 1,9804954396009122 -2,043138477911721 1,8807021896963005 -0,026769009287069608 3,0572829416600245 -0,983263566944517 3,9623141460793896 3,014473823352539 ), 68,17861052768666
( -0,0018324372744430912 3,0492823690330573 3,969776582397911 0,004160605242207224 1,9003753128242273 1,9269669535062595 -1,974629616037126 -0,04780677239928506 1,9797788195169315 -2,042349002654758 1,879483632450389 -0,027045496141053574 3,0578161676069127 -0,985127623099673 3,9620101739412164 3,0146871184639275 ), 68,1786596452313
( -0,0017325414265112516 3,049066088866334 3,969841561516352 0,004752575476869017 1,8995588466095203 1,927707627086671 -1,9748904489965196 -0,049984606811391746 1,9804129181255965 -2,0428230997427166 1,880457134419927 -0,028029878435918087 3,0571056762641384 -0,9836103428003969 3,9624391031288577 3,0137649234832637 ), 68,17880116417935
( -0,0016642207065025796 3,0511953019877835 3,967376624782961 0,005778160147225252 1,8981097256326176 1,927878778460992 -1,975620989494104 -0,050500706541109164 1,9781463236461314 -2,04559159262422 1,8828218774688454 -0,027214807961811974 3,054253425635336 -0,9825532562410694 3,9617114642754014 3,0104795456625704 ), 68,17896602234133
( -0,001601621122387724 3,049328421980947 3,969820719735554 0,004990862240736728 1,8990816692037116 1,9273508764549108 -1,9750075924903512 -0,048592914730048176 1,9799775048986525 -2,0436686638088086 1,8803127574424123 -0,026968599188309298 3,0563851316589536 -0,9828946870260384 3,962352588349218 3,0137826612726495 ), 68,17897461936633
( -0,0013524623278633882 3,0492422846499334 3,9701612395178714 0,004109987387692833 1,8990884100862104 1,9270750486707509 -1,97527147547215 -0,04819056100005153 1,9805604435627764 -2,042772787206762 1,8803300158053071 -0,02663531820881489 3,0574103564097186 -0,9834199126897598 3,9622598778593696 3,014792369454027 ), 68,17907905778914
( -0,0013815718779139033 3,0492706031008145 3,970105741811472 0,004353868895191121 1,8989543880840973 1,9271916648334073 -1,9752825680190382 -0,04846024677041283 1,9805077670880775 -2,0430685305489833 1,8804732957698644 -0,026742360903359023 3,0571051843954424 -0,9830982543840777 3,9623247967044013 3,014496417710239 ), 68,17923742650375
( -0,0013229812439153326 3,049241891482435 3,9702000962442123 0,003989008161329865 1,8990897284004817 1,9270185754710578 -1,9753079211918079 -0,048056262569052474 1,9806163725509591 -2,042678949158128 1,8803145254904583 -0,026543370964788055 3,0575422987638037 -0,9834970519774293 3,9622339004095037 3,0149383197379396 ), 68,17928986008886
( -0,0013097252242373558 3,049223375554134 3,970228874471775 0,003836659131599546 1,8992023451968099 1,926935374796755 -1,9752814032012824 -0,0478625273430813 1,9806276392745157 -2,0424763149334964 1,8801925985014987 -0,02647659391933101 3,057737048574494 -0,9837354866018378 3,9621870846315845 3,0151296106546854 ), 68,17937149607707
( -0,0013973295004603126 3,049288479756628 3,970172394502945 0,0038679456215566423 1,8992750878441809 1,9270017774052124 -1,975314169531339 -0,04806195563145833 1,9806202894721656 -2,0425614656635624 1,8803363098021033 -0,026594291863768372 3,0578143197027554 -0,9838445828694791 3,9621846845518265 3,0150287536756197 ), 68,17944951727421
( -0,0014838262257873586 3,0493556503930748 3,9700203292756404 0,004493815043062537 1,8989918187602204 1,9272872493769029 -1,975303727205216 -0,048716860951509344 1,9804412617521643 -2,04327950963994 1,880643301396473 -0,026880243919863888 3,057041630377093 -0,9830987378520188 3,9623440108117935 3,014277235361516 ), 68,17945130039361
( -0,001297061118520328 3,0493332262822146 3,97012593857183 0,004302793986641783 1,8987567675367958 1,9270942672403932 -1,9753846570909677 -0,048129888387491514 1,9805053915844508 -2,043201211867919 1,8805138584026273 -0,02644026442242063 3,0570145823283457 -0,9828952173611027 3,962293256711954 3,014579661471788 ), 68,1795227327791
( -0,001397343864263674 3,049616921250186 3,9680811764269777 0,0035028087531746824 1,9024103229405593 1,9257018343115098 -1,9726874817566447 -0,04513414106317167 1,9767214503767072 -2,0394745503265135 1,8764461737395297 -0,026670413100145698 3,057110247247775 -0,9888705661951499 3,9608403759159345 3,0146043273703644 ), 68,17956652865509
( -0,0013493791970784887 3,049281229640279 3,9701302361484885 0,0044009071809267926 1,8987754247611346 1,927196128589598 -1,975361915143863 -0,04837722107959083 1,9805479556323684 -2,0432572676006853 1,8805519038928442 -0,026615608263619497 3,0569770027734924 -0,9828303877339877 3,962341960911361 3,014461770147318 ), 68,17962157312677
( -0,0014929605957097261 3,0480070658459684 3,9690483128565246 0,006807726191043674 1,8987820517634695 1,927800156519458 -1,9733257881798634 -0,0478760681169005 1,9785187048684687 -2,0442355328648665 1,8777033358651063 -0,027534181097504665 3,0528434296320643 -0,9810035582928179 3,9623673861605693 3,011646696370801 ), 68,17967700938812
( -0,0011675738898140591 3,0491891100952015 3,97028461593095 0,003875866651646965 1,8987192389525065 1,926979246917892 -1,97548135762515 -0,047852837960951855 1,9808161376793738 -2,0427711493596568 1,8804140821886848 -0,026262768797188866 3,05745004666479 -0,9830670830842033 3,96223347500482 3,0150527076299936 ), 68,17977132447056
( -0,0011460557724836716 3,0490507328867573 3,970333199444843 0,0036951671330757176 1,8989361336068389 1,9268436186267726 -1,975318724744351 -0,047397615079593176 1,980766834110964 -2,0424128629764695 1,8799778977825838 -0,0261693095571279 3,0576376506616962 -0,9834055370674143 3,9621546580310087 3,0153224054530128 ), 68,1797722851399
( -0,0012462465123660104 3,0491646248663815 3,9688742760805793 0,003079372160367139 1,9017829226615655 1,925771749953674 -1,9732108856541084 -0,04503107055348338 1,977972874884179 -2,039504566359147 1,876749596754642 -0,026360036046556425 3,0578042270799175 -0,9879762467071853 3,9610694834151743 3,015481534135963 ), 68,17978057276513
( -0,0015402488516177348 3,04940802954975 3,97018458028849 0,004134704998414142 1,8994036725351386 1,92694267678755 -1,975236531636972 -0,04773987566647476 1,9803486969650297 -2,042954707469115 1,880234775016726 -0,02644934384463918 3,0576281227902506 -0,9838354851117017 3,9622084418899233 3,0149292977555024 ), 68,17981381964722
( -0,0013260357400140498 3,0493263385919227 3,970095348091965 0,003988761503844234 1,8989084101900346 1,9270139299886477 -1,975439332333667 -0,04792517166754536 1,9806077584257429 -2,0429619706757234 1,8804791398775142 -0,0263505335512132 3,0574421006336916 -0,983326671011768 3,9621712683046657 3,0148368130118217 ), 68,17988012328668
( -0,0012690034857142443 3,049358598315122 3,9701489096999993 0,003454477205664093 1,8992916830490507 1,926754449525746 -1,9753875729282626 -0,047500290331400276 1,980640451504434 -2,0422137170846932 1,8802401394463881 -0,026218206144047778 3,0581430277431743 -0,9842039821639849 3,9620125945458877 3,0154389510907604 ), 68,17990156631764
( -0,001267440196918998 3,048924028859875 3,9703842557569953 0,0031985016279324325 1,8998830577854238 1,9266986969164424 -1,9749618083007965 -0,04741385618151511 1,9807493085107128 -2,0412135531552065 1,8794528639669492 -0,02660900139933118 3,058641679776929 -0,9849281184677839 3,962036228809822 3,0159177342988928 ), 68,17991672111906
( -0,0015501509667363092 3,0487889330988263 3,9686254010509883 0,0029493994429632122 1,9024431923468066 1,9264594910360102 -1,9729872310718681 -0,04729203690673279 1,978449390666285 -2,03858236574136 1,8770268844192104 -0,02808133540475698 3,058545181701229 -0,9889103604858881 3,961135794398762 3,0149750316943846 ), 68,17999436102926
( -0,0013930977251394104 3,049373003096035 3,9700642467250264 0,004233371726924607 1,8988583654974458 1,9271331751255483 -1,9754406460938982 -0,0482348892246644 1,9805519410915697 -2,043236455569764 1,8806314782570226 -0,026504035829256995 3,05722071704145 -0,9831076056392393 3,9622502190833466 3,0145715223507055 ), 68,18005479560821
( -0,0014565612177799823 3,0494655430335595 3,969920950771621 0,004750777940707992 1,8986486105685343 1,927397128163412 -1,975425831059641 -0,04893028341738728 1,9803891937616978 -2,043750372009067 1,8809471851133892 -0,026842130500642 3,056598603348872 -0,9825432204561246 3,9623939011129985 3,0139053142764682 ), 68,18007909529246
( -0,0011558581980137545 3,049026731252179 3,9704139648148833 0,0031151878480157355 1,899561816449034 1,9266676718913 -1,9751910133279234 -0,04736615452287193 1,9808830229110066 -2,0413841271151965 1,8797432007344181 -0,026370443686264188 3,058598486763379 -0,9846068571765286 3,9620398235056 3,0159648405993225 ), 68,18017940100688
( -0,00106013014801457 3,0489243249599705 3,970369180682104 0,0031373544499147116 1,8994250817322493 1,9265157391713066 -1,9750916623125283 -0,046670744372463435 1,9807105632734634 -2,041486639696799 1,8793532994443507 -0,02598669397071812 3,058265168145995 -0,9843837256611973 3,961949819726965 3,0159987422099537 ), 68,18020000418488
( -0,0012339183991357172 3,0490529540570503 3,970329803836518 0,003205975691677152 1,8997998548433956 1,9264994377480085 -1,9749771181034341 -0,04669116922649595 1,9805005667090234 -2,0414700470948572 1,8793047877279954 -0,026134130979933803 3,0584479889406313 -0,9848548477169619 3,961937555412978 3,015977323163805 ), 68,18026425412185
( -0,0016364943632148576 3,048685745034304 3,9674201391403696 0,006337948253543683 1,898509015805671 1,928166834245737 -1,9737779963918836 -0,04910350919740727 1,9782675568134385 -2,0444469331201147 1,8790583499458458 -0,02794586722570987 3,0529119558940168 -0,9817854122235385 3,9615561525196386 3,010294111985476 ), 68,18034680156799
( -0,0021617537908589736 3,049264165365529 3,969518896712347 0,004079452445475315 1,9014188484535073 1,926816893667172 -1,974102158758042 -0,04734557974323739 1,9792022385567158 -2,0418328673331363 1,8787006198328748 -0,027302840163929244 3,0582426954985933 -0,9865695015378705 3,961788170601021 3,0147661562673087 ), 68,18039814448964
( -0,0010530410536310998 3,049343328753807 3,970205110590768 0,004099009364083646 1,8984302113602143 1,92676259622793 -1,9754576231578977 -0,04703727644127606 1,9804377347431155 -2,0432336147192243 1,8802305044495977 -0,02567420335371013 3,0568326300740294 -0,9825955436072114 3,9621730865502136 3,014949364216436 ), 68,1804008346517
( -0,0013117297674617152 3,048917416843488 3,97000927631465 0,0042522630494098304 1,89877372136623 1,9279466324680299 -1,9754011981207489 -0,051105820720061666 1,9813497892410223 -2,0423111972766255 1,881293241674322 -0,028286545314870924 3,057418581574834 -0,9829245604418196 3,9625525136669295 3,0139533540144794 ), 68,1805140789688
( -0,0011625317957816865 3,048877766851627 3,9702147888937422 0,0028910472473415035 1,8998594617436795 1,9264538304850893 -1,974921117797666 -0,04653657259594433 1,9805995889322974 -2,0410547372500725 1,8790796162682224 -0,026120769287655967 3,058663345717549 -0,9851509089897571 3,961782961198416 3,0161397027806482 ), 68,18077676071543
( -0,0011110000382884067 3,0492439878014324 3,9702610680888117 0,0035736902717678353 1,8989984446013177 1,9265398673965364 -1,9753115569671131 -0,04653071680539964 1,980475205374 -2,042480357233575 1,8797815525934334 -0,025628148403491906 3,0576444042530873 -0,983645163922668 3,9619964772271126 3,0155640770353727 ), 68,18082712385483
( -0,0016730865539174922 3,0491231078030365 3,9700621589698355 0,003378453525771533 1,9006175885103107 1,9265808706900447 -1,974640812922992 -0,046776068413080754 1,980078925100484 -2,041450516200609 1,879007548028048 -0,026577501824083097 3,0587372689430814 -0,9858662540994356 3,961828723697985 3,015727529825051 ), 68,1808610598923
( -0,001726360582848928 3,049589984165416 3,969950117530682 0,005176791983422447 1,899019621537136 1,9273305019139424 -1,9752160597591013 -0,048542782297694216 1,9799456685680905 -2,04424493058777 1,8806754151198892 -0,026761862730771423 3,0563797887981945 -0,9827085368017012 3,962453308799725 3,0137620779136807 ), 68,18088216793358
( -0,0016074191308070571 3,049610214918173 3,970280473227393 0,00368868352958656 1,8998682243485794 1,9268802925160224 -1,975364688125841 -0,04820483181323514 1,980529799514353 -2,042352960712004 1,8805559444635656 -0,02670761935988046 3,058552146530812 -0,9847960172150159 3,9622025212077823 3,0153764692085137 ), 68,1809975770917
( -0,0012320840635773004 3,0494563832666817 3,970292872637225 0,004157659409544752 1,8984356018684165 1,9271532194408352 -1,9757541650322594 -0,04845216761287412 1,9808911810583123 -2,0433526518142213 1,8810937596453197 -0,02636248484818747 3,0572616487338946 -0,9825901372602651 3,962379344050698 3,01471993155779 ), 68,1810902666342
( -0,0011499201136001016 3,0495049915419097 3,9702783191083126 0,0031726196533628905 1,8990659409681614 1,9267551351297265 -1,9757122822297308 -0,04777365253143112 1,9809871075088448 -2,0421036807619424 1,88073824752766 -0,026150663382207246 3,0585088268399128 -0,9841307727106918 3,9620516538226966 3,0156745640552445 ), 68,1811108131465
( -0,0011275333700163225 3,049331429344599 3,970480076958562 0,003375268243207257 1,8988941351753534 1,926732701503651 -1,975666748400425 -0,047412510657604816 1,9810070921174994 -2,042383587424778 1,8804926450003856 -0,025948647605439412 3,0582003582914403 -0,9836394013938395 3,9621595228093915 3,015712283798048 ), 68,181312543008
( -0,0009855354617290491 3,0491322300353363 3,970544469842388 0,0030862860290736035 1,898907128247196 1,9266605683794076 -1,9756046747974487 -0,0472766155951385 1,9811783256734818 -2,041881501256745 1,8802404348856947 -0,0259358970656296 3,058402781318389 -0,9837881108722786 3,962103083902811 3,015998066160905 ), 68,18148168616788
( -0,00164726812423367 3,0497605354741757 3,9700979910480183 0,003380722055409416 1,9001959217456066 1,9267899176222445 -1,9753555576898127 -0,04822097403468868 1,980420909133678 -2,041946906366506 1,8805792240528758 -0,026778821646377873 3,0589936437918093 -0,9855586862537805 3,9620552895311216 3,015505691339639 ), 68,18149924122632
( -0,0017856434383457086 3,049768817313745 3,970139697260131 0,004072761591345126 1,8996109733217503 1,926964952495364 -1,9754893791807928 -0,047905697397974276 1,9803541398459221 -2,043276105369941 1,880759416604553 -0,02644585056104606 3,058106784551351 -0,9842658769263232 3,9621874605219425 3,01494699840248 ), 68,18151713165466
( -0,0013235888793338769 3,048897985588152 3,969977614526838 0,00440576338569029 1,8986532946086554 1,9281052037269957 -1,9754329584737296 -0,05156604074795727 1,9814188229113125 -2,0424450797641422 1,8814880796592233 -0,028512223745212638 3,057251956059047 -0,9826696849430783 3,962627650365231 3,0137084110576495 ), 68,18151754646367
( -0,0011639856934463504 3,0493499926220586 3,970434951615729 0,003415524056927885 1,8988745091948311 1,926790787422129 -1,9756957624114835 -0,047573755383718434 1,9810277683083797 -2,042474497113375 1,8805944162728083 -0,0260216902646504 3,058181627133214 -0,9836026446382176 3,9621579297741696 3,0156105355483165 ), 68,18168489996708
( -0,001097843782736648 3,0486314612746126 3,9703660579355025 0,003415115162555964 1,900012078810932 1,9261287584464153 -1,9743466229182516 -0,04523880494638781 1,9799368242738793 -2,0412533173474783 1,8778886222112114 -0,02563049242489023 3,057757472948855 -0,9848062848622172 3,9618400354798746 3,0161904516850107 ), 68,1817608703494
( -0,0008622057514187287 3,0486489131859105 3,9707625011314778 0,0031989288082224223 1,8988400970589283 1,9266291660376593 -1,975285368950867 -0,046897789891193066 1,9812506046938994 -2,041651404912286 1,8795372600738451 -0,025920908714321247 3,058066001682858 -0,983384478215194 3,962161148455195 3,0161475994153593 ), 68,18176300607855
( -0,0010851258906042092 3,0490881249272963 3,9705275883272515 0,0028559404553994134 1,8995087490282454 1,926504992272009 -1,975331607870457 -0,04696601952159194 1,980999416649815 -2,0412927482591154 1,879773605965136 -0,02604822608319001 3,058876885144198 -0,9847077125484146 3,9619883231212802 3,016319998551728 ), 68,18189286817402
( -0,0019174742125102812 3,0497284719245603 3,96987721065338 0,0032110168421292475 1,9004773272683428 1,9269102173909398 -1,9753758422614405 -0,048159689085539546 1,9804507583177071 -2,042024898277818 1,8805676037272503 -0,02691193441204942 3,0593870099340186 -0,9860780395295085 3,961876901689883 3,015370685824226 ), 68,18227477834796
( -0,0009563479883959821 3,049068633774193 3,970588299785343 0,0027867261391309015 1,8991489727223498 1,92648675272221 -1,9755146825548706 -0,04684012442780302 1,9811739507286872 -2,0414511832219335 1,8799271174018897 -0,025801092298070767 3,058763558842113 -0,9842770479033288 3,9619966536390434 3,016375067825424 ), 68,18239160486578
( -0,00097889019592042 3,0486943848302626 3,9705979959661635 0,0025604771452296844 1,8998093244305525 1,9264205182711966 -1,9750086468821382 -0,04674341387471271 1,981083408026575 -2,040454794111146 1,879094168765465 -0,026217389097537132 3,0591373153501626 -0,9851611577450072 3,961914718644055 3,01667883074202 ), 68,18258385490479
( -0,0010862287535656182 3,0487577715772956 3,9705480077180715 0,002860156461408936 1,9000600611797283 1,926193629833966 -1,9747261972227612 -0,045836929047581104 1,9805207683846184 -2,0407795301779466 1,878531791137481 -0,025841003557982495 3,058743275418337 -0,9852736942793799 3,9618585874008034 3,01664262626864 ), 68,1826920316775
( -0,0011558810284949912 3,049713915474129 3,970288666442458 0,0038252072579171115 1,8981444634508973 1,9269412634986212 -1,9761243370605388 -0,04777096224753728 1,980980269574615 -2,043617342332413 1,8814076530089998 -0,02570226024076408 3,057501375889868 -0,9825377007726437 3,962231869927613 3,0150177069826594 ), 68,18285628965283
( -0,0020229490210317783 3,049510939036393 3,9694785190379385 0,006144202289041318 1,899188523808067 1,9279285835990885 -1,9747936748231247 -0,05010052847867169 1,9794951407205217 -2,04473654306667 1,8807762963242936 -0,02791909889207183 3,0553954682463176 -0,9823507798070005 3,962626563977736 3,012402353693575 ), 68,1828881837477
( -0,0009915840245379676 3,049607519388256 3,970494660292523 0,003312376061617958 1,8982941161634423 1,9266396205440126 -1,9761060904472965 -0,04707109063086435 1,9811294519257048 -2,0429695865430926 1,8810321699043802 -0,025352877295015452 3,058030232874005 -0,9829995546474168 3,9621307244821415 3,0157346386679804 ), 68,18353467550064
( -0,0012816859790592645 3,049957825095225 3,970062251583995 0,0033870473906037553 1,897996086301741 1,9271052424788928 -1,9766103344618136 -0,048218993478993284 1,981373820839174 -2,043749935777225 1,8822588400945894 -0,025746715856981888 3,0581643757929067 -0,9828433992394358 3,9620469990890492 3,014955107695972 ), 68,18365246629534
( -0,0006987422089066895 3,049133635330634 3,9709171349477863 0,0029918485822283372 1,8982946412689725 1,9266494777483696 -1,9759582233064135 -0,047428081666212915 1,9816567367057158 -2,0419468838241146 1,8806599689552028 -0,025694427478539627 3,058363380026112 -0,982970469529718 3,9623032202449586 3,0162771860754147 ), 68,18367495809962
( -0,0009804942987038353 3,048999581068038 3,970849753460509 0,0026486242827237516 1,8995170120385823 1,9263936386158413 -1,975396342985136 -0,04684005245434331 1,981262063589687 -2,0410014705568815 1,879716744783649 -0,025935187678996947 3,05920657533339 -0,9847349081953419 3,96208544991765 3,0168034845877156 ), 68,18392921561808
( -0,0010487984645590929 3,0491628795461243 3,970641422645915 0,0026803886323501715 1,8995254393702092 1,9261951355258655 -1,9753692332823383 -0,045944645938497695 1,9808810421507048 -2,0413625566782128 1,879506553124052 -0,025429550468541867 3,059006568634047 -0,9848347990106756 3,961882893318326 3,016744118221657 ), 68,18420703109307
( -0,0014335160657641243 3,049888468821208 3,9704760292777466 0,0031896771022718114 1,8992341937536503 1,9267341257310981 -1,9760523429356214 -0,04778922616425922 1,9810895669411113 -2,042650158740644 1,8813319047600028 -0,02599558290566322 3,0590578292264614 -0,98438902216786 3,9621451774094125 3,0158717655587024 ), 68,18427443025762
( -0,001090800022883876 3,049406360357045 3,9708899005791882 0,0027280060761049937 1,8991382927354117 1,9264645380241834 -1,9758430957927962 -0,046909790660111604 1,9813753603186888 -2,041779982241109 1,880554859953563 -0,025684950207791483 3,0592641576204587 -0,9843032089035608 3,9621036819076028 3,016649776172224 ), 68,18445723895432
( -0,0017509534766231457 3,0496197354793577 3,969794917809166 0,005723859853495985 1,89844078552638 1,9279278498525885 -1,975461196316946 -0,05030495503666177 1,9802367192336943 -2,0448705590578875 1,8816151590327395 -0,027525747273210544 3,05575748541754 -0,9816579338115538 3,9627218556239043 3,0128131417137687 ), 68,18470305954821
( -0,0022609729262047804 3,0498795478996272 3,970290168612738 0,0038909193807402285 1,9012101439063147 1,9266366564648207 -1,9749125580493363 -0,047346271664166814 1,9798567734703403 -2,0424567310268866 1,8799218344745754 -0,02674440189151935 3,0592534718637787 -0,9863844417043508 3,962107516193413 3,0156533456402674 ), 68,18499012997272
( -0,0010002644012137157 3,049615713071396 3,9699667621544714 0,0052276197634796625 1,8972447800318617 1,9272288708900898 -1,9757921807719605 -0,047975054089416554 1,9802625660702982 -2,0450069373221935 1,8812026625713814 -0,025690342005479573 3,0550917478536395 -0,9804325756961917 3,962473605540098 3,0135522660673417 ), 68,18509126231231
( -0,0013680009090098835 3,049811161389436 3,9701402439180264 0,005081777766603141 1,897658149112803 1,927693364891004 -1,9761381000919935 -0,04977486683726194 1,9808602877234796 -2,0448570070115855 1,8822770500857113 -0,026714505975877517 3,056204413656663 -0,9810940985650649 3,962700460718694 3,0135086198913954 ), 68,18514545853718
( -0,001980283865046304 3,0495670856347132 3,969439657608795 0,006326208889884186 1,8987815335237226 1,9281488844557049 -1,9750118755261334 -0,05072655363700763 1,9796773186710217 -2,045105040843298 1,8812853916656271 -0,028073402987255643 3,055110207553243 -0,9817438050109161 3,9627346022961176 3,0120434361337156 ), 68,18516049462856
( -0,0009304044300776461 3,0497413928470105 3,9703817822433285 0,003969151265492949 1,8973541717013245 1,9270745482281266 -1,9764887880374027 -0,04810355340255401 1,981305316312047 -2,0441136950135648 1,8819590296687065 -0,025510956952171874 3,057028713628147 -0,9814215764447471 3,962377490040152 3,0148024677213914 ), 68,18552197871261
( -0,0009280344901402088 3,048684036725791 3,9705588067585884 0,0022330173368876774 1,9002956605672556 1,9259452234574834 -1,9746989287954444 -0,04537682769155727 1,9806423965615523 -2,039923394723462 1,878207938722249 -0,02566633499730528 3,059368211923825 -0,9860104729701394 3,961676019624281 3,017230158144663 ), 68,18591869187642
( -0,0017698094104490751 3,049661487627568 3,9696538693504495 0,0059307610687537905 1,8982976282745831 1,9280328788105014 -1,9754641649094782 -0,05052157430481902 1,9801365402317053 -2,0451411000942494 1,881740431394329 -0,027608770886723942 3,055427121808561 -0,9813858362715294 3,962731383753076 3,0124714718427263 ), 68,18594767052373
( -0,0007824074906159091 3,0499177716587917 3,9707699284370594 0,0026821208355121283 1,898216232282075 1,9265799625818416 -1,9766373452612318 -0,04799138718550949 1,9817164759188142 -2,042369228333585 1,8819631503890486 -0,025461363680271992 3,0589838204816413 -0,9834205263802778 3,962255156209207 3,0163341306166833 ), 68,1867524742405
( -0,0006960075569586512 3,0488927755125843 3,970877986644841 0,001881577882113389 1,899288021689857 1,9261278643032744 -1,975606341947975 -0,04609046104984614 1,9816063329224152 -2,040384844652205 1,8795959156914364 -0,02540331219257569 3,0597397971128597 -0,9849750104626406 3,961834021625986 3,017445442652919 ), 68,18691421706909
( -0,001963260189999184 3,049739529193887 3,9694922215108353 0,006367061443561796 1,8984852786268411 1,928150917181456 -1,975275927546014 -0,05072413334536929 1,9797819919605788 -2,045521963243578 1,8816840232987815 -0,027841147388985833 3,0550485213461447 -0,9813721600095398 3,9627741331915094 3,012017647231541 ), 68,1873310751406
( -0,0010040127703829344 3,049845893146063 3,9701930901778644 0,00165537288738711 1,899954047303224 1,9261727894401062 -1,9758863058554204 -0,047351344011019376 1,9811045536055005 -2,0402769704155976 1,8807528351893412 -0,025935309007952056 3,060493127970925 -0,9865704671689788 3,9616409305435254 3,017019739399754 ), 68,18808933648542
( -0,00047774123950686937 3,0493991695468012 3,9708913468868117 0,0021353350062913753 1,8979498745166985 1,9262510861601738 -1,9764857652969077 -0,04637742113869815 1,9819423886966483 -2,041817805560802 1,8810050099847384 -0,024717592939083467 3,0590534648968437 -0,9832487304178417 3,961969581543834 3,017005537269797 ), 68,18809931407323
( -0,0015348728530090827 3,049869104393604 3,9711765655664384 0,003116393641410532 1,8995326382981033 1,9267232870703905 -1,976203533261946 -0,04824926930107503 1,981564200808357 -2,0424612629137955 1,881571062150166 -0,026214007369945086 3,0598215967839106 -0,9845799740034221 3,9625025243606022 3,016554760407054 ), 68,189343475132
( -0,0024037987427527143 3,049393999286138 3,9688139032205934 0,007175936378848322 1,8995186233225974 1,9286044978142916 -1,9742459325565673 -0,05187044541764702 1,9789219567719676 -2,0451979039782016 1,8807791580213165 -0,029291454686434567 3,054333518534457 -0,9821946692691839 3,9627302069674055 3,0108015311892977 ), 68,18954953293941
( -0,0018776177913530706 3,049716924620542 3,96949765481367 0,006554592677684485 1,8980946230833742 1,9283122034055573 -1,97540779102717 -0,05114307140630121 1,9799223464667688 -2,0458082162283224 1,8819791402897135 -0,027923632139522044 3,054688349117179 -0,9807369644304471 3,9628833661595135 3,0117370511734523 ), 68,18988846421158
( -0,001624310908373174 3,0485058658125577 3,9700609681537706 0,0024460283886576866 1,902139983775678 1,9258784449893682 -1,9736053469121668 -0,044931655351061785 1,979574092575226 -2,0392543471742353 1,8767590534172414 -0,0264488195659021 3,059777924455444 -0,9882651721080511 3,961355716188951 3,0170065871447656 ), 68,19114910948684
( 0,00024272254284980635 3,049144850771845 3,9714884860814346 0,0017642233524469025 1,8967262844247852 1,9262300349228403 -1,9770545884605568 -0,046824361864290745 1,9829207166742433 -2,0415295487382834 1,8815795542363705 -0,02434029830996277 3,0588793377279817 -0,9817310362609771 3,9622771930148653 3,0175568700481583 ), 68,19360191948783
( -0,0017808809346142379 3,049654939998709 3,969523493076773 0,007083683009541643 1,8976133070488548 1,9283734572355922 -1,9753658730135917 -0,05099888906804032 1,9797514611067821 -2,0464640517069714 1,8819107568077817 -0,0277215236135813 3,0537644529095207 -0,9797047570245884 3,9630243424988922 3,0113254771204714 ), 68,19404197320732
( -0,002162783460059734 3,0499753050085174 3,969215995658462 0,007152875935302924 1,8981001956457957 1,9286492886618387 -1,9754418981773632 -0,0520387745989271 1,9796611121071304 -2,0465912925153398 1,882516079163572 -0,028383114220325707 3,0542294205830713 -0,9804819352387708 3,96298982739766 3,0109015726699675 ), 68,19582090672154
( -0,002279932386983641 3,049996304954379 3,9694036462461026 0,007576656479936169 1,898322087729371 1,9285762051837887 -1,975239754963257 -0,051773171963301064 1,9793271698315 -2,04690815781836 1,8821859396142062 -0,028326720360472832 3,0539018377725333 -0,9803929869790309 3,963172220544969 3,0108575009533136 ), 68,19727615641898
( -0,0019118022645683683 3,0500559928875735 3,969454925294643 0,0068615139632451656 1,897473626468098 1,9286227308499022 -1,975927611029535 -0,05210255643133889 1,980180101906162 -2,046703329712774 1,883104664696147 -0,028025054958402452 3,0543917254317203 -0,9798576263412685 3,963061103899202 3,0112004190430417 ), 68,19763908882024
( -0,002431610815204161 3,049791712281132 3,968817080632227 0,00813369410175939 1,898405827312768 1,9289162778603957 -1,974756209504881 -0,052263081828829154 1,9788310455870295 -2,047128695660216 1,8818431263163802 -0,02894353515291439 3,0530121231405185 -0,9801993205834841 3,963039717207579 3,009822510281307 ), 68,200387757073
( -0,0024266070010572423 3,0505798127333295 3,968775990930988 0,00844508604330975 1,8978155358970823 1,9289456989233902 -1,9754169296013724 -0,05271494308898535 1,9787616986395646 -2,0482511135525088 1,8831439876739682 -0,028552693636679064 3,0527077889891214 -0,9794952731795192 3,963206454189483 3,009459040294914 ), 68,20880122857153
Liczba wywołań funkcji celu: 6331
