Iteracja nr: 42
( 0,0015473042320932758 3,051755255865306 3,9649845366709475 0,001548896289222221 1,8955709870271578 1,9271387759613814 -1,976397715001418 -0,05037729424303617 1,9780033631719531 -2,0399084727261405 1,8836628001852664 -0,026321558684474434 3,054101127750069 -0,9835368501128633 3,960005440391822 3,0105025380745323 ), 68,14739300270362
( 0,0012337350515358495 3,0517983990177755 3,965099572149147 0,0017245371725568821 1,8964256103058952 1,9267489735494954 -1,9759545731059533 -0,04925200900018801 1,9774480548769304 -2,039942459504108 1,8828078783816973 -0,025994364465494635 3,054332388683345 -0,9844346505274966 3,9599247965864626 3,0109663805746583 ), 68,1474126568348
( 0,0017001155085538842 3,0517122575040223 3,9651764148917854 0,0012200476022389247 1,895229422303043 1,9273316086384462 -1,9767602947608292 -0,0511094927949015 1,9786097834841476 -2,039641678030332 1,8842501154750353 -0,02655618197948561 3,054504910416101 -0,9832886193735513 3,960125462405614 3,0106350912962823 ), 68,14774751472386
( 0,0014686525199441454 3,0519277440714734 3,965016848705413 0,0016322147722106224 1,8957193826372472 1,9270319254613761 -1,9763978002484874 -0,05019210454198013 1,977832883088112 -2,040077458792935 1,883690265920103 -0,026182161136559728 3,0541429991563143 -0,9837000335817165 3,9600180526959665 3,010583118180787 ), 68,14782930234809
( 0,0013270265705877132 3,052001906482777 3,9650829219754944 0,0017335778198233533 1,8960227689246456 1,9269256134315398 -1,976289512161391 -0,04993020510415458 1,9776545757143644 -2,0401700523425017 1,8835204400092078 -0,026112040967192246 3,0542552044017532 -0,9840007653684875 3,9600281596449176 3,01071789645457 ), 68,14790523381551
( 0,0015000277189471806 3,052052815943306 3,9650286672914867 0,0015530356331317995 1,895639729986724 1,9270656754763342 -1,976546037333895 -0,05044312441284465 1,977919146408641 -2,0400680816207846 1,8839948175991623 -0,026222601993044443 3,0542615489986913 -0,983698392237321 3,9600477232007743 3,0105808324090666 ), 68,14797605098259
( 0,0014155714496366593 3,0519352378929283 3,9649560007512177 0,0017419802505257522 1,8958459582119733 1,9269419473228044 -1,9762621476166573 -0,04985847940937586 1,977611420113106 -2,0401749075864677 1,88344380964168 -0,026058654937420923 3,0540017480422272 -0,9837940675051209 3,959967301792812 3,0105663783250396 ), 68,14801281277475
( 0,001616749094166264 3,052009094352624 3,964743934698815 0,0015829590331197562 1,8954337815076925 1,9270801557647461 -1,976467386780632 -0,05033087626654146 1,9777318057291682 -2,04007166489346 1,8838697135361606 -0,026158755034566175 3,0538348011394905 -0,983499167553692 3,9599184914155305 3,0102706469121627 ), 68,14803700185512
( 0,0015541573534426855 3,0520922961016788 3,965088733898777 0,001434389501112795 1,895499225911899 1,9271653400048043 -1,976721680152037 -0,050851374648454344 1,97815075761566 -2,039985141179248 1,8843336400658535 -0,026359498794379124 3,054429704478048 -0,9836093438571532 3,9601083948493208 3,010586519064056 ), 68,14811748306177
( 0,0014654868606132961 3,052090347714843 3,965018776322191 0,001614396503714621 1,8957094686157012 1,9270072548261525 -1,9764991109997203 -0,050269541484002714 1,977804694597763 -2,0401507452152385 1,8839087730418482 -0,026136485970166365 3,054212328905357 -0,9837520601957684 3,960033690176359 3,0105964006183124 ), 68,14814981203286
( 0,0013811950001440239 3,0521249521162246 3,965157708921542 0,0016136278026813546 1,8958809395796064 1,9269689592132313 -1,9765058689865271 -0,05024070675291764 1,9778433397875648 -2,0401582412370947 1,8839116617927871 -0,02614080621136689 3,0544382595281676 -0,9839307042682481 3,960087753762436 3,0107763159148577 ), 68,14818174549475
( 0,0013111980129885156 3,0520160966949246 3,9651334190228082 0,0017690139905053876 1,8960035639075197 1,926932222737078 -1,9763224450338381 -0,04995576442014615 1,977688562202421 -2,0402503520709843 1,8835730806662645 -0,026098826714241474 3,0542633763496196 -0,9839372811382883 3,9600625963237674 3,010736216576311 ), 68,14821181906599
( 0,0012738421039985683 3,0521540990913425 3,965163902887349 0,0017224458567120676 1,8961405284049 1,926852334331784 -1,976351525137221 -0,04988588532204715 1,977617418418485 -2,04023180927954 1,8836412261191977 -0,02603572901635226 3,054432256403763 -0,9841760887975072 3,9600611248841853 3,0108596659965574 ), 68,14824001088792
( 0,0012925742038958788 3,051984851149346 3,9650711059490598 0,0018476856864552335 1,8960553430252562 1,9268975481072843 -1,9762165295924656 -0,049773685468684103 1,9775506705137391 -2,04029219744455 1,8833899283388325 -0,02605192843798681 3,054120000646775 -0,9839517030838539 3,960024881823217 3,0106792177969814 ), 68,14824197252997
( 0,0013609647831080368 3,0522169961191152 3,9650975775736117 0,001632831083883815 1,8959699884066084 1,926887209450192 -1,9764645826980582 -0,050054916642290836 1,9776763961167145 -2,040191994942656 1,8838533994162177 -0,026039107083390866 3,0544076837417538 -0,984074503036887 3,9600435226445536 3,010784374214545 ), 68,14824266698605
( 0,0013828288600452208 3,052471062790858 3,964847531558433 0,0016580391119032534 1,8960950654654534 1,9267197655581776 -1,976370067639853 -0,04974036085835756 1,9772253888325695 -2,040199084887668 1,8837873098121098 -0,02584752442383941 3,0542189108195106 -0,9843729568712605 3,9599090486640924 3,0106736458347503 ), 68,14824415547814
( 0,0012611061321902385 3,0522165173264795 3,9651970012449738 0,0016866961802987123 1,8961918478989075 1,9268252397551853 -1,9763846235777673 -0,04989534362901004 1,9776197511246831 -2,0402116427293766 1,8837051211046998 -0,026021087402204122 3,0545392145220513 -0,9842758396133967 3,960071891714765 3,010930848446894 ), 68,14825937658046
( 0,0013019106087471012 3,0521055321100596 3,965100652246833 0,0017592256630105285 1,896066959507844 1,926870468592084 -1,9763168509101294 -0,04985182218558023 1,9775840790310024 -2,040258280758809 1,883576369510976 -0,026026820010117253 3,054281491895706 -0,984061871942254 3,9600359011928443 3,010762919893375 ), 68,14826219892389
( 0,0013743484355047508 3,0521738418325244 3,965031960333335 0,0016849279227244937 1,8959299240329746 1,9268949602696834 -1,9764108787799695 -0,04999111873534462 1,9776144203802057 -2,0402269575104754 1,8837611458430539 -0,02602590622346029 3,0542559897343775 -0,9839928600719303 3,960015677331418 3,01069102244212 ), 68,14827473634203
( 0,0012550590140587162 3,05207708872608 3,9650863143548385 0,0018185439258402792 1,8962063741271535 1,9267903367783843 -1,9761920870033722 -0,049560778425459216 1,9774386333907699 -2,0402768984187367 1,883329856911796 -0,025938779930109568 3,0542308324037175 -0,9841838910811765 3,959999154170724 3,0108105712619198 ), 68,1483319704996
( 0,0013151708090806686 3,0522280901023815 3,965008492784943 0,001736483685366313 1,8961104407220581 1,9267878333968558 -1,9763078588846303 -0,04970133783752066 1,9774195674313273 -2,0402594787835264 1,8835798725491553 -0,02591581925729004 3,0542483942276566 -0,9842012498128211 3,959976421123031 3,0107541293048765 ), 68,14835681161328
( 0,0016767733722028513 3,0520413978096617 3,9649730508198524 0,0013815208811503786 1,895232242524575 1,9272274895696817 -1,9767814740345064 -0,050950244066217065 1,9782127884374654 -2,039960747412668 1,8844146031416553 -0,026351870130486094 3,054232373101928 -0,9833394320872545 3,960064636318223 3,0104233539514182 ), 68,14836760870993
( 0,001337725507785012 3,052210694704613 3,9651244586694556 0,001667622752525617 1,8960045449820309 1,9268688908958653 -1,9764434884540187 -0,04998679995591222 1,9776569789119778 -2,0402340729727517 1,883804545753542 -0,026011665584612837 3,0544030895155485 -0,9840794358058955 3,960052920415259 3,0108122191901585 ), 68,14837593846556
( 0,001294142537221037 3,0521657955684174 3,96505933628719 0,001769527368953549 1,8961141154598675 1,926816095453433 -1,9762936067766421 -0,04972782414057241 1,9774768229613109 -2,0402819439281505 1,883541698707206 -0,02595391529921338 3,054254479224843 -0,9841444020066883 3,960005677222385 3,0107667746176374 ), 68,14837685577373
( 0,0013937244713053002 3,052112209683972 3,9650678925327107 0,0017056455030504453 1,8958163579320944 1,926976405295659 -1,97645683002905 -0,05017357539224345 1,977739818791851 -2,0402591686273177 1,8838450589834967 -0,026107538282975334 3,054220304360584 -0,9838057104425824 3,960059387696245 3,010634153688755 ), 68,14838182256625
( 0,0013831765209654384 3,0520626054211544 3,965068141553463 0,001748932473162365 1,8958331583106796 1,9269654409579802 -1,9764022692076906 -0,05007592482732641 1,977708082254825 -2,040282705934556 1,8837311566941184 -0,026086078243071575 3,054156276667015 -0,9837770957012233 3,9600531900986136 3,010628941519369 ), 68,14839795219315
( 0,0013342310300074665 3,0520915946973446 3,965024410433565 0,0017999343486841918 1,8959717552856523 1,9268898161996886 -1,976305764760558 -0,04984342513020948 1,977540284129374 -2,040313659502543 1,8835660173390056 -0,026008605102067546 3,0541185637318375 -0,9839331035703887 3,960010956952952 3,0106453026324074 ), 68,1484198758592
( 0,0012379630091893775 3,0521743927082516 3,9651286288781424 0,0017988985923403898 1,896226264248017 1,9267856723456898 -1,9762676893921935 -0,04966060970022137 1,9774633214090083 -2,0403077136395935 1,8834908804111867 -0,02594307659815194 3,0543408524776026 -0,9842409701364998 3,960031053268644 3,010855386138069 ), 68,14846749033255
( 0,0012470739806033305 3,052418181598459 3,9650237496644314 0,0016796598125469002 1,8963778665103856 1,926632785792907 -1,9762856755150602 -0,04946533184549403 1,9772358193987223 -2,0402101867060014 1,8835587292030154 -0,02578938218651283 3,0544698219514017 -0,9846306862786366 3,9599436365296246 3,0109456909971457 ), 68,14846900255753
( 0,0012071383233550601 3,051998560960423 3,964994567783678 0,0019091401740442841 1,8964008231605716 1,926668248053103 -1,9759541309854576 -0,04906661846731462 1,977165149588965 -2,0402670809055636 1,8828707914790617 -0,025803303257165906 3,0540623302441823 -0,9843593832145864 3,9599047113261685 3,0108202981587247 ), 68,14847681665078
( 0,001264281797942857 3,051931198968136 3,965081553691313 0,0019011002960050826 1,8961291929646487 1,9268279613589279 -1,9761217561852062 -0,04948667129488867 1,9774618876777237 -2,0403361953519004 1,8831642660321193 -0,02594216824295983 3,0540548678753447 -0,9839796347210907 3,959999435185067 3,010737242327305 ), 68,14849383005094
( 0,001225600022110778 3,0520983737019316 3,964971137124143 0,0019145615209742014 1,8963021816046954 1,9267085666763362 -1,9760571087710546 -0,049258202489828914 1,9771897150640771 -2,040349743349603 1,8831045110835625 -0,025826291355080796 3,054045178114207 -0,9842731326696281 3,959926929917858 3,0107383906791916 ), 68,14862218775383
( 0,0011237823284739315 3,0521037759876966 3,96521395829344 0,0019099176907999803 1,8964644539958366 1,9267172048806027 -1,9761143003666344 -0,04938126730409539 1,977363516557838 -2,0403596256310323 1,883192094368346 -0,025904941343084565 3,0543775637863457 -0,984400722841007 3,9600453976146825 3,010975495393629 ), 68,14865164001709
( 0,0011924364223619892 3,052279664280926 3,965110112216474 0,0018053355892950252 1,8963803880772556 1,9266807086140059 -1,9762250485907211 -0,049439777080801425 1,9773018139644607 -2,04032927614906 1,8834205061758167 -0,02583041848790489 3,054394020558324 -0,9844655267699318 3,959996741409697 3,010935466613532 ), 68,14869476727569
( 0,0012635900980292802 3,0518734614600866 3,9650576359546728 0,002019698522181185 1,8960162405623668 1,926930988622322 -1,9761183821070682 -0,04968407316061938 1,9774970473104387 -2,040452967751915 1,8832152718313575 -0,02605236129274468 3,0538780103450325 -0,9837410478214736 3,9600377638938564 3,0105579838261094 ), 68,14870186763902
( 0,0015044242581425831 3,052268233601468 3,9652475577361583 0,0013967042134531214 1,8955473385652644 1,9271551280318002 -1,9768925736941485 -0,051047272720189635 1,9782628245704477 -2,0400679582262264 1,8846624005319448 -0,02636020709882074 3,0547117837938806 -0,9837015456362813 3,9602041788693634 3,0107461874195445 ), 68,14876449448691
( 0,0013374983971951625 3,0518024524682374 3,9649597712904114 0,0020197222411405653 1,8958624617275073 1,9269578696658847 -1,9760999188151485 -0,049652181287873784 1,9774865647157345 -2,040446084005391 1,8831574191464087 -0,026027447326023696 3,0536797803533835 -0,9835588747442212 3,9599917388825023 3,0104318630942215 ), 68,14879124854632
( 0,001010498262781368 3,051959889581743 3,965217483171646 0,001983828044237788 1,8968455653978582 1,9265600467946526 -1,9757995634116037 -0,04878195422654438 1,9771108347512931 -2,0402556771523437 1,882567151495437 -0,025798797718845017 3,0543780148569857 -0,9847690318601084 3,959967727090541 3,011143201004685 ), 68,14879295291914
( 0,0009568300656316456 3,0520874443753034 3,9653807413701085 0,002011697407287851 1,8967265293130755 1,9267310986531614 -1,9760591313959648 -0,049421600389818854 1,9773983219691578 -2,0404365074851216 1,8831366349405831 -0,026018187977849543 3,0545995199633533 -0,9845908345669162 3,9601317576096466 3,0111058143449436 ), 68,14881922097665
( 0,001168822545764842 3,052154659642208 3,965076977380074 0,0019290515145768024 1,8963932965922488 1,9266845487841797 -1,9760927405896664 -0,04926874746841187 1,9772210452404602 -2,0404027454950655 1,88316868601239 -0,025816206944887177 3,0541920712422397 -0,9843580207174877 3,9599785241331404 3,0108545272411353 ), 68,14883811878497
( 0,0014187580068276487 3,0520223827600286 3,964957947046167 0,0018109435217672637 1,895719717317799 1,9269548093235849 -1,976359102148089 -0,04991000985208656 1,9776167349025555 -2,0403863125696096 1,8836229721225977 -0,025986196524096374 3,0539102675894156 -0,983610379390325 3,9599953607057814 3,0104989591228586 ), 68,14888843330557
( 0,001126090222678017 3,0520859766906887 3,965111820438342 0,0019998069411856145 1,8964597048027354 1,926680819436456 -1,976018260595229 -0,04917948998064394 1,977199624386367 -2,0404394656897984 1,8830251908923823 -0,02582389159943153 3,054158832109287 -0,9843532635373129 3,959991654015466 3,010869875554025 ), 68,148943423413
( 0,0011485299373555826 3,0521833672735337 3,9651030477031424 0,0019449875728693301 1,896420135729486 1,92667566066584 -1,9761044806062857 -0,04927001132547077 1,977216440208643 -2,0404381508463443 1,883195857262234 -0,02580751017106639 3,054222961850164 -0,9843796787635309 3,95999417474757 3,0108784959420665 ), 68,14897078617513
( 0,001067569152334282 3,0522459708927823 3,965319888607042 0,0018922656264971863 1,8965673278198232 1,9266706271010763 -1,9762012022688793 -0,0494172424318358 1,9773792477110788 -2,0404207348318475 1,883359761786554 -0,02586620568536424 3,0545878159242332 -0,9845517000926631 3,9600985936660233 3,011119408099635 ), 68,14902531264966
( 0,0011039983337650934 3,052015867531121 3,965205764621077 0,0020587805076280595 1,8964069436623354 1,9267523346686486 -1,9760480338978073 -0,04932671592316039 1,9773305918780324 -2,0405149009285424 1,883074227018289 -0,025902924421088224 3,054164437256542 -0,9841904731475739 3,9600621261212208 3,0108642380818145 ), 68,149047733708
( 0,0010893103886209345 3,0521879445377764 3,9652465997754396 0,001958248361387924 1,8964927561642513 1,9266924597856572 -1,9761487917260325 -0,04936922272744708 1,9773259732432569 -2,0404736766043365 1,8832703056579232 -0,025858182392034433 3,0543960470417892 -0,984414466121406 3,960072078638594 3,0109969462508426 ), 68,1490736957206
( 0,0010409534640445706 3,051622158092457 3,965337295499229 0,002220053202812698 1,8964148290039482 1,926863357387974 -1,975860661578456 -0,04925837313168305 1,9775013712360883 -2,040544726579554 1,8826560379798962 -0,02604758282157812 3,054026370481757 -0,9839097140138346 3,9601226564695717 3,010851694668534 ), 68,1490983604432
( 0,0013341658979732058 3,0521117692197177 3,9651399017842994 0,0018861657572477783 1,8957723486268563 1,927016401469508 -1,976469514121293 -0,050216003509735985 1,9777474304999443 -2,040524420628986 1,8838903886861154 -0,026104258914428836 3,0540977525812774 -0,9835892543735185 3,960134061200121 3,010568402057458 ), 68,14919282586322
( 0,0011831605678662483 3,051981085204753 3,965236554708973 0,0020691657632015484 1,8960641512420824 1,9269481854219186 -1,97624319178095 -0,0498603782069873 1,9776119440654214 -2,040616292689031 1,8834601630531627 -0,026076136714118875 3,0540782682927 -0,9837384309969252 3,9601535695789822 3,0106764368235726 ), 68,14923996627883
( 0,0010355975974948028 3,052143676147166 3,9651792267660384 0,0020305489971608193 1,8966795716592517 1,9265905346504306 -1,9759590536088827 -0,048980223692626994 1,9770996907589553 -2,0404661469665397 1,8829158667753554 -0,025757441314707703 3,054294725145859 -0,9845980156333953 3,959998508544338 3,0110175767262493 ), 68,14925308804476
( 0,0010280109947602915 3,051989435562186 3,965128394642568 0,0020535373687271207 1,8967920837836598 1,926520986297192 -1,975763852847982 -0,048614974281041515 1,9769747660999122 -2,0403678487069157 1,8825012173781606 -0,025687527921139274 3,0541816154229613 -0,9846861735245144 3,9599239752572486 3,01105009651919 ), 68,14926295045933
( 0,0010774390665705571 3,05221771779879 3,9651231083849816 0,002000843248742685 1,8965995462726415 1,9265871863812423 -1,9760167697081814 -0,04902696931046157 1,9770762127392076 -2,0404809939388255 1,8830347789345852 -0,0257233738222818 3,0542540660836015 -0,9845629737990537 3,959979980314771 3,0109652316212805 ), 68,14929809185533
( 0,0009066135562735369 3,0516555495730255 3,9652754649016235 0,0021259131310705924 1,897095079840302 1,9265013799504713 -1,9754825880743383 -0,048297023786960894 1,977009862349212 -2,0402183012869513 1,8819039252280927 -0,025774115954280384 3,0542721183448864 -0,9848534243936793 3,959937965865291 3,0112415582905525 ), 68,14930477262338
( 0,0010340911933370155 3,052305213888775 3,9652805086962766 0,0019495832326074938 1,8966423996838986 1,926617716397686 -1,9761532180132537 -0,04927593707980323 1,9772424821936003 -2,0404899904952027 1,8832978949748982 -0,02579982864917381 3,054534194054254 -0,984632446007083 3,960073989637015 3,011105129051937 ), 68,14931914387827
( 0,0010472843098904621 3,0522296558831776 3,9651564866549975 0,002017519145920522 1,8966585907081577 1,9265702430503222 -1,9760057157388446 -0,048993776677561225 1,9770641400472633 -2,040499364326982 1,883015701944072 -0,025715855614145054 3,0542983470810774 -0,9846162778556329 3,959992799299506 3,011008549710921 ), 68,14940393468439
( 0,0010104302245715164 3,0517664521483665 3,965402231683583 0,00223710576012457 1,8964038351773567 1,926876304316252 -1,9759854713237792 -0,04943803384045807 1,9775431225666553 -2,0406667619469476 1,8829243210092244 -0,02605487116238685 3,054132566632856 -0,983908272817954 3,9601855904231043 3,0108744178907725 ), 68,14943817613747
( 0,0010037404237505237 3,05245608968658 3,965295518851961 0,0018699792766396777 1,8968034910053366 1,9265095548338316 -1,976173967441386 -0,04914255831640832 1,977145144100379 -2,040431924306279 1,8833384603660703 -0,025705264336006773 3,054726530854138 -0,984934976622541 3,9600509611742782 3,011257238383645 ), 68,1495080019126
( 0,0009911776943185642 3,0521847883137974 3,9652630235653694 0,002073024108623005 1,896715986056379 1,926590082610528 -1,9759973465616605 -0,04902294130246953 1,9771322889489105 -2,040556689139283 1,88299092865774 -0,025756431848433434 3,0543661368934933 -0,9845962621090599 3,960051454692214 3,011072861831572 ), 68,14955131535396
( 0,0010175201652777048 3,052167047993602 3,9651426967674546 0,0020314228105221674 1,8967974822667328 1,926485524652627 -1,9758729334301273 -0,04867778690249594 1,9769453190767732 -2,0404487322822096 1,8827291392431713 -0,025627865715108264 3,0542768789279044 -0,9847609009527793 3,959942705009827 3,011086636938633 ), 68,14956244447754
( 0,0010870397976807653 3,052050714424049 3,9649623382188968 0,002174805869775731 1,8965789094429397 1,9265753677660404 -1,9757875554611428 -0,04871471754588132 1,9768550469996615 -2,040554825442463 1,8826205287065216 -0,02567015243006705 3,0538299195408967 -0,9844039806207094 3,959897201564052 3,010754449939548 ), 68,14961023307093
( 0,0010047608781327785 3,052276392281369 3,965178853136368 0,002028041924571792 1,896776148246764 1,9265113073533282 -1,9759745741460322 -0,0488695200574178 1,97699045289216 -2,0405100309305086 1,8829599174402598 -0,025664894569797016 3,05436377602885 -0,9847610285410037 3,9599880403215244 3,0110851528332367 ), 68,14962056070144
( 0,0010795922360744314 3,0524530697336325 3,965056165632095 0,0019046846785268164 1,8967033267001605 1,9264552647697901 -1,9760728912103347 -0,04886901716417761 1,9769051461904021 -2,040456660669758 1,883153916932882 -0,0255636006229789 3,054379644423735 -0,984860012312538 3,959919160793563 3,011056068383981 ), 68,149666734317
( 0,0009366620453393885 3,052465376165269 3,9655081985784153 0,0018869798060449589 1,8968166929366577 1,9265970012309923 -1,9763008602919612 -0,049473570577310985 1,9773876921806903 -2,040505134126868 1,8835840502353223 -0,025847103339738133 3,0549707431639037 -0,9848735373121431 3,9601902432988463 3,0113687378156095 ), 68,14970728522513
( 0,0009753480734142131 3,0525182002892466 3,965790075741363 0,0015959051469456992 1,8967391850188342 1,9266942283055295 -1,9766159974851254 -0,05003058812659008 1,9778865509926433 -2,040279552650412 1,884099785378905 -0,02602531433384284 3,055562671620119 -0,9849245415761345 3,9603331921311336 3,0116719118660917 ), 68,14970941093077
( 0,000978492213689947 3,0519916075881057 3,9651459858442464 0,002195207663922801 1,8967882596413124 1,9265473563771836 -1,9757430106172562 -0,04863257493360067 1,976934101004659 -2,040546926624565 1,8824999420983934 -0,025697968498243032 3,0540670823183556 -0,9845688981786757 3,959962321977304 3,0109715928215715 ), 68,14971931954202
( 0,000910048757359501 3,052316662991518 3,965382871031302 0,0019544698721004343 1,8970052616487951 1,9264619671221086 -1,976011221998564 -0,048870362428318805 1,977100555128453 -2,0404340877856595 1,8829946297322073 -0,025688186699737617 3,054755658433501 -0,9850471342672235 3,9600590683623906 3,0113775903063877 ), 68,14972717059487
( 0,0009405894451788819 3,0523324839667785 3,965284260868715 0,0019970670163582315 1,8969361907831077 1,9264635293305048 -1,9759879918259833 -0,04883675589047814 1,9770082661189703 -2,0404828603744103 1,8829782665023669 -0,02565795014716795 3,0545853954282607 -0,9849663267726235 3,960022529719277 3,0112536775005596 ), 68,14976071753289
( 0,0009669393406023092 3,0523790649239784 3,9652279929678467 0,0019775420797219956 1,8969048223966603 1,9264415711707836 -1,9760007966849946 -0,048799700770828736 1,976954979673465 -2,0404833534907088 1,8830056861138302 -0,02561112524860649 3,0545419533305003 -0,9849749558103502 3,959992173340519 3,011222022465354 ), 68,14982038945239
( 0,0009691848391405578 3,0522762661875262 3,965189207370386 0,002067738300081241 1,896856803254945 1,926473026670131 -1,9759224482463897 -0,048742993992407536 1,9769240773376786 -2,040540363950672 1,882861601048028 -0,02562574010666933 3,054358472730614 -0,9848268510065274 3,959982007311468 3,0111184878299837 ), 68,1498563218866
( 0,0009252229712413071 3,0521939058129983 3,96528688481324 0,0021263514890875732 1,8968850004029076 1,9265158086125949 -1,975904067642015 -0,04880454922771301 1,9770139234980975 -2,040580400510229 1,8828195194266661 -0,025695533879758176 3,0543938216291897 -0,9847596383806795 3,9600404268682023 3,0111533288507544 ), 68,14986509122555
( 0,0009136171446574544 3,0521620830702463 3,965291040674268 0,0021118378228528454 1,8969793863662034 1,9264599308591293 -1,9758302513876744 -0,048629620036867154 1,9769544462815438 -2,0405132122709158 1,8826585028532434 -0,025650096754685922 3,054417146243944 -0,9848754157875436 3,960013840556579 3,0112270717341603 ), 68,1498747288003
( 0,0010150648173666797 3,0517867138099897 3,96500990168682 0,0022950353157118147 1,8967318390199948 1,9265457482382278 -1,9755454628123108 -0,048346946166345196 1,9768023007308608 -2,0405445489911584 1,8821020203596397 -0,025652707669780794 3,053714131033622 -0,9844012466741232 3,95987752965626 3,010812125040982 ), 68,14998671984962
( 0,0009180608495353169 3,0522182762764163 3,9652637434938587 0,0021319427126311897 1,896919603297572 1,9264839306102821 -1,9758822629401829 -0,0487213625074402 1,9769523148983648 -2,0405879161255784 1,8827810892541579 -0,025655104819147054 3,054379915119673 -0,9848131879425438 3,960020739155438 3,01115910641444 ), 68,14999689355461
( 0,001109155903681154 3,0523231301988907 3,9650022668463287 0,0020144907025936858 1,8966418228720534 1,9264279696256934 -1,9759447845551281 -0,04860720828067611 1,9768038377072228 -2,0405260111538226 1,8828698979107767 -0,02546807678569714 3,054093375342718 -0,9846741080635261 3,959883895691053 3,010976133007051 ), 68,15003071854767
( 0,000909787426190862 3,0520587367150456 3,965235755078029 0,002245546553885135 1,8968877503039114 1,9265279275891896 -1,9757649843102159 -0,048647410535048854 1,97693072570538 -2,0406363750839573 1,8825603363555414 -0,025694977170339337 3,054174210846038 -0,9846459737495002 3,960014911113405 3,0110507639584863 ), 68,15003584551985
( 0,0009337566859668013 3,052174781129019 3,9651756333350123 0,002139627294144153 1,8969505259784698 1,926438633883304 -1,9757836744431563 -0,048517277035151254 1,9768318518451524 -2,040543187969411 1,882586698198972 -0,025594616642852334 3,0542634916166085 -0,9848599231537806 3,959954277596272 3,0111225414321536 ), 68,15004431911572
( 0,0008970646972466964 3,0522371166145135 3,965310886603052 0,0021427396563532867 1,8969345135787008 1,926491437250519 -1,9759100431507883 -0,04877026337516833 1,9769870308601798 -2,040621034245644 1,8828358152078621 -0,02566877910458918 3,0544342900081616 -0,9848141479428199 3,9600504383167445 3,011190327062923 ), 68,15008799056297
( 0,0009819599141618221 3,0515851221153545 3,9654410320569 0,00240057960535623 1,8963166281865422 1,9269374106790664 -1,9759104563656777 -0,04936097840914347 1,9775916187860227 -2,0408459998763258 1,882738106715708 -0,026059681978694436 3,0539119685203837 -0,9836037468763824 3,960219702132058 3,0107829541443607 ), 68,1501613132992
( 0,0008785642655047156 3,0523331024219753 3,965372763106634 0,0020892941803334 1,8969955899448372 1,9264591273004115 -1,9759768617533036 -0,04881118543281037 1,9770123684366447 -2,0406041466747364 1,8829604683399939 -0,025650876164341637 3,0546027944632566 -0,9849405978098184 3,96007607567789 3,0112987228514134 ), 68,1501759935098
( 0,0010628093685416996 3,051907687920474 3,964991897280951 0,0023585190975564004 1,8964711128207064 1,9266575712734888 -1,975732587498346 -0,048739237185399534 1,9768968524044253 -2,040752123933786 1,8825169431887332 -0,025713375544158295 3,0535913486431157 -0,9840751335840658 3,9599460255443493 3,010619308680493 ), 68,15017942140979
( 0,0008644905168285518 3,0523762344115344 3,965440407525827 0,002062110401401932 1,8969954491123167 1,9264790408247925 -1,9760512792911116 -0,04894141901609853 1,9770976551454993 -2,0406146497129045 1,8831018811522893 -0,025685723503969214 3,054725304942447 -0,9849531231995993 3,960118821768624 3,0113529306071554 ), 68,1502005046111
( 0,000885211842069566 3,0522834417328437 3,9652601761619506 0,0021604297276350414 1,8969931623591163 1,9264455765339739 -1,9758691899716379 -0,04865753482694699 1,9768727501930938 -2,0406319991714423 1,8827799358519273 -0,025618552500874716 3,0543971557107663 -0,9849045169722688 3,9600176310641384 3,0111777918029463 ), 68,15026180147922
( 0,0007581207806769631 3,0525168289519162 3,9659661365380656 0,0016981401989377902 1,8972776148556316 1,9265064613631402 -1,9763878717408114 -0,049517867802647456 1,977678910791459 -2,0402851112138674 1,8836610584138773 -0,02592277014290914 3,0558301686714406 -0,985455215377387 3,960351212654389 3,012014624564449 ), 68,1503739955133
( 0,0009803115059522744 3,051559951211311 3,9650336000594 0,0024554020756376543 1,8967168901144318 1,9265888097063983 -1,9753939135962044 -0,048192581606112055 1,9768058832036144 -2,0406422644709745 1,8817832511592045 -0,025675746086996992 3,0534907762955736 -0,9841800287306154 3,959890064185833 3,010737746360001 ), 68,1505346586119
( 0,0008977960680732973 3,052136348831955 3,965254887979743 0,002310823475142133 1,896821482896368 1,9265371568045007 -1,975834867038361 -0,04870459845217523 1,9769291035908871 -2,040801783130772 1,8827039639067769 -0,02565505503044524 3,054126110207606 -0,984531801608376 3,9600492250897834 3,0110109812125145 ), 68,15054633708169
( 0,0010289525091562808 3,0513678974281784 3,964984658495271 0,002508720018605024 1,8965672667020095 1,9266728068812573 -1,9753266058626586 -0,04821781923192738 1,9768704938735973 -2,0406380623244083 1,8816333657029316 -0,025740571487974394 3,0532684611589422 -0,9839092681482263 3,959876677371518 3,0105942977780265 ), 68,15057237632006
( 0,0008470547858772072 3,052055611326637 3,9652263501307288 0,0023592049171139947 1,8969847253843783 1,9264885613484988 -1,9756754137146777 -0,048469423448112 1,976803039045181 -2,04075065123872 1,8824115573380886 -0,025642987758196952 3,054085966030476 -0,9846813287536916 3,960006887978421 3,0110332978495316 ), 68,15059678604074
( 0,0008594841406898997 3,052268469187104 3,9652315713037436 0,0021890431523671665 1,8970949506145647 1,9263739672538247 -1,975773922271338 -0,048409927341900146 1,976748022247329 -2,0406308046962067 1,8825855298020675 -0,02553377369675018 3,054353793211206 -0,9850122644696042 3,959975752753735 3,011214070928929 ), 68,1505969580852
( 0,0008587536009118157 3,0523309208971665 3,9652019935632232 0,0021123823127449913 1,89719686784852 1,9263044545405292 -1,9757557173649136 -0,04829633215816211 1,9766710644583463 -2,040528781765243 1,88254936495403 -0,025482836874799485 3,0544523300455007 -0,9852263060027786 3,95993305349675 3,011292691174685 ), 68,15059782478302
( 0,0008542518869737666 3,0514714387388273 3,965248148508925 0,0027085397565083996 1,8966493666801392 1,9268102049619975 -1,9754705955427034 -0,048723061376956714 1,9770641366422772 -2,0409538077768454 1,8820220251075936 -0,02596558352920158 3,053486809804133 -0,9838099772255148 3,960098040403206 3,010617975842803 ), 68,1507967453493
( 0,0008652441406862571 3,0520347195448796 3,965142150512031 0,002325572582011802 1,897068799855887 1,9263910147179952 -1,9755643066109643 -0,048155327532675055 1,9766472714510703 -2,0406567684633496 1,882170621442951 -0,025525495162088272 3,0540233886970785 -0,9848302999962752 3,9599204511223625 3,011069910955599 ), 68,15079933349462
( 0,0008996757679180737 3,052261887103644 3,9651148771168696 0,0022327990936224515 1,8970172923436048 1,9263559844159717 -1,9757261572957383 -0,048282476919358 1,976629584720408 -2,0406805009095463 1,8825009301142968 -0,025460461435203516 3,054139986742764 -0,9849176401848206 3,959918609597448 3,0110910662977663 ), 68,15082535971642
( 0,0007839948001555235 3,0524282148895976 3,965499596702157 0,0021628225479442655 1,8971177722557075 1,9264312109787156 -1,9760168342393738 -0,048821421337101205 1,9770131034941694 -2,040750794302425 1,8830536388334131 -0,025631284517734512 3,0547433370603314 -0,9850245821675319 3,960149394144096 3,0114081293202903 ), 68,1508317695757
( 0,0008830149698658042 3,0519737278867076 3,9652636683139204 0,002450240865940503 1,8967771617578053 1,9265761046288994 -1,9757270850728843 -0,04860815103438018 1,9769226059866816 -2,0409002292234035 1,8824854098244093 -0,025669876458790552 3,0539121918616976 -0,9843155724403243 3,9600631714835273 3,010924816777522 ), 68,15085638123365
( 0,0008185879604497401 3,0523365340964155 3,96523625382336 0,002189886632437058 1,8972270616697318 1,926301372312539 -1,975739579694955 -0,0482654752948614 1,9766461952949461 -2,0406300128679624 1,8825299118745964 -0,025470351908120813 3,0544227961504107 -0,9851950142222338 3,959959202073202 3,011290975422699 ), 68,15093906341076
( 0,0007931946281232286 3,052459156582018 3,9653090807436597 0,002121390108033065 1,8972881283977172 1,9262801914868697 -1,9758393453637944 -0,04836908097594332 1,9766979922409385 -2,040617467626451 1,882723857225231 -0,02547108174881124 3,0546399161568614 -0,9853382092139362 3,95999481467782 3,0114059908721393 ), 68,15101088545522
( 0,0007196680433294689 3,0523699824173995 3,9654481979392044 0,0021691306488708503 1,8974169973174309 1,9262743073257835 -1,9757816575883822 -0,048303156906218454 1,976762226476903 -2,040625133185798 1,882586090264131 -0,025503066112045177 3,0547519631417916 -0,9853876325891875 3,960050181047038 3,0115397342035055 ), 68,15120593135406
( 0,0008155442431076441 3,0518933837696403 3,965217461707328 0,002479060526450125 1,8970247679983565 1,9264566833486891 -1,9755144013729322 -0,04815556193349616 1,9767184524512695 -2,0408252308775485 1,8820577086782577 -0,025566984229216567 3,0538932419453424 -0,9845888944964875 3,959977748443247 3,0110158916288547 ), 68,15128397045486
( 0,0007968562616075954 3,0523413391089695 3,9652168772021352 0,0022548401526736044 1,8972551692870647 1,9262747134607092 -1,9756945534347141 -0,048151965904714655 1,9765636567244633 -2,0407047084790353 1,8824516955583033 -0,02542124599333899 3,0543413601530904 -0,9851875947290039 3,9599487115253695 3,0112668293139713 ), 68,15133121567024
( 0,0007474792551061874 3,052299349801407 3,9652947999203163 0,0022914949228815483 1,897325739247439 1,9262842471636734 -1,9756710571987923 -0,048153684346977095 1,9766058314667967 -2,040726673521403 1,8824028669070978 -0,025457351800853643 3,0544071279419858 -0,9852087165198654 3,959986276728316 3,0113256204902124 ), 68,15142277779307
Liczba wywołań funkcji celu: 8743
