Iteracja nr: 35
( 0,0002836591879454307 3,052766696669585 3,9657189524726824 0,0020182620432476193 1,8987419257060807 1,9257898723967994 -1,9755128171687673 -0,047480275332911395 1,9762761982795376 -2,040303163553422 1,8821419605972731 -0,02531571759298239 3,055856661694021 -0,9871846407213974 3,9600148927258014 3,0124216391785175 ), 68,15505633468234
( 0,0002492238097580752 3,052246689156391 3,965871689183419 0,0021757376563774937 1,8986970846372078 1,9258369228512968 -1,9752587413207843 -0,047059100081665126 1,9764475161101411 -2,0403521496782298 1,8814791974781164 -0,025294775327329485 3,055621628740248 -0,9867876558851292 3,9600302846369715 3,0124926041396227 ), 68,15521194029103
( 0,0009219456388510382 3,052495739440332 3,964742099726383 0,0016590837270692796 1,8981930342304765 1,9254204246146853 -1,9750331679548188 -0,04600363898612803 1,975466328875135 -2,0396013466116996 1,8810121678155165 -0,024589377682347965 3,054586033619177 -0,986997660565887 3,959336665169461 3,0119641108228103 ), 68,15526561916778
( -2,8650676217250562E-05 3,053156333607206 3,965697394709946 0,002270705585015113 1,8989339410803077 1,9259741168877098 -1,975708419492718 -0,04809465260366975 1,976197847292133 -2,0408494389117284 1,8828183858262635 -0,025594240724286267 3,0560673168361934 -0,9873717319096776 3,960126393331438 3,0121255958139437 ), 68,15548030944822
( 0,0005593230512782165 3,0522779983927806 3,9652010005762466 0,0019289710742229965 1,8985590503730112 1,9255807132486982 -1,9749893971429269 -0,04624980383445587 1,9758162653805513 -2,039911238577391 1,8809342075423456 -0,024898500802176475 3,0550153768498953 -0,9870303631039219 3,9595922237338828 3,0121980006315083 ), 68,15567430053409
( 0,0006707268709443526 3,0526273615406145 3,965362803174044 0,0015945700597982677 1,8984257058275178 1,9254605192196166 -1,9753801809417466 -0,04637491153702071 1,976024187025951 -2,039827210425181 1,8815493864527228 -0,024673992605450824 3,0554935475520892 -0,9871706309501966 3,959635933222888 3,0125587029097756 ), 68,15580187714444
( 0,0005137756389868562 3,0521654375407845 3,965449480398903 0,0019350996767325108 1,898640171732637 1,925557892287729 -1,9749802720145326 -0,0461539075313529 1,9759860328770358 -2,0398993548065203 1,8808226636420966 -0,02488294964826278 3,0552039852268464 -0,9870053837539409 3,959687133664851 3,0124573164433817 ), 68,15598352994937
( 0,000626335512593482 3,0521569799641073 3,964876590974628 0,0019987267853199472 1,8985843137798577 1,9255386955306233 -1,9747050687534449 -0,04591866547660261 1,975459003727335 -2,039771235914787 1,8804699799225062 -0,024871456089481932 3,0545683323731545 -0,9870782131512773 3,9594171108430003 3,011915043010831 ), 68,1560496028755
( 0,0008991033801608532 3,0526688695103457 3,964451798125626 0,001629456620286667 1,8983369083950206 1,9253539159034103 -1,9749474041281974 -0,04585917242801842 1,975129366866675 -2,0395466958757176 1,8809734347441616 -0,02455407117827743 3,0545035965554646 -0,9873514137014502 3,9591815632688885 3,0117811031863626 ), 68,15606837012076
( 0,0003849902349296255 3,0516140290121094 3,9657491588543694 0,0024440277715608314 1,8984863322482806 1,925778184599615 -1,9747538655558785 -0,04613975131910348 1,976254184020563 -2,0403465728717385 1,8803452736064754 -0,02506184717359235 3,0547482418864633 -0,986152665378945 3,959892450350298 3,0123207925100184 ), 68,15607793971374
( 0,0007546025607301428 3,0523505738539654 3,9647201984391387 0,0017762677310057926 1,8984845459689579 1,92543600025958 -1,9748193735331738 -0,04582547107544491 1,9753642735008397 -2,039616825983166 1,880652347735582 -0,024698360144284896 3,054614736558308 -0,9872336501398722 3,9593033025512407 3,011938520634481 ), 68,15621393825748
( 0,0006875042221722398 3,052149768271353 3,964889318404508 0,002093886826970209 1,898382123929289 1,9255215924204672 -1,974736980873524 -0,045783025553105074 1,975441852071157 -2,039964762085651 1,8804736920692655 -0,02471810712905786 3,0543219088149 -0,9867422042004111 3,959434653137928 3,011857141209718 ), 68,15625236016601
( 0,00041341782198523516 3,0518061490319988 3,9651655359073876 0,0024273518186804953 1,8985664318395152 1,9257644020852829 -1,9746107714218335 -0,04612027534121333 1,9757346206133632 -2,0402484350350747 1,880285371765507 -0,025106132622266984 3,054397613335218 -0,9865244325586525 3,9596335078514397 3,011812450295066 ), 68,15625526552573
( 0,0007814732835230944 3,0526431785510213 3,9650251953397513 0,001479671754555342 1,8985483967441212 1,925331931875162 -1,975155892836344 -0,04605099418321896 1,9756386759674345 -2,039466878815135 1,881184181043987 -0,02460587454488942 3,05527481534637 -0,9875288599880206 3,959430064678265 3,012424538826015 ), 68,15628859494278
( 0,0009126163186938486 3,052546730338361 3,9645292428584096 0,0016457912354394307 1,8983986713229357 1,9253121608132928 -1,974842779976417 -0,0456810838684779 1,97512873246954 -2,039451500345478 1,880721783939081 -0,024528267747884334 3,0544790370535826 -0,9873482981510083 3,959199189191631 3,0118874084708334 ), 68,15629085135849
( 0,0007893774451974091 3,0524614175959255 3,964683358079534 0,0016926314671728197 1,8985657932058724 1,9253589318948507 -1,9748139845665016 -0,045770098808603686 1,9752547810618823 -2,039477264084628 1,8806735879501701 -0,024655987390050583 3,054688146430667 -0,9874459147205324 3,959272450087152 3,012003014894704 ), 68,15631757483813
( 0,0005603614669885856 3,0519355822625704 3,964968860354225 0,0021447260560657315 1,898666805013981 1,9255816574392988 -1,9745455856860765 -0,045833586063150564 1,9754930743253534 -2,039805893752625 1,880159677498338 -0,02495883598866987 3,0544719158352667 -0,9869691887641079 3,95946470977289 3,0119190546176533 ), 68,15632015049191
( 0,0008724850479509635 3,052595853863841 3,964632885624067 0,0015715412932543577 1,8983630458522098 1,925337965958373 -1,974999736153506 -0,04580732774206805 1,9753189234169886 -2,039535761367568 1,8809571247613133 -0,024515565265635135 3,0547126588345375 -0,987342013975185 3,9592382791172174 3,0120023916581933 ), 68,15636988503263
( 0,0009149601850316435 3,052682484615013 3,9647137634701566 0,0014198870698091295 1,8983988150574511 1,9252696052418212 -1,975082410294728 -0,04580228169743583 1,975380531353726 -2,0393826878564845 1,8810666771227817 -0,024458696795255315 3,0549394762016093 -0,9875017648102492 3,9592514761053255 3,012200731893418 ), 68,15640015000497
( 0,0007324960891023065 3,0522706439405995 3,9648274427964822 0,0016859004298362098 1,8985819179640837 1,9254073445425257 -1,9748036218076364 -0,04572318687018168 1,9754685937622907 -2,0394905842911375 1,8805402458175995 -0,02469286347289082 3,0548162891977655 -0,9873612050642592 3,9593136009640237 3,012126153631176 ), 68,15642102543518
( 0,0005813899695321198 3,051903703033325 3,9650712533688455 0,0020355095486308964 1,8985963225245954 1,9255696433159546 -1,9746466194763965 -0,04579650379984106 1,9756739302403028 -2,0397862357362038 1,8802286588141615 -0,024885201049080694 3,054635988052788 -0,9869178328963265 3,9594803997643284 3,012078742515174 ), 68,15643998142522
( 0,0008029052022373382 3,0524300963343434 3,964735836217728 0,0016201840102023689 1,8985206395931458 1,9253450987949916 -1,974866119664483 -0,045702553315053115 1,9753595161709838 -2,039463952472447 1,8806868204669938 -0,024593589941180344 3,0547798595561515 -0,9874147641504822 3,9592679942240805 3,0121018521987355 ), 68,15652603666
( 0,0008858071068541792 3,052603617237357 3,9646960377157843 0,0014647481913914904 1,8984090972689975 1,9252970035804828 -1,9750317519815337 -0,045766779360929086 1,9753851398183622 -2,0394180886342967 1,8809652270295287 -0,024485744741618874 3,054884970499361 -0,9874615490771094 3,959240033173378 3,012154495527873 ), 68,15654231538909
( 0,0007913233777079004 3,0523630369986376 3,9647747478883772 0,001594899453229539 1,8985946951194468 1,9253410326578726 -1,9748169326725378 -0,04568154490411977 1,9753888784962008 -2,0393652540511633 1,880583696822451 -0,024635992019017956 3,0548506089292546 -0,987492804987766 3,959273708322637 3,012171642560138 ), 68,15654317470302
( 0,0004698855890101658 3,052002969933555 3,965494636809372 0,0017254866314765187 1,8988961543762297 1,9255232203406452 -1,97487046660048 -0,04601838093876456 1,976088741856727 -2,039522418625507 1,8805454095795078 -0,024972643908496333 3,055560233773886 -0,9874185013918746 3,959624358625116 3,0126990222673604 ), 68,15655990909568
( 0,0007148168151433082 3,052029904882395 3,964739955703201 0,0020136771094364414 1,8984316682376023 1,9255151046144723 -1,9746131975208456 -0,04565856866512257 1,975375003872835 -2,0397659200905984 1,8802308728120554 -0,02475066380307019 3,054266437416272 -0,9868783835411904 3,959323922131468 3,011796289431605 ), 68,15658227432807
( 0,0007154994261989553 3,0521011219453205 3,9647268721683426 0,001979569441680095 1,8984500966287046 1,9254937899965956 -1,9746468468245622 -0,045665772817315375 1,9753502904300106 -2,0397568994195594 1,880303955168256 -0,02472836533013742 3,0543201164571547 -0,9869540251317421 3,9593151452371758 3,0118146028220383 ), 68,15660166404383
( 0,0006846828841111769 3,051942244407873 3,9648658084021084 0,002047274329810123 1,8984229220713789 1,9255381459290581 -1,9746229184816304 -0,04565496943290857 1,9755016051217669 -2,0398223463563117 1,880194163525988 -0,02475947923111037 3,0543210398670504 -0,9867712198138774 3,9593809974811225 3,0118832077316453 ), 68,15662042742328
( 0,0007278989299722683 3,0521028448987346 3,9647029476319307 0,0019035615465670332 1,8985106634932645 1,9254643394907562 -1,974621764741955 -0,0456206444659673 1,9753291296165247 -2,039627516743222 1,8802550475717077 -0,024732026928731995 3,0543953617322854 -0,9870956756969801 3,9592810376137257 3,0118648304780318 ), 68,15666743802375
( 0,0008689468906833335 3,0523927556372445 3,9644831372944824 0,0017159453246470967 1,8983974686994023 1,9253594352555041 -1,974750337846751 -0,045597457983164384 1,9751388280064652 -2,0395120151838166 1,8805302868911338 -0,02456341657701619 3,0543661867917806 -0,9872613285926205 3,9591641352518723 3,0117989045610485 ), 68,15669342212054
( 0,0007249477511182794 3,0521952088799713 3,964814394140768 0,0017995427956433467 1,8985414038083668 1,9254194638268523 -1,9747357035650386 -0,045641620740325385 1,9754245968822255 -2,0395986633148033 1,88041581560549 -0,024672990488764573 3,0546344953632003 -0,9872034746628598 3,9593173879414945 3,0120502869954753 ), 68,15672850385812
( 0,0006802435605860614 3,051988796386923 3,964790124237005 0,00202573220614297 1,8984834608446912 1,925516787250432 -1,9745922106509914 -0,045626729816987864 1,975408366234889 -2,039770985772797 1,8801748002615317 -0,024764351505291722 3,0543211406482187 -0,9869035779171001 3,9593395466754444 3,0118473340908167 ), 68,15675249725001
( 0,0006620880471406038 3,051949814362515 3,9647732504620636 0,002090851987288787 1,898480129302208 1,925545116841878 -1,974554727485057 -0,0456430544703178 1,9753895523735003 -2,039821279649587 1,880125965446983 -0,024799365185884038 3,0542396126061337 -0,9868440157135869 3,9593450520402693 3,0117794952061905 ), 68,15677582946296
( 0,000677140354741105 3,0519166917519165 3,9647350720321666 0,002117739918009364 1,8984417976476027 1,9255521454269644 -1,9745241179886284 -0,045602634423528146 1,9753604880680982 -2,0398371514301235 1,880070507637633 -0,024789814134888007 3,0541427605471374 -0,9867777599053289 3,9593273196828034 3,0117232899222364 ), 68,15679973953905
( 0,0009800039843638844 3,053030484426382 3,9649122601327655 0,0010914036652513053 1,8983067032832612 1,9251524443979342 -1,9754854860829885 -0,04588969255722963 1,975613883823054 -2,03935408159706 1,8816835415968134 -0,02422412164502185 3,055485306715985 -0,9876746299231186 3,959303346356481 3,012593527418225 ), 68,15680881359773
( 0,0007151313626977359 3,05203761501749 3,9646915299879275 0,00199369701555916 1,8984737516948804 1,9254925071155327 -1,9745783495183042 -0,04559321335320842 1,9753146318802786 -2,039719637364949 1,8801740072251367 -0,02473825662938364 3,054260923407554 -0,986964357195874 3,959288819943359 3,0117871536759595 ), 68,15681158812038
( 0,000664824612800982 3,051921975728919 3,9647665193916164 0,0020950781014347506 1,8984834653351308 1,9255405871479303 -1,9745298962856936 -0,04559994313780629 1,9753799834285843 -2,0398096565352866 1,880070868624979 -0,024792334967952207 3,054215655747323 -0,9868380295885649 3,9593360114961347 3,0117782098285457 ), 68,15688552004181
( 0,0010827612017112504 3,053350479823161 3,96448160272769 0,0007070495124139691 1,898533424818582 1,9250800594033863 -1,9754772121584816 -0,046106064125593156 1,975292256376657 -2,038743880246965 1,881871328074136 -0,024373752569173224 3,0557233595949365 -0,9885006583559085 3,9590746028457735 3,0124587055101664 ), 68,15691880677153
( 0,00034739026142202904 3,051474509189217 3,965275940913627 0,002647434600049218 1,8985902550670655 1,925829882556762 -1,9744015055753297 -0,0459545734253538 1,9757957447300944 -2,04035204283694 1,8798498346005499 -0,025179471985863944 3,054175993936822 -0,9862447596433778 3,959688728201226 3,011783050440825 ), 68,15691992236903
( 0,0006178819275186553 3,0518477049950676 3,96482469737874 0,002179872730099815 1,8985261322918214 1,9255688924233025 -1,974477936204017 -0,04560031608617137 1,9754020434830932 -2,0398672520155676 1,879981090986626 -0,024841668715313743 3,054190031879245 -0,9867840705695123 3,9593743618079866 3,0117769179752982 ), 68,1569553234372
( 0,0006791016467665092 3,051905394315717 3,9647063445136173 0,0021095623325342473 1,8984589966262373 1,9255416244273382 -1,9744984562888719 -0,04555666792602964 1,9753308077423983 -2,0398123204293195 1,8800200209064772 -0,024781372528178153 3,0541266769994557 -0,9868110827465241 3,9593058176197364 3,011714440439745 ), 68,15698529856708
( 0,0005799854290353765 3,051752359653133 3,964846124341818 0,0022601412095228546 1,898530272566752 1,9256221555926984 -1,97443059677212 -0,04564195272940621 1,975440836052028 -2,03992502882605 1,879900134678084 -0,024912524323462613 3,054130995692911 -0,9866922459304039 3,959398414124726 3,0117246119543672 ), 68,15699549801012
( 0,00047136322348845667 3,0515419221120967 3,965279515881313 0,002307896077876504 1,8986270681749882 1,925661032617363 -1,9744572973823211 -0,04566244879331212 1,9758148688791806 -2,039982186426155 1,8798140525062277 -0,024977387772940625 3,0544603653583287 -0,9865619151921174 3,9595902730772505 3,01209493220971 ), 68,15700904388855
( 0,0006018237338997784 3,051730795239275 3,9648298933466557 0,002312885850466894 1,8984825001571517 1,9256167221862641 -1,974399530212213 -0,0455793532259467 1,9753966790974509 -2,039967640351799 1,8798415842398741 -0,02487932195656392 3,0540040194847666 -0,9865895998628568 3,9593978006904664 3,011678527943441 ), 68,15708495703743
( 0,0006198616427873047 3,0518107957783824 3,9648129117485045 0,00214841635815943 1,8985169511226272 1,9255679181471395 -1,9744744421220946 -0,045555341371050044 1,9754294450740693 -2,03984660858349 1,8799428866651327 -0,024826313558344536 3,054206834002207 -0,9867887640232125 3,9593513497005013 3,011791031951568 ), 68,15716532235727
( 0,0005054136679058411 3,051541938709856 3,964840257208692 0,0024917015683645696 1,8985259956833276 1,9257576333228326 -1,9742901977568197 -0,04579497865224054 1,9754678352981414 -2,040067444933549 1,8797092955834758 -0,025109140665727725 3,0538909970432986 -0,986450287631486 3,9594472557557077 3,011518065705255 ), 68,15720060529645
( 0,0009739390577688439 3,0525658786246472 3,9643807710535843 0,001426477153958331 1,898476184208208 1,9252044798926367 -1,974794265577014 -0,04541710266999667 1,9750223271140106 -2,0391769903073174 1,880578799120147 -0,024417875745458943 3,0545797777412003 -0,9876660000615292 3,9590482713865267 3,011970079985868 ), 68,15721574954796
( 0,0007317333402422876 3,0518724324582034 3,9645728907160898 0,002125207983549918 1,8983859836468258 1,9255276239544394 -1,9744322137339105 -0,04542330507953995 1,9752169807710733 -2,039799143194155 1,8798991722530318 -0,024726851931547646 3,0539196460328815 -0,9867412376954956 3,9592335239111747 3,0115901074604565 ), 68,15723571449286
( 0,0007784517302211408 3,052012448955679 3,9646475159278616 0,0018692714539172298 1,89844588167488 1,9254303171675153 -1,9745724252380774 -0,04541090312312692 1,975310088515106 -2,039585969024289 1,8800835431285903 -0,02463380400469588 3,0542872688220224 -0,9870281256449868 3,959220093193218 3,0118634326266758 ), 68,15723784770006
( 0,0012416232254620302 3,053262636019952 3,9640392976260985 0,001107754581972673 1,8980909459309205 1,9250717157346595 -1,9752521259562577 -0,04568450359836833 1,9748000510985668 -2,039183424764156 1,8815167783574023 -0,02410631569235782 3,054566466987389 -0,9877614361860583 3,9589177675908833 3,011803769246031 ), 68,15732376698585
( 0,0010299473142737386 3,052629459918972 3,9643822552788293 0,0013145519536399016 1,8983493988453262 1,925181229086557 -1,9749236639557506 -0,04540199242604005 1,9751082567343599 -2,0391856145662604 1,880741166524073 -0,02430890510309091 3,0546518360352577 -0,9876103487166679 3,959028936821415 3,012030115908803 ), 68,15732947100933
( 0,0007135291598627054 3,0519323155289677 3,96453040061313 0,002014973929380918 1,8985191616845507 1,9254981158643534 -1,9744298887865246 -0,04544573750447209 1,9751818419173357 -2,0396461719595735 1,8799161740229229 -0,02476498221684263 3,054094851451833 -0,9870250449401418 3,9591930825331 3,0116469981273375 ), 68,15733175937027
( 0,0006759192730540437 3,0518075041638513 3,964800585139197 0,002134020105193097 1,8984688591080432 1,9255115743050828 -1,974451770432119 -0,04538604895249311 1,9753730377351084 -2,039821076206754 1,8798609010289837 -0,024719411528955078 3,054118631113544 -0,9867392060446618 3,9593284191337776 3,0118195096493254 ), 68,15737928904923
( 0,0006952842577583556 3,0517952288095853 3,9646747263707027 0,0021466701758908044 1,898456416783187 1,9255280825675045 -1,9743959694769133 -0,04539562793248597 1,97528298831258 -2,039782356751085 1,8798027976177867 -0,02475537718430999 3,0539950144907233 -0,9867541268748548 3,9592746943280344 3,0116881992837565 ), 68,15741836973805
( 0,0012322228259112424 3,053248296069463 3,963986269874253 0,0010159517859730932 1,8982662331430453 1,9250336390347886 -1,9751525791325544 -0,045623675847766956 1,9747175368832035 -2,0389458473816626 1,8813743391139106 -0,024171339109243642 3,054683863233895 -0,9880649224917732 3,958860599044214 3,01185879965849 ), 68,15742008204246
( 0,0006230992172552165 3,0516999557531097 3,96475359387623 0,0022677337614627766 1,898493894119137 1,9255908961632633 -1,9743517625045084 -0,04546467113532215 1,9753429922953185 -2,0398916457445257 1,8797352587550615 -0,024846454594850697 3,0539687251776386 -0,9866535764669332 3,959335791678127 3,011661851211941 ), 68,15743149079783
( 0,0005183625672313231 3,051517149964318 3,964892556680892 0,0023532145102849495 1,8986612982472129 1,9256453941386322 -1,9742321477331688 -0,045486074941857 1,97543940620695 -2,0398649000438343 1,8795184688793112 -0,024999522574058537 3,0540669719678153 -0,9866951068390041 3,9594005480138095 3,011741532866786 ), 68,1574520439512
( 0,0006613294336597252 3,052702309096394 3,9643437895073217 0,0017832837780822077 1,898339961825428 1,925539892160508 -1,9750691546518173 -0,04617954165772096 1,975236696694017 -2,040026202600299 1,8812672042027758 -0,02470343202176716 3,054563538215916 -0,9872910512678419 3,9591644684653113 3,0115048369840105 ), 68,15747483555917
( 0,001046542695384179 3,052561514522204 3,96423668366325 0,0014154030991863713 1,898300083482293 1,9252061046115492 -1,9748130035879081 -0,045331457301017404 1,9749713728470333 -2,039233696996056 1,8805803713791083 -0,024321694937292207 3,054371341437496 -0,9874997576374134 3,958972547885235 3,011826170973293 ), 68,15747764949668
( 0,0006637752088764812 3,051762151555695 3,9648063854080258 0,0020224854965151394 1,8985852660313496 1,9254915950224576 -1,9744150841432089 -0,0453498614106326 1,975408727929827 -2,039633391004359 1,8797699581597 -0,024762073228331134 3,054292932460527 -0,9869537910241932 3,959295404212545 3,011925482637407 ), 68,15750400023586
( 0,0008136055191899684 3,0520305229536873 3,9644643846381036 0,0019593647640397515 1,8984123185468678 1,9254211989162435 -1,9744684622928952 -0,045327571300257 1,975088077091982 -2,0396152723095575 1,8799705511450835 -0,024617484848155888 3,0539930538916398 -0,9869848145121525 3,9591510351319803 3,011647911921567 ), 68,1575060840956
( 0,0007511915654502385 3,051913891207366 3,9646061817415283 0,002018479404997784 1,8984589725152172 1,9254577425007622 -1,9744456083872632 -0,04533555270641386 1,9752148870860105 -2,039669239434504 1,8798860842044012 -0,024669907347888688 3,0540678204125435 -0,9869139458955077 3,959218954297123 3,01173571440471 ), 68,15750818421071
( 0,0007367491592862723 3,051872925844013 3,9646138808332654 0,0020595334705278516 1,898458149503463 1,9254768424665603 -1,9744203098861757 -0,045337591405417474 1,9752217595662136 -2,039700264248423 1,8798421535240104 -0,024692094794826352 3,054027921551936 -0,9868664402783406 3,9592283700645092 3,01171055552587 ), 68,15753421664266
( 0,0007533923447668159 3,0519147722974838 3,964632571964603 0,0019854590351465434 1,898401416874108 1,9254661519760503 -1,9745073819622039 -0,04533980369454685 1,9752948328862676 -2,0397094788998618 1,8799569761080432 -0,024636137899754437 3,054118371813697 -0,9868578302973797 3,959220965909208 3,0117683501783348 ), 68,15753651749485
( 7,363788535550049E-05 3,051118906419792 3,965819032062035 0,002938758360607441 1,8987902336557152 1,9260143795371265 -1,9743515017295805 -0,04620964013178147 1,9762607473744194 -2,0406343253956045 1,8796970089069847 -0,02547596759705709 3,0544698860622153 -0,9859820399437395 3,9599927703007163 3,0120420660833718 ), 68,15753727108857
( 0,0006668356955636661 3,0518779763540542 3,9648449752930413 0,0019127721353751756 1,8986262188060465 1,9254436057884692 -1,9745077504814295 -0,045369808825805616 1,9754377829688632 -2,039582176937788 1,8799224943610242 -0,024711728549257544 3,0544891704978046 -0,9871115590302038 3,9592969596645275 3,0120490838225913 ), 68,15756812665208
( 0,0008043859823373588 3,0520979089824887 3,9646423776914177 0,0019234553358258993 1,8982754972874694 1,9254169601733186 -1,9746777732234322 -0,04536858390620865 1,9753061747775014 -2,039814445491946 1,880245201780786 -0,02448938597208476 3,054162201727269 -0,9868024039545698 3,9592304873730617 3,0118125558535676 ), 68,1576053496805
( 0,0007805587801790086 3,051929989744552 3,964498538206051 0,001994136256238203 1,8984929436205917 1,9254275939388752 -1,9743797666726404 -0,04526028029525768 1,9750909002756014 -2,0395728878883395 1,8797986800044253 -0,02466251743994271 3,053994215516352 -0,9870160894644878 3,959158276919925 3,011676116471571 ), 68,15765445086862
( 0,0006324293286054576 3,0516182340680866 3,96475467258086 0,002264412918763552 1,8984609266104047 1,9255962831896811 -1,9743249411232466 -0,04538746631225532 1,9753779292468994 -2,039884524133127 1,8796399574445726 -0,024826830318632333 3,053930401580307 -0,9865880479135826 3,95932032517962 3,0116664773211888 ), 68,15765759228964
( 0,0006481456585733889 3,0516021968415705 3,964615548518017 0,00237782027682866 1,8983994676281533 1,9256349841588913 -1,9742486315050605 -0,045405459126074466 1,9752410403048337 -2,0399589436315804 1,8795760161241466 -0,024863152192084115 3,0536605966087853 -0,986467756347717 3,959285645706558 3,0114426790357745 ), 68,15766502229184
( 0,00048611345307867553 3,0515989953912954 3,9644721650320514 0,0025740673466283165 1,8987321572272902 1,9257195034084649 -1,9740210877843025 -0,04561988711671978 1,9749901413101776 -2,0399343542714132 1,879408745894555 -0,02518311312392396 3,0535872029126425 -0,9867899991433199 3,95927736905407 3,0111907666623683 ), 68,15781041385546
( 0,00042433303175124556 3,0513044661199356 3,9652279161084034 0,002477515808018229 1,898610093156528 1,925734584906517 -1,9742939442981824 -0,04556643528858735 1,975796907480195 -2,040091433359587 1,879494077315076 -0,025042763475740165 3,0541936931575515 -0,9863563441904468 3,959574839918818 3,0119280725236597 ), 68,15781226480377
( 0,0012095197746646777 3,052915552190717 3,96391569041026 0,001183901366639018 1,8981646550500275 1,925094672757036 -1,9749621203547547 -0,04532312285854678 1,974718814073268 -2,039093958306015 1,8809165077629146 -0,024139090952576644 3,054317256433017 -0,9877254950516725 3,9588052622677776 3,011689164001048 ), 68,15797386813334
( 0,00035871720046123744 3,0512789568120597 3,964998742970837 0,0028418884775522372 1,8985930086162777 1,9258531650556685 -1,9741002682874411 -0,045694706767866265 1,9754902979141913 -2,0403688393603314 1,8793632451595679 -0,025211584661392603 3,0536500833542775 -0,9861312267220361 3,959562882456031 3,0114323344801206 ), 68,1579846207922
( 0,00016969506081294562 3,0521835748403268 3,965276602031847 0,002210094400908004 1,8994390603801519 1,9255135756374262 -1,974503076929756 -0,04594996038896664 1,975426011178533 -2,039838070565196 1,880260924906223 -0,025174801393346113 3,0552493072212363 -0,9878614032172435 3,9596081111059673 3,012309509259968 ), 68,15800091541043
( 0,0008403319087964133 3,051684837433277 3,964776290964924 0,001877661670555406 1,8983693747688675 1,925377465564964 -1,974421671857471 -0,04496101205283392 1,9754175569488734 -2,039505218327905 1,8796032484644276 -0,024487511997373045 3,0541494319992046 -0,9867718991429314 3,9592127226875427 3,0120380038451198 ), 68,1580568908491
( 0,0005856822603060407 3,0515102431374737 3,9647309368625905 0,0024508270156968688 1,8984589254155169 1,9256493931015377 -1,9742110229959908 -0,045363131009819355 1,9753111564748 -2,0400313396376566 1,8794718617936312 -0,024884170000858467 3,053698856368434 -0,9864178567569548 3,9593391578690973 3,0115161103545947 ), 68,15809255229017
( 0,0005391834954191562 3,05152324486248 3,964644830778908 0,002429191350639509 1,8985353297605148 1,9256873687272447 -1,974196336860589 -0,045460400251319553 1,975282324625773 -2,0400012135880408 1,8794909141656317 -0,024975860070906318 3,053751156709386 -0,9865641191479022 3,959301287083546 3,011434721386429 ), 68,15810524123731
( 0,0001989115995949785 3,0511655311901538 3,9654173892254567 0,0031095408460215727 1,8986018058005139 1,9259758248816923 -1,9741800946775647 -0,045981647676937104 1,9758151169452258 -2,040741366078643 1,8794989731052645 -0,025348379226232724 3,0537807128761 -0,9857651798846154 3,95983213207342 3,011586889350486 ), 68,15818061628374
( 0,0008764085391621155 3,0513001178916648 3,964329863998962 0,002450254912874608 1,8978748597878616 1,9257406287029217 -1,9741650771342543 -0,045296407858277814 1,975240254988057 -2,040008402866763 1,8793142280142978 -0,024784980006236215 3,0529404941845835 -0,9857575154349939 3,9591650978409265 3,0110175396407435 ), 68,15820911183907
( 0,0004635465304252852 3,0512567840127347 3,964876483836539 0,0025239387136712314 1,8986498794966387 1,9257360908842998 -1,974072550624199 -0,04543364936168112 1,9754681148806605 -2,039962386517613 1,8792048947998095 -0,025099334213994903 3,0538372681066255 -0,9864750449579291 3,95940542649955 3,0115995708106045 ), 68,15823093929829
( 0,001321660659033201 3,053172607792414 3,9638603699014943 0,0009425873576240328 1,8981119200783167 1,924987031866237 -1,975134277986959 -0,04534162532446104 1,9746828714007156 -2,0389242835875123 1,8812230685717737 -0,02399687851755843 3,054511121863769 -0,9879410801869392 3,9587522832448254 3,011813665433843 ), 68,15823596882552
( 0,0007450390351887729 3,0517215690780004 3,9644701453339515 0,002183742998376541 1,8984341595711518 1,9254922807098096 -1,9742389483436307 -0,04514335602704831 1,9750693710524039 -2,039732626938555 1,8795235219989246 -0,024690815926565635 3,0537000951028377 -0,9867416891132933 3,9591567468731834 3,011517492999706 ), 68,15829909648417
( 0,0005580124198066777 3,0512909222751223 3,9647090913559215 0,002529433396047099 1,8985207435429547 1,9256940223172532 -1,9740367870853972 -0,04527718160171629 1,9753035919741446 -2,039963023361188 1,8791437048520487 -0,02498328458266453 3,0535720176002785 -0,986375036359957 3,959321613799974 3,0114527168601843 ), 68,15850766588642
( 0,0011842762020683876 3,052995119533409 3,9638673220363763 0,0011601042100711089 1,8982740096480268 1,9250391689996103 -1,9749292623068475 -0,04521486161180395 1,9745993607897963 -2,0390574516792728 1,880889471472165 -0,024102568261279735 3,054367705648516 -0,9879203788863474 3,958763318700777 3,011711112842998 ), 68,15856195625624
( 0,0008176876003517651 3,051821856874884 3,964139416523654 0,002478267951656813 1,898100907983872 1,92558914997764 -1,9742232591634736 -0,045278083039614385 1,9747749155415957 -2,04012864534573 1,8796528619768813 -0,024666496359594427 3,0529843276923594 -0,9862457453998936 3,959104354309296 3,0109244579905696 ), 68,15872479353665
( 0,0008506606591420154 3,0518424309020773 3,9641070072222746 0,00215329316352206 1,8983618721032334 1,925449692136518 -1,9741588012628992 -0,04504491656560667 1,9747340375218094 -2,039636968733827 1,879480845651123 -0,024633221618374664 3,0533751223533967 -0,9868347742222923 3,9589865780123636 3,011214171549622 ), 68,15873310733762
( 0,0005886983720908761 3,0516078185660596 3,964940234090899 0,0019427380693483498 1,898616788475283 1,9254848113254905 -1,974449928446873 -0,04516813192257138 1,9756325960542325 -2,039682825864916 1,8796631194846263 -0,024683101282490693 3,054521643430954 -0,9869592874206231 3,9592875698365773 3,012135260351961 ), 68,15879268293011
( 0,0007445750472044487 3,0514393535384055 3,9643975848618838 0,0025520672860815307 1,8981482066342834 1,9256651006927838 -1,974110084877723 -0,04519615669063354 1,9750681699983779 -2,0401176550367817 1,8792959551079484 -0,02476564183310937 3,053064054031804 -0,9860407677347226 3,959204284230745 3,0111096829660813 ), 68,15882976706655
( -3,537014986716068E-05 3,050860201699135 3,965907639754997 0,0033011143863524513 1,8986627287286264 1,9261578125574788 -1,9742509774543953 -0,046208077216313995 1,976347204485348 -2,0410724993243314 1,879494335961611 -0,02554116436291049 3,054103619692149 -0,9854369735445428 3,9600884816723383 3,011834675735701 ), 68,15893914965878
( 5,7700360468415066E-05 3,050762060686675 3,9660024735124773 0,003320419110960146 1,8985825676788453 1,9260996737762321 -1,9741860229744341 -0,046020672765700106 1,9763600325920363 -2,040990865563642 1,8793129774429187 -0,02544791265456585 3,053979666258244 -0,9852564528511932 3,9601193965032966 3,0119444232591084 ), 68,15896310242732
( 0,0008661913961049817 3,052050715382747 3,963914122911736 0,0023486251983629745 1,8981034109039934 1,9255260689849298 -1,9742802482893622 -0,0452738140658875 1,9745842064458585 -2,0400421063322964 1,879843165397094 -0,024598967176321613 3,053002532578495 -0,9864956232441986 3,958979059927837 3,0108285728184963 ), 68,15897587094024
( 0,0008494899551852298 3,0518166387588717 3,9641875299274 0,002128658357436527 1,8983134806450344 1,9254348719500332 -1,9742138893834829 -0,0449721665364786 1,9748331024305374 -2,0396956246253426 1,879500514847701 -0,02455517503504869 3,053437976123278 -0,9867553850639925 3,959005811968998 3,0113127781602325 ), 68,1589912739316
( 0,00031561240666029344 3,0509094314827454 3,9648543244607946 0,003298935872396406 1,8986218312013952 1,9259591910782583 -1,973649082946397 -0,0455023157801299 1,9751977438648416 -2,0405018646845776 1,8786686747362995 -0,025393722768483104 3,052914661637371 -0,9857553856130423 3,959556573469894 3,011005399947119 ), 68,15935701142807
( 0,0007616556705273798 3,051281213284671 3,9646558043656017 0,002197761466259799 1,8983662680167719 1,9255025751612844 -1,974091079603761 -0,04479342924661761 1,9753234522580874 -2,0396647881965264 1,8790149548676722 -0,024631126154267723 3,053640529467091 -0,9864400218184864 3,959174357993698 3,011713321119008 ), 68,1594435216665
( 0,0008068344110844488 3,051276312790219 3,9646155590599603 0,002133813808551597 1,8983348772565385 1,9254671805659698 -1,9740873999002284 -0,044695849755182704 1,9753045016398103 -2,039593834055911 1,87897252667318 -0,024568702271848906 3,0536259082960435 -0,9864599767096105 3,9591319918850565 3,011735564642667 ), 68,15968326902413
( 0,0006433421683022695 3,0512508120649238 3,9644944294237825 0,0025575709131348727 1,8984184779322946 1,9256305008635395 -1,973916546875092 -0,044947630029165256 1,9750757263888328 -2,039964022644694 1,8789020385117357 -0,024826293761271854 3,0532212721642207 -0,9862806070845708 3,9591916333707298 3,0112845433655293 ), 68,15971068279441
( 0,0008504626154663393 3,0516918579689083 3,9640464559519644 0,0022436401413640497 1,8983049799856284 1,9254541277589314 -1,9740495609201663 -0,04482091250018256 1,9746840196360218 -2,0397237067805793 1,87922492867748 -0,02457026305708032 3,0531461151803656 -0,9866649723049782 3,958940566147615 3,0111227873593718 ), 68,15984688470822
( 0,0014821959339000467 3,0530456736719005 3,9634464020901112 0,0008413136494414769 1,898027158059704 1,924886327941569 -1,9748925048769694 -0,044830587141314715 1,974340979195844 -2,0386628744029074 1,8807386089824736 -0,023825567755868554 3,0540725427435067 -0,9880061037197346 3,9584767565717653 3,0115763815716194 ), 68,15987617745908
( 0,0012457414693543578 3,053348748263473 3,96375248382534 0,0007352403875939472 1,8983421096712436 1,924857736933719 -1,9751692963884913 -0,04505700596939912 1,974562911495303 -2,0388269636128675 1,881244522507219 -0,023849099778609557 3,054842354990019 -0,9884730686028298 3,9586137107457553 3,0119639948675445 ), 68,16049640549159
Liczba wywołań funkcji celu: 7336
