Iteracja nr: 18
( -0,0029972848036316146 3,066179204647204 3,9723021685942554 -0,015059522674639877 1,8966218254789724 1,9135783617777875 -1,992017795212045 -0,0040144638641484275 1,9809969618944772 -2,054486872066254 1,8927670790014401 0,007033181795092339 3,0814243677166795 -0,9972754233139663 3,9532380824746918 3,0349250603273865 ), 69,33497166712944
( 0,005915789471562532 3,0726661180791104 3,9671880354709628 -0,01790252122352836 1,8890741081713718 1,9095224939445874 -1,9960823885710004 -0,012498426776675663 1,9786644466028496 -2,0484475614937048 1,9011842325667023 0,01254704589629548 3,074982568017631 -0,9957584000093462 3,953469367189215 3,0359996767879185 ), 69,40256957201673
( -0,009069566503774707 3,066227651096705 3,9811960272426954 0,0009399396610985404 1,8939104567995086 1,917711429521873 -1,9948779053237216 -0,01041533944735196 1,9862393890444139 -2,0752367771753906 1,89887980991372 0,005651648060163545 3,077384961755933 -0,9805183175251738 3,9630510049285115 3,03469468307089 ), 69,43302667289069
( -0,008119073059612781 3,0679245279809537 3,984093049747381 -0,005668083325921371 1,9030779583869244 1,913585254081344 -1,990796408425015 -0,0064248811631369435 1,9831063642251954 -2,062706832776983 1,8937796064047674 0,004484090752465253 3,085926290546606 -0,9949445970500193 3,9612589423076945 3,0417243180385825 ), 69,48481755478333
( 0,017824921808606443 3,068620071662196 3,951874442078556 -0,025991784210109142 1,887114037877149 1,9053934274605415 -1,9844014078802124 -0,0038408707400344557 1,9627899627892735 -2,019793576354235 1,8821853847781456 0,009939673937743221 3,0592071053569323 -1,003789330947648 3,9448052280198684 3,0273908648209753 ), 69,53164536271449
( -0,009436793296637548 3,068253296308538 3,9844925273326783 0,001552222949236258 1,9139101080998764 1,9091990461986603 -1,981219865634646 0,0018568179230651436 1,970655922984739 -2,0581864288423826 1,8795247876518026 0,003976281923645253 3,0790415064096037 -1,0040822697426184 3,961991103268661 3,0414945295857487 ), 69,53681676761107
( 0,0015307727955869142 3,0724472854100178 3,9962845788946257 0,0003664240447017707 1,902077675389078 1,9054751674276436 -1,9884714678301536 -0,010420632902169297 1,9803265120560298 -2,053101231296552 1,893394533066503 0,008508153928359059 3,079231928393322 -0,9872021439485159 3,9704352799693012 3,055821729718557 ), 69,68528396857964
( 0,00966120294469988 3,0726618095364535 3,963538283705135 -0,02878871062005349 1,883666906281956 1,909744041137194 -2,0017180614313697 -0,014455813660110027 1,9849419031740707 -2,041070368396489 1,9070939815282473 0,01446982328822232 3,0817271592887074 -0,9984254168217281 3,949732118783123 3,0381020088515083 ), 69,7318879958338
( 0,00038606700240860926 3,070332520663495 3,964472659585463 -0,024463993299931115 1,888353912821748 1,9139688394129146 -2,0011974101546284 -0,00609240692465457 1,9857061809064707 -2,0540884923597575 1,9028931074256439 0,012732572134493077 3,0858080553228886 -0,998217687767782 3,949366093024709 3,034457233792229 ), 69,76151704770355
( 0,01039297122245484 3,072175136590055 3,9433358448413167 -0,024447455377656323 1,8843574238671974 1,9079508249862895 -1,9895071304983947 0,0019311035904639538 1,962747628803963 -2,0398002682539396 1,8910173140242676 0,015655689390293645 3,059896188267811 -1,0019338607798787 3,9386497529192255 3,0189868600027254 ), 69,76197905152867
( 0,007888439880505206 3,074902773004448 3,973964785880886 -0,02367031605895084 1,8976350360515413 1,905200161613842 -1,9953281141693728 -0,012117148589137632 1,978197680266269 -2,0367721930904197 1,8997752348617638 0,012319383739724618 3,0862891932963055 -1,0078688114454784 3,956261908448363 3,0482396482146394 ), 69,76795102446475
( 0,010646913768711347 3,0726502254322576 3,960733250626879 -0,030557227705734952 1,8816886192699642 1,9095774726467574 -2,0019827058614648 -0,012965879606002687 1,9844373159666417 -2,040085102488993 1,9072568783723263 0,01552350740859416 3,0806098709709455 -0,9981234784649828 3,9476302549586157 3,036569523811455 ), 69,79892767175932
( 0,006683492326043847 3,072382514428607 3,9826182138012283 -0,021262665103974662 1,8891912064825467 1,9082529011308949 -1,999218241214653 -0,012657961324278114 1,990289870555622 -2,0411763439079857 1,903562201998761 0,010929585385227102 3,088845850694816 -0,9924282651263325 3,959358166279569 3,0502980546005167 ), 69,82882423423986
( -0,012103146813195862 3,065887765127003 3,9804552200109233 -0,008979985363904784 1,8966675808307352 1,9156607473207612 -1,9985433960969425 -0,003340907732165572 1,9889251646018096 -2,0695541940296214 1,8976616780650366 0,007186713296693562 3,0909945532070546 -0,9953340378004358 3,9586428170873487 3,0383900025195194 ), 69,85250244367421
( 0,009062275553021349 3,0708678255032824 3,935261499916438 -0,03442842135378313 1,8816123201779078 1,9123812586923845 -1,9963019300939657 -0,006638540308563808 1,9680098540597248 -2,039352285931436 1,89749337454818 0,013326951360127676 3,0672591517880847 -1,0095309532840302 3,9341138096050803 3,0131840275408663 ), 69,97560843020565
( 0,019108169263456685 3,0676099684437035 3,9499870600710403 -0,03652243753415215 1,8822505669831722 1,9046851786314278 -1,9911114486823023 -0,00029112277987013505 1,9689667546229523 -2,0202739883387224 1,8871635890237397 0,017224307614738046 3,0661572107372437 -1,0060768779302196 3,9405453420542607 3,0298783808140652 ), 69,97829804528494
( 0,004267063173078187 3,0671085990696043 3,9931089141619336 -0,014922774166183672 1,885554230764441 1,9102761891369278 -2,0005688947643607 -0,00944824024428817 1,9987617237945259 -2,052638085967329 1,904026310152795 0,013031109786351715 3,0888177568510216 -0,9773467328125425 3,9643680445993374 3,0554131293841955 ), 70,06230603895948
( 0,02112818921154302 3,0709439476136864 3,942511695894241 -0,039687294889463154 1,872968949492532 1,9078836165186446 -1,99753848855018 -0,008781062920805615 1,974903114499863 -2,0207117871578566 1,8992905679163719 0,01584996213803988 3,0671744385994253 -1,0001489563655324 3,937958458310411 3,0255309048127073 ), 70,07119000961838
( 0,007841980041807448 3,077241596359608 3,9480265497246956 -0,03361478889354226 1,8799088009283835 1,913034016072242 -2,008614786657766 -0,024214431627193334 1,9828761532542938 -2,045990134731846 1,9177871843891774 0,012598627240687856 3,082761046830588 -1,0048552275739593 3,9435495784628767 3,0267581612616543 ), 70,07468435595723
( -0,00025416053570207625 3,0758625555687007 3,978282785473146 -0,013096316406977948 1,8822824537165441 1,9113756786695362 -2,0072502527955707 -0,011541912422104159 1,9879575868627453 -2,073643233626204 1,9147271541637558 0,019384399257698342 3,07955879217443 -0,9794810232072446 3,958684508448852 3,039047933110122 ), 70,15660069171159
( 0,0027427834082580267 3,0663802036423347 3,9611034475176146 -0,030401664048880693 1,8726624876104503 1,915985643847921 -2,0060513157578668 -0,0041574127360089475 1,9973506759705315 -2,0554254507932685 1,9109799879431593 0,015893920762578242 3,085829465692866 -0,9839464699628813 3,942161640172389 3,0321730613625744 ), 70,18633770494448
( 0,009750586828704359 3,0714972666765505 3,95573704142028 -0,03694691224082247 1,8763966482089132 1,9111194266505092 -2,0051211103034103 -0,008858385551946957 1,9887967478577009 -2,0414679751614573 1,9110743237104588 0,017328179239028445 3,0849829543534373 -0,9967887412860963 3,9415005281647786 3,034537371169655 ), 70,18940683366179
( 0,0013800744945921192 3,074793341210111 3,9553601214550786 -0,0362021447132275 1,8909841937361092 1,911718230152052 -2,00305737197627 -0,00861096370322216 1,9826888450262607 -2,044940779342067 1,9081525837959354 0,012933933855863292 3,0927771467894343 -1,0150664353235648 3,9418477934370966 3,031364319548446 ), 70,18989547719818
( 0,01528768753074855 3,064833338217744 3,9509912932380664 -0,04161084406145727 1,8641194248830133 1,9153628694822562 -2,009810643685548 -0,015324160501280024 1,9937307836043978 -2,0377528518657546 1,9110525300352426 0,01578912085024569 3,0789374697455947 -0,9861160340135704 3,942013426622284 3,028223224174384 ), 70,21487130953128
( 0,009477136031203126 3,069186489948736 3,970641439477539 -0,033877163591412324 1,8786656209480075 1,9124175777202344 -2,008562371375531 -0,02446212175065725 2,000612694250125 -2,0364842637512086 1,9137095739973486 0,009561335633053166 3,095991641196667 -0,9944424669236248 3,9527675458005507 3,04659236459989 ), 70,24415481567364
( -0,004602203450270632 3,0701775207180577 3,982398174558754 -0,022367953330357918 1,888859699297201 1,9162179290311927 -2,0089765958404997 -0,018306595172967094 2,002715357246442 -2,0624282804800216 1,9166207734373655 0,009644553846703735 3,1022256957895396 -0,9917603196420057 3,958193856133565 3,047383136727862 ), 70,29583705571218
( 0,005043135337874338 3,076292024994706 3,9569372113899957 -0,03337290859493153 1,879068629383781 1,9112755168365365 -2,0095322453406603 -0,007222297994560516 1,9866095048298509 -2,054903005825272 1,9151117865192275 0,021003407302132376 3,0861883261946823 -0,9981654732795965 3,943636806799348 3,0324446801120137 ), 70,39690480230388
( 0,008997371840129827 3,0635466381731042 3,9774514222043353 -0,0346361528173672 1,8707753243880916 1,9157665072889416 -2,01148451837341 -0,01986144231771148 2,0110022139052757 -2,0443699697030855 1,9176761025539548 0,01261035240543851 3,096383367595816 -0,9783948132719029 3,9539743764667103 3,0488202547303387 ), 70,45352746602634
( 0,008992755913886305 3,069063591671582 3,9585343340472194 -0,04105847393964033 1,8676258296391666 1,9172167578757362 -2,014352933065208 -0,01887049386035678 2,002020129437094 -2,0477574374275003 1,9232310666543495 0,015992131963130752 3,0911686200097375 -0,9873658825906546 3,943501432114709 3,034355762780307 ), 70,48822269809557
( -0,005124313960709585 3,0770424000633514 3,943899068762535 -0,03491118451199344 1,8893919622250557 1,9161134456204587 -2,007298338858436 -0,009158922726482487 1,980694208793353 -2,0595871311435707 1,9150711229177653 0,013354936558885118 3,09230021274022 -1,0169949568162273 3,935906624406082 3,020359703724937 ), 70,51301086947034
( -0,002616774331131012 3,06341692664535 3,9965686429334095 -0,006149117367715812 1,8774121857490311 1,9183981963462646 -2,007398548046602 -0,023934830287844284 2,011821265320839 -2,07332036540338 1,9166661134937588 0,007908753049571175 3,09001277371692 -0,9592826459121777 3,968490985571968 3,0516409109838847 ), 70,53121376830404
( 0,013618530837882703 3,0717993375400336 3,9438164334650114 -0,048516200682757894 1,878730499926232 1,9088644698335364 -2,0021718518065943 0,0013686215091869708 1,9789492672029227 -2,027523592813174 1,9029457699597923 0,020039238760083636 3,0818501509618437 -1,0124139748754364 3,933703044483995 3,026543796460567 ), 70,54875445242273
( 0,007284254000978345 3,070167747362499 3,960119381733065 -0,04052723373865029 1,872375008704423 1,9150357327051726 -2,013244930454709 -0,016707345235796887 2,0013085256917624 -2,047073730019607 1,921603657192266 0,016174540662386553 3,095020500301387 -0,9923273337985629 3,943663171193169 3,0375449190067805 ), 70,550054682964
( -0,016657725572981674 3,0771868623417444 3,951411334958769 -0,025838258985093177 1,8946037516196044 1,921163956290723 -2,009403301857302 -0,0086564761682323 1,984123801701255 -2,0802999314558104 1,9190160414632849 0,010291245390346844 3,0969464469892736 -1,0125968617256844 3,9404489987995395 3,0184154940289263 ), 70,6048769988468
( 0,011291067088053481 3,0708188063063186 3,9617703084199225 -0,03878419719404318 1,8678172003817568 1,9141969785129418 -2,0161164104785856 -0,017084748115163223 2,002329873862685 -2,048344773595937 1,9217940220854786 0,019918230293132097 3,0906783405529863 -0,9854793671999504 3,946820637078134 3,0387126178762376 ), 70,65048631423747
( 0,015489336102925291 3,0516814009828224 3,9899998436049966 -0,028935966302961594 1,8623356622962444 1,916957422090705 -2,008032926287166 -0,024222839960839085 2,0222685356617713 -2,0406657220548516 1,9085341577097197 0,010875402663288625 3,0869165267658705 -0,9548596285928963 3,961015336049364 3,055420120315975 ), 70,65439482728308
( -0,008788883662876572 3,062678356575861 4,020147845222425 0,020792929799729944 1,9252142239617434 1,9034136904044843 -1,9694725506114155 -0,0031693902241078827 1,979997658151795 -2,0478318654810965 1,867511846452725 -0,004829075966571331 3,0857344236869304 -0,99269528918833 3,982033268998988 3,0728279459131467 ), 70,69191376530621
( -0,0036767871106595787 3,070153242587099 3,937002408808127 -0,04671135373167716 1,8812859444461179 1,9192944675856551 -2,0129437156558154 -0,015646870724112298 1,9925455247943769 -2,056081926933111 1,9190144994613545 0,013514710378020376 3,097241842146064 -1,0158460851888915 3,930181109877824 3,018499004968321 ), 70,96623984465501
( 0,015767939234997485 3,066398220018746 3,9652483801511367 -0,052160871919672225 1,8679596096007738 1,9137023644430227 -2,0156155790815293 -0,020823968406410685 2,009352299775368 -2,0271152564303803 1,9204826811342763 0,015035730576879309 3,1019539122135646 -0,9934825224073079 3,9457561193708424 3,046802008185608 ), 71,03877353407064
( 0,011367831523171942 3,0732815916910603 3,923984874419274 -0,05496932511888952 1,8747829250039283 1,915013257019662 -2,0081368184444366 -0,013024193924754759 1,9787509682905295 -2,032054093742496 1,9129330959400528 0,014547125000599336 3,082197242012908 -1,0203895539630499 3,9249894674216685 3,0119549138153427 ), 71,04380606535878
( 0,01078584487917798 3,079771533445413 3,9636041640474664 -0,03320976616888089 1,8692743273550623 1,907276115931957 -2,016171646247527 -0,002534397045191865 1,98994624233484 -2,06111729522199 1,9205997060642508 0,032702807639248925 3,081670519722721 -0,9843994769994461 3,9476232487663805 3,0385365396126565 ), 71,04689649162495
( 0,005549862645310514 3,065429586690799 3,9583450623299057 -0,04303357254883885 1,8627487694737028 1,9174145324007863 -2,0161844755159692 -0,0002507592041870819 2,0047971154352133 -2,058429068544782 1,9200024287092714 0,02391998843233615 3,091990979500056 -0,9792816698227282 3,9388509646211753 3,034508253098476 ), 71,10882535793002
( 0,015232001897791383 3,068214710201643 3,977331059078377 -0,03858832378623721 1,8614905457827258 1,9134851143981175 -2,019079622427267 -0,023863916340064795 2,0162416097573144 -2,0436148852966003 1,9284558011565784 0,019048640273255302 3,0971720201043325 -0,9716744621657566 3,9540539258790814 3,0532162118091333 ), 71,22437249241898
( 0,016170633673251212 3,074170987391256 3,9509312432929504 -0,0502772124858614 1,8594115682411425 1,9134193136725517 -2,021227333112732 -0,01901165270066703 2,0022482087409923 -2,0422869224033664 1,930559593485076 0,02366323615893111 3,090258433281286 -0,988231109941689 3,9391978262656657 3,0336953091544205 ), 71,27477426288547
( 0,010175531141089903 3,070446649965749 3,9600835135631227 -0,04989198629905186 1,866080415384894 1,9157167922268514 -2,02108993997052 -0,021193948518515984 2,0109344091656887 -2,0432557587590296 1,9299125874820628 0,01847500813109838 3,103421499557234 -0,9917701145517241 3,9424807969510147 3,04176020267972 ), 71,33745506628819
( 0,007623816757864897 3,0691450218726315 3,9573870569636074 -0,052812061443098565 1,8684104615162993 1,9187228378247776 -2,0207331500151002 -0,025967475485263992 2,013861010890916 -2,0401461400051524 1,932594559461122 0,012759913739122308 3,109970638422646 -0,997203174080177 3,9399351035418793 3,0404912125105303 ), 71,41297423058458
( -0,0007651246428714861 3,0734835034456554 3,9616764504395827 -0,04453984743975194 1,8751910656004627 1,9197737690116559 -2,0249319157288697 -0,026557886800066655 2,012322915988662 -2,061463669247998 1,9360299658974758 0,01579888952396607 3,112033160072077 -0,9994592277562229 3,9445834267776427 3,037478467752003 ), 71,51801272796455
( 0,010738965385967917 3,0711869714513433 3,9557343113712777 -0,055300735320412624 1,8669357313326067 1,916522991165981 -2,0219375789538 -0,024556057654343048 2,010893190127919 -2,0378943449394358 1,9321075924241828 0,016499345999028643 3,107432778245263 -0,9984808136205692 3,9397053445840706 3,040541363755522 ), 71,54262531325986
( 0,006356339725706685 3,0663111634165348 3,9768348088580563 -0,04708588942451007 1,866829740322311 1,9179618043775024 -2,021737495649244 -0,01782326040182372 2,020767706975937 -2,048307434881675 1,9323815450817026 0,01775364513136664 3,1109598240804592 -0,982510188003227 3,947105429159607 3,0521247366042936 ), 71,55290682655276
( 0,00452817170091611 3,0743350934948013 3,9719609992247706 -0,044170152047813216 1,8740125802698138 1,9151844188261709 -2,0218282646353574 -0,021951493627279127 2,0137677112355425 -2,0487708111892413 1,9329007384076313 0,016924473857638508 3,1134798029089827 -0,9943431577067561 3,948666470712915 3,050724070829264 ), 71,55576227995141
( 0,005616047346687908 3,071435404279543 3,943734331262651 -0,05854292287329251 1,871255665101233 1,9198363178663584 -2,0210182604888582 -0,025899651030252525 2,006868703366837 -2,0387381615222617 1,9327566760606187 0,011781876907415676 3,110015421498402 -1,010625231074651 3,932522177800701 3,0303993995871727 ), 71,59944848031688
( 0,03603845920306178 3,043963128334218 4,0119871501967905 -0,023567236393535206 1,853851342636159 1,909281947898938 -1,997835783482292 -0,027650405409377098 2,0204991057190855 -2,0026997822590573 1,8906671825567438 0,005215105153935056 3,072303091039254 -0,9362583293552548 3,9795850622308317 3,073496419457383 ), 71,6128513913152
( 0,02210718695521639 3,0637686502226233 3,968140679944408 -0,055126080044154986 1,8549666597498966 1,9153407265748648 -2,0217177558588504 -0,030186334291495556 2,0204376644302124 -2,0237586869793787 1,9287669226549218 0,015379076986321254 3,10126278210141 -0,9784762675734713 3,94827325908789 3,050419351834027 ), 71,64495579896395
( 0,009238149406483384 3,072607737795535 3,9499874817565024 -0,05658521197653309 1,8663330543000785 1,9173667912336578 -2,023299591955437 -0,023358008717472015 2,008788878315729 -2,0416474455086973 1,9341894719617017 0,017420683016820634 3,106378802425805 -1,0011122802025263 3,936310694012876 3,0354114410219597 ), 71,64753476043106
( 0,006716724688041686 3,0724585596592378 3,958800559297618 -0,05304559077968969 1,869832528616597 1,9167458360846668 -2,0227022078622916 -0,023284571801373354 2,0115181176688894 -2,0454702183633087 1,9341240719088455 0,017180155622856123 3,111135573819771 -0,9998280740468267 3,9405493907855984 3,04220593570909 ), 71,66890253930852
( 0,00938857625642436 3,0728011310072456 3,9538132760505906 -0,055663509038603835 1,8664140733495784 1,9168602748014503 -2,0239462974467384 -0,024119659870322642 2,0108621723431033 -2,041609257550955 1,935029826464424 0,017686591198715886 3,1083680241365856 -0,9993306706001494 3,9383961372204355 3,038867660015301 ), 71,71152605878909
( 0,011993843103129204 3,074850167656322 3,931750667429411 -0,061082742418000505 1,8629511221361283 1,9172970347180889 -2,02294396434575 -0,021397329553970723 1,9974696010220134 -2,039469411414131 1,9321381823907895 0,019833783079303665 3,0958251409837367 -1,0078096409062522 3,9280612192365125 3,020565181198101 ), 71,7958796323483
( 0,00846418404926404 3,0719000825447287 3,9574615186697453 -0,05383985524482187 1,8645850467776064 1,9174625459074282 -2,0256907173937235 -0,024453565512564307 2,014582518855547 -2,0464142115956254 1,9371943353210916 0,018803692684552193 3,109159925938656 -0,9941788408196781 3,940166124161736 3,0406721962198744 ), 71,81385442098455
( 0,009589035871990023 3,070974469230762 3,9599530899546407 -0,05552769597949514 1,8659998087657315 1,9177533806223515 -2,024492861994832 -0,028970108944950956 2,016912551031114 -2,0385937152734206 1,9372525157880918 0,014433784023067942 3,113005959750023 -0,9962505335923708 3,941580938319703 3,0445702490024735 ), 71,81870853316067
( 0,009088005977527715 3,0723575465488207 3,956223489119888 -0,05644337479228438 1,86439789377778 1,917518746333861 -2,026370978281399 -0,02542763100190425 2,0153502303912485 -2,0435304591795114 1,9383047020108395 0,018297530161336648 3,1112648262196396 -0,9963262684911812 3,939179817814025 3,0411685650592992 ), 71,96905819555408
( 0,016526611323400654 3,0684835933734695 3,957950267788945 -0,06268709157725769 1,8629131689298704 1,9147007623519543 -2,0231377065940066 -0,02182808491471778 2,0156751628912244 -2,026484490992609 1,9299936915857432 0,018950711169583672 3,110555732136974 -0,9975273548379 3,9395998210113397 3,046887283747026 ), 72,01904364084184
( 0,008143141377618726 3,0749261227648006 3,9519705770456324 -0,058391896529680055 1,8677811417452737 1,9170581444547008 -2,0263278596727723 -0,02590787601361518 2,011208204732465 -2,04208132672312 1,938400031464236 0,01770900865628937 3,1125850492902627 -1,004503212139242 3,9371461466134665 3,0384583489784123 ), 72,02296921418406
( 0,012136133652463292 3,0729439803385175 3,9505955358532563 -0,06190023006857638 1,8626395944479859 1,916842037698527 -2,0271228268370187 -0,025838557623394664 2,013790872208867 -2,037119802275207 1,9380601357726244 0,01901757581019192 3,1109338997461937 -1,0007216909285035 3,9359658633426586 3,038827846776407 ), 72,18681760421055
( 0,004222816361427396 3,073116549970535 3,909330927293151 -0,06368352749213593 1,8824340509828084 1,9152093698093435 -2,00694912475417 0,0010631780332366796 1,968596610890684 -2,0366396687794293 1,9064373582774392 0,01903645922892494 3,0864910813909385 -1,0406391487644235 3,91270204538777 3,0003233064895594 ), 72,33864860231753
( 0,03410240534951956 3,0615946305294286 3,9991273351521337 -0,0453386942423248 1,8611050276933945 1,9064502153768736 -2,012609594224382 -0,038153351295769425 2,02530284343129 -1,9974460121185622 1,9161718542901538 0,009630272004917237 3,1024545065798663 -0,969828237051662 3,9683826086695206 3,0802882353898173 ), 72,34641544114996
( 0,005037789567269121 3,081453223492113 3,9090713311255243 -0,056789998563608515 1,8740950261894351 1,9118578112189457 -2,0082325536991616 0,007502114515729784 1,966047344844823 -2,039919895726987 1,9172003802086346 0,02249977714889961 3,081409160553094 -1,0283585603067842 3,9110297426448173 3,0050484032844826 ), 72,36458626644584
( 0,01556466952628951 3,0698257752515077 3,969148474719553 -0,05568562256820025 1,8566755762710314 1,9158136003235455 -2,028613369234984 -0,0271873883845327 2,025067320976632 -2,038424649154637 1,9402277427611612 0,020571360258465614 3,1115694301261 -0,9810979813030118 3,9460542811425947 3,0527088714597315 ), 72,37085168987309
( 0,019564316704288612 3,0750010724792327 3,9301349432267445 -0,07142760813995314 1,8627418293903661 1,9112134867790458 -2,0197019313570785 -0,015415231707554815 1,995312725312968 -2,0206268625995674 1,9272902305803574 0,022922495603833228 3,0985908618039812 -1,0155833696390235 3,9227820364963484 3,028220340439722 ), 72,44864647896365
( 0,005405762828880813 3,07201230020744 3,9840220999657077 -0,047129276596900305 1,8692912024766486 1,915648291497842 -2,0276720788165994 -0,026258282585878742 2,028410547871067 -2,0505235401612567 1,9420189840026856 0,01826403962175287 3,1235299167819885 -0,9852827524069327 3,952802874357005 3,0622018179321 ), 72,55537266409647
( 0,016339140164812825 3,0679566041627058 3,9716605043558064 -0,05689856208542225 1,8558444364435118 1,916044213980153 -2,0292967291963913 -0,03140389795986119 2,0290445145375458 -2,035935534832918 1,9415045509910445 0,0191490845401235 3,1138411496049754 -0,9799527961301328 3,9472788570973583 3,055640039541737 ), 72,55987260401689
( 0,01021329161089285 3,069379600072857 3,976218856974233 -0,0559501648477053 1,8631535588573571 1,9181078762805859 -2,03109161832315 -0,032792011733444884 2,030950621325258 -2,0412725498478075 1,9431145396581144 0,016190596380933557 3,1232132448180336 -0,9869082731358763 3,9501401712133117 3,057572826947295 ), 72,71329339854833
( 0,014711129159966396 3,0693191681566607 3,9882138269427054 -0,05169671635705475 1,8634988440371218 1,915935673220445 -2,028742317383443 -0,03343342443409768 2,0333203516884386 -2,034394402015687 1,9401588347414118 0,015194933758267191 3,1230175550638797 -0,9800987109294558 3,957280050286383 3,0677183669483292 ), 72,78624681525342
( 0,015381910598445432 3,076126628453128 3,916797597104737 -0,07642360708500996 1,865952981941576 1,9149795078489837 -2,0208550065110087 -0,016273873510969723 1,9910634705582781 -2,021942948620295 1,9286243836140275 0,019714290849300105 3,10111466165689 -1,028322799585984 3,9163141094906027 3,017628951968871 ), 72,93991508735877
( 0,03994990799580249 3,061172713515493 4,028070928020016 -0,028801270590437286 1,871700991382907 1,8978331477198276 -1,997383704777917 -0,01799701114950522 2,016470258351931 -1,9875962341654092 1,8930002270454136 0,012846609778458898 3,092011136877282 -0,9576899063392714 3,9855244681733417 3,0995305198454415 ), 72,94267901263221
( 0,007134389408129457 3,069330217658493 3,9619707607678607 -0,062262287307749395 1,859878590795438 1,9219034310087275 -2,03454067626427 -0,03507697877643674 2,03115674161923 -2,0459738372374234 1,9481878170387166 0,01589928471124648 3,1238223776586183 -0,9916368796946472 3,9408770686881516 3,046243271354399 ), 73,00442895654828
( 0,012721432025967379 3,066034696861085 3,96451871783814 -0,06276906181930879 1,853391835385032 1,9213112619839636 -2,032756170841384 -0,03856683140844683 2,033917456596953 -2,039442364143157 1,9485170827338187 0,014925877437287032 3,121126515665512 -0,9839554425444444 3,9419990662011837 3,05093751129726 ), 73,10456648357088
( 0,016614946585317036 3,0678531651291916 3,986200405974727 -0,05506564782531857 1,8583865849470609 1,916016764188097 -2,031668955062652 -0,0375806773963474 2,0375146911226363 -2,0334464803896646 1,9438647775284146 0,01633078683160752 3,123237595573269 -0,9770712263697082 3,956404573957363 3,067982583193508 ), 73,19730004960199
( 0,015379895555235508 3,072188376297448 3,955426876380918 -0,06919081220445869 1,8532581584724348 1,9183539555803535 -2,0359723673593155 -0,03174318302988954 2,027577401418813 -2,0357568079101642 1,9496530227318005 0,021205299654364438 3,1194668552876235 -0,9922962792960224 3,9372817293468825 3,0459585388083608 ), 73,3414692345125
( 0,011275054079579124 3,070932255128735 3,977764759217059 -0,05535339977291639 1,8546720471304623 1,9191089473846852 -2,0367400227358163 -0,03606324844512822 2,0375221128069327 -2,048340925330686 1,9530350441918527 0,01920966101585948 3,1228675676259487 -0,9756126687583995 3,9504063366741913 3,0582704666821554 ), 73,4136216148118
( 0,015919536388553722 3,0702263097633766 3,973400556859696 -0,06476525148448267 1,8513145538865763 1,9179522910168436 -2,038217720971718 -0,03368961956111803 2,0389598224430974 -2,037956462781785 1,9528877366370596 0,021107900761917875 3,126109518934306 -0,9795005319080798 3,946217369818504 3,0602916464713057 ), 73,90305966588066
( 0,010091565474745125 3,058156994141228 3,9919891578379967 -0,029048821649111094 1,8367302974572555 1,928824586976591 -2,0339208823819055 -0,05116073059877409 2,0531576825604128 -2,0685975435444743 1,95259828901129 0,009177482484332837 3,101754356664412 -0,9258204957035394 3,963966541940849 3,0569900418890734 ), 73,90899724747337
( 0,020097777346266624 3,075545331285745 3,974856956447944 -0,06452911082844098 1,8511722565808877 1,916050936858322 -2,03857488493348 -0,03605180384974913 2,0350524183586254 -2,031713250934049 1,9562012509155096 0,02122269947341679 3,1252256090218538 -0,9808033859814796 3,9488157877038237 3,0620925956870524 ), 73,91420761954932
( 0,03043969897318103 3,0688522523409514 4,018156460760031 -0,047573463045494827 1,8654836595639945 1,905995099857791 -2,020184254052368 -0,031844561636858656 2,036889074573732 -2,0030092217211473 1,92700199472949 0,014384991116407064 3,1221120947931564 -0,9681532434800294 3,975950852544945 3,097379830737626 ), 73,96239036572263
( 0,016587170967248606 3,0737235862136503 3,944725986996174 -0,07877181597642156 1,8499788802776482 1,9194560828850178 -2,040250710909104 -0,03314233046787593 2,027655467447072 -2,032657406957111 1,9546872181730288 0,02268610944509037 3,122360011124474 -0,9994048496610427 3,930448927797689 3,040385480167563 ), 74,10630513674646
( 0,025038725331282957 3,067043310914 3,9941822397062188 -0,05962323863341012 1,850342886440496 1,9137652428378356 -2,03332137235104 -0,03598060628229662 2,044694606894696 -2,0227321231449857 1,945698740496571 0,019461727231688035 3,123843717032578 -0,9660850985034865 3,9592442093140487 3,077622861015491 ), 74,12586129003714
( 0,017919951013556396 3,067606485000482 3,9866537372592985 -0,0600660714044086 1,8514557960166838 1,9165250936956648 -2,0373742834727624 -0,03684969258062348 2,045643278484843 -2,034830674469596 1,9511320865988202 0,019919133980238604 3,128048840073899 -0,970935645990639 3,955050860471787 3,0703762023168215 ), 74,15739166067883
( 0,020955368803118758 3,0696162735607215 3,9688902791170992 -0,07028495738023778 1,8467894093516979 1,9170167925345032 -2,0395503865602773 -0,03815877751610828 2,0402182394676465 -2,0290749829026535 1,953595396470179 0,021514202704836206 3,1247211925144427 -0,9807008031695748 3,9441244473722885 3,05952283384884 ), 74,22236261878948
( 0,0051243925314978815 3,08036409989649 3,9356082174647877 -0,07488981888349748 1,8541674288874226 1,9224881651094166 -2,042991550160925 -0,026435517571627737 2,021877779096979 -2,0526891046773232 1,9622667483032405 0,023829878814570802 3,1248768433097442 -1,0053901900515478 3,9234329397680767 3,030819076764115 ), 74,43691633077137
( 0,016254240583456044 3,079030082006884 3,9631102224464865 -0,07162149811511395 1,862272469228833 1,9174215555657403 -2,040940375271791 -0,05881611068441397 2,035533964110404 -2,0242650294026063 1,96312931077885 0,01209717462184295 3,1363410157584104 -1,007475439415346 3,944871129435343 3,0566387509426076 ), 74,49170668086425
( 0,02512879809046848 3,0642489273182982 3,975858132444149 -0,06963675171783143 1,8386161216297192 1,9179936976748935 -2,039867122384952 -0,03622896035817352 2,0474218607831722 -2,0270998341291455 1,9524170374825633 0,022459086244266926 3,121287080266003 -0,9652069150419056 3,947740407635496 3,0630837095007966 ), 74,51295938908363
( 0,01712764227966761 3,0702027770337934 3,980833365068145 -0,06135308711337808 1,846638086583552 1,919105089909336 -2,041581736344092 -0,04218373489117413 2,047649120362763 -2,039459353975721 1,959794276549395 0,01957974809581971 3,127865063642969 -0,968844542406483 3,9519596914385287 3,065609051203472 ), 74,5159295344217
( 0,015073734314395315 3,075909416230592 3,9404564156726676 -0,08340540171575017 1,8517046743433632 1,9208310032182123 -2,0423184578497313 -0,033182685356705766 2,028119772447038 -2,0321377947841444 1,9589194095280906 0,021861787589955134 3,1281275731312195 -1,0052187429690207 3,928395935001049 3,0391439995644816 ), 74,5719026050951
( 0,015916473798339336 3,0634911430783087 3,990092971126623 -0,059726551823476255 1,8470642629516503 1,919482549077377 -2,039620011828069 -0,03593980191731581 2,0532131479845166 -2,042014806625839 1,9541254108991508 0,020898682901018838 3,129917271396103 -0,9625506717159193 3,9546350271077935 3,071915246658503 ), 74,67831969265116
( 0,012377372950240852 3,0653784543981106 4,008214683120072 -0,04464177759410503 1,85286664846167 1,9182473980142714 -2,0368430267453 -0,03656485050718377 2,054748325166547 -2,050977409238617 1,9521557596560537 0,018959475435380232 3,1296453810630163 -0,9528045787810592 3,9669763479206974 3,0810454724002048 ), 74,75726221445746
( 0,0134129223971141 3,06899596189682 3,9905250792897253 -0,060697073748629475 1,850611505025413 1,9191287932363708 -2,0422217997057097 -0,03814579214479377 2,0524161792957383 -2,0434434482849606 1,9593427256860418 0,020136294943466457 3,135684088790098 -0,9685141660518034 3,954651389885856 3,072469922314732 ), 74,97088483014714
( 0,01747400085216111 3,086651605923637 3,970791318131463 -0,06134244128068944 1,8524160240622227 1,9175210136659366 -2,048960263123759 -0,06328930195292215 2,0387479237449684 -2,0461527584747707 1,978744535201335 0,022317117320011317 3,1280737109827554 -0,9846222612337955 3,95270632000056 3,059234153110031 ), 75,07130208822761
( 0,020584991402673603 3,0726118494926995 3,9530066739795835 -0,08394185131676826 1,8424392440792616 1,919808357244316 -2,047030915761288 -0,04042270684748059 2,041586044347351 -2,028457172538376 1,96408855793031 0,023658653376740783 3,130899606868846 -0,9909701248551327 3,933878752551124 3,0503793112457473 ), 75,35836825252412
( 0,01026438513887707 3,0761766387193616 3,957403313805074 -0,0805941800426432 1,8529571358747594 1,9213543178783836 -2,048925805623446 -0,04001052872176232 2,0426443383953634 -2,040909826539143 1,9684441529350551 0,022030827060989737 3,1425853487781428 -1,0002402979876246 3,935282345627284 3,0528599117219426 ), 75,6067031052271
( -0,004530008184913547 3,077032309119701 3,9661002266616046 -0,07193329251185457 1,8625586448762421 1,928170892368236 -2,0504214111464005 -0,045863355956473485 2,0482734367639317 -2,0594484613416255 1,9756018634278265 0,01360296236785763 3,1543135363617254 -1,0010958532084433 3,940003572840372 3,0513346868289957 ), 75,81341989449655
( 0,12772863882274005 3,05640585869402 3,934028649107516 -0,06446292391156387 1,7453493362085553 1,8776128684405349 -2,001167195490379 0,017454749878325754 1,9856210228342446 -1,938530079457273 1,8943454637715826 0,07403548282467531 2,960430777201061 -0,8598077573705928 3,931077676614519 3,0416074401924673 ), 85,0187568063365
Liczba wywołań funkcji celu: 3919
