Iteracja nr: 68
( 0,0022393081563142473 3,0499702454673145 3,964034845438274 -0,0004223019938589998 1,8963122844613596 1,92783367999046 -1,9752168987055407 -0,05196832843541297 1,978737791890398 -2,0351003447838196 1,8818560992200872 -0,028799939209544198 3,055246524876442 -0,9857530131927231 3,9592749602887842 3,0102903196556494 ), 68,13949678067873
( 0,0021840892705599028 3,049912713924414 3,9641015764720384 -0,0003557067992778216 1,8963948401224293 1,9277508312025413 -1,9751456258831095 -0,051630850852657326 1,9786889253687983 -2,035213957926062 1,8816340338141315 -0,028645590195623596 3,05522702598704 -0,9857606067168896 3,9592687400439517 3,0104098410934323 ), 68,13951182436718
( 0,0021502409414290323 3,0498977891256933 3,9642029411490634 -0,0003033274452686791 1,8963942073002964 1,9278313528114444 -1,975186064796891 -0,051888887013066674 1,9788042541028903 -2,0352496340352833 1,8817579501841737 -0,0287874014080913 3,055294804284356 -0,9856845907755933 3,9593582553013746 3,0104038669454107 ), 68,13951325937178
( 0,0021841913348034205 3,0499334147712895 3,96412982965947 -0,00033359426654800653 1,8963452779013665 1,9277759897668125 -1,9751932778986812 -0,051719154157003115 1,978731965661231 -2,0352762994120557 1,8817284728968675 -0,028658203687626314 3,0552229204565395 -0,9856796855037536 3,95929985374879 3,0103934582400966 ), 68,13951412910656
( 0,0020787643830668615 3,0497892943205716 3,9642946843525277 -0,00023618737739058046 1,8965393656615221 1,9278308706089269 -1,9750801559408808 -0,05180765345711125 1,9788153405102364 -2,0352325149791035 1,8815569097443816 -0,028843720991889886 3,05534463332263 -0,9857497059635232 3,9593934046328667 3,0104830746889086 ), 68,13951662794547
( 0,0021303907417856314 3,0498461010032845 3,9642286254736048 -0,00026763013986142044 1,8964189220326308 1,9278111439311454 -1,9751434117816509 -0,051763709431346706 1,9787943128404422 -2,0352876055552227 1,8816436233516325 -0,028744397309771425 3,0552657458466608 -0,9856618972285452 3,9593573933813015 3,010436514267738 ), 68,13952048044749
( 0,0021634129181328757 3,0499101621651485 3,964186551870264 -0,0003046316502016824 1,8963542780417095 1,9278102546740883 -1,975201166201286 -0,05181455751004793 1,9787890748166916 -2,0352933643376465 1,8817571135323905 -0,028719706857147604 3,05525580342933 -0,985643808028785 3,9593423999572175 3,010402991659106 ), 68,13952785902364
( 0,002089200329866975 3,0497871836522923 3,9642957664142813 -0,00022408407922908314 1,8964875358742466 1,9278344337077218 -1,9751011798030347 -0,05179805431097143 1,978830383084238 -2,0352810646771053 1,881577880997936 -0,028814206853003045 3,055305980325496 -0,9856742847654854 3,9593963347811565 3,010469015088339 ), 68,13952808428186
( 0,0020785706457547523 3,0497658432215373 3,964323798518615 -0,00020857629266599363 1,896498068942734 1,9278762189635552 -1,9750997445432235 -0,051922424577212446 1,978872847330465 -2,0352586783130704 1,881607617089435 -0,028901213497056284 3,0553302504442765 -0,9856613510228487 3,9594273038593526 3,0104519953649707 ), 68,1395284919558
( 0,002123275870602604 3,049838864537615 3,964249697093747 -0,0002472933833605768 1,8964076689098686 1,9278094061324258 -1,9751490745196825 -0,05174205724870572 1,9788059805812095 -2,03533062062194 1,8816397124057949 -0,028724434998960147 3,0552548068715897 -0,9856225893981431 3,959368039625421 3,0104466755684705 ), 68,13953597236222
( 0,002063449063649875 3,049768196377171 3,96433474128689 -0,00019888364836676342 1,8965286720378967 1,927832598310963 -1,975082642409593 -0,05178029866472626 1,9788388150445115 -2,035297048757907 1,8815410407616477 -0,02882352519700304 3,0553300012279587 -0,9856873608649924 3,9594145902219373 3,010500476750235 ), 68,13953888239577
( 0,0020707346695995692 3,0497583234101264 3,9643108507773124 -0,00020793542746564073 1,8965308562372238 1,9278117141737947 -1,9750630233976767 -0,05169882682861302 1,9788100448337715 -2,0352876453496815 1,881487216988996 -0,02878576896720934 3,055305482806559 -0,9857008697270155 3,9593907466648557 3,0105037128662557 ), 68,13953963807758
( 0,002113485140466834 3,0498495069978913 3,9642825689688497 -0,00022992087311960377 1,896398091224327 1,927830316168244 -1,9751748632473625 -0,05182009371441123 1,9788407250573468 -2,0353607365230495 1,8816999432979358 -0,02875388369160146 3,055275555732983 -0,9855906112916589 3,9593973590105933 3,0104465244026892 ), 68,13954551666188
( 0,0020920560941980137 3,0498029577880295 3,9643268931610396 -0,0002050120869893296 1,8964322665999844 1,9278787161745163 -1,9751539370827809 -0,05194797949132934 1,9788925122192929 -2,035324940089126 1,8816961476469172 -0,028864120557703675 3,055310524784088 -0,9855868818771305 3,9594361992855664 3,010439131594877 ), 68,13954955063018
( 0,0021361273374708757 3,049866043731193 3,9642379380021766 -0,00024894355818828266 1,8963625186236752 1,9277926145360325 -1,9751784622459416 -0,051696692112922514 1,978797291574504 -2,0353819351001055 1,881671732797831 -0,028662756858894575 3,0552254800016394 -0,9855789589347476 3,9593588539992535 3,010443987326735 ), 68,13955568919027
( 0,0020924162127924036 3,049772417887855 3,964311601876468 -0,00024069233214207668 1,896503401774168 1,9279809271090194 -1,9751201468828647 -0,05230428333894776 1,9789423862769673 -2,0351111845260204 1,8817614039093433 -0,029139840348514745 3,055400297407654 -0,9857041527664747 3,9594662426041696 3,010360542553606 ), 68,13955590747044
( 0,002035881195187788 3,0497060215739875 3,9643935359879103 -0,00017132917808325378 1,8965806776282124 1,9279264751681373 -1,9750575824057237 -0,05205625200971949 1,978926873619962 -2,035209477529662 1,8815744318827272 -0,029039150697369658 3,055397577313362 -0,9856963638529528 3,9594789400766697 3,010466933715198 ), 68,13955694643161
( 0,002186272675321827 3,0499115205757157 3,964191156096498 -0,00029817060825044074 1,89626716347667 1,9278812113557293 -1,9752547946065842 -0,05203438673911389 1,9788645478316136 -2,035299183331459 1,8818940703834128 -0,028812780256237996 3,0552364151907883 -0,9855315672797108 3,959377314613761 3,0103286111410803 ), 68,13955832451354
( 0,0020530085206080296 3,0497366027346056 3,964382881471137 -0,00016439422232881318 1,8965061052658259 1,9278927747406038 -1,9750985422642324 -0,05194387515155976 1,978913685968215 -2,0353108689248836 1,8815993572593492 -0,028919739508787824 3,0553392246712225 -0,9856089875270964 3,959463994944913 3,0104727854351454 ), 68,13956066074928
( 0,002045193751271403 3,049733040746999 3,9643870979100733 -0,00015953763476954895 1,896524744009477 1,9278721243289225 -1,9750851362867934 -0,05187285753162287 1,978895832874007 -2,0353239506771135 1,8815583718459639 -0,028885522763298806 3,0553382199931525 -0,9856251305563636 3,9594567868726203 3,0104957072475265 ), 68,13956147582462
( 0,0020836551255826816 3,0497694276459466 3,9643305634659542 -0,0001817296514830273 1,8964388040616418 1,9278381131943856 -1,9751198893698045 -0,051766734916089976 1,9788603688132347 -2,0353759473249933 1,8815818054442466 -0,028773152326996062 3,0552629599859586 -0,9855631270314338 3,959416828682255 3,0104725388572082 ), 68,13956217963744
( 0,002057417415935171 3,0497425162598057 3,964383360308626 -0,00016933793990765 1,8964962998184867 1,9279172933639448 -1,9751121330075072 -0,052033936640096604 1,978934751268363 -2,0352910433182374 1,8816477533020832 -0,0289674177571139 3,0553519972175653 -0,985603406957322 3,9594756916147333 3,0104513910771513 ), 68,13956382475959
( 0,0021502260281398584 3,049889113919117 3,9642327426926047 -0,000254461279021061 1,8963166835481742 1,9278116873110958 -1,9752158286998052 -0,05177387269714079 1,978820163756249 -2,035396709539616 1,8817515493192032 -0,028677124820709086 3,05521909536379 -0,985535659098183 3,9593678958152347 3,010416707078967 ), 68,13956442493959
( 0,002126323096515439 3,0498441054445724 3,9642543739776395 -0,0002355058148798522 1,896376185936218 1,927792843684599 -1,9751636068284342 -0,05167667218055431 1,9788035128397772 -2,03538832849524 1,8816374980890656 -0,028664877035111908 3,0552255547778415 -0,9855732044553335 3,9593648944282185 3,0104560902644755 ), 68,13956467261983
( 0,0021393022156536014 3,049861460413039 3,9642281662206846 -0,0002523899650674989 1,896361558333304 1,9277783919131533 -1,9751701193080162 -0,05164257839822198 1,9787826275059475 -2,035385084753042 1,8816420396936184 -0,02863373603129983 3,0552117327390067 -0,9855814898820803 3,959346394206196 3,010450289925714 ), 68,1395658747843
( 0,0020805991987297673 3,0497829337003166 3,9643345592264034 -0,0001843973613805847 1,8964449296834212 1,9278283717222517 -1,9751263021690812 -0,05175004628334596 1,9788550921044676 -2,035385261373916 1,8815893025982964 -0,028756917385270076 3,0552743652168366 -0,9855754336975268 3,9594162872543746 3,010485727023821 ), 68,1395679841291
( 0,002095996765033841 3,049790904078041 3,9643282074994683 -0,00018721699639322518 1,8963979659575922 1,9278597812960574 -1,9751557492149694 -0,05185327089938583 1,9788858807707028 -2,0353854470839443 1,8816620815651863 -0,028795822041426812 3,055262274899226 -0,9855247489267003 3,959428184899561 3,0104461972723433 ), 68,13956816182912
( 0,0020425032768406396 3,0497198311218328 3,9644012120934984 -0,00015392062075536661 1,8965247140399026 1,9279061281067817 -1,9750881418066466 -0,051977354887529255 1,9789288533529252 -2,0353004339330214 1,8815904072887548 -0,028954053063062864 3,0553541810066562 -0,9856134233498756 3,9594775137461986 3,0104759986646203 ), 68,1395683179064
( 0,00206552092641787 3,0498241741595784 3,9643136879778194 -0,00021554823997801552 1,8965325009578535 1,9277574875603436 -1,9750964510762348 -0,051580672474207015 1,9787718201230022 -2,0353573685198794 1,881515775097242 -0,02867539044653139 3,055321709593888 -0,9857265037222128 3,959377709468596 3,010552901517894 ), 68,13956868694818
( 0,002096137265267171 3,049805809881941 3,964308651909994 -0,0001995025249233867 1,8964171310616567 1,9278133782660611 -1,9751419008492823 -0,05171504392525964 1,9788369068289728 -2,035396641944631 1,8816067344943561 -0,02871580949839948 3,05525397624703 -0,9855674339190521 3,9593987587408974 3,0104776882729807 ), 68,13956885823674
( 0,0020944668881720018 3,0498026372441234 3,9643406948654736 -0,00018750472480920274 1,896393660037597 1,9278835823732308 -1,9751748433141245 -0,05194819629414969 1,9789118868258802 -2,035376861317853 1,8817207032821486 -0,02884270482251008 3,055286588651805 -0,9855203235394823 3,9594469523413913 3,0104341070487672 ), 68,13957285162708
( 0,002060687527441442 3,0497567960357235 3,964369952424748 -0,0001621963326256977 1,8964748110498821 1,927846831872756 -1,975111089590511 -0,05179289733488037 1,9788798194980375 -2,0353814904437213 1,8815733952812297 -0,028803347023678164 3,0552975147776746 -0,9855765300796808 3,959440343734344 3,010496280967597 ), 68,13957304764831
( 0,0021338323512942563 3,0498510356353385 3,964256180731452 -0,0002301957817589945 1,8963403961650234 1,9278020322134866 -1,9751855361299604 -0,05170306436352501 1,9788194437639446 -2,035415678588265 1,881675273695355 -0,028659956160018138 3,0552092088296505 -0,985526161349293 3,9593715397512304 3,0104417690944745 ), 68,13957684262758
( 0,0021011272088628926 3,0498005724462365 3,9643391178339553 -0,00019188798686804186 1,896379364918152 1,927914254689081 -1,975185598287576 -0,05204978648387393 1,9789374939030002 -2,0353507282508607 1,8817661821788545 -0,02890042497298376 3,0552936972890206 -0,9855070683554703 3,959459130570748 3,010405263150861 ), 68,13957823321904
( 0,00207452611500838 3,0497782179285413 3,964345054830238 -0,00017509151756990587 1,8964490973757606 1,92782144739952 -1,975123132333853 -0,051720365568699425 1,97885431047 -2,035403989584278 1,8815734634113808 -0,02874049029670818 3,0552720772648487 -0,9855681300698573 3,9594186024932805 3,0104980181773393 ), 68,13957838098518
( 0,0020219929896418062 3,0496937936928257 3,9644001815499945 -0,00018837493284213096 1,8966541278126658 1,9279701372301083 -1,975030388150494 -0,05222459346689305 1,9789457910703507 -2,035092253998077 1,8815922948072092 -0,02918337151287593 3,0554735955003602 -0,9857978870193788 3,9594983409932842 3,0104511696416143 ), 68,1395800830138
( 0,0020407072583282257 3,0497266510218184 3,9644131654906554 -0,0001422571773871558 1,8965063848113561 1,927900138855214 -1,9751026994285024 -0,051955098674142254 1,9789347483312065 -2,0353428818704016 1,881603016136847 -0,028924716726176632 3,055343898254896 -0,9855792822786406 3,9594830574141904 3,0104837326650653 ), 68,13958045938615
( 0,002086759277926354 3,0497873658243813 3,9643272137848644 -0,00018108166698803683 1,8964212687075748 1,92781186070037 -1,9751329398049342 -0,0516878722273046 1,9788438910568074 -2,0354201125340294 1,8815788632283235 -0,028706653453934923 3,0552464077464165 -0,9855461945293345 3,959406246330689 3,0104893177582386 ), 68,13958343386932
( 0,0020255473883585965 3,049709168006919 3,964430900180467 -0,0001345994120538909 1,8965449830680638 1,9279054634446005 -1,9750816474148567 -0,05196692272865046 1,978938996849887 -2,0353216675449413 1,8815739388917794 -0,028955613829186832 3,0553683354864662 -0,9856106203740502 3,9594923041343355 3,0104975629015933 ), 68,13958344133732
( 0,0020816425425268085 3,049768207129216 3,964346636213415 -0,00016369087368677622 1,8964135185054332 1,9278354313860575 -1,9751337557770496 -0,051743921662443404 1,9788722023810552 -2,035426951160117 1,881589930469139 -0,028743702575198198 3,055244268122068 -0,9855115026239379 3,959425257387621 3,0104778821214775 ), 68,13958603708522
( 0,002021203410076099 3,049718524175265 3,9644261901051983 -0,0001306950848098231 1,896552295613503 1,9278576944412467 -1,9750728380098934 -0,05181051805667304 1,9788985764967089 -2,0353682865100087 1,881516030840802 -0,028858173098422025 3,0553480648174727 -0,9856190900570923 3,9594704542828763 3,0105350064010707 ), 68,13958634997746
( 0,002097425755810902 3,049812689448882 3,9643027484141427 -0,00019880437123786428 1,8964111672573085 1,9277859584350754 -1,9751413918491287 -0,05162405261097545 1,9788150243958453 -2,035427722882262 1,8815790989749757 -0,02865422004185089 3,0552361201862266 -0,9855622501089829 3,959384638167384 3,0104957102103445 ), 68,13958926422745
( 0,002068898077288451 3,0497681635906884 3,96434453722912 -0,0001688339923763304 1,8964629601441887 1,92779542136527 -1,9751045203730202 -0,05162155770061703 1,9788307481718233 -2,0354222204789822 1,8815145226602443 -0,028691706128871147 3,055257747529387 -0,9855764079107994 3,9594057054649285 3,010521015290496 ), 68,1395938521155
( 0,002002176017304497 3,0496782873090664 3,9644625872794323 -0,00012769594967025508 1,896612069152868 1,9279506853201323 -1,9750525442758982 -0,05211426323100285 1,9789733209480784 -2,035242681987311 1,8815740440100595 -0,029087968794322013 3,05543272240028 -0,985671338159071 3,959524290679392 3,01049257819545 ), 68,13960103949692
( 0,0020861219352045187 3,049793907941251 3,9643328739150268 -0,0001744488535503041 1,8964086251577392 1,9278004294619957 -1,9751420443638954 -0,05164930459918313 1,9788415537950155 -2,0354540165561534 1,8815795412204175 -0,028671615144217562 3,05523612166311 -0,9855248317528352 3,959405622234208 3,0104995122323586 ), 68,13960249897747
( 0,0021013676883973095 3,049811389174116 3,964304719961575 -0,00019068303243820718 1,8963862516196281 1,9277846337853288 -1,9751509347343945 -0,05160786632626468 1,9788204180108488 -2,0354574666065006 1,881584598154983 -0,028632690860702522 3,055215154887048 -0,9855234954040778 3,9593856170051267 3,010491941530271 ), 68,13960531477764
( 0,0020432795543539385 3,0497410773916216 3,9644131564354557 -0,00012579733695855665 1,8964684172406987 1,9278458646853542 -1,9751161954995116 -0,051763700360893845 1,9789026156530651 -2,035448334287052 1,8815621041428587 -0,028780118693594908 3,055290232811405 -0,9855208406616174 3,959462624845244 3,0105194124214867 ), 68,13961029828458
( 0,002065013419933981 3,0497788221665907 3,9643760748957377 -0,00014908508647193088 1,8964302139912497 1,9278187268759002 -1,9751403583912275 -0,051700117868151325 1,9788726329806945 -2,035468946833931 1,881586781505606 -0,028710777166172808 3,055263387514375 -0,9855140044030085 3,959435579981504 3,0105136094425844 ), 68,13961156842805
( 0,002147931314250786 3,049907113663321 3,9642377236536306 -0,0002425768725072265 1,8962977798621847 1,9277667697667278 -1,9752276996905316 -0,051626596525999144 1,9787937041583112 -2,0354780385866005 1,8817245703698462 -0,02856551612269731 3,055190404925092 -0,9855046711847859 3,9593542750668664 3,0104524519822293 ), 68,13961229061674
( 0,00211461470243798 3,0498331952334565 3,964284946237351 -0,00020224888895080157 1,89635858359836 1,9277717091507238 -1,975168268965682 -0,051578517610547624 1,978807220232236 -2,0354739589509814 1,8816052890911958 -0,028594150800286253 3,055197366615753 -0,9855106307849334 3,9593722424752396 3,0104859744869295 ), 68,13961594443585
( 0,002074903713487735 3,0497807096401295 3,964347067795673 -0,00016207145893103452 1,896427191029052 1,9277891371002776 -1,9751273302224257 -0,051599538850141694 1,978835926800548 -2,0354688076225993 1,8815396429307913 -0,028653411227252883 3,055236567378542 -0,9855290857637566 3,9594067864345206 3,010520239666086 ), 68,13961653783755
( 0,002041112139960921 3,0497343218477124 3,9643883760447176 -0,00013705059791291297 1,8965039094392475 1,927792260999939 -1,9750777281895258 -0,051582497886929785 1,978841544326002 -2,035444323610072 1,8814541796519895 -0,02869476215734894 3,0552728762595196 -0,985577666611616 3,9594239537889004 3,010556489808137 ), 68,1396209191169
( 0,0020770797452514833 3,049777444662398 3,9643552980481425 -0,00015272611579641795 1,8964046744071485 1,9278021439968929 -1,97513960928184 -0,051632172054600634 1,9788547348249583 -2,0354871430699646 1,8815635252429865 -0,028662765054875628 3,0552265710933355 -0,985490376124089 3,959417143326525 3,010508898815031 ), 68,13962340358405
( 0,0020138763832160986 3,049694148915649 3,9644685025908193 -9,43982487972551E-05 1,8965154603779897 1,9278887004647036 -1,9750918194999847 -0,051874631192370096 1,9789527757473653 -2,0354223262935047 1,8815482086601643 -0,02888335865567654 3,055333324597717 -0,9855242201909412 3,9595051014205414 3,0105254735276277 ), 68,13962610479295
( 0,0022433340446748147 3,0500065611483964 3,9641289862568936 -0,00033793539860248325 1,896126430111829 1,9278905305278347 -1,9753590936469505 -0,05212699284098202 1,9788709038641656 -2,035348527865982 1,8820912101854572 -0,02876604028240174 3,0551864344437876 -0,9854371398738895 3,959361777380005 3,010256507639531 ), 68,13962829415225
( 0,002092656998594783 3,0498176963823993 3,964355743590749 -0,00015938601852963374 1,8963469818328746 1,9278309441842059 -1,9751974169709698 -0,05175807859854791 1,978890825846769 -2,0355096363271836 1,8816909090111489 -0,02869058327636857 3,0552312991468895 -0,9854371791261983 3,9594360423498576 3,0104751380537453 ), 68,13962859912982
( 0,002235972953030062 3,049925599550442 3,96412658388458 -0,00030366294165801985 1,89613024771187 1,9278227070700835 -1,97528801653573 -0,051798413880251554 1,9788187200485416 -2,035418655530846 1,8818634037211601 -0,02861044398419563 3,055089942157387 -0,985386813554921 3,9593202140679895 3,010308885647157 ), 68,13962994758406
( 0,0020729727749383927 3,049752342805041 3,9643851064785802 -0,00012260349959388635 1,8963741829831124 1,9278397316876306 -1,975151487779362 -0,05172048059220805 1,9789030307594415 -2,0355157183114803 1,8815958637587014 -0,028709875827373724 3,0552121267437604 -0,9854125514700804 3,95944800932268 3,0104857194064976 ), 68,13963694652902
( 0,0021601694528364467 3,0498809403692797 3,9642319306998663 -0,00023137397669100267 1,8962522913277913 1,927773213790016 -1,9752287162606814 -0,05160430153753878 1,978806468587197 -2,035504683337086 1,8817072947853652 -0,0285463755590731 3,055140962537922 -0,9854325729153887 3,9593509927733486 3,010433310664646 ), 68,13964203170983
( 0,0021126763777484475 3,0498338774747564 3,964288493946145 -0,00019483810375007187 1,8963523401508355 1,9277536899845273 -1,9751685515592765 -0,05151249504180685 1,9787970899511216 -2,0355069996961817 1,8815840091195837 -0,02854900398714407 3,055182610539261 -0,9854952146959882 3,959366755034419 3,0105012781787823 ), 68,13964328519596
( 0,0021247836321593725 3,049846448306278 3,964274815749924 -0,00020126086521827098 1,8963223219159613 1,9277534551608884 -1,975185108713398 -0,0515160174170065 1,9787967586449609 -2,0355188207416672 1,8816106038405058 -0,028533403576304135 3,0551653720090024 -0,9854710236383922 3,9593611631765344 3,010487382956914 ), 68,13965037787776
( 0,002141023801343162 3,0498736985853574 3,964274354959946 -0,00020445436568008294 1,8962629926333168 1,9277867174396746 -1,9752352473380834 -0,05164233421632407 1,9788355450000499 -2,0355367410217715 1,8817235819952007 -0,02856831571505427 3,0551612876217096 -0,9854094152625672 3,959379872650125 3,0104481973951804 ), 68,13965159193833
( 0,002118388370989268 3,0498406391707524 3,964275477998397 -0,00020078417311707888 1,8963446284739742 1,9277387159634733 -1,9751690035781284 -0,05146557843077277 1,9787809259637432 -2,0355154252596135 1,8815722692866752 -0,02851580541227051 3,0551690341830615 -0,9854959058056423 3,9593540069149515 3,010504494948903 ), 68,13965617156839
( 0,0021333217650080743 3,049861868220761 3,9642603027647985 -0,00021060841293780305 1,8963074465690002 1,9277435533692557 -1,975195084943065 -0,05149437672327015 1,9787854706042092 -2,0355261154445774 1,8816222446603017 -0,028507955833574922 3,0551557015935766 -0,9854688696110522 3,959350990850868 3,0104845021474835 ), 68,1396585773295
( 0,0020864805403978484 3,0498048076863133 3,9643468515860674 -0,0001538437431213163 1,8963676283482527 1,9277767674128699 -1,9751655377409427 -0,05155998202704217 1,978840545878471 -2,0355434603445612 1,8815823264255316 -0,028587201765602994 3,0552008023503956 -0,985455052922807 3,9594057559729405 3,0105178126381564 ), 68,13965915824018
( 0,0020603788953318554 3,0497660361668606 3,9643928536811193 -0,0001225640274225631 1,896405159909334 1,9277953633482618 -1,9751420329993503 -0,051590869555129044 1,978869181195285 -2,0355456977559783 1,8815469145723032 -0,028634241109993817 3,0552235212289443 -0,9854511461592768 3,959434032112267 3,0105356623282447 ), 68,13966440286691
( 0,0019481690161346052 3,049621964954458 3,964560357701549 -4,755279845099138E-05 1,8966570984408575 1,9279291670354606 -1,9750212242272167 -0,051978746046927954 1,978996406382949 -2,0353584126946687 1,8814657035081468 -0,029032223810100916 3,0554340015867587 -0,9856142485839032 3,959562534432148 3,010572917767015 ), 68,13966491262948
( 0,0020721071150123036 3,049779345752879 3,9643639641928443 -0,00013851573029603848 1,8963964743628643 1,9277730272507207 -1,9751404671876336 -0,05152631084203231 1,9788389510601232 -2,03554377675224 1,8815302622471095 -0,028590079301909568 3,0552044819341386 -0,9854654016232168 3,959410147387786 3,0105353016893344 ), 68,13966515392116
( 0,002144969795524318 3,049876924242048 3,9642420837001557 -0,00022144786540860426 1,8962861549613663 1,9277365141251344 -1,975206876373449 -0,0514804655786782 1,9787757780633015 -2,035531330871175 1,8816385614192173 -0,02848542735728656 3,055141668827555 -0,9854610548449048 3,9593400395909955 3,0104756519821967 ), 68,1396660889505
( 0,00200723997454827 3,0497005470342904 3,9644841842160483 -7,021804834687832E-05 1,8964940287370708 1,9278462373465632 -1,9751002742869683 -0,051720120693506504 1,9789333363979762 -2,0355191124237595 1,881509748569503 -0,028769999672672766 3,055296814339026 -0,9854733701278612 3,9594973579181465 3,010563541928174 ), 68,13966756571928
( 0,002033608556043797 3,0497216865111265 3,964469513588218 -7,696652943664946E-05 1,8964151720463542 1,9278864926324215 -1,9751509231960807 -0,05185811023684909 1,9789734871840947 -2,0355299467325603 1,8816251601059721 -0,028810103083915885 3,0552728973129417 -0,9853930597340965 3,95951079544921 3,0105051330316863 ), 68,1396681425519
( 0,002119215735709803 3,0498445153883007 3,9642851322463684 -0,00019048438483414558 1,8963220817271553 1,9277431516389891 -1,9751846322023994 -0,051475449809789124 1,9787939732643756 -2,035546795922032 1,8815956552849609 -0,0285066746211919 3,0551587715892787 -0,9854578394372873 3,9593625000662884 3,0105010561891454 ), 68,13967122253007
( 0,001976052577740406 3,0496168759914086 3,9645305684765204 -3,719863061114447E-05 1,8965640222437639 1,9278974388621117 -1,975039460721143 -0,05182788708365297 1,9789774449151332 -2,035450702236679 1,8814364633015592 -0,0289053970826732 3,0553303482687304 -0,9854959270025587 3,9595335065616735 3,0105595354892767 ), 68,13967129636993
( 0,0024172207812865167 3,0501929369794345 3,9636967795438616 -0,0006738270994603783 1,8961289875278586 1,9277167012211522 -1,9753183614532597 -0,05178433477282813 1,9785293340966557 -2,0349465128640274 1,882017240287754 -0,028558676594199528 3,0551344320017217 -0,9858955673210587 3,959063073847317 3,0101695932892842 ), 68,13967598192764
( 0,0020882341573178836 3,0497902802215338 3,9643135024357408 -0,00016681144691082128 1,8963999119887909 1,9277257736361806 -1,975120500571112 -0,05137845398620731 1,9787766674246825 -2,0355293777229644 1,881463599109562 -0,028506821168172904 3,0551732717654856 -0,9855096548695813 3,9593626125640147 3,0105459801163788 ), 68,13968376898589
( 0,002099291896211273 3,0498107570800954 3,964341499859084 -0,0001515337213094591 1,8963206664110897 1,9277803752532023 -1,9751885986925293 -0,051563097183820135 1,9788523194059395 -2,035576336309747 1,881613281398995 -0,028564829030304037 3,05517221336424 -0,985398055713914 3,959405728055118 3,0105024386256423 ), 68,13968535314994
( 0,0020799165133900213 3,0497886975571706 3,9643647943230333 -0,00013283095395683276 1,8963584618719982 1,9277750054406504 -1,975163164705148 -0,05152923514381987 1,9788496678600842 -2,035580530845276 1,8815622252456228 -0,028568439709290412 3,0551836783566415 -0,9854160294578711 3,959413480778798 3,010526007197784 ), 68,13968677425842
( 0,0021756812668638085 3,0499244637518395 3,9641881310731515 -0,0002566859326704665 1,8962390947124557 1,9277101165023893 -1,9752359866473972 -0,05142889979378331 1,9787392519204745 -2,0355379219005694 1,881677796461953 -0,028418178730275353 3,0551108639803517 -0,9854611399021669 3,959305307957402 3,0104576290247884 ), 68,13968851295733
( 0,002008933673528943 3,0496611254204535 3,964398482142419 -0,00012562604044444916 1,896613791273454 1,9277405771692382 -1,9749764084998422 -0,051359594355194105 1,978785122775703 -2,0354047259581334 1,8812278786117937 -0,028646901071160743 3,0552785846245283 -0,9856775182196035 3,9593949049540513 3,0106283122976754 ), 68,1396952881083
( 0,00210455158836097 3,0498400990237493 3,964343389893177 -0,00015101885875779404 1,8962919630709396 1,9277824383489446 -1,9752206767403697 -0,051591043265334084 1,978860430998908 -2,0356086243239764 1,8816734144977774 -0,02855168166535531 3,055170900360118 -0,985370512767867 3,9594124947139813 3,0104954549284586 ), 68,1396960095014
( 0,002154737959444472 3,049880737840237 3,9642491969299103 -0,0002098221181119597 1,8962321796121655 1,927751372917842 -1,9752373885461654 -0,0515163975096157 1,9788034438400233 -2,035575699586272 1,881688130031009 -0,028478159716311166 3,055115121413383 -0,985383745310263 3,959351929919256 3,010456080312639 ), 68,13969631872425
( 0,002105628568679792 3,049832066471129 3,9643249640735316 -0,00016113248407804816 1,8963128348547058 1,9277569916536026 -1,975195642819934 -0,051502386410636786 1,9788274514358644 -2,0355924378607377 1,881611267750988 -0,028515802961553895 3,0551615198681272 -0,9854068931100539 3,959389509321838 3,010510360243495 ), 68,13969748072219
( 0,002284440731125756 3,05001504878262 3,9640797423173435 -0,0003411510378058936 1,8960104757774079 1,9278525300446763 -1,9753893252642756 -0,05196403963141567 1,9788439783195815 -2,035441868320105 1,882078218974672 -0,02861803710123961 3,055069336365744 -0,985311067935861 3,9593208835073472 3,0102338272432076 ), 68,13969804209648
( 0,0020932147043181875 3,0498208314158157 3,9643447723941296 -0,0001479902068189105 1,8963310790357466 1,9277553371053933 -1,9751863717291591 -0,05148842283728541 1,9788323132904027 -2,0356029793958372 1,8815903060872734 -0,028517048585027027 3,0551710470977906 -0,9854093763824237 3,959398187102651 3,010526732035504 ), 68,13970638658535
( 0,0021009399905513944 3,04982274735606 3,9643119663932205 -0,0001678183822582613 1,896346743293228 1,9277266603848382 -1,975164652781918 -0,05139866985545763 1,9787899897692276 -2,035578090218598 1,881536502944317 -0,02847617179336437 3,0551581228527995 -0,9854545726002001 3,9593672564565985 3,0105346185602513 ), 68,13970668328955
( 0,0020884753990022364 3,049801751810972 3,9643055339423876 -0,00017515309161605057 1,8964083740649123 1,9277011453549158 -1,9751178630189954 -0,05130943033957167 1,9787539431897778 -2,0355370783071702 1,8814423780247338 -0,028463424388957107 3,0551736299156973 -0,9855318890863942 3,9593484589115957 3,010565259864146 ), 68,13971022014479
( 0,0021390854012214846 3,0498731765981852 3,964244354391775 -0,00021480128517439205 1,8962956927111954 1,9277042908244721 -1,975194444852982 -0,051365593492067596 1,9787511900541979 -2,035563199744224 1,8815840461273778 -0,028420242362893783 3,0551273520521463 -0,985464381789104 3,9593267134241863 3,0105055385935384 ), 68,13971055883988
( 0,002162727419980309 3,049899209262854 3,9642091426880337 -0,00023718945503358786 1,8962537521806015 1,927699209012011 -1,9752175271267733 -0,051365585455546044 1,9787393711761205 -2,0355626589508136 1,8816234208873606 -0,028394665318373712 3,0551035364943755 -0,9854488128968962 3,9593087027670846 3,010481575865761 ), 68,13971846572134
( 0,0021499522857945912 3,0498876783955815 3,9642380583646255 -0,00021591463000312052 1,8962586786180253 1,927709294543515 -1,9752184914514619 -0,05138607427810993 1,9787599823534927 -2,035586271911537 1,8816258492819098 -0,028408899491125364 3,0551107394277284 -0,9854257076295063 3,9593280274615843 3,010489892895106 ), 68,13972240063582
( 0,0020565464799017935 3,0497564356370708 3,9644221972045437 -8,88634321531352E-05 1,8963611623020284 1,9277950914561544 -1,9751624694336316 -0,051558210596938304 1,9788936844289648 -2,0356307991913045 1,8815557689249474 -0,028591216690303768 3,0551886502029837 -0,9853568714164016 3,9594503771823084 3,010541849462799 ), 68,13972549879692
( 0,002065381704871825 3,049779324209933 3,9643942109052617 -0,00010984403292735435 1,8963644559460848 1,9277654358601197 -1,9751616763436715 -0,05148361490164318 1,9788567746229186 -2,035625482516166 1,8815405537999048 -0,028540744029764236 3,055183049385324 -0,9853925051195096 3,9594246451676 3,0105519039695445 ), 68,13972565175663
( 0,002188950435623128 3,0499438365264537 3,964169189861321 -0,00026313886427070145 1,896204088825912 1,927684604363481 -1,9752524028623986 -0,05134948004387105 1,9787190448305418 -2,035577501411548 1,8816797370759593 -0,028346278864032452 3,0550785089720964 -0,9854334164982214 3,9592867694291325 3,0104608653078944 ), 68,13974107350549
( 0,002042062590391118 3,049752969916472 3,964449179199813 -7,119472876869946E-05 1,8963746235600945 1,9277950236904908 -1,9751626251135745 -0,05155524053044913 1,9789039067377843 -2,0356557864737472 1,881552942606174 -0,028590887519939434 3,0552014779637453 -0,9853500449468914 3,959465130009065 3,0105596270990844 ), 68,13974152849737
( 0,002178709243478656 3,0499215208513886 3,964184755336622 -0,0002482214092174911 1,8962187263143633 1,9276835408455435 -1,975235718080548 -0,05132406507469401 1,9787224874604494 -2,035585493356527 1,8816416485902139 -0,028346107475839828 3,055075970798141 -0,9854278614866436 3,9592919876571626 3,010472727001342 ), 68,13974826080995
( 0,002202113544815941 3,0499721297945546 3,964156342027335 -0,0002723522940104936 1,8961679600231707 1,9276807651003598 -1,9752818450692275 -0,05135569857559118 1,9787184285958328 -2,035600628589063 1,8817291349025125 -0,028320320996128207 3,0550666588771995 -0,9854083137535568 3,959282205696134 3,0104500192287826 ), 68,13976409938363
( 0,0021207386482770354 3,049841666558781 3,964325993094227 -0,0001443276550193679 1,896234736106132 1,9277537013296084 -1,9752336403107047 -0,05147106452159325 1,9788429100853677 -2,0356770328511873 1,881650390559879 -0,028453889311526072 3,0551058750023894 -0,9852982686068008 3,9593917107974232 3,0104958841664398 ), 68,13976766036457
( 0,0021977111583839372 3,049967549057594 3,964213796078807 -0,00023233923210137008 1,8961039623906368 1,927751856928997 -1,9753382022728811 -0,051571078662910566 1,978815715165537 -2,0356565506594193 1,8818640668869975 -0,028411474201432377 3,0550722412521707 -0,9852797049453812 3,9593460977183046 3,0104102960682697 ), 68,13977139833364
( 0,002008006209489978 3,049696921545961 3,9644802431396737 -4,631478629726585E-05 1,8964584658022292 1,9277611812445454 -1,9750931235867577 -0,051401307319339305 1,9788762741833275 -2,035652040361367 1,8813944169693297 -0,02855870162749648 3,055213096695196 -0,9854061810137272 3,959458854729653 3,0106224819148104 ), 68,13978545139709
( 0,0020970484269039256 3,0498085047897385 3,964313917625383 -0,00014450219326748073 1,8963317279873848 1,927676842257379 -1,9751499728991562 -0,05119812688049562 1,9787550443236928 -2,0356605194784443 1,8814471294414008 -0,028352620982728262 3,0551015231558782 -0,9854100354383643 3,9593459990744986 3,010570316976804 ), 68,13981401065702
( 0,0020381374054915732 3,0497537795344867 3,964429684962081 -7,258074265962682E-05 1,8963955313139387 1,927710015996923 -1,975130627260016 -0,05126543866375296 1,9788263870464284 -2,0357104342055057 1,8814197513944932 -0,02842563939296701 3,0551613808995763 -0,985380046898114 3,9594171082233505 3,0106229763713293 ), 68,13983862463574
Liczba wywołań funkcji celu: 13969
