Iteracja nr: 67
( 0,0020618596336715394 3,0497322526703305 3,9643818985184667 -0,00012709761423096097 1,8964253763714287 1,9278194723504718 -1,9751118596382322 -0,051646639529231535 1,9788751626239947 -2,0354828479385216 1,8815156222345244 -0,02870036579890959 3,0552246985687397 -0,985474012321751 3,959433583039595 3,010511771823332 ), 68,13962832612056
( 0,0022356015435149833 3,0499343961117815 3,9641275656381634 -0,0002972605686176931 1,8961184149924026 1,9277973515309712 -1,9752936016148621 -0,05171343709450761 1,9788029114849635 -2,035463447368307 1,881845740532981 -0,02854701501351433 3,055071135924183 -0,9853682689718647 3,9593113753836753 3,010327551742446 ), 68,13965665610242
( 0,0020447343137737096 3,049836978002249 3,964349443527826 -0,00017682839236863075 1,8965258989491796 1,9276846784168697 -1,9751030047695068 -0,051328911269214295 1,9787371194524797 -2,035503666316088 1,8814450598936754 -0,028500019662572113 3,0552871938076875 -0,9856769769221057 3,9593688688682986 3,010630923119092 ), 68,13968366540347
( 0,0022416554187479226 3,049996902923561 3,9641161022184876 -0,0003123800447124704 1,8961005132967224 1,92775577500234 -1,975331184822226 -0,05163101398125849 1,9787713280474943 -2,0355169532886577 1,8818899687042243 -0,028455051242767343 3,0550750305365044 -0,9853794129520073 3,959295524697666 3,010353939114917 ), 68,139698943601
( 0,002091915940528271 3,0498138116337863 3,9643670303308016 -0,00013099196309611353 1,8963053700356676 1,9277894533487852 -1,9752061066197972 -0,05158845005713707 1,9788744319503475 -2,035618710639031 1,881643472955503 -0,02856524110965386 3,0551716914541123 -0,9853558778892487 3,959425241573567 3,0105050095824306 ), 68,13970567938102
( 0,0020739438252804247 3,0497916339405386 3,9643145115396874 -0,00017024050366062376 1,8964507758207556 1,9276882501842225 -1,9750928480957695 -0,05126623193217801 1,978737861897796 -2,035525508975574 1,881394054852281 -0,028460270768216358 3,0551902117488714 -0,9855745680476554 3,959346180496542 3,0105888003259347 ), 68,13971482539638
( 0,0020749977343179917 3,0497983713127628 3,964347436585415 -0,0001457061176195639 1,8963955435923692 1,9277207589867886 -1,975137799590168 -0,05136452065219687 1,9787926271109941 -2,0355846208664303 1,8814819552627176 -0,02848278667476975 3,055182320269769 -0,985478894862408 3,9593806789168142 3,0105696591992643 ), 68,1397198687214
( 0,0020868270979277456 3,049800141700173 3,964357932795469 -0,00013129360022133676 1,8963315680217716 1,9277574107060826 -1,9751760874923103 -0,05147021057677886 1,978839251882206 -2,0356196872569163 1,8815631633053216 -0,028514455741820054 3,0551587354342105 -0,9853861400619147 3,959404107658658 3,0105307962813024 ), 68,13972046548132
( 0,0021984887954609126 3,0499973496834247 3,9641739874813693 -0,0002711220492463507 1,8961623927781655 1,927706309450652 -1,9753119414190232 -0,05146969132244776 1,9787476131280828 -2,035601425165981 1,8818130265995565 -0,0283696333195239 3,0550997888761775 -0,9854038653299171 3,959306778383368 3,010438626361091 ), 68,1397352278449
( 0,002203426947615464 3,049968881466249 3,9642387909467254 -0,00023437545293626731 1,8960778259334528 1,92786063159032 -1,975381447983057 -0,05194617676479917 1,9789165563718631 -2,0355825898362068 1,8820392785111846 -0,028624296178390823 3,055128939887465 -0,9852457568013033 3,9594074206110426 3,0103310515264585 ), 68,13973660792502
( 0,0021437450587144004 3,049887820402809 3,9642771487492316 -0,00018675081580353016 1,8962212770397484 1,927736007225537 -1,9752519789007055 -0,05146185259666464 1,9788088653502507 -2,03564439817683 1,8816898280964254 -0,02842810984539911 3,0551083255503424 -0,98534443075416 3,959362470576049 3,0104821577599705 ), 68,13974788501233
( 0,0019925651419188503 3,04963363113643 3,9644143524353073 -0,00010873841259349095 1,8966464858742427 1,9277130907161 -1,9749436770248978 -0,05124207484659894 1,9787657225291266 -2,035425611172942 1,881137841719574 -0,028600916206412266 3,0552711210853176 -0,9856900891260656 3,959387693148884 3,010666433464406 ), 68,13976062289322
( 0,0021560291080481367 3,0499016970698962 3,964248956477098 -0,000201330329927328 1,8962082496330146 1,9277130311151933 -1,975252671878301 -0,05139393174145854 1,9787795330482805 -2,0356484998564452 1,8816749773302177 -0,028379316110059442 3,0550861657678965 -0,985352083577216 3,95933886923479 3,0104817739305125 ), 68,13976537695116
( 0,002166614627924221 3,0498846957047046 3,9642047938210907 -0,00022386902650738358 1,8962303030126204 1,9276830956130975 -1,9752115226694436 -0,051282218449361296 1,9787284280280102 -2,0356030720756912 1,8815830981369253 -0,028341474796911095 3,0550604888857897 -0,9854050327062832 3,959298376293985 3,0104846012674766 ), 68,13976638871208
( 0,002027479701916788 3,049738187723526 3,9644688205912044 -5,7857495003984876E-05 1,8964001403817767 1,9277820132191952 -1,9751459571531371 -0,05150052032902459 1,9788994386158358 -2,035670725008717 1,8815080011961447 -0,0285722478278975 3,0552084988990362 -0,9853598728369004 3,9594679890297444 3,010587440189057 ), 68,1397665489105
( 0,002102130804704219 3,049829544088223 3,9643406486346584 -0,00014026026210058274 1,8962879124046343 1,9277341670665176 -1,975204503767285 -0,05140750538729472 1,978824855009336 -2,035665273415776 1,8815888857293843 -0,02844259758171213 3,0551310104961007 -0,9853522561988304 3,959388679759414 3,0105326572173716 ), 68,13976807071964
( 0,002125721685843044 3,0498738312226727 3,964316809155902 -0,00015734697349989115 1,8962284445486446 1,9277440018169751 -1,9752532256508202 -0,05147161626609493 1,9788329179331048 -2,0356830894409184 1,8816877382255612 -0,02843541094701304 3,0551165561097187 -0,9853133873298909 3,9593866549327315 3,010498668941791 ), 68,13976838045872
( 0,0020928443902936762 3,0498057838568315 3,964364913588986 -0,00011759039596097514 1,8962866739835214 1,9277539678221531 -1,9751998644774826 -0,05144630790765741 1,9788506626817413 -2,035678235587423 1,8815858189004193 -0,028473468927414227 3,055128008872129 -0,9853184039482396 3,959408266195673 3,010527709701479 ), 68,13976869212193
( 0,0020910634170808948 3,0498167664340348 3,9643586592846978 -0,00012619305328782947 1,896302733141059 1,927736915925572 -1,975195406094416 -0,05140549486540673 1,9788317531293005 -2,0356735748199517 1,8815717065310307 -0,02845109168270777 3,0551371723652307 -0,9853500486975821 3,9593983682352523 3,0105426237910873 ), 68,13977076672224
( 0,0021759794273287793 3,0499144299634784 3,964219520917919 -0,0002198642549026138 1,896174970067445 1,9277129327195393 -1,9752664086908587 -0,051399813975171835 1,9787729963768863 -2,035639391391096 1,8816992238058212 -0,028367429419323752 3,0550650710019474 -0,9853384430989317 3,9593241611152847 3,0104590600067964 ), 68,13977167747302
( 0,0020937747663687546 3,0498208731933683 3,9643528822536473 -0,000130425048566534 1,8963004461165125 1,927733301924918 -1,9751966538739962 -0,051397268097635306 1,9788268010711618 -2,035672102182821 1,881572328847115 -0,028444047184592383 3,0551351095926043 -0,9853535157129893 3,9593940762579445 3,010542077576091 ), 68,13977170847112
( 0,0023514631152421663 3,0501314206103713 3,9638375878452634 -0,0005238746280543917 1,8960980716696931 1,9276160462753695 -1,9753096805588322 -0,05132520236577088 1,9785302041857564 -2,0352993333243967 1,881826300471245 -0,028258859284568852 3,0550287207595157 -0,9856691841684937 3,959093536614763 3,0103188312783824 ), 68,13977192550968
( 0,0020937126133887137 3,0498166418066774 3,9643845245597507 -0,00010918181842938372 1,896258997311991 1,927782865289383 -1,975231470927728 -0,05154878149209014 1,9788898117336968 -2,035695746514602 1,8816612303234164 -0,028512630934207802 3,055139257657266 -0,9852754447001916 3,9594335536186094 3,010510513777767 ), 68,13977192698036
( 0,002216730699235334 3,0499813189092135 3,964124641566586 -0,0002901440614056281 1,8961550948900499 1,9276678968074228 -1,9752803855245362 -0,05131893781470513 1,9786947490119893 -2,035587215376151 1,8817201126506904 -0,028294448538745357 3,055046827764673 -0,9854187980750118 3,9592603053208943 3,0104392848980166 ), 68,13977231178573
( 0,00218901831917896 3,04995327627623 3,964190995335979 -0,00024431227721740463 1,8961645577468382 1,9276960202203492 -1,9752842060485707 -0,05138249983613151 1,978747771576728 -2,035633660969278 1,8817320485409388 -0,028337199854195694 3,055066913041861 -0,9853654764769151 3,959306192921441 3,0104552905131183 ), 68,13977267625735
( 0,002234641014800391 3,0499843920493817 3,964163374468844 -0,00026273854983084816 1,8960395457738066 1,9277737692418948 -1,9753652694168053 -0,05164977708177119 1,9788209470194216 -2,0356247261117613 1,8819307420370446 -0,02843313375574637 3,05503766220864 -0,985245465923163 3,9593302916687962 3,010350070208788 ), 68,13977298844915
( 0,002132152336801509 3,0498708761562128 3,9642858518235555 -0,00017414623071268672 1,8962450634873753 1,9277127648569938 -1,9752278416439628 -0,051367484387184636 1,9787893986580705 -2,0356626572487917 1,8816226999588173 -0,02838835831147357 3,055099696782764 -0,9853551308610368 3,959355010088592 3,0105097245518277 ), 68,13977330210543
( 0,0020875721308842 3,049817975884975 3,9643666650800067 -0,0001209246771409123 1,896302889213791 1,927735483146794 -1,9751983917270237 -0,05140084372686195 1,9788348969152025 -2,0356860813265514 1,8815740175343882 -0,02844554678316199 3,055139256283883 -0,9853438252880868 3,95940244686534 3,010548506607003 ), 68,13978029296916
( 0,0022925156694625437 3,0500764709106263 3,96405860367334 -0,00034550948144601617 1,8959747803865312 1,9277570865024363 -1,9754184288421957 -0,05168284072201203 1,9787703408536872 -2,0355674455350803 1,8820466709318169 -0,028397706451094556 3,055020972198716 -0,9852917907307714 3,9592769163778874 3,0102935561275235 ), 68,13978228968944
( 0,0021621090948935905 3,0499186085969496 3,96422649254019 -0,0002178810784900916 1,8962140909982017 1,9276843909305454 -1,9752488274819455 -0,051316706739734916 1,9787458228670425 -2,0356463067875423 1,8816525316460662 -0,0283303600988171 3,0550805098314835 -0,9853837746963094 3,959315815528115 3,0104946767421117 ), 68,13978441549978
( 0,00210682123820316 3,049842418994134 3,9643321743985562 -0,0001426060354963202 1,8962749786947137 1,927719751598023 -1,9752123854750159 -0,05136622739670377 1,9788119707744167 -2,0356862360994774 1,8815905014080607 -0,028405904873312914 3,0551178830421772 -0,9853440942824803 3,959379868668993 3,0105364155427825 ), 68,13978852365457
( 0,002179498573866325 3,049943045942123 3,964199553502038 -0,00023671687010222084 1,8961850851286053 1,927679227151672 -1,9752679997829365 -0,051318350779405185 1,9787351419054482 -2,035644675851716 1,8816869268842904 -0,02831071531850448 3,0550670495011847 -0,9853784569065722 3,959302031293041 3,0104782311126206 ), 68,1397918770493
( 0,002083492518217104 3,0498059237031003 3,9643732336996824 -0,00011263825782813149 1,896306360355583 1,927732476216294 -1,9751901115741346 -0,05137703545997289 1,9788350045174767 -2,035695220084385 1,8815510362431795 -0,02843758486236297 3,0551325475606665 -0,9853355643182287 3,9594032670728776 3,0105548447113106 ), 68,13979359964506
( 0,0020839206259491397 3,0498280875341903 3,9643780164417866 -0,00011570655702746312 1,8962985005796709 1,92773318242292 -1,9752103998091963 -0,05140130871024788 1,9788407445258323 -2,0357080642351013 1,8815923555405163 -0,028435084438148926 3,055145424188631 -0,9853336336641912 3,9594092043472724 3,0105567815634973 ), 68,1397961124408
( 0,0021400712414730697 3,049883737386544 3,9642753974943794 -0,00018000133092153974 1,8962258038716338 1,9277020904982884 -1,9752393620865145 -0,05133860902564596 1,9787813164848642 -2,035679298037483 1,8816324506865325 -0,028356680226302666 3,0550865592227714 -0,9853425362887716 3,9593463863897194 3,0105093128305604 ), 68,13979743091026
( 0,0021750730349382854 3,0499300590607548 3,9642159119505 -0,00022286925025975733 1,8961777426695212 1,927690367803527 -1,9752698805710625 -0,0513387276779809 1,978753812432728 -2,035659741607557 1,8816899022779674 -0,028322992152898786 3,0550634347799286 -0,9853494091910554 3,959314459874501 3,0104766016633198 ), 68,1397982549948
( 0,002025852226548672 3,049722476915174 3,964461964687138 -4,955942796392777E-05 1,8964036936804505 1,9277555423102755 -1,9751249810633165 -0,051389608985309476 1,978873227884272 -2,0356935947883112 1,8814402969109552 -0,028516066092228738 3,0551780114257605 -0,985353889506173 3,959451103164 3,0106034363583074 ), 68,13979960973143
( 0,0020604878967642824 3,0497778676001968 3,9644114520638425 -8,673215116505638E-05 1,8963405738246306 1,9277405511278132 -1,9751704791172833 -0,05138220096930884 1,9788524836325228 -2,0357035345188867 1,8815165158377896 -0,028463072086070646 3,055151803963053 -0,985337182559076 3,959424131711896 3,0105763779632966 ), 68,13980041826511
( 0,0021228023258738284 3,049844419106445 3,964328643833415 -0,00014241024994678683 1,8962205800409973 1,927744428660038 -1,9752414556081184 -0,05143744928923025 1,9788430461547466 -2,0357010972444933 1,881649184521786 -0,028423862336924097 3,0550962633285272 -0,9852784996405662 3,9593892719729085 3,0105040077707184 ), 68,13980175603561
( 0,002123195643488238 3,049857780172323 3,964291223130892 -0,00016693579677861344 1,8962666597807871 1,9276913050518976 -1,9752072090834056 -0,05128429145972098 1,978771267137478 -2,0356740441274033 1,8815648989687894 -0,028353020394253196 3,0550947242626636 -0,9853696657133003 3,9593466590224287 3,0105346727566498 ), 68,13980192703357
( 0,0021186007719268384 3,0498612761824675 3,9643282113773664 -0,0001437187369894489 1,8962320155041825 1,9277290780397143 -1,9752437054162495 -0,051404668469829655 1,9788269952543107 -2,0357125089948997 1,881648608567484 -0,028399774742647654 3,055103858500673 -0,9852987680247659 3,9593849574954256 3,0105177787019173 ), 68,13980367880828
( 0,002127889808699235 3,0498637730050735 3,9642879548167076 -0,00016868708922508407 1,8962524239931289 1,9276929463010783 -1,9752166277065162 -0,05129204781766275 1,9787743973249055 -2,0356813100317583 1,8815812531943132 -0,02834851579042089 3,055088986966047 -0,9853562105244462 3,9593465120602174 3,0105287713693953 ), 68,13980738055982
( 0,002119274847907456 3,0498213567467656 3,964330800299399 -0,00012641747166212676 1,896220757335379 1,927742515154445 -1,9752238064261978 -0,051401273165040146 1,9788383419194457 -2,035714052666869 1,881607253459663 -0,028414499360464363 3,055071407956233 -0,9852581679702956 3,9593876994846404 3,0105021764838633 ), 68,13980856125123
( 0,0021126330585258812 3,0498536751591376 3,9643238887367227 -0,00014697686924190884 1,896260614548094 1,927708932095582 -1,9752212661436461 -0,051336366175280125 1,978803441349239 -2,0357017838718736 1,8815961145242495 -0,02837632395603003 3,0551071317228238 -0,9853352677790115 3,9593721898223895 3,0105381031184972 ), 68,1398090874331
( 0,0021897176815167062 3,0499541732803945 3,964204055579299 -0,00023115046866807547 1,896136832359273 1,9276978784158738 -1,9753010969877915 -0,05137845148820876 1,9787630192265235 -2,035675400727161 1,881750730660541 -0,028317666093471014 3,055051909589765 -0,985316444352645 3,9593149199087483 3,010455667621041 ), 68,13981035349457
( 0,0021656869041399786 3,0499485505558614 3,9641595241896326 -0,00027552321752638873 1,8963003518852803 1,9276027944335066 -1,9751954754556014 -0,051102498106140135 1,9786313293240694 -2,0355679591905966 1,8815324746968674 -0,028238513313156615 3,0551022204386604 -0,9855648576172735 3,9592448098043067 3,010543953258399 ), 68,13981039655918
( 0,002124031596088703 3,049847000457347 3,964332801228102 -0,00013262331752331873 1,8962020371148234 1,9277475689402004 -1,975251503895645 -0,051441872874166926 1,9788493480423923 -2,0357266799750464 1,8816641418455997 -0,028415614560700672 3,0550823504225018 -0,9852472470826408 3,95939435101756 3,0104975436323755 ), 68,13981459021403
( 0,002124545341874087 3,0498632440704125 3,964290926301336 -0,00016670212832357065 1,896259601379147 1,927686532880131 -1,9752128518094079 -0,05127104533936678 1,9787695031990526 -2,0356860666109027 1,8815695134632697 -0,028338437388733664 3,055090723868287 -0,9853622337884765 3,9593452422336393 3,0105372664901497 ), 68,13981538407948
( 0,0021752373994908415 3,0499277863076544 3,9642032001971286 -0,0002268005176356374 1,8961896307833277 1,927667383823833 -1,9752539829944311 -0,0512598955751866 1,9787262833011439 -2,0356606239635284 1,8816445029891913 -0,02828442004051176 3,055051525162182 -0,9853698070513837 3,959297110373268 3,010489666019559 ), 68,13981702051267
( 0,002198194637296993 3,049946411688879 3,9641525988919315 -0,0002614660057244848 1,8961764852934244 1,927650338037134 -1,975252878122622 -0,05122212286049306 1,978690995909992 -2,0356245291223107 1,8816398050885967 -0,028257138053167836 3,055033441397552 -0,9854021045621656 3,959263616492021 3,0104729120083107 ), 68,13981781873682
( 0,0020315532835529357 3,049748668292857 3,9644397319278166 -6,924953931794958E-05 1,8964107374229795 1,9277199480440863 -1,975126044090629 -0,051299302511631485 1,9788352630497132 -2,0356973047949616 1,8814230929436644 -0,028454150727252735 3,0551774812435344 -0,9853920865507164 3,959426147787203 3,010623660443414 ), 68,1398201706434
( 0,0021707371245509002 3,0499273758398475 3,964203050736828 -0,00023255783134157676 1,8962111858514574 1,9276563083041471 -1,9752434286743386 -0,05122994868595156 1,9787149539095723 -2,0356484166956994 1,8816214370247595 -0,02827608691324446 3,0550642673183033 -0,9854007233708991 3,9592912801614695 3,0105051598078973 ), 68,13982104201303
( 0,0021267298503150176 3,0498669646943948 3,9643145293444895 -0,0001511829715499026 1,896218081815425 1,9277178549493155 -1,9752472032803905 -0,051368499837460786 1,9788158333446404 -2,0357192292207476 1,881643366007926 -0,028370931911841077 3,055089053606654 -0,9852928455669743 3,9593731251019197 3,0105171371504817 ), 68,13982318834101
( 0,002310088588550023 3,050083529663637 3,9639703624912626 -0,00039862472457689575 1,8960237813464682 1,927648415003233 -1,9753530428902826 -0,051336314328885704 1,978633973110646 -2,035526856699069 1,8818591828442304 -0,02822450241813756 3,054977654690908 -0,9854208795026805 3,9591796638072165 3,01034429010744 ), 68,13982570042852
( 0,0019882562497433496 3,0496712942558113 3,9645163581347975 -1,7622363177093232E-05 1,8964774417351336 1,9277600665156909 -1,975078903124045 -0,05137119817622168 1,978889534619336 -2,0356834588275166 1,8813557352847332 -0,028554276148311426 3,0552165889918386 -0,9853875149405694 3,9594751634049814 3,0106471369616177 ), 68,13982575600359
( 0,0021956438926433734 3,049950229937837 3,9641763638515677 -0,00024367472946505532 1,8961484499349504 1,9276679324142965 -1,975278129056414 -0,05127503210239478 1,978722778860153 -2,035663935277353 1,881688416057946 -0,028268475412477786 3,055031130881183 -0,9853472552999628 3,959285791154568 3,0104659043937216 ), 68,13982867477334
( 0,0021807919014799507 3,0499299582932116 3,964188516958528 -0,0002363717931661566 1,8961892855920401 1,9276556595282128 -1,9752489397752024 -0,05122313387021333 1,9787108357575471 -2,035653431700266 1,8816274724254418 -0,02826390513451404 3,0550435621796463 -0,985381784429021 3,959283813679129 3,0104915609275307 ), 68,13982943514677
( 0,002050209852767274 3,0497664333976306 3,9644334003332684 -6,88381177250594E-05 1,8963439252494414 1,9277387670203798 -1,9751678930314769 -0,0513616348442477 1,9788618351186562 -2,0357318787631598 1,8815011881015786 -0,028452744418941866 3,0551503422997355 -0,9853164745322439 3,9594342315956093 3,010590765535194 ), 68,13982954405121
( 0,0019810226779377067 3,049672917791254 3,9645429042486233 1,172669106718838E-06 1,8964640417831578 1,9277775214905266 -1,9750969860728342 -0,051425584228495906 1,9789183601841547 -2,035714278216353 1,8813954842602114 -0,028574073239479622 3,055222705896481 -0,9853486717533709 3,9594985126038114 3,010644196654473 ), 68,13983444841203
( 0,002035743351444168 3,049723345960923 3,9644611464260295 -5,113948300720781E-05 1,8963686118452006 1,9277562170884506 -1,9751424654372323 -0,051383685262265465 1,9788861418311765 -2,035716323296804 1,8814585368142571 -0,02849498090733495 3,0551609396373234 -0,9853114946712299 3,959450508922821 3,0105988611945125 ), 68,13983602578901
( 0,0021801981162555316 3,049935446272493 3,9641891875743913 -0,00023482674251303672 1,8961871556791736 1,927649668653209 -1,9752521589446144 -0,05120663186522625 1,9787066895333942 -2,0356651968020834 1,8816282903985035 -0,028249470450362316 3,055041231574775 -0,9853791776197982 3,9592825486712697 3,010496044466005 ), 68,1398409080577
( 0,002131733152547219 3,049865246367777 3,9642816136170005 -0,00016683292912659937 1,8962391548815698 1,927678285831922 -1,9752177841555933 -0,05123714417628042 1,978762881527221 -2,035704398812371 1,8815653574658315 -0,028309061052519194 3,0550685867567635 -0,9853399701795378 3,9593371821545866 3,0105338281892147 ), 68,13984180514633
( 0,002102763172290579 3,0498291322025786 3,9643041361313767 -0,00015516902359338542 1,8963221941722856 1,9276574874575507 -1,9751618623980862 -0,05115201757809266 1,978740167178363 -2,0356760223870243 1,8814545838887635 -0,028310145005590058 3,0550988654621065 -0,985415235064487 3,9593344858995136 3,010581195289926 ), 68,13984637255332
( 0,002119634494913509 3,049849652503586 3,9642809027529426 -0,00017109925237416375 1,8962902848455006 1,927655546317212 -1,9751816569292626 -0,05115950940848216 1,9787348802205993 -2,0356773471785083 1,8814897991455908 -0,02829396566927689 3,0550840587606483 -0,9854016692892708 3,959323617419332 3,0105638263007246 ), 68,13984897116104
( 0,0021728820721271204 3,0499295826578035 3,9642049100877967 -0,00022354870068885525 1,8961907294145903 1,9276501396072339 -1,975251824545658 -0,051201270413202826 1,9787145500015735 -2,0356820014788366 1,8816231799720609 -0,02824711202992693 3,0550440638719376 -0,9853678440572473 3,959290790948473 3,0105053907123236 ), 68,13985218726256
( 0,0020770275567505146 3,0497697886434367 3,9643716499241126 -9,501141912078939E-05 1,896318022771181 1,927701452941739 -1,975152517652319 -0,051229341090838716 1,9788058942449502 -2,0357225742479663 1,8814426196866012 -0,028372650008440595 3,055091487916959 -0,9853240033914809 3,9593846064176996 3,0105783514502025 ), 68,13985412575144
( 0,0022303302616013656 3,0500005937463697 3,9641148649291336 -0,0002866943311730421 1,8961011504044392 1,927646561288352 -1,9753082035426897 -0,051245701495907826 1,9786865799929496 -2,035653458759591 1,8817374455198423 -0,028215170441861528 3,0550043748829627 -0,9853567170642582 3,959249189918196 3,0104399323647106 ), 68,13985570393322
( 0,0021767569500950085 3,049916716550039 3,9642263076146524 -0,00020226809628101498 1,896143394196868 1,9276861264469578 -1,9752770542012483 -0,05129385048518691 1,9787632619982622 -2,035714031932075 1,8816778179149949 -0,028283898188209172 3,055026319721416 -0,9852823100141097 3,9593176276013997 3,0104772078434627 ), 68,13985645191619
( 0,0021833934683168294 3,0499392026110375 3,964191540842215 -0,00023162255264892983 1,8961691350606635 1,9276518011850907 -1,9752635645504055 -0,05121162120856781 1,9787141191985722 -2,0356828747999827 1,881644967869041 -0,028241275030806007 3,0550329138272296 -0,9853545575889556 3,9592855494344694 3,0104921604392962 ), 68,13985648996983
( 0,00203755645946943 3,049749645237425 3,964488906494543 -3,0157718049056266E-05 1,8963133740913043 1,9277850250433022 -1,9751967561191657 -0,05148890193248556 1,9789327593204236 -2,035779899293453 1,8815689151788226 -0,028512383218954204 3,055158282051782 -0,9852264598638507 3,95948382561301 3,010577967398863 ), 68,13985761051316
( 0,002040278120995794 3,049716236321027 3,964379716648537 -9,490927435388355E-05 1,8964568127047943 1,9276634742171486 -1,9750530722667907 -0,05108599978896069 1,9787489360024944 -2,035641394929795 1,881253926918721 -0,028377655289359066 3,0551357445901517 -0,9854767047557074 3,959363134113431 3,010642376186088 ), 68,13986029065086
( 0,002145888136601856 3,049880562169699 3,9642375279572173 -0,00019385847251303335 1,8962436629174864 1,9276424447985312 -1,9752045232184634 -0,051133855114013665 1,9787117125347606 -2,0356850577179357 1,8815232102981934 -0,028249873003156598 3,0550490858861354 -0,9853844379143363 3,959298853588286 3,0105388383637255 ), 68,13986498024312
( 0,002140276481247185 3,0498721572394807 3,9642379618945434 -0,00019489751113592582 1,8962664060762116 1,9276343204033681 -1,9751880095708971 -0,05110450654406675 1,978700920208013 -2,0356719409791237 1,8814901851751857 -0,02824703622197551 3,055055977818812 -0,9854105940270087 3,9592939562274565 3,0105507609969546 ), 68,13986658082351
( 0,0021986829690017738 3,0499662095177116 3,964142035853373 -0,0002680358329733467 1,896181199186246 1,9276166099326877 -1,975253654578132 -0,05112745835044845 1,9786591808345821 -2,0356477852101604 1,8816181916090573 -0,02819227094743849 3,055027121962661 -0,9854213949173171 3,9592457640783207 3,01049590183771 ), 68,13986746263507
( 0,00224871399079634 3,0500122210223903 3,9640870410939373 -0,0003062014637412809 1,8960731867640872 1,927643057013244 -1,975319357879737 -0,051241016043132095 1,9786782307045303 -2,035642983753276 1,8817543700253694 -0,028199334961494456 3,0549868389376362 -0,9853494403124029 3,959233394467189 3,010423064606355 ), 68,13987353976553
( 0,002307588991280279 3,050061257993063 3,963986633143373 -0,00037208551032047135 1,8959960734253796 1,927644693096334 -1,9753531337905503 -0,05128467792294912 1,978644808060326 -2,035582651636283 1,8818325848158082 -0,028187953865692606 3,0549400200146377 -0,9853527353725544 3,9591851915461387 3,01034854987377 ), 68,13987593549493
( 0,0021089705921316206 3,0498355556925443 3,964266440944313 -0,00018240367415117012 1,896352710299081 1,9276165235318845 -1,9751335325815311 -0,05103093648951298 1,9786839534847396 -2,0356423486673565 1,8813843368016414 -0,028255440274628774 3,0550938246796333 -0,9854873101293067 3,9592954996729426 3,0106008527265047 ), 68,13987908435848
( 0,002196545040901284 3,0499596857156877 3,964144157276987 -0,00026372690540711266 1,89618373556346 1,9276113738975085 -1,975247626216449 -0,05110211292363514 1,9786555509922097 -2,0356547347434706 1,8815998510190302 -0,028180928609252597 3,055021196700056 -0,9854181914796883 3,959243860980059 3,0105015004453866 ), 68,13988127940672
( 0,002154570784351557 3,0498972204162187 3,964215758320905 -0,0002111494126680688 1,8962414252748145 1,9276242713370704 -1,9752065536816816 -0,051090740617940916 1,978688491505984 -2,035678018830501 1,8815188078419642 -0,028218146991271113 3,055044716454885 -0,9854067248908621 3,959280684443979 3,010542236992749 ), 68,13988250732595
( 0,002171225816719241 3,049921225993331 3,964197164883092 -0,000223490239522596 1,8962023254053972 1,9276266014532155 -1,9752337960039428 -0,05111358807464502 1,9786900275045145 -2,035688725714465 1,8815694300224086 -0,028204987489518458 3,055029867666759 -0,9853811324305758 3,9592750121518727 3,0105221649748732 ), 68,13988906534048
( 0,002314628790482194 3,050150860778854 3,9639313287197444 -0,0004375576710015054 1,8960550786832735 1,9275778534642811 -1,975358448816362 -0,05117804901721776 1,9785545566634073 -2,03553072234398 1,8818429080403782 -0,02811317583053255 3,054996695888932 -0,9855216672489213 3,9591355175757283 3,010389150868832 ), 68,13989405782216
( 0,0021294998815869315 3,049875067562757 3,964223295011501 -0,00021054484578188003 1,8963293617334291 1,9275916953160788 -1,9751502702318344 -0,05098226473718699 1,9786470789502388 -2,0356415004566673 1,8814064429495354 -0,028203149196495983 3,0550758148349324 -0,9855056452207643 3,9592664667592303 3,0105912696691726 ), 68,13989762083789
( 0,0022745891556074866 3,050051441515314 3,9640164427880675 -0,00035109094313047696 1,8960680610600835 1,9275959955255757 -1,9753146629703577 -0,05112296310754899 1,9786056115136132 -2,0356149381309194 1,8817287569012282 -0,028119928622786085 3,054960830720895 -0,9854116312164657 3,959178995417987 3,010419319294724 ), 68,13991282762768
( 0,0021824466226637337 3,04994863969509 3,964170000209378 -0,000244439853140634 1,8961954776546295 1,9276017751020447 -1,9752416594353706 -0,05105741090614267 1,9786597261448216 -2,0356884256291017 1,8815724674265721 -0,028158342574107435 3,0550234190171213 -0,9854054027998301 3,959252568313615 3,010526860335864 ), 68,13991884370523
( 0,002284788063872695 3,050053304510692 3,964004273780037 -0,0003576852147759038 1,896047284360797 1,9276004544474534 -1,9753220668791012 -0,05113514962230698 1,9786081555615744 -2,0356118625842927 1,88174254791504 -0,02811962414878866 3,054947711067421 -0,985395452933837 3,9591744524196657 3,010404836587425 ), 68,13991950750743
( 0,002212017517171234 3,0499927235923 3,9640929763494137 -0,00030498061598872395 1,8961989479197912 1,9275674780120724 -1,975239024820482 -0,05099665693763873 1,978594316745242 -2,0356213364988247 1,8815698282662108 -0,02811704529072237 3,0550194941638726 -0,9854947884679033 3,9591996786820554 3,0105138714794135 ), 68,13992100039302
( 0,002365849603457151 3,0502319906754822 3,963835464687337 -0,0005141786435163679 1,8960037238763874 1,927560718161598 -1,9754014678598693 -0,051201401888856045 1,978505302074773 -2,0354720645501567 1,8819386162115301 -0,028081944948480084 3,054984548166927 -0,9855735802115719 3,9590852289400207 3,010340864168729 ), 68,1399303332575
( 0,0021385702519077744 3,049889614031336 3,9642477552964777 -0,000187582398147127 1,896249176301187 1,92761172007422 -1,9752059915999243 -0,05103727254275626 1,978694864404624 -2,035727411583875 1,8814962128578712 -0,028184691053102784 3,055046398053968 -0,9853845206615937 3,9592921007916613 3,010572967466291 ), 68,13993892015554
( 0,002202115554839207 3,049961961670725 3,964127945627899 -0,0002696238954167153 1,8961784579870111 1,927582835733189 -1,9752405661682753 -0,05100406581385573 1,978627852825107 -2,0356709269598205 1,881560266836438 -0,028120456511378043 3,0549985109886197 -0,9854208541543318 3,9592226212339185 3,0105150320571155 ), 68,13994416525351
( 0,002251892973334111 3,050014666884505 3,964093301687698 -0,00028786301461286486 1,8960343799802988 1,9276304006519709 -1,9753351548513798 -0,05118159867098555 1,9786789233313689 -2,0357098682920123 1,881754885552559 -0,02814145662904752 3,0549487067874597 -0,9852845723458974 3,9592331874388056 3,0104264587066605 ), 68,1399460642744
( 0,002232468355695004 3,050050443406452 3,964114561414857 -0,00029096393393935124 1,8960797229289243 1,9276042947471015 -1,9753425030454534 -0,05114458254153775 1,978661894147465 -2,035724406922832 1,8817657258071476 -0,02811413071686658 3,0550002709996424 -0,9853471867445058 3,9592375445527224 3,010472744349296 ), 68,13995518329943
( 0,0021418401017397814 3,0498737125498843 3,9642167589226487 -0,0002028924387152294 1,896279885903614 1,927584377726699 -1,9751663721192192 -0,05093712592095934 1,9786499836125453 -2,0356895809636786 1,881410227387017 -0,028154192983973713 3,055031744886705 -0,9854388735867731 3,959260330076575 3,010582678393955 ), 68,13996003828638
( 0,00221920141034547 3,0499881893044747 3,96410295487461 -0,00028503996141798413 1,8961449094932457 1,927577435756872 -1,9752628965830807 -0,05100415694175028 1,9786181586470344 -2,035678734084593 1,8815988178266105 -0,028096303600917368 3,0549815062261616 -0,9854071099762292 3,9592104119926397 3,010498128789138 ), 68,13996027026343
( 0,0021531096482392104 3,049928841176121 3,964195749063104 -0,00022887335925754297 1,8962670956278806 1,927567035664945 -1,9751991786381782 -0,0509357331134954 1,9786304265294439 -2,035694817905224 1,8814726134766666 -0,02812142184616443 3,0550475464098428 -0,9854668106533432 3,959248299294351 3,0105849144003103 ), 68,13996636778916
( 0,0022301139760301366 3,0499989107545944 3,964096731801268 -0,0002866557225228879 1,8961095410259254 1,9275858582225496 -1,9752846505588109 -0,05103343880891195 1,978629476196949 -2,0356952512875823 1,8816391143429352 -0,028093262633707785 3,0549662343626074 -0,9853698095702258 3,9592126048233434 3,0104802748958117 ), 68,13996897037947
( 0,002189473710359801 3,049949407227584 3,964162787363714 -0,00024330804731639193 1,8961720834238471 1,9275892788216729 -1,9752473703400533 -0,051006623760175854 1,9786529162579065 -2,0357151946826355 1,8815628200929684 -0,028117124394943734 3,054998203240103 -0,9853771326235398 3,9592434576501754 3,0105284492146893 ), 68,13997104307508
( 0,00209042519529678 3,0498203873278444 3,964311116775099 -0,0001379232305769614 1,896338677460603 1,9276011237867576 -1,9751387809445387 -0,05094683279556075 1,9786971061334693 -2,0357394781433653 1,881355575251228 -0,028194056583963185 3,055069758456532 -0,9854147746779356 3,9593130314773566 3,0106335816318626 ), 68,13997896586322
( 0,002287380326267276 3,050086572689024 3,96399744826081 -0,0003613272371102973 1,896033655671441 1,9275608629245253 -1,9753397093454446 -0,05102767503266451 1,9785787433363866 -2,0356650756629118 1,8817423131261548 -0,02802953302672862 3,054935213217507 -0,9853922186061693 3,959158245114759 3,010431593543222 ), 68,14001228372003
( 0,0022425705854060944 3,0500217144975466 3,9640849174548936 -0,00029235919533473803 1,8960718850525473 1,927575377140329 -1,9753100831143442 -0,05100951374437948 1,9786250936450156 -2,0357284741394266 1,881671345266702 -0,02805070286723542 3,0549459585426435 -0,9853376295818667 3,9592049962260747 3,010475158907112 ), 68,14002127789672
( 0,0023239132797143198 3,0501496098055867 3,963961599949355 -0,00039216606381498097 1,8959472712244305 1,9275821332885057 -1,9754119893166255 -0,05114623145700997 1,9785973783094812 -2,035675787433686 1,881895072779162 -0,028035601379448195 3,0549217419162202 -0,9853406988221274 3,9591568154080368 3,0103779100762114 ), 68,14002571515533
Liczba wywołań funkcji celu: 13768
