Iteracja nr: 1
( 0,057686268941365526 3,004954746851677 3,7128832939159975 -0,3420648500907988 1,8710229190701595 2,081770145189105 -2,0123005457723266 0,23792988000177484 2,107385361383428 -2,018647220352962 1,8199859298816865 0,03934446451416984 3,063116915804734 -1,0368502246806846 3,806851415730719 2,562026215898597 ), 133,51687735479743
( -0,9428380888041148 1,977879820917049 2,730226754554593 1,2138400902130628 -0,19680966767006725 0,21109099879161652 -2,330606747569822 2,1062331169826867 0,8853396622244094 -0,131985478875141 2,0896858599912784 -0,49072765859689405 0,8234197449032764 -1,8174787865033877 2,1882369483015913 1,7843932213243159 ), 140,6267511109033
( -0,046927950268922825 2,277924446699196 3,9218911283829367 -1,1419630978890272 1,7835158468272212 1,5234782283897825 -1,9702684775380859 0,06060305231776586 1,2242036322055694 -1,8204679390098568 1,7092451851713877 0,7829666416065391 1,907391359533713 -0,6477426015392234 2,144459046072601 1,7519328551553257 ), 152,12498859355716
( 1,0773998909596776 3,9301359179279265 4,558509959592306 2,7925546770128675 0,9145699410110791 1,3039492484013702 0,05290431228546699 1,1610121174502501 2,1290394457913706 -0,8818676740833045 -1,6652859058668714 0,12737575446836746 2,0301369283616 1,7551686739405625 0,6262006686476306 -2,99843006748648 ), 155,42571815385003
( 0,11460451638668298 2,986448142298739 0,9863188333837284 2,132627585646113 1,2436151956816301 1,6613893340756254 -0,03596558171308051 2,1643096614633692 -1,845915669321526 -3,1267685323144443 -0,27685095503262036 0,33568801892968986 -1,998042626304175 0,18341203453349186 2,5881447027017446 -0,2715512732834764 ), 155,71441920610405
( 1,028705656129841 2,981437017797183 1,7532873648359664 0,6289813275769369 2,5743856823185114 1,8974191375367444 -1,9179904416736782 1,8115505392118578 2,213183258984979 -1,0235914127764436 2,9141814749700763 2,3874367457859345 0,8940542842611563 -2,5162898089071306 -0,08328955442819286 0,6952940521778188 ), 160,8915330880341
( 0,6932439131396932 2,234259967564195 2,116224731854401 -1,241141710544037 2,8382464740750244 1,8193258776492307 -0,4087250103865646 -0,6462097442640586 1,2747794230328748 -1,192076858154943 3,078732176337788 -0,2222649636346289 1,0383869733927567 -1,051621036637299 1,4643378866309467 0,09722858247788646 ), 161,87564337042963
( 0,7524981465251215 1,2163330647874027 4,030164299344538 -0,5455875753586461 0,57242550473085 1,0698679614217603 -1,8595507295872933 1,0329040898543815 2,547622333347724 -1,1877849252608768 3,022274289962938 1,1953422570991665 3,1607627464103176 -1,002436187361865 4,280122468430348 1,864663044993129 ), 165,28907220420248
( 0,33689620507852425 4,392679685102327 -0,20952951833001965 3,11018975886639 0,6001816065180923 -1,0012787594250931 0,3371110886893116 2,7393303328685987 0,17930390927886686 -0,8722216384747432 1,1691831257518075 -0,09046256389115381 2,004426579437712 2,1798584840308726 1,1699415847507082 2,6308464247710646 ), 165,92007413143617
( 1,9051748959186885 -1,1907312914472565 0,029681338139593727 -1,2947807522584867 -1,1349993173236825 1,987740524294706 -2,065800328567872 -2,0824189815317906 2,0561257039934104 -2,138743051960631 1,0871286522635468 -0,5795673579153157 1,2538951528912654 1,5024535839173485 4,260979727037152 -1,798149561545869 ), 167,4871017081485
( -0,2621923330157627 2,963712306967523 3,7630526027763733 -0,49076775933247485 1,814871668953929 2,259322995607236 -2,0567443472917426 -0,10762266270911658 1,869042907330691 -1,6458664683962112 2,047163640142785 0,13327626050456276 2,941464341081563 -1,260862725046092 3,556378410428652 1,972082929892784 ), 167,63951822645276
( -0,3575359027614402 3,0040611394210064 3,783113542299419 -0,3252199272439271 2,0488065624330165 1,9417748608408973 -1,7197934023124168 0,0008094369611373331 2,0568805222004745 -1,4852868984532157 2,1147365960284037 0,245355944486088 2,9283415981602032 -1,1367516126954849 3,52694715691193 2,218999106096617 ), 167,93737291280596
( 1,3025899341460438 -0,6218420727953593 1,9817149844752788 -0,7026572787547244 -0,9177379631516014 2,1366300068119637 1,1957547542202729 -1,4251583446768343 0,06635653183357348 -3,876880394417548 -0,4052693558555953 0,13079374038619196 -0,7953857929410553 1,1562744704148955 1,8293347484133156 2,935346857448437 ), 169,17395649131117
( -0,1885303292767304 2,8874493035321507 3,7004091219916724 -0,5961187411633222 1,777412720714782 2,107995564954656 -1,9268796705816995 -0,18615112614916196 1,800550623156742 -1,623497792308599 2,052562672579656 0,18446483762377763 2,8595293876224486 -1,1848030759839785 3,564235946344084 2,1050117368543746 ), 171,01947401127413
( -0,2051869403269333 2,9135655150173534 3,7058078932895064 -0,5380762710177429 1,7442897136563806 2,088628985257168 -1,8903724583399664 -0,1177630787636077 1,6833075726140296 -1,6013761414039753 1,8977397752803116 0,0410418528279326 2,8485330938310938 -1,1662153227720964 3,461262999386134 2,049735197242115 ), 172,04846641523173
( -1,8081985096754023 4,408918847827065 3,8259940454805226 0,43868564034039914 -0,9752942170779342 2,108970684122992 0,09920919413793294 1,2771038374758792 -1,974453726306793 -0,13129394873285793 -1,3848165552447167 -3,1470840597905405 2,882643242776704 -0,8937908469963519 0,14803199602085626 0,9349020653110673 ), 174,55490692425116
( -0,19976229671575663 2,8940553124422963 3,685780728649728 -0,4992615251648287 1,7162585551872267 2,0546793235179948 -1,861372912083778 -0,11454466159337506 1,707442961895726 -1,5816570257543345 1,8724310731625367 0,03651307276997162 2,823407086689004 -1,156138029941505 3,444081079764806 2,0305684793353787 ), 175,31389006303067
( -0,8137925324418841 3,2369636215030244 2,0099134946754855 1,8658240750018196 0,35852637281630706 1,7285193829747674 -0,3545899333026358 1,8785108880209156 -3,138962653673648 -0,13930087531632143 -3,311156277870023 -3,0954937039194963 1,0583154078663384 -0,7387062482240201 -0,07864405496336291 -0,11172228910009105 ), 175,60190332382743
( 1,6955146386471496 0,9844679931365233 4,842908169107899 -1,5128429138674135 -1,7306347121085373 2,79242546071896 0,7727180566180526 2,052610516270642 -2,1441635207230285 2,301455311252199 1,1355786292269703 -1,0953693847826476 2,0522101083706272 -1,7348944714246641 -1,1556495088473029 -1,8906160530891065 ), 176,8587027636877
( -1,0824854802649355 5,0266048821948415 4,911803842913493 1,9665246900690354 0,1642491055102573 2,0730911887703125 -0,0335406933563025 2,190361475495296 -2,0615081033938463 -0,21545753998111572 -2,714579808240936 -4,740628687449396 3,239043016769057 -1,0576918482333166 1,0291257584972398 -0,2887918225720645 ), 179,1920415905627
( -0,09664451636399429 2,284397598531966 3,89877733783742 -0,09073541828471132 0,9329103322774994 1,1949111427884818 -1,9679969949336433 -0,10386819619845591 1,5551008401626878 -1,5420392606815245 0,903116121215116 0,4380588736470752 2,1863274995777973 -1,66472889003331 2,5624582813907635 1,6865812470561814 ), 182,67781407870257
( 0,09801861317784821 0,706440859590697 0,9299496903952961 0,3860345393281593 -3,0978840556969143 -0,14369637338314567 0,6887262938362058 1,8972224730413163 1,9328415079649885 1,8594643069219299 -0,9474387792348593 -2,657129729794273 -0,4237270567440668 -1,1588270303537431 3,347807184931034 0,5033896184051952 ), 185,74731649000114
( 0,018866152239747414 2,8505882134129714 3,736377358602506 -0,8043264699776406 1,3222068384015113 2,1397987380190897 -1,927316759269687 0,28645594691084164 1,609626225099738 -1,8581850097199057 1,2938422633708055 0,23978713670222795 2,4309594889145476 -0,7371815919446716 3,255499996885222 1,8579664555398723 ), 186,1314006297147
( -0,1361407255894268 2,731228882612895 3,7751458128545985 -0,9836463834776534 1,977805992516366 2,4602764987725534 -2,175612538602603 -0,023736224550702012 1,621746736728669 -1,7595248777446935 2,4245792011068623 -0,2306791628826641 3,1853286651270523 -1,138351857348514 3,726137137141445 1,8545464436758738 ), 186,97470012636273
( 0,10352257672086304 2,5371145609033774 4,92764716083437 0,9811056969448484 0,4859906855350429 2,5250598041664207 -2,5188283224655517 4,307504190095405 -0,6599762121665141 1,9396315597914853 0,09273612388562971 -1,007846927494363 2,848530789609125 0,887834661780377 -0,1086122971026571 1,2110029996199996 ), 187,9867512219006
( -0,11115507005103065 2,902256313625881 3,73373386455758 -0,4613825645462071 1,6998935440727818 2,1471596731131344 -1,8862808824549908 -0,3905590160574697 1,9777060051621138 -1,8310002141098516 2,2705602637549127 0,2750658257459304 2,751192813128155 -0,9956006791282808 3,57784731121357 2,192208259774081 ), 188,1894809776553
( -0,0803442945705396 4,745719924284887 -1,0109894535259334 3,189473264448387 0,30957975533782767 -1,1431525823962672 0,6798997301761718 2,9759284317119703 0,42209777533218185 -0,5219679262783363 1,0421813720298345 0,604201500879223 2,3269966155563724 3,0333354899793266 1,124565969746663 3,5655811107039437 ), 192,01051453076872
( 0,43681718609604303 2,6301959013751772 3,830416178776815 0,020752934594480132 1,9301973253274625 1,545218428131455 -1,9145680083995282 0,06910129445969948 1,3562392967143957 -2,007285245422789 2,0664292832490876 -0,48119879667219423 2,2598194871558563 -1,540465421870197 3,2312655392325427 1,1537435391018511 ), 192,62137490595916
( 0,42160131334547246 2,910159237503332 2,8538767839233565 -0,24431884602100812 2,762612740374046 2,200605663340035 -2,326479166478682 0,5813522045708286 2,6416618916828254 -1,7638911036072558 3,243191639042434 1,9388881104730324 2,168064932480968 -2,1754848375141216 2,088397211534265 1,7787561164354342 ), 193,66730534391135
( 1,9642950439792115 1,8006717702439987 1,910429105752593 -1,3219876091854388 2,6804952108998363 1,733811776009433 0,9112342483916047 -0,6151053987661526 1,3817768149476872 -0,7231164110877137 -0,3147138255132509 -0,46234519614228875 2,122920491590937 0,3513362756939973 0,20508460273478324 -1,2432888118996976 ), 193,68795077674204
( 1,9665352426270193 0,10868637275491046 -0,44377492887520065 2,148792113368216 0,42090864565754915 1,5230207159400326 1,9233741041183872 -1,8185557227645 2,3551403614662036 -1,215344794900762 -2,1604756744309492 -2,2012923862705573 0,8998598663190975 2,322297459955968 1,1757403732908058 -0,5600842193738171 ), 194,02658311292538
( -0,1928001747968771 2,8594256887032836 4,53909819527868 -1,1536873278753816 1,9115491832941753 2,4033902031629633 -2,109082182976442 0,22108099218579103 1,8076685784599729 -1,5493163390707876 2,1438494579217475 -0,1561698381242882 3,2820142297747097 -1,8942237995024769 4,284629927778083 2,039654293612984 ), 195,51181936834536
( 2,3808996469428196 0,6971673000316687 -0,10395078895260013 2,3636439115640595 0,5274694868815053 -0,09570182989945475 -1,2522868235097628 1,1643965554163191 2,9822395811840225 -2,502468145383248 -1,566538180102314 -0,8841182660721627 1,1698596022101042 0,1575121165215666 3,8310290384472863 0,8020626886506923 ), 195,88041084955702
( -0,9497638158437298 3,0215511234753825 3,72214416754697 -0,23041125079801827 1,4359171180415382 2,333357356930504 -1,1186986465318731 0,14142296642663732 1,2765961561174664 -1,246256628310337 0,8305354999871817 -0,30150221454401427 3,0677391036754798 -1,5836034888897828 3,416621289796689 1,766278694344832 ), 196,8216370134445
( 3,1530558090420437 -0,35968757823543385 -1,6754367035634887 3,5597096060405162 -0,8748105985259833 -0,9785318511406498 -0,07902056095647003 1,699879871549625 2,1372092700630745 -2,004730401609161 -3,9038518579822186 -1,8248682681673394 -0,08855922961294649 1,1410720064326354 2,3891684440201635 -0,6853124334374967 ), 196,93789662599198
( -2,467242005572822 1,3825309336239147 1,9074201354510962 0,26907798841073705 3,2256818947695107 3,051751118893768 -1,8709561293121535 -1,624477756550413 1,1513456958299926 -0,7032552784154681 1,050275130476711 -0,6680947587105546 3,2919216159935454 -0,7654730397495093 1,1496508603769169 1,7891276279885102 ), 197,5837852207657
( -0,9470544411281713 4,719743317660181 4,412061987668538 1,8882881464859407 -0,06201240132892788 2,052810534067022 -0,20185730110786476 2,0880482087811028 -2,01917535159782 -0,3547435004884544 -2,650558081481166 -4,967562855665297 2,9902260621439134 -1,3456262747283512 0,9213452945446031 0,034996797655916234 ), 197,689021259588
( -1,1860951408434124 5,004583191095735 4,792846166600771 1,8441187880694274 0,10100114731064602 2,1656551927860974 -0,11735833830620046 2,1628210709081337 -2,291162312734775 -0,21107984061202156 -2,715717244415101 -5,0024158699794725 3,2209009620254836 -1,2220129213492796 1,0860827513172575 -0,11466674007310895 ), 198,69825156273657
( -1,0861032658251382 2,031040764884513 2,2715369989954635 1,0653925269128008 0,4162067872144879 0,028499261630367423 -2,9491906646252377 2,1673572436423925 1,4711686569116584 -0,5305316614456115 3,2185065241743764 0,40323382020147125 0,4978934529481003 -1,4914813598263823 3,1749835263746293 2,914557930355211 ), 198,87077220238518
( 3,1506770416599847 -3,220773949579252 4,072332362811664 1,8027488026682015 -1,977787202980826 0,2399241289108911 -2,510545374543867 1,9127585209434814 3,8198792315945793 -0,6607359978115914 3,9155865571187354 -0,17484231608812895 -1,153590723833688 2,102397817984105 -0,30853330948656765 2,6445159992533602 ), 200,93335204087145
( -0,26053988386988813 3,4294227065564735 3,9551350221683412 -0,2405547039153102 1,659174848508045 2,07095652914163 -1,8375948364724632 0,3503288487007816 1,1753049294694882 -1,3192262523460454 1,3163061004423522 -0,5759653975728529 3,147167019094897 -1,1229596051746984 3,3151878579174294 1,9860983072171845 ), 201,25973410379288
( 0,6493381460773571 2,856362971593199 3,595974613562115 -1,6337449030027202 0,928528832524115 2,7807105550035045 -1,8504580962203914 -0,7328348987395381 0,31442293598406357 -1,0504635193792367 2,2657677595520864 -0,4432727543145476 1,0199193434404137 0,21184379038757317 2,751025091540521 0,3521368995221801 ), 201,31046827597572
( 1,346549645337275 1,5897124827914315 4,09223943055172 -0,9954865470149217 0,11122951073645698 0,6494231365969819 -2,910094011288985 0,19378378484534692 1,0280309515509414 -3,347318426456906 -1,1760734403360562 0,16280442664658235 -1,2520514259105358 1,8510443063814166 2,6371545746503005 1,4240554306355016 ), 201,79159013191716
( 0,03120730036312097 2,2675804529849284 3,466216668350931 1,3206472743573214 0,6085103625267307 1,6306456918764867 -1,514398288799149 1,1628733453325892 -0,17252322740822512 -1,4751175135478372 -0,8125365030290368 -1,0367466973343116 2,906075471116013 -1,721594009784318 0,9572389924772122 -0,23250295194570358 ), 202,18911795881596
( -0,6894524530294874 4,012884626468201 4,510638703066141 0,16846985619872878 1,1901292145579374 2,02259815738133 -1,113957947128709 0,9501708950177616 0,39270270153980213 -0,9670407731203106 0,3750733050582262 -1,7187110806486845 3,217022613627443 -1,3542558490922947 2,6072890533336324 1,2561034776751414 ), 203,10280347169873
( 1,0895610050070101 0,8911471604273189 3,70159743365833 -2,1837201295241826 1,7647647879165356 1,6880087942947555 -0,10340267680133075 0,5088362363622475 1,4492572881983945 -2,019570146321072 1,8971470130327681 -0,3852393612857634 2,3882876455202062 -1,3280819083340203 1,4813852196194253 3,069612238969671 ), 203,83043795141577
( -3,009484433510002 1,112697607748269 -2,7891962723568104 -3,220556004359228 -1,33417291407831 -2,679634760807094 2,369891350765475 0,19711493418979287 2,7189007044128752 0,863373358653754 0,7845120626501696 1,2013087465808692 -1,7680437413152839 0,008795886913113948 1,8138067642246165 0,8052183472711086 ), 205,04428127231319
( -1,232967528117479 5,077846230417957 4,918111839813504 1,8951196635944179 0,1340665720831371 2,1504393618940556 -0,07183350174059377 2,231701429686369 -2,292097674220468 -0,19004898549987026 -2,7225674063284298 -5,010400219835722 3,3133684267814285 -1,2482004940887585 1,08601243292916 -0,11641612050128569 ), 205,65782296898303
( -0,24264476665970466 -1,4731013940121134 2,081278157450954 -0,3781507312515433 3,2711915342626505 1,3324931334520052 0,984997550315557 -2,6014667753711747 -1,31114068670855 -0,04487872582062591 -0,5471602075749753 2,736616642507526 2,872088083362403 -2,9927832126751497 1,818643941798291 1,008250993028045 ), 206,62088579411272
( 0,5065892590981007 2,040195814697946 4,263588917149499 -1,322027890997067 0,6168405181154943 2,5444708835366283 -1,1402395529712352 0,6354276260043115 0,6075922813617947 -0,3087116658647533 2,056553018975256 0,015261202075958158 2,8119889514641407 -1,5450695133286478 1,8785933923544706 0,8480617789263625 ), 206,797167237031
( -0,9454672755934713 4,055809141267647 5,010981110518773 2,0888639640720106 0,7983827428223789 2,196865801840838 0,05647931148181262 0,8462504610996706 -0,6311219286090534 -1,0622136065213186 -1,7863899299346981 -4,594028271203889 2,5216013935034076 -1,8696832305917699 1,7659633194273407 1,4929043547551806 ), 207,1858194252123
( -1,7644508529626681 4,683764172311663 4,989255479038818 1,527142908963935 0,39009302334172236 2,2386256519954233 -1,86615620547598 1,4492408723063206 0,04175789015078585 -0,9445051369612198 -0,19385628222443896 -3,0304918697893206 3,9449580667821915 -2,266178942965611 2,93162436305242 2,0753289899538747 ), 208,4485929666288
( 0,34506342495395936 3,120533602076788 4,705495121958032 0,04040726668153316 1,714439875183838 1,529121487385586 -2,1963138645405773 0,04574983120227494 2,0242073809998473 -0,604203640272319 0,40959502443796714 -0,2147587728866014 3,437530420551569 -2,26594014070207 2,222332736321939 0,9556409331175266 ), 208,80940036776565
( 1,5831371965337289 0,8718566548146611 2,388542487397606 0,31614561055557033 -1,4409350378013142 1,0391553007739491 -0,7877462908949493 -0,04305086566877536 -0,15258312319581324 0,8724294101098047 -3,480871111763274 -2,5589955124902977 1,7824788564930163 -0,7042599534888205 -1,19116915095403 0,027876938402185303 ), 211,29803064744794
( -0,2612984201313231 2,7450414376819925 3,5120519289146217 -0,6131078484083473 0,7823430032555149 1,8208679159485592 -1,584019137901982 -0,10538567417166378 1,8949820710582364 -1,3168916421803007 2,155096832316746 -0,1688398477274271 2,725623126670244 -0,7007933232923909 3,5113106916414725 2,1495887850303994 ), 211,8616820102789
( -1,9065055267364452 2,9830994036341725 2,8526765886996026 -1,1508835656919234 0,08511708988303734 0,6751218759780695 0,2828515282177553 -0,16546034898883494 1,737960878808353 -2,576818937688041 1,4870394869853372 0,8730855640392043 2,40833269941002 -1,4625063198415051 2,7195293541943864 2,4273221637676663 ), 214,2707983235706
( -1,5790379326341246 2,621914007122731 2,4051273390858787 0,4400641383644299 -0,3845668902142312 -0,5620940559603322 -1,1219263038659735 2,053141592600417 0,43440158401636264 0,4085014825292834 2,2837301728753463 0,041963244543132716 0,9447594930954475 -0,6122598862977429 3,039829946725234 1,0946820788235785 ), 215,44142940037426
( -2,7837658337134092 4,666777570261731 0,05676631680915456 -0,8866651609843696 2,648949442101882 -1,1560066692300832 -2,3302388601354767 1,054736522840046 2,811360198267276 2,8035737244791337 -0,8939767101197565 0,9001896201194086 -1,5197855030931116 -1,5800061382800568 2,210561841453207 -0,7097462557986565 ), 215,63713635927522
( -2,8780802537146815 0,8051164152381236 -1,895607575738417 4,252051863162699 -2,0880458295529483 1,2561469540150376 -0,35806611032172414 3,954692665899434 1,4024657044166877 1,2630323877391412 2,4051469960146403 -1,3740407975467646 2,7355016245102153 -3,059818467691508 -0,16657952437470536 1,0939537702272613 ), 215,6809879212557
( 0,4339944550151382 1,7320016007851509 3,6945626568854353 -0,24145418801954843 0,5463817163163887 1,2252361112273598 -1,5342418510021605 0,8729496688598335 1,800588922765954 -1,023272784813318 1,999296837586738 0,36482252293433226 2,7388942715852993 -0,8810830449157734 3,5164791747290742 1,5320856241635843 ), 216,33497981573203
( -0,7299146246167856 4,513495919311051 4,456024929489964 0,8203061068319073 0,9658888279427991 2,33979009051583 -1,04027747029031 1,3505973280207066 -0,7423432887716839 -1,1027837203843358 -0,6104280917164591 -2,9652664382385145 3,020890955060286 -0,996231400650332 2,5327161113563355 0,7510563232705068 ), 218,25262362514792
( -0,3414562428899305 2,9293468133210228 3,556071329530602 -0,22777467520264727 1,4270419352285977 2,07198170812257 -1,6928884325159521 0,2643738759011258 1,0958425899828095 -1,5573896073249833 1,448314097356438 -0,4272070609949812 2,839920930796409 -1,1914773121744013 3,0901933844924336 1,7024737463335808 ), 218,43177656989505
( 0,16762334341343182 5,028390902379907 5,007714034994121 -0,04142413177941916 0,27941300971263777 0,2426349595141547 -1,73391208177178 -0,12653928020972896 -2,2697382164750506 1,5156353578038697 -2,3793146068531863 -1,048098949957885 2,457125796697013 -1,3864713981210106 2,8720626366089954 -1,1164398559409905 ), 218,94146655053595
( 1,424422594446459 -1,5138330953290722 3,0194313185206925 -0,6908268432655156 -0,7890284626579476 3,9182227973672417 -0,277401668794397 -0,9302530311254937 3,7745559594515674 2,2101932222996394 -0,8029648359644632 -3,024039222403209 1,4748239864253767 2,5210797351831298 4,088172929234408 2,2242833408466094 ), 219,28640163589864
( -0,8796392634293375 4,283465009620843 -0,2345751120502621 -0,4654520965754926 0,3926707910636962 -1,1914863109843923 -1,1049397704267099 0,8463165995994661 1,173872370238163 1,8619356833993663 -0,42075887732763606 -0,8017606594859124 -0,6949248810683424 -1,6244407069203521 3,315312382752122 -0,5276279809326229 ), 224,1863855722961
( 1,5493756063591504 4,566264078014569 5,415686792455868 -0,7686157528072814 0,9192321874388893 1,9355983322817492 -1,0470105107581362 -2,243025831001035 1,0163008997823335 0,08189998462588921 3,420569068448185 -1,1118641232616278 1,2794271944780808 -2,896660955666407 2,4167714748250297 3,2053696474466324 ), 224,99150984231565
( -0,27945223499999833 1,898522820272922 0,8423220876193169 1,4617328315291052 3,5702261732358522 1,3054999636920737 -1,8023862234515895 0,5042185388411439 0,3996332892504113 0,10099466275197999 -1,0584598121617979 -0,9963651972148702 4,767790855521739 1,4257848458389553 4,695567708644521 -1,8519477545829175 ), 226,1872951948289
( -0,19177073958593568 2,3821824320103593 3,3022337983664043 0,6525931514070807 -0,733726841006564 1,7867812044518645 -1,2703597842021568 4,05499188246674 1,0457569454322833 -1,9765379571614674 0,5604862041282919 -4,253645170712626 1,888372738489849 -2,708578185571299 3,9034335438614254 2,807950920874912 ), 226,32395681405893
( -0,6108060818490457 0,9081773606706836 0,8049507592930928 -0,6689432108646926 -0,11523708834901042 1,7312451384715803 0,18337745009321976 -0,8111414075146244 -0,5439708398392618 -1,6232932899120756 0,0416463528847798 0,33944250555951005 -1,502603900067311 2,3468670469271062 1,3956382172005828 -2,304570694776062 ), 227,0210216132927
( -0,19561514467676022 2,381083454814526 3,292189526649756 0,6544042267295607 -0,7292799444158258 1,7795707654943045 -1,2763354475859252 4,0467002911135745 1,0422079613327262 -1,9828179971731257 0,5615525263934209 -4,247917569494496 1,8751765774495053 -2,7006743633611636 3,892471663824658 2,807403165502213 ), 227,4579100776813
( 1,3225044374190262 -1,2630005556808146 3,0963364128042663 -0,4514865658778522 -0,6003442186369465 3,5582727222881703 -0,12138247661298296 -0,9695806372461621 3,5831527510510677 2,26885876481597 -0,9288210103976926 -2,985078290973944 1,2229011240321652 2,4714736767368244 3,695846897304537 2,145536910761213 ), 227,8016564482162
( 2,1807435044821526 1,0301294881583245 -2,4259667739638564 -2,383404721594097 -0,9508024513822178 2,431135996666107 -1,2956276307992334 -0,8836394601827106 0,23845640181397834 1,6574265222630673 -2,254852632004898 -0,5819714391133765 -1,3069235382587294 -0,8271414223883125 -0,08492364401730829 -0,7324838395377781 ), 228,57719703830927
( 1,020129442234451 1,3110621795663984 7,173318365271584 1,2485797380023307 -1,769654106843086 0,5781163374330762 -1,445310611851995 3,7291583130090684 2,8453835604547106 -1,152157635899232 2,900937483237883 -2,527716609603078 1,8492471336600234 -0,019944088727856357 1,1798115976952257 1,3476724743636308 ), 229,00987982834224
( -0,5229262031536659 3,3259845727566315 1,1177603567381091 3,1884312159059363 -3,027393072758388 -0,14695856951530162 -1,8320443329848386 -1,3639575982041743 -1,0043697625350818 1,7620573008718996 3,278580422314709 -0,9666360918074748 -1,5448672229411837 -2,8832943575796333 1,5259687749500719 4,230798851259904 ), 230,78059495461684
( -0,8161588704451063 3,223859308827267 3,8578724915218863 0,633951582520635 0,15780195881317355 1,5441976768534553 -0,9422451896621169 1,3025324280326933 -2,1892473822446794 -0,503167532657585 -1,2839067406650224 -3,994550320651528 3,1856453560788225 -0,41040231465405996 1,505257435032358 -0,13417116254488803 ), 231,32652713082064
( 0,06063901078438072 1,776750815140506 3,4374368432461413 0,48868011966758385 -0,2999159385915755 1,1652236773177855 -1,5627997557663496 -1,67423569209698 0,1626138052150794 -1,1668087579856934 2,1959996438390714 -1,4070857460623158 1,5635003193970114 0,7017862993866428 1,7217783497048753 2,350578419259529 ), 233,24765539476587
( -0,5643340885968287 2,785400537120746 3,3295901767751426 -0,1161830649358011 1,4859530999508066 1,7364960346790081 -1,2120055010768263 0,2197792392686304 1,1938844611658095 -1,5411801383161547 0,9523216803537538 -0,4944137501715504 2,49931851279148 -1,3413834958010589 3,117686916483142 1,435647075333076 ), 234,5005245380151
( -0,7117839934318604 4,266086607754682 1,178079709614772 0,22180909593529685 1,1552105587581127 0,2806081513055464 -1,3233200094121882 0,6403088280192234 -1,3536105078851866 -0,6982342594582102 -2,7162372221500997 -1,172586558387532 1,552064686130199 -2,2989689250587704 -0,9547627989036276 -0,21079319654216117 ), 235,24475428502402
( 3,3309487587285864 1,1364751632434609 -1,859949991752643 -1,7276601248506211 3,1383609438725246 2,808918364660944 0,2178539686846699 3,1949298366476717 -0,646769683392341 -4,264473941774547 -1,0352434737323293 0,5676130850522303 0,8747750286386013 -0,46867293191543435 3,341911957229433 -0,6637243572473422 ), 237,08001150542324
( -0,024611798109706484 3,3153912501150495 4,173081073466669 -0,9170663585426535 1,521057490574092 2,145864822839556 -2,4267795774577348 -0,1332671681083631 1,6543320478749393 -1,4598734226238803 1,7068361425652316 0,2816515233236623 3,204571368772018 -1,590507832303258 3,388050784034289 2,1893997955743076 ), 237,34968111684066
( 5,037886582922533 4,3918010426458265 2,567128897532193 -0,1515767811901414 -2,2031759286576618 -0,2791424719146258 -1,9727990551526045 2,9080935158675016 0,1344233737098719 4,014559116430598 0,515144141607137 2,6759817147794767 -2,8862602607993675 3,3278667100835557 3,931081842981297 2,5298508505151407 ), 238,10866694575222
( -2,2061610571900157 0,9406502923640563 0,8580953312804525 -3,3523056757911047 1,6861857244852114 3,913837000598922 -2,417084124096434 -2,8172999489444885 -3,2575666259208265 1,6073110494940055 4,9683116617454095 -1,8978008528256782 1,717310909432464 -1,9686105614486396 3,1951636938559096 2,0461850600375344 ), 239,66922557111292
( 0,0653436956661535 1,3491686230439361 2,755569416165797 -2,0854102666028442 2,8199131183359 1,898453806591777 -3,2782669632789174 -1,4144005555725303 3,8120196486257503 -2,793255297180309 5,045965715671757 3,189367569642915 2,2829216810131974 -1,2898637828698645 4,635352110817118 3,1841662793820205 ), 243,29846600957018
( -0,4044176482106441 2,073501481708382 3,2998134814863334 -1,7588492066993973 2,936497230169574 1,7369937957637047 -3,3283505098220743 -0,3441936863159035 3,8177737970806818 -2,2592602213358575 4,290445514262505 2,302433086751293 2,0940749775890763 -1,1685873596600092 4,106995827906612 2,4641552304962375 ), 244,29576433277552
( 4,990411348636527 4,33245834806929 2,5263588683446474 -0,17534998016761041 -2,216463252955867 -0,3054720522930449 -1,9766299411354142 2,8663478521477797 0,15361192179738034 3,9666028247421714 0,5078751344208444 2,6701926998708694 -2,8497485597703287 3,33401992357501 3,88192114701788 2,4690119992941386 ), 244,4148579143325
( 0,02432120670169513 2,2797426288584073 3,8469488743412747 -0,8094861293057692 1,38070798110276 2,0730375477843506 -3,6979972277598763 0,38447346388643155 2,4180501750542938 -2,247006430755338 3,80000820255718 2,16562930199426 2,995120823269245 -2,4209010725785265 5,26988482104419 4,031728337445283 ), 244,8269422053511
( -0,9006299162482493 0,20635525843246033 0,359112390159218 1,4133241697233487 3,439439298161486 3,289401672122773 -2,51205228424379 1,357341574715153 2,2758481528034427 -2,993810443714395 2,921858446294957 -0,9021234277376582 -1,221230380196431 -4,1422960821497075 2,285174520000563 0,21072241221699994 ), 245,3611147202837
( 2,208476101020538 2,572569705872389 1,8613157397018427 -2,6209851078126447 2,1657308695313957 2,6823414002437964 -1,224812172358528 -3,3080345521768297 2,164788553164672 -0,48957513761425375 1,8829798048792379 -2,674231261901851 2,159031955790134 -1,0808848215703444 4,0437554322026905 -2,437723019998211 ), 245,88482426578747
( 0,6373298161826242 3,712109886293266 0,46026522116177804 2,4191772888911642 -1,3181520403237892 2,5158578485332437 0,32593652043506927 2,0638609729367414 -0,8484450431137793 0,6641041608701562 0,20086163121341194 -3,6392169823698457 -0,692121461204759 0,029934246558168287 -0,28756853607129895 -0,2803518891458292 ), 249,3016949352031
( 1,0978940612133798 5,399068137352372 4,431953671618139 0,8976222921623755 3,8549354341297932 3,622095087602524 -1,9952603520490098 -1,8118926578745935 2,178386022736488 -0,6933999134831765 2,759861935273073 -2,1721977883383086 3,154596776483789 -2,616717775842464 5,104674165896712 3,942494439636411 ), 250,30926390250573
( 2,1721733484460253 3,234242946926444 1,2607999483383039 -0,18186136094722816 4,560212667282741 1,4217416504337603 -5,043295215873675 0,2486155942700421 1,1295656265563057 -5,124876872701956 1,5958610923648227 0,9476037109410236 4,398669560834927 -0,9710355416260493 4,1081917136060655 0,8078038071425562 ), 251,733094475104
( 2,6979383681302287 1,9017411307123204 1,2827337899168416 -2,9111195190213386 2,2569202826912127 2,6272905932129893 -1,2433840472186415 -4,156685911158274 1,6096758215852942 0,3268270924845069 1,7261730757394298 -3,6833316046350832 2,1344212629914137 -0,3697832310367213 3,958898028332194 -3,0629816316044502 ), 255,93090349984092
( -2,156034768842502 5,049065742364712 4,708741263333545 2,7025427609783166 -0,6638637519299846 1,972078290772916 -0,7938621837137412 2,391015764828635 -1,7396636612178964 -0,17085889760647222 -2,3755741929525156 -5,038106878579449 3,289566500916452 -2,0496619632996502 1,4725482132267633 1,0119722083681681 ), 260,1904452076757
( -3,88427322563839 3,292384872363882 2,9416416566463206 -2,4305042768702907 -0,5741243649024069 2,8680111678370324 -1,796514436450432 1,5521552640365364 1,521372539503106 1,2025418044578529 -0,25194614596642423 1,7478868817432218 4,524282265274464 -0,9453785608467891 -3,059818638146531 -1,7660034005216296 ), 262,56318892348116
( -1,0239469035297342 4,736833288910184 0,9620469426084366 3,6702272966840495 -1,9413193375361177 4,5910525043488 -0,8777751780548156 -2,9398453728925484 4,333524085956372 -1,1196563416953018 -2,2463551416824705 -3,793233619817995 0,8298037681219083 -3,751853846568848 1,1880468144632266 2,5426817325621625 ), 264,2684313924076
( 0,7368355086082415 0,14944205549558506 -2,5652603198358306 1,45992438567062 1,8943213360787243 3,2374865238503903 -0,3887797012512641 3,5523740943448807 -1,988157706483732 1,3043117119139036 -4,379664077839301 -4,84220285798726 1,1073768310576324 3,1806153289364163 -0,11309123563739149 1,6818797057484767 ), 268,4773038765296
( -2,1165146265114267 3,1191810492897014 -0,8290839585047864 -2,819569861085348 2,8007526178591977 0,5127807253746584 -1,3944088838116557 -0,7619202841967354 1,8298394013884183 4,1652409807579724 -3,55454563249553 -0,44681587024115377 3,5339646593304925 4,312286089705215 -1,2423447135576011 -1,8500249246257785 ), 274,9503969858796
( 1,8495847000681747 3,7318358500755235 -2,273657476145417 3,737595529399423 -3,288484493202244 2,922011439864165 1,3979264637656745 2,683166354291941 -2,244393057358651 2,106304205523765 0,14221231446610882 -4,98843953565028 -2,704818306422943 0,6115034429307415 -1,7192650351897654 -1,7678649584229031 ), 278,75576156537346
( -1,4575038209242552 5,3729490732347704 5,295335373500894 1,8524460039643909 0,27308268128164015 2,3184851127962824 -0,0029570037347839417 2,3116128751893985 -2,646480679712439 -0,022877177522852538 -2,826711422954856 -5,057306530597959 3,5180012130545597 -1,0724898805220373 1,3116898730794517 -0,2779154006826916 ), 288,84711479012583
( 1,2796668014406427 2,7476314402009168 -2,629207685023347 1,9685622542105627 3,282617856638116 -1,1475493937878072 0,679041236958333 -2,355315005011338 -1,8126269149095187 0,40287300231018364 -3,292844536072069 2,4676778484045387 -3,0509539834132164 -1,9702425402121218 3,601613667224428 -2,4941778931261336 ), 292,5746611776493
Liczba wywołań funkcji celu: 502
