Iteracja nr: 24
( -0,0007142842741499106 3,0456876604293646 3,968833144202236 -0,0005782453240761286 1,9073418023408537 1,923348920003749 -1,9686660886939906 -0,037557903798164066 1,9763573951205768 -2,030038058818768 1,8667686973021043 -0,02628748856318369 3,0612779282202847 -0,9965648122059833 3,959257969048531 3,0202604867026084 ), 68,30417052097306
( 0,0007368368087014648 3,0413556160343087 3,971672393398014 -0,0010240000453864203 1,904328552671703 1,9243916323516725 -1,9685693777636095 -0,03881919192084421 1,9810252159945136 -2,0284388473714503 1,8650201264700195 -0,02705985610695911 3,0606321296682677 -0,9907812895591354 3,9603691531400376 3,022074297520348 ), 68,30452106928954
( 0,000733326346783178 3,047049372245284 3,971280608657724 -0,0016618279952499892 1,9028641228408187 1,9215212660449654 -1,9719520433529985 -0,03200307670648964 1,9784418744769088 -2,033795163025084 1,8694409728046417 -0,01998609003380924 3,061246789441688 -0,9912187339833063 3,959551839401845 3,0236759910270856 ), 68,31131314296104
( -0,00042448231429680224 3,0448079240965895 3,972656208071961 0,002835723397293979 1,9069661032162304 1,9224739576859333 -1,9673163116576817 -0,03394663238496636 1,9757225424102336 -2,0323737101916355 1,8639403483988048 -0,024558722669513998 3,058271539621367 -0,9918854345944615 3,9614923351802513 3,022090391923711 ), 68,31157397603539
( 0,0025721277306512682 3,0440291814469047 3,9703840130298924 -0,006027168783930148 1,9032606678477 1,9241352101051867 -1,971933228776697 -0,04301806013628716 1,9828505783181625 -2,0241790456036157 1,8704049721096354 -0,027085221154207535 3,065090810467286 -0,9944690588576939 3,9596912254597596 3,023352052792769 ), 68,31496308314885
( 0,0025538598870502773 3,042594022262721 3,970957467903836 -0,0029742602742659774 1,9016259031570195 1,9228839910331204 -1,9701085422076605 -0,03474420182795244 1,9806831985641034 -2,0282740222338274 1,8656738529438255 -0,023129874631145873 3,059830379944017 -0,9894476792715067 3,9594562148720103 3,0230860095959695 ), 68,3160556426104
( 0,00035436633111092866 3,0464447864831077 3,9704480251085963 -0,0012261330322221146 1,9035315080346074 1,9217103978927919 -1,970988387997764 -0,031154421717317044 1,9774856988443863 -2,0338092142034196 1,867804214178259 -0,020390137797700044 3,060367072132935 -0,9917743706489716 3,959118377004077 3,0226107366651482 ), 68,31663585293917
( 0,002620369890830816 3,0428241863788017 3,971698781758381 -0,002001142299367212 1,901418286287404 1,9223419663724888 -1,9699668574267983 -0,0330441111085685 1,9799839001976087 -2,0296218210815735 1,8651033751218224 -0,021892509880280478 3,0586600963372828 -0,9882153110753319 3,9599238209516985 3,0234525004298924 ), 68,3198427786807
( 0,0020095847730314427 3,043580550387819 3,971092335411504 -0,0037850591070249665 1,9001383785331667 1,9226914236825903 -1,9723680594773811 -0,032505162201956074 1,981646673791252 -2,0319406753937734 1,867889843929552 -0,020364052012880652 3,0608550684828275 -0,9882605602988349 3,9591365258360973 3,0235964927062944 ), 68,32003078133177
( 0,0019234759105983433 3,04409934428377 3,9717508702474444 -0,002703765582482325 1,9017815159029872 1,9222364899087367 -1,9712682647637119 -0,03368119375366297 1,9805950252962874 -2,030684756015073 1,8672740494794233 -0,02151657437343999 3,0607730617317275 -0,9895556448970496 3,9597524503399453 3,0240190171707404 ), 68,32162366464163
( 0,0024078517940997984 3,0422279754927413 3,9726351918999208 -0,0008378476319243233 1,9020101163221272 1,9224910382960028 -1,9691246292212785 -0,033507740813126734 1,9798393655176951 -2,0296176371147885 1,8640934423290263 -0,022713848745516827 3,058057564010317 -0,9876281169604028 3,9606234640370928 3,0235875648296955 ), 68,32268729178556
( 5,391875326844807E-05 3,042942634799494 3,97503771626554 0,002812090862520816 1,9040650731163622 1,9225981877548801 -1,9689022101905909 -0,032836056693223946 1,97885845137708 -2,03494783948584 1,8640762463370875 -0,022428549961966117 3,0577347617288946 -0,9867980624007862 3,96247058183108 3,023763063669021 ), 68,32425912072014
( 0,0005075774653670622 3,040437105790551 3,974200755654141 -0,001063774477514184 1,8985273363483905 1,9247885836080425 -1,9724899134064597 -0,03444292341586076 1,985874734443867 -2,0353164269462027 1,868016806769397 -0,0224262015006167 3,0609003179499075 -0,9822153629531304 3,960761897869314 3,023723546957173 ), 68,32428647455224
( 0,0019905092143111596 3,0398092925870874 3,9729911012819685 -0,000491285956055597 1,901891375391143 1,923665281738242 -1,9683097049150928 -0,03468503526638067 1,9812324427244639 -2,029498331568683 1,8625660927344854 -0,024351201991814213 3,0576032685532883 -0,9862371327423187 3,9606504760276975 3,02293739517044 ), 68,32663435633103
( 0,0013538149512628186 3,0411358409162093 3,9707606297974483 -1,4263973365772568E-05 1,904952051222796 1,9235337511004453 -1,9666521442831681 -0,03588838482320087 1,9780905055956697 -2,027547543647217 1,8615933930573567 -0,026315500812349575 3,0575648375094966 -0,9910517588143775 3,9601207802609095 3,021155353817392 ), 68,32689166358902
( 0,0007563447137479123 3,040703515429713 3,9707040289211086 -0,0005444883158096727 1,9059462140789512 1,9245362263631047 -1,9666547181874152 -0,03905976269332696 1,9793465827057464 -2,0261640302407433 1,8624215374358082 -0,02876120673843846 3,059572319605588 -0,9926301513696073 3,9601965753558392 3,0209522482241016 ), 68,32721132190913
( 0,00247085853094055 3,0427075849524448 3,971293514753585 -0,0015439542623250893 1,901543333740286 1,9221555855911066 -1,9694622329618494 -0,031644175095935985 1,9791338318200817 -2,030106929365882 1,8641159773168425 -0,021439393550362673 3,057763232397454 -0,9881508536193562 3,9596566458533307 3,022997235290206 ), 68,32838893578382
( -0,0016896242180832045 3,045490644473855 3,9717622224379587 0,0010738660984026941 1,9086695401299696 1,9226643599625077 -1,9683406315782126 -0,03507107405959847 1,9762120508421899 -2,0321534418423446 1,8653581144141769 -0,0251290471318832 3,061673201556219 -0,9959877198118691 3,9607433206983758 3,022262825771914 ), 68,32878657242539
( 0,001531520218557642 3,0392803963179706 3,9730229612625587 0,00027062012262406797 1,904681423060935 1,924705969150559 -1,966577695861639 -0,039949278321838665 1,9810001351766895 -2,0260054279246416 1,8619237658628736 -0,028962049897917598 3,058699891891349 -0,9892251347841664 3,9615796357532775 3,0222886983213457 ), 68,33064802544341
( 0,002220876463594569 3,046088947931161 3,9720295328825364 -0,004301368194537979 1,900452774918663 1,9216198213261377 -1,9736065640288314 -0,0326366701961407 1,981643582535823 -2,031742521544388 1,8706270896415165 -0,01933141896918265 3,062949811089314 -0,9895427849612284 3,9594433673913634 3,025470223497055 ), 68,33127640698115
( 0,00231173536133155 3,040642505049805 3,9731176085045488 -0,00088101445450121 1,902036788396078 1,9232051975336617 -1,9684672097588876 -0,03402661779449334 1,9810029568330145 -2,0283606261660547 1,8629580069622347 -0,024138765553585552 3,058523347540838 -0,9870714384459855 3,9607841655005216 3,0237406319207185 ), 68,33298636440374
( 0,0036419703758624002 3,040862904506971 3,9710305861519464 -0,003688671172650358 1,9020738372863053 1,9235911227549483 -1,9686259769353538 -0,038431698153310274 1,981587973745236 -2,023324948789455 1,864355856623534 -0,026462463800155416 3,0600159187712817 -0,9901252845913963 3,959715706874177 3,023168681664329 ), 68,33422824386898
( -0,0008597179787605668 3,0422646339967434 3,973133415534822 0,0032524060425352446 1,908083274301621 1,9233035327416936 -1,9657728832833932 -0,034912071351374294 1,9764841649167761 -2,030787566769466 1,8611082157482668 -0,02668924605436729 3,0581973562752554 -0,992099263776571 3,9618641237794674 3,0219809347638455 ), 68,33801121000734
( 0,004823283321417501 3,0423596782022293 3,9723241137395426 -0,0046757165523472425 1,8965268945582443 1,9222862716501814 -1,9728344545444818 -0,03312980809115422 1,9837368744462964 -2,029228920446824 1,868120894227496 -0,019561676677410666 3,0592203129156017 -0,9837393819677559 3,9596479751748803 3,0251737456117183 ), 68,33820959245324
( 0,002060495529270086 3,04355863360329 3,970313045580722 -0,002167830854681148 1,9015201801776778 1,9217499892785794 -1,9698468433156815 -0,029071347443618823 1,9782774181257965 -2,031257173874919 1,8643101887409297 -0,019994742414980914 3,0580123537413595 -0,9890018980126318 3,9586024761738314 3,0225601085655875 ), 68,34133766985154
( -0,003652712583591207 3,0440430868581543 3,971969658965039 0,005896778143625352 1,9103427888791766 1,9240567370330155 -1,96586040833376 -0,03612282323547307 1,9746350594978679 -2,035843447437813 1,8623865256655505 -0,02760811201579942 3,058055065271632 -0,9937848694907597 3,9618886073218644 3,0191998132072753 ), 68,34178619214275
( 0,002845395650529817 3,0415621525623435 3,972455971042654 -0,0005693950797067252 1,9007508927248962 1,9221392892691846 -1,9689453988294665 -0,030879318715876857 1,9796024284138096 -2,030618094136947 1,8628725565291322 -0,021073000966138025 3,0563173229222698 -0,9856205463544787 3,9602423049223097 3,0234950957964504 ), 68,34196778159856
( 0,00026600040047694996 3,0427266198340974 3,973500995485587 0,0025330349229988986 1,9074896236333572 1,9226702088926053 -1,9660329856250054 -0,035620349276384244 1,9767482553752123 -2,0292743381888823 1,8616916230803664 -0,026315698690836706 3,0582264249504054 -0,9918523098789419 3,9620126411429566 3,0230113586228806 ), 68,34204349499902
( 0,002735383076950679 3,0419348623698252 3,9705881477777414 -0,0016295980597885449 1,9017656878357858 1,9221611852336307 -1,9684864916578124 -0,030975523591096923 1,978536821807121 -2,028967889098648 1,8624659097667817 -0,021753043520137356 3,0568958256653236 -0,9884766879082459 3,9592093856722674 3,0224671108422174 ), 68,34216480066534
( 0,0016580795178127543 3,039157737158557 3,9727373025299646 0,00021565045061468555 1,9037847030161925 1,9238319507478152 -1,9665039513499094 -0,03506912041318503 1,9802460031804685 -2,027686649207354 1,8604706266676803 -0,026082524113212865 3,0573939450136884 -0,9880024278079489 3,960704721774052 3,0225553207426885 ), 68,34223296563961
( 0,002834737042351276 3,04204053987508 3,9722439342563285 -0,0009590526710087787 1,9009313132125463 1,9219209554531347 -1,969141454693564 -0,0305594977890756 1,979337009438459 -2,0304728981229365 1,8631663995712737 -0,02079123257959353 3,0567329934984087 -0,9863710892601304 3,9600641500250116 3,023571899360753 ), 68,34269118254858
( 0,0020450325365838928 3,041591473328212 3,973219924670546 -0,00029325811353724234 1,9038500251419384 1,922516150376175 -1,967647274944956 -0,03394775873076866 1,9795178225940733 -2,0277684283719215 1,8623728259905725 -0,024314639993476474 3,0586890451944337 -0,9892383192909188 3,9609489783157428 3,0241683800126093 ), 68,34634657923219
( 0,002890658177157366 3,0421255719651366 3,9711014460858483 -0,001585645560383454 1,9020852882308867 1,9220484583588753 -1,968491569694742 -0,03205816889192894 1,9786857401317919 -2,028170104344935 1,8627278396644646 -0,022301014360018204 3,0574124557202107 -0,9888961439127422 3,959636921290246 3,0230627934482137 ), 68,34656999333524
( 0,0025520687353729784 3,0420034745258087 3,972949982279282 0,0002726859223974331 1,901532799541044 1,92173505323683 -1,9684877473575115 -0,029849347413025227 1,9785660564098562 -2,031212888653852 1,8622395826404723 -0,02072453387210292 3,055910023341322 -0,9859522437122652 3,9606383895449433 3,023666568717878 ), 68,35002517287866
( 0,0029266001075099126 3,0444975019075406 3,9696175317162345 -0,0026096126100659993 1,9002006964201277 1,92095540718334 -1,9706837404481767 -0,02768315500340307 1,9776814602155213 -2,0318050113085806 1,8650936583966649 -0,017958593284361637 3,0570903705073396 -0,9883407601156702 3,9582971632888446 3,022722441599604 ), 68,35124594921903
( 0,0026803800293460902 3,043597199107017 3,972377091814892 -0,0007435795434602198 1,9005741173273798 1,9211083760217462 -1,9700139905506602 -0,02831747195996534 1,9784951379429234 -2,032482787310056 1,8642140231803856 -0,018675929488989516 3,0566585642433357 -0,9861753859745034 3,960022781390015 3,023985749988584 ), 68,35136141394875
( 0,0022899590788114563 3,0417257004604483 3,9731602587724435 -0,00030875141920441674 1,9031798242275297 1,9221686725913163 -1,9678618232168237 -0,032574871935707975 1,9793504182579138 -2,028399644615783 1,8622767902625674 -0,023204320516944293 3,058108828719925 -0,9884434619748603 3,9607626545502206 3,0243123369238476 ), 68,35147018141325
( 0,003219427677438541 3,042608287663746 3,97177852151061 -0,0014516802162487278 1,9004453853350987 1,9214163070142782 -1,9694788427205419 -0,02925775057718129 1,97891017065153 -2,030494063708397 1,8633527036877966 -0,01965612598058123 3,056541260654603 -0,9864653099722733 3,9596720362663187 3,0237071783870264 ), 68,35231589613176
( 0,0014325922115216846 3,0425965810769435 3,971686188348462 0,000814585382470434 1,902878942970823 1,921812032791285 -1,9678753250948526 -0,028752372904663037 1,9771325144965906 -2,0321638030825753 1,8617243038260587 -0,020940526493837253 3,0559519475516725 -0,9878413059595113 3,9599042230694357 3,0224203002399146 ), 68,35232832905726
( 0,003099933289299815 3,042043670319396 3,972157117848184 -0,0008805005661325864 1,9015929865805865 1,921661173395788 -1,9683518217407932 -0,03049504352027089 1,9786166067954056 -2,0290702972607946 1,8622034762394108 -0,021275523020653157 3,056475150004601 -0,9872115314967095 3,960079999774079 3,023631465425638 ), 68,35297833519296
( 0,005766446532157082 3,042725030309881 3,972380013055451 -0,006663483684632579 1,894225691846518 1,9224172221365545 -1,9749414663021037 -0,03425993548870075 1,9860275401823757 -2,0288895358630987 1,8709396798726055 -0,018687705448164844 3,0606878329407974 -0,9824426316795286 3,959393294768888 3,0260750715267517 ), 68,35352973092054
( 0,003006003852246819 3,0422910627868918 3,971958482427514 -0,0008197391344132221 1,9007052930561312 1,9215200019555725 -1,969020325473858 -0,029145183758350204 1,9786218688690937 -2,0308438726864293 1,862712824178011 -0,019910003580409254 3,0559839761546788 -0,9861481311076823 3,9598458644297594 3,023456331789451 ), 68,35381527627669
( 0,003256445131856049 3,042154203538961 3,971866454211974 -0,0010662371355448746 1,9004187112673854 1,9214809278184735 -1,969050933132357 -0,02907400538748435 1,9787493179623323 -2,030497731592119 1,8626347781482369 -0,019804670671778796 3,055881758874034 -0,9859661332865329 3,959761028176504 3,0235120169031395 ), 68,35650703602356
( 0,0042308242989667 3,043648089872301 3,9730884107083524 -0,0034531483546347917 1,8974580399865328 1,9211530493107052 -1,972626003658171 -0,029924784581783378 1,9819672660495122 -2,031343064908478 1,8674728151105064 -0,017626512080877954 3,0586505146291487 -0,9840643175271843 3,959921037425009 3,025805313402585 ), 68,35719896051857
( 0,0009520173845482835 3,0431971673842333 3,970982728982151 0,000394257787533704 1,9040903345955003 1,9216301584218671 -1,9677511833445143 -0,028283836597083407 1,9764640535979643 -2,0319815099739658 1,861777413682486 -0,0209172635874884 3,056946134411586 -0,9900188376996273 3,959353347292138 3,022449357736355 ), 68,35796889472235
( 0,0017233792996547343 3,0499670373820846 3,968239955553671 -0,004139266870953671 1,9019536842239937 1,91971388364116 -1,9734905441899113 -0,027770976007619873 1,975607217733125 -2,0339731672631003 1,8705804363379686 -0,016019976494726373 3,060901029105972 -0,9939646642346714 3,957518769630928 3,0229316661176058 ), 68,36069725614944
( 0,003841885788127455 3,041693262591685 3,972293112048144 -0,0008246240737101069 1,9001091186425776 1,9214186955919772 -1,9686682099154789 -0,02960908799223392 1,9788241238569784 -2,029689826159034 1,8620345698503793 -0,02008313384666239 3,0550818146407086 -0,9851318766040101 3,9601264725310514 3,0236843663173802 ), 68,36150731475246
( 0,0030202867932777626 3,043438138513043 3,9718461006361605 -0,0012167458291912447 1,9004246195041334 1,9209215725851054 -1,969792811551197 -0,027543495004027963 1,978234964282081 -2,031718253633472 1,8636364302969515 -0,018400151917369253 3,056452845788945 -0,9864859034727047 3,959591484355051 3,0239352355953772 ), 68,36220842686996
( 0,0012392919140358078 3,0407789928675397 3,972950985056904 0,0031741646610235026 1,9037155385438458 1,9223542198207504 -1,9662872575322927 -0,03127769791527854 1,9770136951429482 -2,0324511534109084 1,8595147822348526 -0,02284231261194538 3,0537436714856825 -0,9862134829546999 3,961377760197289 3,0218765752410457 ), 68,36337625056848
( 0,003193057276536492 3,042649279657874 3,972104184667199 -0,0008319880257895795 1,9002764843057738 1,9210899121230074 -1,969292963498824 -0,027830244727974473 1,978378857249482 -2,0314270439647673 1,8627750206126101 -0,018811947625565012 3,0557037256176707 -0,9856710530221615 3,959798490831307 3,023819476799057 ), 68,36592506905541
( 0,005082075021556137 3,036555323258942 3,9685747847879114 -0,004585259436175914 1,8990827986538392 1,924838353195412 -1,9672398032266067 -0,03723662161838649 1,9826287386242152 -2,0215863463260324 1,8602778803728885 -0,026780820169888336 3,0560298062939575 -0,9865426680470835 3,958143741538895 3,0204142274070462 ), 68,3673100113614
( 0,002889774189575659 3,040018208503666 3,970995426440118 0,0004153503062945665 1,9026810513420147 1,9222039393378962 -1,9658368928334466 -0,03013551342451832 1,9770431056827864 -2,0280988292114435 1,8584283939348742 -0,02286869385557091 3,053861989368352 -0,987367287540466 3,959722295127136 3,0217056496176586 ), 68,37449649914666
( 0,0028489332390901336 3,0431362919273734 3,971715231748875 -0,0004467255639342288 1,9007491028365158 1,9207898002189028 -1,9690960152197066 -0,026600936600129625 1,9773500592794997 -2,032269599219997 1,86242536958143 -0,018207987770911892 3,0553071727822094 -0,9862357098020765 3,9595842768744007 3,0234877958345803 ), 68,37458626314378
( 0,0038559670933861847 3,0419147348177136 3,971580564980723 -0,001014648166287107 1,899877534139524 1,9210751110356599 -1,9686342542382218 -0,02774334280149879 1,978123028024531 -2,030177950505289 1,86159481123607 -0,01904143987992167 3,0545788982184416 -0,9852588160381424 3,959527492237885 3,0233886807233623 ), 68,37559513374299
( 0,0033359015167158867 3,0433482851138502 3,968772245845795 -0,002832047505071314 1,9004991336294126 1,920894022560096 -1,969282225661505 -0,02648903924536325 1,976998375571984 -2,029982509331193 1,862666076616834 -0,018354687169647887 3,0560569335151966 -0,9888098339121016 3,9576379114864313 3,022250626181992 ), 68,37665953279127
( 0,0034870796353645736 3,0416499179940306 3,971067704924968 -0,0011939075614464394 1,9022153346245676 1,9213959163709475 -1,967092771482815 -0,029477894914150704 1,9773748794833246 -2,0270630573268575 1,8602497167121732 -0,021692515602895118 3,0557109809824294 -0,9885039313794004 3,9593943950749306 3,023053898655822 ), 68,37876134790875
( 0,0013918367554737296 3,0423663025803855 3,9711293668965846 0,0015178135327796362 1,9031539911833784 1,921422879876713 -1,966906318144611 -0,02665921707747208 1,975703306785871 -2,032531563731535 1,8599534772199333 -0,02029095616956363 3,054376004236535 -0,9877739732960715 3,959544222578192 3,0218050121085285 ), 68,37919598579406
( 0,0028896793647721565 3,041440688254199 3,9735953041852397 -0,0006615437780549425 1,9061299849995437 1,922678008504791 -1,9657415142866501 -0,03820113364639869 1,9789722570219173 -2,021867821094846 1,8611306439052444 -0,028237203492853805 3,0595731649826337 -0,9922995829714168 3,9616638951187833 3,0244065838664635 ), 68,38074804965767
( 0,003905062697545151 3,042720757209738 3,9698447138636515 -0,00545183884412104 1,8988978018313694 1,9213437523360264 -1,971468773770649 -0,029561061131871038 1,981002088986812 -2,0286405949984525 1,8653989127336625 -0,018753449329144627 3,0593832712565443 -0,9881640030959299 3,957723245221862 3,0242474560807073 ), 68,38151051447318
( 0,003799769870758944 3,042305737910288 3,972108412473043 -0,0013424845449443884 1,898989654305711 1,9208456957165594 -1,9696779462857799 -0,02657035683702809 1,9788867497175509 -2,0315702048875544 1,862656735111449 -0,0176471962136708 3,055157756242637 -0,9842818311934719 3,9595343223791915 3,0241404514300205 ), 68,38327162164722
( 0,0005707756218110481 3,039482737329145 3,9680078281327207 0,004689199580555281 1,9052625635593263 1,9235153374703748 -1,9636235369679433 -0,03346357217616373 1,9742045839058517 -2,03184258423147 1,856602099386273 -0,025554208475253117 3,0501090279918155 -0,9882895961770802 3,9595723165438352 3,0170125577579516 ), 68,38410354097857
( 0,004100554934777934 3,0432937642305133 3,9718435106576 -0,0022400187974278376 1,8980094693447787 1,920522757113065 -1,9709055544346623 -0,02608186728912661 1,9792722628673678 -2,0321334594013702 1,86431260817395 -0,01641923597341869 3,055793995212401 -0,9841034651924745 3,9591949278528134 3,0244777165281564 ), 68,3844749720596
( 0,0014827993608840808 3,0403204493188376 3,969472901546477 0,000589905443030886 1,903403139585199 1,9224956615082995 -1,9659361587611743 -0,027913125479098987 1,9759562477575179 -2,030543974136851 1,8579330504285694 -0,022217999688339124 3,0539539070007278 -0,9885698992430184 3,9586835415152017 3,0200441125305413 ), 68,38568508709339
( 0,005858299604277765 3,040499958441277 3,9706816597333634 -0,004515541099640538 1,8968004258388687 1,9215522950667092 -1,9700799798954798 -0,029401464960545493 1,9812918098271406 -2,026803083939786 1,8629323225558416 -0,019040131564596607 3,0557712988143817 -0,9839126399511319 3,9584578101623604 3,0240935551132515 ), 68,38664162130598
( 0,0036083213609512783 3,0425353993570123 3,97160940718441 -0,0009409524699736093 1,8995472264176225 1,9206371188065445 -1,9691785424181312 -0,02585668507042985 1,9778083585348223 -2,031772828873678 1,8619979182373778 -0,017514233095653503 3,0545526000098357 -0,9849477291636319 3,959344464801824 3,0236583607353476 ), 68,38871452766836
( 0,00467661033763888 3,040968202979183 3,965402725522874 -0,003267294393963817 1,9024081752965303 1,9220218953899724 -1,9656778380868938 -0,031756205259903435 1,9748111129582977 -2,0225560253418005 1,8588361252245231 -0,023834457016859278 3,053708159293668 -0,992388008127758 3,9568702255728994 3,018947148608907 ), 68,38924813298965
( 0,005444138598090294 3,040251387561807 3,9707875005581985 -0,0047660685921625 1,8978123721473392 1,9216733892013207 -1,9694354711329718 -0,029872403754844717 1,9813040032530385 -2,0256306907411985 1,862284753794633 -0,020118578153480247 3,0564873108941724 -0,9852408258338902 3,9583341127327714 3,024065088653665 ), 68,39010469178663
( 0,002869033959803939 3,0411419584288386 3,974070867183067 0,0011088661365833805 1,9025602742604173 1,9211839350180595 -1,9667794220256118 -0,02804606579174949 1,9779069034493126 -2,0295118616169416 1,8595013951739694 -0,020932392320845525 3,055303239097581 -0,9860183068170391 3,961142101122874 3,024865656006657 ), 68,39218040282967
( 0,007111270283488229 3,040250731152229 3,9752743149684275 -0,0052143407367633 1,894732021844108 1,9221160777600008 -1,9725123689384263 -0,03524484538281452 1,9866448041357874 -2,0254839514838516 1,8670957255641167 -0,020330424661790043 3,0588748705949973 -0,9802936002756292 3,9611859201305344 3,027764792669458 ), 68,39374630071345
( 0,006307752470653679 3,0438142786408298 3,96804272340513 -0,006786822974440245 1,8962585353211487 1,9206882597561195 -1,9710942736165589 -0,02599211316311397 1,9794891315981376 -2,025132930695501 1,8654361996532887 -0,017536915122651268 3,057754864477357 -0,9869231071499203 3,9564199303952408 3,023814249874759 ), 68,39411355447406
( 0,0046277887063298166 3,042302582525535 3,9711765509701826 -0,0021367402053353345 1,8984582424335537 1,920489041170773 -1,969479054149027 -0,026019626520488972 1,9782959812016068 -2,030199565549825 1,8621445742712057 -0,017269861870716226 3,054445750484223 -0,9845534043806107 3,95893018741255 3,0238648063758427 ), 68,39607332533066
( 0,0018163902981372377 3,04209366199355 3,971512253714411 0,002136891507702246 1,9039762657224126 1,921025686472412 -1,9658254350710604 -0,026632222135563908 1,9746109077165122 -2,0314254950964017 1,8584421198183187 -0,020632709143408 3,053364240658442 -0,9881067330249469 3,960037692037501 3,0220750286005327 ), 68,39622373076493
( 0,0025772213079308663 3,0427517969839917 3,9678015182184354 -0,001599255760868886 1,9022849858898363 1,920991441931342 -1,9673683125890633 -0,025852285354013408 1,9750652602755028 -2,029834077327031 1,860104391386505 -0,019430921590570922 3,0546452878787886 -0,9902294639543182 3,957259649234787 3,020738349132681 ), 68,39707337678146
( 0,005005128256294804 3,0431375043986897 3,9677999350985957 -0,005932996366871405 1,8972690080772217 1,9207180746866925 -1,9712800314597896 -0,025992491831951365 1,9792858754927076 -2,028683507707849 1,8644781525683236 -0,016527887478989135 3,0568348155003218 -0,9872763608333509 3,956407327072923 3,0229530724094245 ), 68,39808918390005
( 0,0032855197346748142 3,0411394810029018 3,97425533767439 0,0005282490401734005 1,9012474581064838 1,9209422827779157 -1,9676783802329112 -0,027550148289867248 1,9786888884093397 -2,030306087412913 1,8602888542714007 -0,01969929293125429 3,055199342622085 -0,9846621038001903 3,9609851066493755 3,0252940652903666 ), 68,3984914289703
( 0,003499124030620967 3,0457600219459344 3,9699443705088937 -0,0020026826542708185 1,898154950982127 1,9196881520921307 -1,971784554929995 -0,023287369013770407 1,977006908116908 -2,034817188927607 1,8656753964262482 -0,014059410949675957 3,055472192576182 -0,9855421675177339 3,9582256212118003 3,023556019489649 ), 68,40037787501656
( 0,003978925951890774 3,043395525666267 3,9722738114197327 -0,0014955246734116205 1,898168399050327 1,920158602084991 -1,9706261383808006 -0,02476380807972753 1,978602446292818 -2,033043065626902 1,8636612158690766 -0,015686300907608454 3,0550656839299792 -0,9836125863746932 3,959445049191144 3,0246867798293953 ), 68,4006919724848
( 0,00446713375639886 3,0428545128823385 3,9694169009927815 -0,0030625424853692636 1,8987028889585982 1,9203943355601434 -1,9695454063091253 -0,02512159140109077 1,977595372986143 -2,0298685909688867 1,8622497455996638 -0,01692896894811248 3,0548163397087764 -0,9863045485882851 3,957743100551306 3,0229936456099518 ), 68,40103861961666
( 0,0007917112818963893 3,0441812384949634 3,9680992886344737 0,0002616552792961997 1,9042448344770502 1,9208402422131063 -1,9672390709670222 -0,024602207876316864 1,9733127767817296 -2,033101310038578 1,8603269470230424 -0,019031265560025736 3,0548344133302736 -0,9915966436313159 3,9577033356373605 3,0202055879359624 ), 68,40114709515251
( 0,0058939945500436595 3,041891116413264 3,969673400457269 -0,0060389155919663255 1,8959882146797635 1,9210117703362204 -1,9711278628839188 -0,026249004565708507 1,9810969229804571 -2,027066717686655 1,8642522370770653 -0,017143040073475592 3,0571158932671123 -0,9847189202009897 3,9572012368269296 3,0244811134668494 ), 68,40379564085451
( 2,4517942454837068E-05 3,041560053028324 3,9680632749457594 0,0025890864300055216 1,9063657775611733 1,9221846992202596 -1,964127720980529 -0,026998698895822553 1,9724510558310624 -2,031634634764827 1,8566102133948612 -0,022845273243792732 3,052815124833861 -0,9917521207695551 3,9583752064243116 3,0183569141588285 ), 68,40452781741274
( 0,003183946301233694 3,044055826793583 3,969414743844505 -0,0015065555395386528 1,90067932337019 1,9200308272666433 -1,9689143627164194 -0,023556293928990085 1,975491931339541 -2,031762817039672 1,8617821471547835 -0,016625502276269386 3,054718356726525 -0,9880143714098479 3,957983400014202 3,0226250884997388 ), 68,40575130792018
( 0,00363688765954514 3,043641130231778 3,9690137992721546 -0,0018976462540476944 1,9004700512892314 1,9200874273986257 -1,9686092516330187 -0,024008478738295088 1,9755008133632312 -2,0305944043117536 1,861355809722334 -0,017028169024263972 3,054393511524993 -0,988079893957352 3,9577686552553524 3,0224234501411296 ), 68,40616757322952
( 0,004607319824253044 3,0398287065228033 3,970954351659456 -0,0013828301141512746 1,8988016263525744 1,9213909257402069 -1,9676283805162582 -0,026801257823822127 1,9785284553498306 -2,0288060969947086 1,859224839988826 -0,01926090398153796 3,052908467907281 -0,983691716622214 3,958936468386731 3,022732703776692 ), 68,4062569765507
( 0,004161634255159561 3,0360490347378772 3,9730329307143153 -0,006901186477635694 1,8971921668137446 1,9245817549784683 -1,9712965084010214 -0,03557185313697341 1,988869609884949 -2,0258658660975923 1,8640638130626441 -0,023117880162745852 3,06149775729116 -0,9836114059258376 3,9588421079254124 3,025854469792405 ), 68,40733006142624
( 0,003753078314594773 3,043257537043126 3,970910575817288 -0,0013159717823012626 1,8988359499752958 1,9200287270289558 -1,9696731676233556 -0,023311393286283438 1,9771250002553884 -2,0328408854570457 1,8621389535879436 -0,015617640594062766 3,054092061747648 -0,9847403902703599 3,9586778327889847 3,0235856809216637 ), 68,41447422481401
( 0,006624690892753666 3,0415932052316768 3,9701592948898177 -0,006446774356712131 1,895972224463475 1,9203877294725158 -1,9710801206029918 -0,026088591875888727 1,9807593486553978 -2,026428066407368 1,8634977579362257 -0,016294940319662714 3,056344105348512 -0,9848382815441362 3,957548021638379 3,0249916840589015 ), 68,41494404563119
( 6,042342028334338E-05 3,0463333636344023 3,970765157823886 0,0034134630868858074 1,9073341137387785 1,9198452118262939 -1,9658012202428672 -0,02424316896364821 1,9708569201332853 -2,033249946877854 1,8599737590797414 -0,01974634017028691 3,055108991514262 -0,9930973450023403 3,9599082390162343 3,0219423748318976 ), 68,41650530571484
( 0,0054243300038907295 3,0425085710698685 3,97301198138464 -0,003335602600933928 1,8951285228466006 1,9202543975597066 -1,9722805416434666 -0,025170566165371937 1,9815635750980936 -2,032416569271625 1,8651666250945362 -0,014533713066452845 3,0554727665210026 -0,980522099284248 3,9593421703792813 3,025835020796874 ), 68,41735182060613
( 0,0035619081632068763 3,0409662772165023 3,970483249405392 0,0001353216862308595 1,9018662170802325 1,9206449746427143 -1,9660815528421007 -0,025385933360461684 1,975362649562073 -2,0291759190718226 1,857577958665757 -0,01938525696861649 3,052530424144159 -0,9870628966696905 3,959044908607893 3,022388109290906 ), 68,42241966321883
( 0,00406157800697305 3,0419756837429883 3,9713574884852227 -4,122269883878997E-05 1,8995078150428026 1,9201588382883308 -1,967836770699113 -0,023835020806768418 1,9765051793596313 -2,0314053458740764 1,8597930625638595 -0,01699942332477685 3,052439760472365 -0,9841023254018466 3,959139447038386 3,02334003387766 ), 68,42340841164496
( 0,0031142856969131375 3,0393002024150433 3,9712445095526983 0,0005975871125264244 1,905750165244763 1,9218260090910162 -1,963253118249283 -0,0311529335294031 1,9756707733908239 -2,0237000241627072 1,8555550005711865 -0,025286219218120843 3,054483248059409 -0,9908576417071007 3,960009901833078 3,022694679760651 ), 68,42749292782887
( 0,002490629739231829 3,0490743633406425 3,977103979913219 -0,005071674728892306 1,896004535812316 1,9204588324658884 -1,979544675920715 -0,029988512520252777 1,9864377228609038 -2,0379576705644373 1,8779098171999018 -0,013443086703079817 3,0667432637028047 -0,9837096361658039 3,961530106277363 3,030802194490023 ), 68,43284532004279
( 0,0035610356061760223 3,044374618689574 3,970122636759923 -0,0014843320338103932 1,898674038890786 1,9194924616107127 -1,9701987266645262 -0,02135606231305161 1,9761374906716778 -2,0341995509248814 1,862641178517351 -0,01405440106053518 3,0539068833592258 -0,9852228228728218 3,9580927774943597 3,0232730780178185 ), 68,4339776746856
( 0,0016305115130324259 3,0452096198055854 3,9731600858792846 0,0014723317980229092 1,9017087711276572 1,9192568911596044 -1,9693401272405853 -0,02111888969220559 1,9751604421147957 -2,036627251673059 1,862346836660641 -0,014766393098085724 3,0550350965825213 -0,986078884100321 3,960109534598737 3,0248674901124466 ), 68,43823822626001
( 0,005141228375193117 3,0415220842341637 3,971109498833776 -0,0013140569467447413 1,8977768600604745 1,9200017964632397 -1,9685702628432151 -0,02341792101115242 1,9773370306161862 -2,0307066889668413 1,8599587602270773 -0,016002035466892047 3,0520055894686338 -0,9828163048599068 3,9588178431437027 3,023560538020709 ), 68,43864639083206
( 0,004068323612562828 3,044264711985665 3,9705927620230406 -0,0021949959345258256 1,8970290594935313 1,9194827814069464 -1,9713246761965892 -0,02128351295433902 1,9775265752777509 -2,0347786971401516 1,8638201344299707 -0,013081384476277958 3,054130059237728 -0,9834445734364665 3,958074680104111 3,023865507804377 ), 68,44058422551166
( 0,005032516021703354 3,0352937156313877 3,972359196859802 -5,6443614993424026E-05 1,900993602279076 1,922764109534425 -1,9636630039733103 -0,0307544360296786 1,9796017425113697 -2,023294500990815 1,853947144271777 -0,024540521508534693 3,0518430749588457 -0,9836743699466844 3,96018191515765 3,0228973260036525 ), 68,4528948032884
( 0,005166948157228802 3,0448999496473377 3,972604481476842 -0,003674330179261251 1,8947427924714924 1,9191360872908492 -1,9737136566728337 -0,022064621221904442 1,9803828708881726 -2,0347422764821324 1,8669092076327165 -0,011634407072347613 3,0561187015576365 -0,9812251726225178 3,9588591923044785 3,0264794082631084 ), 68,45505926486418
( 0,0023161817531282126 3,045855984760243 3,9747955776850112 0,0026315968731739324 1,9005877744179138 1,9180597768693883 -1,969505279099966 -0,017917253888077616 1,974568369593384 -2,0383563317713844 1,8617394746788791 -0,012164388770753721 3,0532467905281857 -0,9833280732013676 3,96088842169368 3,0260245576069735 ), 68,5037476560665
Liczba wywołań funkcji celu: 5125
