Iteracja nr: 2
( 0,08069540534648523 3,0037459125717603 3,760950031574467 -0,31584590644968236 1,861183774258809 2,0983744487077924 -2,0188395705530513 0,24851109577665564 2,110322575173364 -2,0840900814201966 1,8768635303329573 0,04448940281335789 3,058134027618327 -1,0934590722645021 3,8602860558865477 2,608718077138747 ), 128,25269449484563
( -0,031579815205804884 3,042254048505809 3,795045876110644 -0,25520592842726186 1,8579758518814804 2,063326272260356 -2,0382973681527075 0,3865104428687429 2,1242127627039755 -2,097946961252363 1,8231577126574758 0,1652069589871128 3,0945158205974295 -1,0594035476776498 3,8017107680937205 2,7522059430534256 ), 132,6016435797758
( 0,10634333679560304 3,0221292073835504 3,7428661055438943 -0,35973428038215083 1,9011447118546647 2,1087789490325863 -2,074903015002231 0,23934970002381692 2,178843272283179 -2,0559967185281938 1,887858303755534 0,08109729358958329 3,107219615690794 -1,013028341912375 3,860760782837827 2,6501363647191347 ), 133,30372311752495
( 0,057686268941365526 3,004954746851677 3,7128832939159975 -0,3420648500907988 1,8710229190701595 2,081770145189105 -2,0123005457723266 0,23792988000177484 2,107385361383428 -2,018647220352962 1,8199859298816865 0,03934446451416984 3,063116915804734 -1,0368502246806846 3,806851415730719 2,562026215898597 ), 133,51687735479743
( 0,058150148452083966 3,0150374807019924 3,711019359858116 -0,33556622129328306 1,8778398418706759 2,0818915558126583 -1,9888640496422416 0,23589246237302797 2,1030661414542733 -2,015472307684478 1,7924573805128126 0,009782404567356462 3,0640622757716827 -1,0176075562414533 3,786510640840312 2,5415927248369705 ), 135,119453939021
( 0,022013729946942062 2,9966063423304505 3,684380644997529 -0,3250182842659143 1,8218621531025825 2,0241469068202464 -1,9928947657188143 0,2774925690232233 2,070922541943404 -1,9657473141467192 1,8300932739141795 0,03940154104093658 3,0169471410235076 -1,0275962432291723 3,790134119538532 2,5300453293829204 ), 135,31719262447456
( -0,9428380888041148 1,977879820917049 2,730226754554593 1,2138400902130628 -0,19680966767006725 0,21109099879161652 -2,330606747569822 2,1062331169826867 0,8853396622244094 -0,131985478875141 2,0896858599912784 -0,49072765859689405 0,8234197449032764 -1,8174787865033877 2,1882369483015913 1,7843932213243159 ), 140,6267511109033
( 0,0705802379983535 2,0205870024726447 2,5706695168840024 -0,0634836312884462 -0,24704747836675844 1,1302479499041356 -0,880432804315529 0,9492134559210867 2,1423985078983763 -0,4087787654756647 0,6969809902905912 -1,0810481568733559 1,6230528175318222 -1,1207621801789394 3,73587595129733 1,7778449991400929 ), 144,07466034335943
( -0,14767242930293192 2,9413072323128886 3,7816825703297234 -0,5866517685814554 1,872520829297209 2,1358437281466514 -2,00049460606568 -0,13161659384635266 1,9469598555576086 -1,791151510821868 2,0989643168231304 0,22357343620909892 2,9884990368038546 -1,181460222588812 3,7156387356138967 2,2955363096156836 ), 145,91705494863152
( -0,193572964816538 2,95672851421913 3,797608561179113 -0,568574018672632 1,842398265953977 2,1259451027975826 -1,9650538226027372 -0,1221073797114501 1,8142127542157458 -1,7377877055019102 1,99566342992319 0,11679635224750946 2,9680476273899257 -1,1855412417132583 3,6066222084585915 2,205442139217352 ), 148,71270041844764
( 0,11373026238173851 2,9885820043750395 1,0212774813529655 2,10296887151776 1,2552201936732523 1,6679962483059962 -0,061350672832830314 2,1415711161057236 -1,7966639852169637 -3,120155215140174 -0,2482947267713938 0,33630194241769923 -1,9364127903028978 0,1684623072217028 2,608043168488582 -0,23373189046588347 ), 150,91758208706995
( -0,046927950268922825 2,277924446699196 3,9218911283829367 -1,1419630978890272 1,7835158468272212 1,5234782283897825 -1,9702684775380859 0,06060305231776586 1,2242036322055694 -1,8204679390098568 1,7092451851713877 0,7829666416065391 1,907391359533713 -0,6477426015392234 2,144459046072601 1,7519328551553257 ), 152,12498859355716
( -0,25004173911955313 2,9921562667486636 3,756099756130769 -0,310378162309468 1,9498944972588608 1,9739042284409982 -1,7844752215208886 0,1394233088309832 2,049840966462367 -1,628793544291725 2,010411155097569 0,10587760201652757 2,941899502802497 -1,1423239135777916 3,6045733492783545 2,3166192283996287 ), 153,23038589183278
( -0,2875032899279103 3,0037498560175497 3,9159677337610295 -0,3286298313397731 1,8278737324500596 2,0671340125992796 -2,039126158707779 0,25340572411778106 1,8933418890116205 -1,9355092017595126 1,940751335286461 0,3035717570969009 3,064721964634323 -1,139778822123593 3,6454496404492627 2,691860090833359 ), 153,24866311894894
( 1,0773998909596776 3,9301359179279265 4,558509959592306 2,7925546770128675 0,9145699410110791 1,3039492484013702 0,05290431228546699 1,1610121174502501 2,1290394457913706 -0,8818676740833045 -1,6652859058668714 0,12737575446836746 2,0301369283616 1,7551686739405625 0,6262006686476306 -2,99843006748648 ), 155,42571815385003
( 0,04795042535891675 2,933179303803953 3,7819554304977823 -0,13079161087484192 1,778898295036358 2,055345646313199 -2,013192525777501 0,3522686918391299 1,8720665175464846 -2,0635916872386106 1,5270395713842055 -0,04041930512392644 3,163799341000641 -1,1769238717863764 3,5047029256612077 2,268537279461799 ), 156,62166136227506
( 1,0155466910508175 2,979892074439513 1,777142601426257 0,6100525773143772 2,578465497120231 1,9039906947210965 -1,9268444202834032 1,7848860339777648 2,2224705181386852 -1,0396373822962413 2,92131275859723 2,377714470037987 0,9216684198368317 -2,508902873249991 -0,036218320865911924 0,7187780539601563 ), 157,80753876223386
( -0,2021087532618894 2,924219471618681 3,757999623377391 -0,5320879684624897 1,788270934943581 2,0845984607512866 -1,9151187237593488 -0,13352219257258754 1,7920649987699055 -1,6711542518560762 1,9532130427545789 0,09637365411976526 2,9084545730495326 -1,1770872978285205 3,5437539074333433 2,131135236743408 ), 157,8158600077936
( 0,12038527379595962 3,0301713622062048 3,9294480852468983 -0,2586183387570851 1,8368601443910706 1,9611950745770579 -2,0524479678111716 0,19600066760429422 2,0892378625765398 -1,7100485616267993 1,512271470408729 -0,016094945967924407 3,1448052256115115 -1,305009029230829 3,461146329944108 2,211550346344703 ), 159,23881613636627
( 0,811930946083518 2,2267263888508873 1,848381993604214 -1,4139994261507303 3,124538417321583 1,9131491689380942 -0,17443196533638608 -0,7277008850097362 1,2326588955924986 -1,1394922175318731 3,4056358310345725 -0,3214838838032532 0,8658997587940024 -0,9594966944186738 1,2993365439083593 -0,1415843245280886 ), 159,49809555105378
( 0,1622677433948871 2,9224109416007895 3,463825313604783 -0,38478641181467477 1,8833876056055057 2,065457808304819 -1,9062665689580565 0,3895283551266509 1,966493360391154 -2,067784687607559 1,7120436672719668 0,06084911137636019 2,9374855152146 -1,0064065002848164 3,774662890979803 2,4055433910156667 ), 159,9567497155103
( 1,028705656129841 2,981437017797183 1,7532873648359664 0,6289813275769369 2,5743856823185114 1,8974191375367444 -1,9179904416736782 1,8115505392118578 2,213183258984979 -1,0235914127764436 2,9141814749700763 2,3874367457859345 0,8940542842611563 -2,5162898089071306 -0,08328955442819286 0,6952940521778188 ), 160,8915330880341
( -0,04755121217305969 3,177434889209935 3,3662079805530887 -0,26494598449251405 1,773124022344151 1,8354321636136692 -1,9180713341588986 0,2929616973617149 1,6340383001131196 -1,838059430505401 1,1995841786555763 -0,12640666892305874 2,856456128170354 -1,209465333269218 3,1556237978611854 2,182798395384192 ), 161,4091607322457
( -0,2466223851490402 2,9684980865447637 3,76721997756372 -0,48648218376032815 1,824246397481894 2,253242459574325 -2,059427645035056 -0,09235986325723228 1,8885264235030486 -1,6724706894033494 2,043355793822558 0,13413590746713488 2,9552609394272866 -1,2517137721291163 3,5778752027010308 2,0104677078777216 ), 161,42706225033083
( 0,7524981465251215 1,2163330647874027 4,030164299344538 -0,5455875753586461 0,57242550473085 1,0698679614217603 -1,8595507295872933 1,0329040898543815 2,547622333347724 -1,1877849252608768 3,022274289962938 1,1953422570991665 3,1607627464103176 -1,002436187361865 4,280122468430348 1,864663044993129 ), 165,28907220420248
( 0,3379174027806635 4,392935149696464 -0,21112790515388588 3,1126663122482428 0,6012677120449323 -1,002961929405862 0,3377640145781124 2,741732748760147 0,1779738045424208 -0,8721316150905716 1,1681327579377758 -0,08964576935228072 2,0042210523173227 2,1806043365521255 1,1685903491190384 2,6304219646872875 ), 165,88611562338772
( 1,9051748959186885 -1,1907312914472565 0,029681338139593727 -1,2947807522584867 -1,1349993173236825 1,987740524294706 -2,065800328567872 -2,0824189815317906 2,0561257039934104 -2,138743051960631 1,0871286522635468 -0,5795673579153157 1,2538951528912654 1,5024535839173485 4,260979727037152 -1,798149561545869 ), 167,4871017081485
( -0,3575359027614402 3,0040611394210064 3,783113542299419 -0,3252199272439271 2,0488065624330165 1,9417748608408973 -1,7197934023124168 0,0008094369611373331 2,0568805222004745 -1,4852868984532157 2,1147365960284037 0,245355944486088 2,9283415981602032 -1,1367516126954849 3,52694715691193 2,218999106096617 ), 167,93737291280596
( -0,13149460224565868 3,103792516539294 3,4777635530638773 0,06414676314026724 1,6743668570166998 2,0581393228839127 -1,754228527645136 0,5468168858622244 1,1463811489030995 -1,7721103921482773 0,8807376056730143 -0,516979028619899 2,784493132235439 -1,0108953125840971 3,157271161914938 2,1667096803364743 ), 168,42077911399673
( 2,562068527969797 3,678938480786267 3,1104757659682964 -0,25742243523769537 -0,2042250803335759 0,8697490187759918 -1,9941903069128317 1,5723977922416228 1,1154396394534642 1,020110015578723 1,1538172411870211 1,375046239977956 0,06110987957091618 1,1822739873836547 3,8449648925996174 2,5148021865561736 ), 168,4853717648714
( 1,3025899341460438 -0,6218420727953593 1,9817149844752788 -0,7026572787547244 -0,9177379631516014 2,1366300068119637 1,1957547542202729 -1,4251583446768343 0,06635653183357348 -3,876880394417548 -0,4052693558555953 0,13079374038619196 -0,7953857929410553 1,1562744704148955 1,8293347484133156 2,935346857448437 ), 169,17395649131117
( 0,39037541859729186 2,7992600402922045 3,4095595177999485 -0,5188616688065026 2,024148024896984 2,0258034947898573 -1,509876066823286 0,08540499149048297 1,9940061082389666 -1,8064027692744862 1,4600490358336013 -0,038587419191405625 2,9124343211568924 -0,7977034017847942 3,193176962310253 1,9127682761919818 ), 171,31942420573523
( -0,09233987417881018 2,9765359081645943 3,6539422051707757 -0,29910647400519913 1,7041432892385875 2,078090954381969 -1,8922427568942208 0,24786941436824245 1,7271756465674044 -1,8452738045524049 1,6802852217703466 -0,13601878010197038 2,979223990851502 -1,0949700813007013 3,5374803585875445 2,238945266123028 ), 171,94206018472806
( -0,08117075678731495 3,3058231961144813 4,143983691356715 -0,4615523591233722 2,1247530780183252 2,2175671624654694 -2,1944522964636604 0,1827801995929431 2,1395205303695133 -2,1615027013593755 2,00881501054948 0,08589353281124512 3,4888327606425142 -1,171132365429919 4,078627669674556 2,801634416729977 ), 173,50877677087732
( -2,603695832464662 1,4012180645125933 -1,8331835612207197 -2,8758747681655907 -0,8201932569393395 -2,0071136029002066 1,72034109620642 0,17758837808277977 2,7359197991010387 0,37347846117309463 1,020113119571792 1,1175800228491413 -1,0215139330737344 -0,15692018755101747 2,1974615931453525 1,1572683710988012 ), 173,63637980886085
( 0,9542404790574829 -0,020344375533989156 3,2758499591877364 -0,41962738232821 0,11921806104794619 3,128374815122611 -0,671941434762773 -0,6180023519815367 3,1534689007676615 1,0205102156347625 -0,12847946737783078 -2,10448855605945 1,7586976271241883 1,4499914753027106 3,728166929045419 2,2668017723418683 ), 173,96771134318067
( -0,005940419388671747 2,7221441891555305 3,617746772840301 -0,5219808024749563 0,9343394094641901 2,000482350022831 -1,8768271565797707 -0,08083349489514562 1,9277080838392369 -1,1647694839227412 2,2374553545903804 -0,3117270762661581 2,787541605132327 -0,6047753465599466 3,640726409887134 2,1278893779632417 ), 174,2760988543038
( -1,8083108538676569 4,40890795215591 3,825928403851504 0,4386458800846354 -0,9754964649685252 2,1089466355212023 0,09932791492257419 1,2770961803394372 -1,9745820973728836 -0,1311927312008219 -1,3848972371946484 -3,147103002996605 2,8826288390303594 -0,8937801739246184 0,1477835406609717 0,934921219822857 ), 174,54018781418395
( 0,06809932411336828 2,692738549356288 3,6071640266780642 -0,6337760960087753 1,8979077273058214 1,98316442134466 -2,175594728552242 0,3165087299240754 2,7468061211536368 -2,4016591206047027 2,178271661064452 0,905363534432176 3,0339772322356953 -0,9470304238548365 4,00244753003547 2,8074686616342 ), 175,21630426219673
( 0,11312411236488765 4,025310594106553 4,3658261180593785 -0,19046109723019 1,0684236015059279 1,1543515382473275 -1,8719179118675238 0,05413943138799174 -0,09986176357423915 -0,23641856706889852 -0,29759057251079835 -0,5090193884712021 2,7575344638569623 -1,2131532959040112 3,3354665419756597 0,7070903163518365 ), 175,51726044096858
( 0,16346802278646833 3,3138723742174476 4,083082371920584 -0,5358298433843596 1,697896514754199 1,948468232008533 -1,9571364817612502 0,11436593088818414 2,0887899439111406 -1,9110058409766912 1,6983580067585367 0,14326645432335328 3,5360357478735622 -0,694061994291896 3,9748185786604138 2,821570032459399 ), 176,54307289261882
( 1,695353249556576 0,9805730019382338 4,832665401795045 -1,5003061539973106 -1,7198747573219753 2,7903995447257834 0,7778238082217834 2,057919195203167 -2,130679311348061 2,285825001190425 1,1385374603857743 -1,0988887527502154 2,050533065063723 -1,7232880934261652 -1,1420664070805395 -1,8784901570645545 ), 176,7469742629129
( 1,6955146386471496 0,9844679931365233 4,842908169107899 -1,5128429138674135 -1,7306347121085373 2,79242546071896 0,7727180566180526 2,052610516270642 -2,1441635207230285 2,301455311252199 1,1355786292269703 -1,0953693847826476 2,0522101083706272 -1,7348944714246641 -1,1556495088473029 -1,8906160530891065 ), 176,8587027636877
( -0,02698230982112637 3,2130141053614794 2,8987516389974064 -1,4865704175549577 1,2674511773922412 2,0051784407681126 -1,9449747630305092 -0,3806838640168768 0,8063188288897645 -0,2912193365173801 1,6432990452833698 -0,17861106888112 0,5195982492451179 -0,1411501089501379 2,6445539931272113 0,14294623592879885 ), 179,15153595439267
( -1,0824854802649355 5,0266048821948415 4,911803842913493 1,9665246900690354 0,1642491055102573 2,0730911887703125 -0,0335406933563025 2,190361475495296 -2,0615081033938463 -0,21545753998111572 -2,714579808240936 -4,740628687449396 3,239043016769057 -1,0576918482333166 1,0291257584972398 -0,2887918225720645 ), 179,1920415905627
( 0,10678284592491041 1,058437608567468 3,676468800086383 -0,5582453898124928 0,5912991395932774 0,8988877438031676 -2,2154792458439854 -1,0071925596536968 2,4850289369132756 -2,0381958821029795 1,7604427877356175 1,9686632568038793 1,2271132504826308 -2,0067767476961924 2,5796489736508676 1,7701934450854613 ), 180,77372382890618
( 1,80968116415642 0,5765638001418367 0,5124025148113387 1,6673174505323525 1,196831294773419 1,8445275296961037 1,1650423785124013 -1,8884658599909256 3,131912892218492 -2,1037441610775938 -1,1291316393448558 -1,4841705499789244 1,8419090212066038 1,9017822017562467 2,2816769326379607 0,5769470196744015 ), 182,97151316710017
( 0,4313409880495995 3,0091123612704527 3,876523268138441 -0,18820058355000002 2,210761707526097 2,34936151028528 -2,448914936181947 0,3146681410189371 2,1776622058199253 -1,912464363508767 1,8833234358585864 -0,11926086977015982 3,1876786887394606 -0,955876254102043 4,013696297364767 2,5876514144522624 ), 184,29228981248235
( 0,014555439519894478 3,5392389772702746 2,347835054917561 0,6896952626913153 1,4461911521967303 1,1390506765417323 -1,2409477406170677 1,0407720209226394 1,6520078279279802 -1,621978781469193 1,6337581474485832 0,240696050429841 2,8907960394851946 0,16186524267063085 3,0633942327521018 2,914972583258254 ), 185,27846530682143
( -0,03731601459932171 3,2656204546314687 3,7572764456736576 -0,24347583813617032 2,132165583508899 2,269843921715875 -2,1263375231689277 0,15342288388657166 2,043817450291758 -2,281064312099902 1,6075788928683366 -0,08418451528410945 3,1984748180690747 -1,1550426833833416 3,700640705653992 2,6364536417788274 ), 186,0423105184315
( 0,018866152239747414 2,8505882134129714 3,736377358602506 -0,8043264699776406 1,3222068384015113 2,1397987380190897 -1,927316759269687 0,28645594691084164 1,609626225099738 -1,8581850097199057 1,2938422633708055 0,23978713670222795 2,4309594889145476 -0,7371815919446716 3,255499996885222 1,8579664555398723 ), 186,1314006297147
( -0,1361407255894268 2,731228882612895 3,7751458128545985 -0,9836463834776534 1,977805992516366 2,4602764987725534 -2,175612538602603 -0,023736224550702012 1,621746736728669 -1,7595248777446935 2,4245792011068623 -0,2306791628826641 3,1853286651270523 -1,138351857348514 3,726137137141445 1,8545464436758738 ), 186,97470012636273
( 0,10352257672086304 2,5371145609033774 4,92764716083437 0,9811056969448484 0,4859906855350429 2,5250598041664207 -2,5188283224655517 4,307504190095405 -0,6599762121665141 1,9396315597914853 0,09273612388562971 -1,007846927494363 2,848530789609125 0,887834661780377 -0,1086122971026571 1,2110029996199996 ), 187,9867512219006
( -0,11115507005103065 2,902256313625881 3,73373386455758 -0,4613825645462071 1,6998935440727818 2,1471596731131344 -1,8862808824549908 -0,3905590160574697 1,9777060051621138 -1,8310002141098516 2,2705602637549127 0,2750658257459304 2,751192813128155 -0,9956006791282808 3,57784731121357 2,192208259774081 ), 188,1894809776553
( 0,09413187026573688 2,984803397009076 3,875781647812598 -0,5636774717320341 2,178501185451403 2,221669582593888 -2,0236154010040597 0,338481892235575 2,3027132127748833 -2,2559656665251913 1,7284285556948695 0,1024908281523369 3,3523644964221084 -0,920947156852088 3,9500246050589096 2,457275758248345 ), 189,06076603638772
( -0,039535781771432243 4,4885690507830525 1,1454406887817057 2,7519494689904103 0,40603784656093506 -0,10587292419072192 0,17909493563850992 2,548385747347008 -0,4652519532577748 -0,7205060532931025 0,049301472870980856 -1,5203435007659607 2,293445833415342 1,1462477013502654 1,0970574784010723 1,869788485678469 ), 189,1303912195739
( 0,05825753870241085 2,767332968895265 3,659592408216939 -0,18133983395499753 1,4510093220826232 1,904445031946861 -1,9253352021870644 -0,13201860433184942 1,731128566429237 -1,8538412262235058 1,8927336592608488 -0,24049775830642806 2,7729846725421026 -0,7004745696270176 3,4034503547784065 2,5211172104109343 ), 191,31261415493358
( 0,43681718609604303 2,6301959013751772 3,830416178776815 0,020752934594480132 1,9301973253274625 1,545218428131455 -1,9145680083995282 0,06910129445969948 1,3562392967143957 -2,007285245422789 2,0664292832490876 -0,48119879667219423 2,2598194871558563 -1,540465421870197 3,2312655392325427 1,1537435391018511 ), 192,62137490595916
( 1,2529207098099229 1,7207547276108976 4,1457306443143045 -0,9873989248555146 0,31229586474630683 0,7818771697518594 -2,906386686983958 0,17374508762627439 1,1943612371109686 -3,3515988522534417 -0,8782129343561782 0,22052113833503048 -0,8595839868560156 1,6265770582045527 2,826650323268911 1,6113411291048079 ), 193,5530572472357
( 0,5173896051213495 2,7821429650301717 3,548535306063229 -1,276425815117433 0,6696441678983827 2,6243718130112157 -1,7608026718956862 0,013540908834579923 0,42807439255000046 -1,1960606953946193 1,9996362278438735 -1,037408948246386 1,153476955919622 -0,24297723356754064 2,9292742461863446 0,735553125010135 ), 194,19279714506362
( -0,1928001747968771 2,8594256887032836 4,53909819527868 -1,1536873278753816 1,9115491832941753 2,4033902031629633 -2,109082182976442 0,22108099218579103 1,8076685784599729 -1,5493163390707876 2,1438494579217475 -0,1561698381242882 3,2820142297747097 -1,8942237995024769 4,284629927778083 2,039654293612984 ), 195,51181936834536
( 2,3808996469428196 0,6971673000316687 -0,10395078895260013 2,3636439115640595 0,5274694868815053 -0,09570182989945475 -1,2522868235097628 1,1643965554163191 2,9822395811840225 -2,502468145383248 -1,566538180102314 -0,8841182660721627 1,1698596022101042 0,1575121165215666 3,8310290384472863 0,8020626886506923 ), 195,88041084955702
( 0,6662546204591322 1,2733459318907752 3,763745721665575 -0,37782913180018296 0,8229616784883071 1,0895605116582818 -1,8547733016573982 0,9887200797354685 2,3681077438572053 -1,0800773280914906 2,681233766885812 1,0121739746418235 3,2950674311104655 -0,7995016783776838 4,314842609092974 1,5540535175305221 ), 195,9178998109046
( 0,11510223170683398 2,165430619994841 3,8220780652476023 -0,03853289123837422 1,5063304369250066 1,712495861012248 -1,8263261421727157 0,25839358666011547 2,2943975812498723 -1,3742006543661527 2,3573531017968046 0,188745435052669 2,378410077965348 -0,7003626111057146 3,0102184516858967 2,2763261594290385 ), 196,5886369035691
( -0,9497638158437298 3,0215511234753825 3,72214416754697 -0,23041125079801827 1,4359171180415382 2,333357356930504 -1,1186986465318731 0,14142296642663732 1,2765961561174664 -1,246256628310337 0,8305354999871817 -0,30150221454401427 3,0677391036754798 -1,5836034888897828 3,416621289796689 1,766278694344832 ), 196,8216370134445
( 3,1530558090420437 -0,35968757823543385 -1,6754367035634887 3,5597096060405162 -0,8748105985259833 -0,9785318511406498 -0,07902056095647003 1,699879871549625 2,1372092700630745 -2,004730401609161 -3,9038518579822186 -1,8248682681673394 -0,08855922961294649 1,1410720064326354 2,3891684440201635 -0,6853124334374967 ), 196,93789662599198
( -0,5528308415308586 1,4387883725574864 2,2068346386007107 0,6706778745025517 0,1184054827560777 0,49913650932122156 -2,0238373827128178 1,3653331506692568 1,1575463099198275 -1,2775993474035925 2,409503614689796 0,3424119524790807 0,2091706656294492 -0,9003735647570474 2,874569314084528 2,9191990293249805 ), 197,46471723645496
( -2,467242005572822 1,3825309336239147 1,9074201354510962 0,26907798841073705 3,2256818947695107 3,051751118893768 -1,8709561293121535 -1,624477756550413 1,1513456958299926 -0,7032552784154681 1,050275130476711 -0,6680947587105546 3,2919216159935454 -0,7654730397495093 1,1496508603769169 1,7891276279885102 ), 197,5837852207657
( 0,8050520523785316 1,0068124769571787 1,7433938907499709 -0,1765133692298635 -0,6901092561841382 2,044777039428479 -1,3667853830853698 -0,5700394356539027 0,5317908520920853 -1,4555991509176187 -0,24841737933161756 -2,1328622020153776 1,9758743648331418 0,538170585569747 3,147947373569684 -1,208592707443948 ), 198,5362282532194
( -1,1860951408434124 5,004583191095735 4,792846166600771 1,8441187880694274 0,10100114731064602 2,1656551927860974 -0,11735833830620046 2,1628210709081337 -2,291162312734775 -0,21107984061202156 -2,715717244415101 -5,0024158699794725 3,2209009620254836 -1,2220129213492796 1,0860827513172575 -0,11466674007310895 ), 198,69825156273657
( 0,325244608254784 2,3932792588549345 4,07315223790185 -0,8510160372265166 1,07631526450235 2,351071984800158 -1,4854029809469216 0,5234672897399131 1,1075622402765304 -1,0025868489874457 1,8471847226027633 -0,006754731582821295 2,951093901939897 -1,3995056449560508 2,521553045697286 1,4097142486397582 ), 199,06647415107065
( -1,0203228396629092 4,230245252282847 4,127157520659293 1,2878626570324665 0,972012923461366 2,1477244350737963 -1,8799654234976493 1,545764204155458 0,6202498008186417 -0,9655746019590046 0,6341596037429427 -1,5870953240591295 3,132163308212182 -2,332811264202137 2,128417705501553 1,7076723072049378 ), 199,8794314779854
( 0,55191447421277 2,94095553346674 2,577060434793389 1,4562474182486065 0,7852355906216594 1,336231491053885 -1,1276371563587686 1,273872217579064 0,7923927278911624 -1,6795318218525153 -1,004398809988575 -2,107717239481196 2,2581627290065827 -0,5208246795170097 3,0676934979996733 0,7720737925445805 ), 200,47239733547417
( 0,6493381460773571 2,856362971593199 3,595974613562115 -1,6337449030027202 0,928528832524115 2,7807105550035045 -1,8504580962203914 -0,7328348987395381 0,31442293598406357 -1,0504635193792367 2,2657677595520864 -0,4432727543145476 1,0199193434404137 0,21184379038757317 2,751025091540521 0,3521368995221801 ), 201,31046827597572
( -0,6894524530294874 4,012884626468201 4,510638703066141 0,16846985619872878 1,1901292145579374 2,02259815738133 -1,113957947128709 0,9501708950177616 0,39270270153980213 -0,9670407731203106 0,3750733050582262 -1,7187110806486845 3,217022613627443 -1,3542558490922947 2,6072890533336324 1,2561034776751414 ), 203,10280347169873
( 1,0895610050070101 0,8911471604273189 3,70159743365833 -2,1837201295241826 1,7647647879165356 1,6880087942947555 -0,10340267680133075 0,5088362363622475 1,4492572881983945 -2,019570146321072 1,8971470130327681 -0,3852393612857634 2,3882876455202062 -1,3280819083340203 1,4813852196194253 3,069612238969671 ), 203,83043795141577
( 1,1397492766974713 1,9269877340780845 4,475580281063312 -0,8166354303295592 -0,5169148086758597 2,5759623984980657 -0,08159574991142526 1,4488314231001627 -0,7888858211078542 0,6681309923706968 0,9781687594712527 -1,042757610064672 2,609843115256069 -1,4417892572868354 0,7164858536270664 -0,14800493019320954 ), 206,02940474394563
( 0,49707284001280727 3,9640779921055236 3,9056959489936287 0,2114293937420264 2,5773545133303886 2,704570964730638 -1,9531982616492274 -0,5361697221638941 2,0686883351836665 -1,430579578798882 2,1663777763978933 -0,9135177316969472 3,010787371071442 -1,637102317104955 4,235893234928874 3,0421569273700033 ), 206,0811748827397
( -0,24264476665970466 -1,4731013940121134 2,081278157450954 -0,3781507312515433 3,2711915342626505 1,3324931334520052 0,984997550315557 -2,6014667753711747 -1,31114068670855 -0,04487872582062591 -0,5471602075749753 2,736616642507526 2,872088083362403 -2,9927832126751497 1,818643941798291 1,008250993028045 ), 206,62088579411272
( -0,2804038649383802 1,854103169536962 2,3066578281089116 -0,5704908426250404 0,05098116586458712 1,5593680734629216 -1,1173240954515409 0,3685649951584202 1,309935934136186 -0,09797688533123261 1,3554524500190412 -1,2069593497330027 1,6375837139055964 -1,2514671066258796 3,6525193542935095 1,8192124991521155 ), 206,76256043908143
( -0,9454672755934713 4,055809141267647 5,010981110518773 2,0888639640720106 0,7983827428223789 2,196865801840838 0,05647931148181262 0,8462504610996706 -0,6311219286090534 -1,0622136065213186 -1,7863899299346981 -4,594028271203889 2,5216013935034076 -1,8696832305917699 1,7659633194273407 1,4929043547551806 ), 207,1858194252123
( 0,3744747928060064 2,712437806446073 3,5703737497024033 -0,7777551355403074 2,2337709767360825 2,097467299458943 -2,186661851261386 -0,0701816153341106 2,657906840966425 -2,283069939018173 2,4203801418952073 0,7659393192946968 3,0307114642718185 -0,8919145574698424 4,140895522080279 2,7838424757502045 ), 207,30692873325302
( 1,5831371965337289 0,8718566548146611 2,388542487397606 0,31614561055557033 -1,4409350378013142 1,0391553007739491 -0,7877462908949493 -0,04305086566877536 -0,15258312319581324 0,8724294101098047 -3,480871111763274 -2,5589955124902977 1,7824788564930163 -0,7042599534888205 -1,19116915095403 0,027876938402185303 ), 211,29803064744794
( 0,15610246579546533 3,125020811143953 3,1606295820220116 0,12675939750972942 1,3295410512917827 2,155472787213824 -1,6152972486690478 0,5479500548826559 1,605522469368429 -1,5631497179626357 1,5450789521927424 -0,5852290845565933 2,425524586683175 -0,8557236150220051 3,111670313659065 2,079426099928698 ), 212,9246468018821
( -2,8780802537146815 0,8051164152381236 -1,895607575738417 4,252051863162699 -2,0880458295529483 1,2561469540150376 -0,35806611032172414 3,954692665899434 1,4024657044166877 1,2630323877391412 2,4051469960146403 -1,3740407975467646 2,7355016245102153 -3,059818467691508 -0,16657952437470536 1,0939537702272613 ), 215,6809879212557
( -0,04975472780867307 2,6679578431954716 3,245516435293997 -0,3946011833129225 1,5517885183331457 2,0254332909782593 -1,659408202069379 0,06932172067229503 1,6812557988507468 -1,9551054007563877 1,5341687825550543 0,08757662844921277 2,3293080775140926 -0,4930145982116483 3,419317962100897 1,779860163818403 ), 217,35761575722566
( 1,424422594446459 -1,5138330953290722 3,0194313185206925 -0,6908268432655156 -0,7890284626579476 3,9182227973672417 -0,277401668794397 -0,9302530311254937 3,7745559594515674 2,2101932222996394 -0,8029648359644632 -3,024039222403209 1,4748239864253767 2,5210797351831298 4,088172929234408 2,2242833408466094 ), 219,28640163589864
( 0,3925188927561719 2,4688508620006946 3,3350133243315065 -0,8184078613070586 2,224327995470967 2,0259969331757963 -2,4558647828707545 -0,21706676608183104 3,133987839118666 -2,4598526563297614 2,823451172483021 1,1708328279910833 2,940755281420672 -1,0269947451308943 4,336231518004344 3,1869554820436132 ), 221,4822107789389
( -0,5856471566647344 3,4575227250471987 3,044742374993054 1,128985963682894 0,24623979053401235 1,0353216065168684 -0,686484112400008 1,5897682716886146 -1,715741104031678 -0,5769465708106088 -0,7935000279516553 -3,2140689900861883 2,949503327538299 0,10742677132592005 1,4382231424413954 0,41859423107312643 ), 223,27659556371975
( -0,8796392634293375 4,283465009620843 -0,2345751120502621 -0,4654520965754926 0,3926707910636962 -1,1914863109843923 -1,1049397704267099 0,8463165995994661 1,173872370238163 1,8619356833993663 -0,42075887732763606 -0,8017606594859124 -0,6949248810683424 -1,6244407069203521 3,315312382752122 -0,5276279809326229 ), 224,1863855722961
( 1,5493756063591504 4,566264078014569 5,415686792455868 -0,7686157528072814 0,9192321874388893 1,9355983322817492 -1,0470105107581362 -2,243025831001035 1,0163008997823335 0,08189998462588921 3,420569068448185 -1,1118641232616278 1,2794271944780808 -2,896660955666407 2,4167714748250297 3,2053696474466324 ), 224,99150984231565
( 2,1807435044821526 1,0301294881583245 -2,4259667739638564 -2,383404721594097 -0,9508024513822178 2,431135996666107 -1,2956276307992334 -0,8836394601827106 0,23845640181397834 1,6574265222630673 -2,254852632004898 -0,5819714391133765 -1,3069235382587294 -0,8271414223883125 -0,08492364401730829 -0,7324838395377781 ), 228,57719703830927
( 1,020129442234451 1,3110621795663984 7,173318365271584 1,2485797380023307 -1,769654106843086 0,5781163374330762 -1,445310611851995 3,7291583130090684 2,8453835604547106 -1,152157635899232 2,900937483237883 -2,527716609603078 1,8492471336600234 -0,019944088727856357 1,1798115976952257 1,3476724743636308 ), 229,00987982834224
( 4,977637036506092 4,34560284981622 2,636202466795256 -0,1305802917958318 -2,196674915228691 -0,2662871766301897 -1,9648889355669956 2,920406052408178 0,17507643358507213 3,937079983200363 0,5509210593359172 2,597948012703012 -2,81524746371452 3,277663555673405 3,8898243008892566 2,512123121224302 ), 236,31287627585593
( -1,673778458574712 2,8172002626965362 5,7207914353041165 -0,4732487638473577 -0,33104170443120395 2,6222397791261094 0,4696537832175318 0,22917979705108862 2,908080904587647 0,5249138780987428 2,003512353136838 -0,7043909140897193 1,9694889059555103 -1,0907431064893767 3,560096492606489 3,9984853243131595 ), 236,98670512512976
( 1,4018436676123605 2,906944777358231 3,975866755396158 0,3700660865770664 2,7047866391467394 1,8136720865499896 -2,0858808288204593 -0,21020404321599262 2,307208183340272 -3,117031175381108 2,5264880725659036 -0,5432464865647137 2,56487835757703 -1,0680408835091524 6,148297432576623 4,037828551913882 ), 238,06622528838471
( 0,0653436956661535 1,3491686230439361 2,755569416165797 -2,0854102666028442 2,8199131183359 1,898453806591777 -3,2782669632789174 -1,4144005555725303 3,8120196486257503 -2,793255297180309 5,045965715671757 3,189367569642915 2,2829216810131974 -1,2898637828698645 4,635352110817118 3,1841662793820205 ), 243,29846600957018
( -0,32838808955117016 3,0862538575152336 5,716613010614044 -1,0720878359595538 1,4250415016262756 3,102046193963769 -2,8626070969959736 1,0572435505295652 3,3458799074113603 -2,783705944021237 3,4353412401557115 -0,7278668195101412 4,994805627216221 -0,7419528594144542 3,8716945371926936 4,159490910206401 ), 244,76653970922135
( -0,010116235180028021 3,2900333418293135 4,33965843166761 -0,5219654896679697 1,8686969339655894 1,9663898135174096 -2,174383888169649 -0,09296590015599548 2,5162617312879485 -2,3503930628584446 2,438924700108217 0,5266911522834556 3,2583671898409423 -1,457898661282366 4,198196811192517 2,6498951759097356 ), 258,72050884739906
( -1,0239469035297342 4,736833288910184 0,9620469426084366 3,6702272966840495 -1,9413193375361177 4,5910525043488 -0,8777751780548156 -2,9398453728925484 4,333524085956372 -1,1196563416953018 -2,2463551416824705 -3,793233619817995 0,8298037681219083 -3,751853846568848 1,1880468144632266 2,5426817325621625 ), 264,2684313924076
Liczba wywołań funkcji celu: 703
