Iteracja nr: 59
( 0,0026681341626806757 3,050771457881121 3,9631708121159304 -0,0010478865564444253 1,895835029554603 1,9273013795467682 -1,9755760411724073 -0,05090905937070516 1,9780147334052351 -2,035052283707005 1,8822951960011105 -0,027685680439121743 3,0549361512742963 -0,9861568848788108 3,9586697768216506 3,0101604627414695 ), 68,14083536038385
( 0,0027328318971606576 3,050621860327612 3,963057509896041 -0,0010577584902622702 1,895742513032292 1,927345733905298 -1,9754835770832004 -0,05087293617831785 1,9780021371482697 -2,034943155799073 1,8821139603896464 -0,02773369720489523 3,0547469318865503 -0,9860398412897308 3,958608075840938 3,0100268430054284 ), 68,14083541849946
( 0,002726045285560987 3,050566619208316 3,9630447248375393 -0,0010757954750050455 1,8958097460556793 1,927333077555326 -1,9754158506351007 -0,05080016668172325 1,9779779902965517 -2,034855211578832 1,8819843934581608 -0,027753925065314027 3,05476198363978 -0,9861240556899674 3,958584649371318 3,0100497891448805 ), 68,14085166126247
( 0,002715505183131184 3,0506437012241734 3,96309902550585 -0,0010243202660992839 1,8957289573535203 1,9273270444080435 -1,9755114742646902 -0,05081840380660464 1,978010424247729 -2,035042832780858 1,8821379471813104 -0,02767088013520306 3,0547453012467973 -0,9859892985690987 3,958627572799354 3,0100611763444594 ), 68,14085934348006
( 0,0027248473203707727 3,05070392727064 3,963065884456504 -0,0010723259297647568 1,8957590768034802 1,9273268896408973 -1,975529444628962 -0,05090141821888111 1,977986849946873 -2,0349686022336986 1,8822131751204245 -0,027711081160953954 3,05480430198531 -0,9860947701073145 3,9586160065885205 3,010051832131567 ), 68,14086239230872
( 0,002735434720410097 3,050683639290328 3,9630738767026177 -0,0010489081168901996 1,8956945630038011 1,927345359964398 -1,9755484840439301 -0,05091778281093376 1,9780186626575376 -2,0350227041999576 1,8822326087395782 -0,02770014498684183 3,0547524762737917 -0,9859872065968619 3,9586272678223007 3,0100253108141763 ), 68,14086240891365
( 0,002709068956621129 3,050701470061456 3,963087420946782 -0,0010669018386510955 1,8957919888841899 1,9273136674297222 -1,9755199669156576 -0,05086394729907862 1,97798400758604 -2,034975201288933 1,8821871721357988 -0,027698839586171572 3,0548304807003266 -0,986123315384824 3,9586206997578297 3,010085134428275 ), 68,14086452554068
( 0,0027066462705188027 3,050683884515358 3,9630871549274813 -0,001063384031318051 1,8958015019325476 1,9273097877472445 -1,975503275061883 -0,05083435322034766 1,9779787909550846 -2,03496896818176 1,8821500189629363 -0,027694999787940603 3,054822859884281 -0,9861267847471141 3,958616318007307 3,0100897151837827 ), 68,14086544476649
( 0,0026868954033649416 3,0507518834758907 3,963121089525455 -0,001065734301468852 1,8958302751496217 1,9272959416928703 -1,9755456299555691 -0,05086860252706087 1,9779811376093674 -2,0350044875526474 1,8822395654927175 -0,027682634324573973 3,054894886433672 -0,9861747548078629 3,958637863323134 3,010130473636776 ), 68,14086918838926
( 0,0027329596139735093 3,0506809014163596 3,963054436540543 -0,001075936542927875 1,895747854166288 1,9273334210708737 -1,975517660937097 -0,05089760438383276 1,977990485277904 -2,034951118012365 1,8821878943153183 -0,027718975913188792 3,0547848113489233 -0,9860801020536788 3,9586088338517333 3,0100385484101957 ), 68,14086946458579
( 0,002713214687550864 3,0507380838226505 3,9630580736504606 -0,0011109826871376577 1,8958383589371284 1,9273126055692804 -1,9755173108298847 -0,05092377915112081 1,977959483511497 -2,0348883193776603 1,8822196689626656 -0,02774435620183649 3,054888077727068 -0,9862372339403358 3,958606977753258 3,010082742780546 ), 68,14087379842918
( 0,0027097288456897606 3,0507824395103444 3,963066250189617 -0,0011170765932817363 1,8958407951655876 1,9273113118059886 -1,9755478042671941 -0,05096795040174727 1,9779612875305075 -2,0349021163485466 1,8822895047505632 -0,02774602297850353 3,0549207252390156 -0,9862565626530526 3,9586172612414545 3,0100897394390707 ), 68,14087423648999
( 0,002698376379577375 3,0506353310886447 3,9630989146517197 -0,0010401167861278915 1,8958088506785162 1,927299462727518 -1,975468680803588 -0,0507448303496638 1,977974970676395 -2,0349882848774086 1,8820583330355936 -0,027667486523482172 3,0547895385792483 -0,9860979558237453 3,95861203127081 3,010104446088559 ), 68,14087573288026
( 0,002704797240624456 3,050667584458568 3,963087630085714 -0,0010603988086762505 1,8958079353876849 1,9273046980679291 -1,9754892649399793 -0,050801310075879756 1,9779747642733114 -2,034966622187435 1,8821152281721034 -0,02768649220856192 3,054814998300977 -0,9861268856843841 3,9586118152094665 3,0100959087346135 ), 68,14087644704583
( 0,002713312358104203 3,0506472864753564 3,9630353315797047 -0,0011121553556975034 1,8958808608288251 1,927306526903366 -1,9754311469059456 -0,05082231464487057 1,9779351618504821 -2,034812380615 1,8820449708944205 -0,027758438904941576 3,0548508388046276 -0,9862695390823324 3,958577851822828 3,0100830016066773 ), 68,14087774301468
( 0,002682841093544982 3,050647058978182 3,9631307361868746 -0,00101819348100386 1,8958118191215614 1,9272895753769246 -1,9754827057143358 -0,05071865061133151 1,9779824676290565 -2,035044740271336 1,882070783575028 -0,0276379713176758 3,054799286488224 -0,9860774635588113 3,958627675387295 3,0101307142899194 ), 68,14087783665656
( 0,002710694078827363 3,050677359761485 3,963081470758048 -0,0010691328257938098 1,8957985627757532 1,9273098589307625 -1,9754997108778674 -0,050828986987260905 1,9779790992357975 -2,0349584392253086 1,8821408151046124 -0,02769509521871276 3,0548193999266307 -0,9861272825935518 3,9586116304579733 3,010087794964954 ), 68,14087951398469
( 0,0027338692114728695 3,0506551168061593 3,9630371107205136 -0,0010937513489412691 1,8957834374851201 1,9273281833641276 -1,9754811320095726 -0,05086924349797777 1,9779732076076664 -2,0348889505409145 1,882123634591193 -0,027736722863708173 3,0547934688017255 -0,9861357675355163 3,958591532619297 3,010043478337802 ), 68,14087961675312
( 0,0026979747469361545 3,0506377589430453 3,9631003506057056 -0,0010394647998448064 1,8958071100705816 1,9272986999506667 -1,975471521840029 -0,05074388756774363 1,9779757936475313 -2,0349932399171284 1,882062353394225 -0,02766424935611497 3,0547901367541197 -0,9860955252237846 3,95861281043782 3,01010572233905 ), 68,14088038114113
( 0,002662374570345559 3,0507010847087033 3,963164331535415 -0,0010163249009613863 1,8958424724740992 1,9272733865930416 -1,9755141026863723 -0,05072972101679154 1,977982189941364 -2,0350802839247693 1,8821337234577311 -0,027620150981174228 3,0548608821272962 -0,9861200297175164 3,958646174729752 3,0101729343427195 ), 68,14088157503471
( 0,002692676805526471 3,0506340065608852 3,963091150895446 -0,0010594744752171932 1,8958555504058308 1,927291213407633 -1,9754463191688993 -0,05073540598215637 1,9779576316015293 -2,0349346292590194 1,8820274422475505 -0,027685943623109353 3,054823694686074 -0,9861733659989932 3,9586020067006 3,0101202822364534 ), 68,14088280013576
( 0,0027090943102778277 3,0506588351372965 3,963069383806591 -0,0010751429248999178 1,8958249806825116 1,9273034334209622 -1,9754707593869587 -0,05079651318679066 1,9779611358817932 -2,0349241249279975 1,882088182836759 -0,0277010930416639 3,0548181274047246 -0,9861629048518966 3,9585991742397564 3,010090713771616 ), 68,14088385795529
( 0,0027389535063823433 3,050642047773341 3,9630334992701206 -0,0010882330681010756 1,8957653733052071 1,927331971264234 -1,9754791475150875 -0,05086123682257446 1,9779776684854815 -2,034897874466692 1,8821132835766756 -0,02773158945126019 3,054770866370655 -0,9861059538562666 3,9585898659463132 3,010033287017032 ), 68,14088394520347
( 0,002702708080763296 3,050646515759108 3,963091676822024 -0,0010481397993282156 1,895803931992747 1,9273010240976876 -1,9754766986450563 -0,050761937863425435 1,9779740413998221 -2,034981723088801 1,8820783755281705 -0,02767114929320776 3,054793844553579 -0,9861040585988149 3,958610042118754 3,010098696066503 ), 68,14088403569585
( 0,0027017564688257335 3,0506333889677983 3,9631038912483825 -0,0010403078591736071 1,8957922848802717 1,9273041199026015 -1,9754790129137736 -0,05075528660356402 1,97798890110777 -2,034997970889481 1,8820722658836804 -0,027665403093121585 3,0547870305527884 -0,9860751415832036 3,9586158591186082 3,0101032865986515 ), 68,1408854031568
( 0,0027552656966919856 3,050611657113026 3,96298429099434 -0,001132369657223298 1,8958020725054234 1,9273443767998197 -1,975433380199459 -0,05089581256054217 1,9779576668111902 -2,0347666300419993 1,8820574671106083 -0,027799518944644015 3,0547826479288003 -0,9861933432998499 3,9585610871175594 3,0100066799231606 ), 68,1408884145484
( 0,0026904934927863703 3,050619448085782 3,963102115814041 -0,0010396169456868328 1,8958367907310076 1,927289107100172 -1,9754461248145778 -0,05070152112845977 1,977963984991022 -2,034974421602936 1,8820099718822387 -0,027661733404604812 3,054796506726756 -0,986125993373623 3,9586063051816796 3,010121693676956 ), 68,14088889092007
( 0,002694988574765092 3,0506243743155252 3,963103171461188 -0,0010354974584032583 1,8958141477573167 1,9272940487675514 -1,9754599100271448 -0,050715368278475795 1,977972919422627 -2,034993659958831 1,882033153028222 -0,027656621840062238 3,0547851444289886 -0,9860958122667333 3,9586102779109384 3,0101129036123506 ), 68,14088954377341
( 0,0026762120234518306 3,0506311598334843 3,9631393322853374 -0,0010092879912889424 1,8958226491687666 1,9272814853146714 -1,9754687536220128 -0,05067569301621584 1,9779789210338496 -2,035053740716782 1,8820328575784173 -0,027623179555356626 3,0547941682118105 -0,9860758054711736 3,958626602261194 3,0101445567574876 ), 68,1408899351261
( 0,002735652588403814 3,0506467209955197 3,963028584132186 -0,0010984316137512835 1,8957907483881242 1,9273250057687963 -1,9754691857179034 -0,050852695125067814 1,9779648714541356 -2,0348729132103784 1,8821005413445908 -0,027736832661948308 3,0547894334521297 -0,9861485554804388 3,9585840028114054 3,010042707336205 ), 68,14089000408484
( 0,002738422855137135 3,0507146750052425 3,963030990725478 -0,001123630910406693 1,895789128807136 1,9273319592433944 -1,9755196989308104 -0,0509548844109003 1,9779752614746662 -2,034865462394336 1,8822226437094267 -0,027760083965792746 3,05484768389319 -0,9861874213863104 3,958596610549488 3,010043525485437 ), 68,14089018508835
( 0,0026717511997171916 3,0506316582389736 3,963148791047813 -0,0010026315413162392 1,8958237217520628 1,9272787351229297 -1,9754710194716005 -0,05066567991834224 1,9779815637580764 -2,035069039747837 1,8820322134629064 -0,027614784088321173 3,0547958415873477 -0,9860688854271962 3,9586308440729443 3,0101524647501274 ), 68,14089130266848
( 0,0026906927992152493 3,0506227482778665 3,9631110625033465 -0,0010298959678012693 1,8958175199877887 1,927290648720699 -1,9754592292828124 -0,050701884137596756 1,9779738550410413 -2,0350049037917115 1,8820269586103107 -0,02764874770102538 3,0547865261292992 -0,9860924036671015 3,9586129863480495 3,010121003509814 ), 68,1408915557963
( 0,0026911674995254687 3,050609276953336 3,9631186869595165 -0,0010135644564832921 1,8957957542974189 1,9272937836820545 -1,9754612472489816 -0,050687302262443425 1,9779833535550357 -2,035036218077187 1,882018991729854 -0,02763527919295345 3,0547608519759093 -0,9860456886111446 3,9586177608693114 3,0101158584919925 ), 68,14089163613046
( 0,002638419386734886 3,0506791345502524 3,9632125394898083 -0,0009686977133873858 1,8958440085938744 1,9272581045466628 -1,9755088371965575 -0,05064287107550145 1,977992430216479 -2,0351691019802263 1,8820888151485993 -0,027567480419104035 3,0548424598547 -0,9860613035923833 3,95866486051851 3,010209716114804 ), 68,1408919095834
( 0,002702527034813496 3,0506397727487315 3,9631122933212506 -0,0010542703806199242 1,8957953353068775 1,9273081223912918 -1,9754905416713657 -0,050784383021649664 1,978004970563687 -2,0349821348670307 1,882096094034981 -0,027678016355442953 3,0548157042460464 -0,986089083908176 3,9586206923095544 3,0101141717837523 ), 68,14089210411225
( 0,0026700635344649335 3,050656397109463 3,9631447722179196 -0,0010199136507239373 1,895844769541318 1,927274765588905 -1,9754780520466626 -0,05068923545794896 1,9779738526399309 -2,0350445857931114 1,88205856583769 -0,027626136352884197 3,054829868699981 -0,986117822352505 3,9586291936738425 3,0101608543407505 ), 68,14089320617626
( 0,002712921770602717 3,0506552224779484 3,963054331915774 -0,0010935757833458542 1,8958436236763616 1,9273032713962117 -1,9754574784199952 -0,05080334901072077 1,9779518505412712 -2,0348788012487815 1,8820728325879166 -0,027719660940563762 3,054831616579819 -0,9862044002036439 3,9585889058976167 3,01008895715392 ), 68,14089389139276
( 0,002634500761963109 3,0507411456560307 3,963213344622476 -0,0009956977970715937 1,895870730794361 1,927252478076519 -1,975540074605354 -0,050704366244616154 1,9779854249027637 -2,035147618957224 1,882172141637056 -0,027582744013417714 3,054908584757103 -0,986135231415613 3,9586699882161076 3,0102254159264863 ), 68,14089424849668
( 0,0026956805044612863 3,0506159964542463 3,963099904088802 -0,0010365306144180764 1,8958173203294681 1,9272930498805714 -1,9754519493298734 -0,050704471382470834 1,9779701538839896 -2,0349859201994422 1,8820164925055411 -0,02765687663003234 3,0547810204379138 -0,986098930098656 3,95860668872228 3,010112652939733 ), 68,14089436188434
( 0,0027066566177510673 3,0506545449903926 3,963099510670429 -0,0010674899723349853 1,895801289232014 1,927308480694853 -1,9754937506021055 -0,05080544565115591 1,9779965587064223 -2,034960408916562 1,882113649023679 -0,02768890268911635 3,0548266880716772 -0,9861158488902432 3,9586156219136974 3,0101078124104927 ), 68,14089443275196
( 0,002695383736011715 3,0506249703672053 3,963109583069341 -0,0010269656758119115 1,8957981668086548 1,9272947167803607 -1,975468753795763 -0,050711066788657826 1,9779798739541758 -2,0350186586042027 1,8820424759935372 -0,027644499034796998 3,0547742840891026 -0,9860672118887597 3,958614760700482 3,010111962059387 ), 68,14089447466189
( 0,002649445961045646 3,0506482990723285 3,9631829158730745 -0,0009845187846683056 1,8958528562301304 1,9272610729931743 -1,975476324572928 -0,05062721637508947 1,977978168397576 -2,035111956499342 1,8820323173028508 -0,027586817148623356 3,0548242673450203 -0,9860847034459315 3,958644685368845 3,0101922632604183 ), 68,14089504223654
( 0,0026910700907330012 3,0506137276661547 3,9631091965772676 -0,0010283373249862348 1,8958181139577668 1,9272897439413668 -1,9754520867113274 -0,05068901436753548 1,9779719665536821 -2,0350026037580102 1,8820104218438645 -0,027646624694543636 3,0547794167822455 -0,9860896121626507 3,9586103340416834 3,0101204127049956 ), 68,14089586745239
( 0,002636144334153897 3,050679286624134 3,963220772530759 -0,0009525090054497124 1,8958284466361401 1,927256966528809 -1,975515566851352 -0,05062876510861331 1,9779954512741107 -2,035205650294847 1,8820928775988945 -0,0275496629490876 3,05482454065896 -0,986026525761199 3,958670439224466 3,0102082729098285 ), 68,14089587328151
( 0,002641615821309058 3,050769681662492 3,963166863906156 -0,0010524654399437466 1,895936219404868 1,9272485649165287 -1,9755178967593394 -0,05075456784657598 1,9779451507276478 -2,0350212776712935 1,8821752640490097 -0,02764035859357628 3,054968777826541 -0,9862859744138024 3,958643910716761 3,0102193669933173 ), 68,14089616869533
( 0,0026885299672641354 3,0506083765102696 3,9631234389214978 -0,0010112502080780776 1,8957988634843257 1,9272909007455237 -1,9754605782311472 -0,05067715498507371 1,9779836203257048 -2,0350417978081112 1,8820141949300757 -0,027629674203266313 3,054763088708571 -0,98604578713087 3,9586188703988388 3,010122168755344 ), 68,14089644085055
( 0,0026956408138518514 3,0505820031906965 3,9630915732605745 -0,0010430620700780096 1,8958397516901546 1,92729297032217 -1,9754188949746256 -0,050678710537555155 1,9779638057693818 -2,034943490683079 1,8819536328650996 -0,027672443169162616 3,0547781053702456 -0,9861239405925396 3,958596032559429 3,0101147770429595 ), 68,14089651085767
( 0,0026928737650692876 3,05061447092305 3,963103498364913 -0,001034412919308305 1,8958225039974475 1,927290144572325 -1,975449359069579 -0,050694096785486725 1,9779688145548993 -2,0349888588223757 1,882009203077758 -0,027652824264544035 3,0547831781278116 -0,986101980785018 3,958607139223269 3,0101183133897087 ), 68,14089672502197
( 0,00268191309854245 3,0506504762759605 3,9631515016449623 -0,0009962341405017863 1,8957734254404441 1,927290178724227 -1,975507364438681 -0,050707095122812934 1,978002335232373 -2,035111389457751 1,8820973104757428 -0,02760544869897414 3,054777238868698 -0,9860064111195143 3,9586410390818094 3,0101333680626907 ), 68,140897106925
( 0,002687087757524969 3,0506113454714896 3,963116174366834 -0,0010225275005655093 1,8958210713320824 1,9272864143821231 -1,975450636492171 -0,05067463955408842 1,9779722667805788 -2,035013541727672 1,8820027842328426 -0,027638697052122626 3,0547792105003806 -0,9860855887184135 3,958612539495533 3,0101275379186263 ), 68,14089827889697
( 0,0027035182348618706 3,0505874459177242 3,9630786462222893 -0,001051937850232762 1,8958297691647963 1,9272982065530095 -1,9754236980004092 -0,05070091976885185 1,9779630859380068 -2,034930280633963 1,8819693917312976 -0,02768171006562676 3,0547742185140687 -0,9861245648357223 3,9585919051085336 3,010100869965312 ), 68,14089849637169
( 0,0027605652813297243 3,0506237962792495 3,9629554133300875 -0,0011464379734772386 1,895818793962133 1,9273407072924074 -1,9754211982890235 -0,0509008309299126 1,977929207434414 -2,0347301540731597 1,882051969967887 -0,027811797806609844 3,0547821564061217 -0,986238725652072 3,958546229398064 3,009991131396769 ), 68,1408997792904
( 0,0026763106222735464 3,0506226683063153 3,9631314568898524 -0,0010182799848064122 1,895839886247999 1,927277211600046 -1,97545351955006 -0,050660126894070366 1,9779694924169247 -2,0350267529955257 1,8820057580154697 -0,027628265807557045 3,05480014867344 -0,9861040857734484 3,958618318600011 3,0101487522543438 ), 68,14090008690226
( 0,002678498986780258 3,050692396977723 3,963109700072332 -0,0010675293804479496 1,89588482994284 1,9272734297743763 -1,97547586239688 -0,050746635742366104 1,9779480725231477 -2,0349541841417813 1,882090597777303 -0,02766903048612025 3,0548817476116192 -0,986228228858762 3,9586120371988076 3,0101545260718705 ), 68,14090062546161
( 0,002744034112385461 3,0506365178671855 3,962996932264513 -0,0011257961861245373 1,895818040724746 1,9273269585182322 -1,975442272699666 -0,0508637765975617 1,9779448559750399 -2,034796724528816 1,8820683324331746 -0,02777027990616334 3,0547992415677068 -0,9862113650567479 3,9585645722030156 3,0100299776104062 ), 68,14090135584208
( 0,00270490078862885 3,05061368359102 3,963077661190258 -0,0010560549408404462 1,8958234139338503 1,9272966444341189 -1,9754425747110507 -0,05072118941241606 1,977961495842071 -2,034941314130985 1,8820100847671553 -0,027676908512417286 3,0547841392446107 -0,9861285002602354 3,9585947129480368 3,0100997929811792 ), 68,14090147471235
( 0,0026911735371320123 3,050591374090152 3,963091770882817 -0,0010332562281598259 1,8958428047855893 1,9272840816185532 -1,9754187323423338 -0,05065354324120145 1,9779502489641199 -2,0349656477682245 1,881950452057327 -0,027653655981040314 3,054769727486878 -0,9861228311505048 3,9585952245314173 3,0101173898279505 ), 68,1409035011418
( 0,0026855934242503076 3,050596546560533 3,963118812382595 -0,0010142040885806993 1,8958190384837579 1,927284578310894 -1,9754415054245313 -0,05064988393141414 1,977971901849534 -2,0350223477931 1,8819775274613144 -0,027630164033821403 3,0547651483888667 -0,9860708632040147 3,9586115142357556 3,010128846613624 ), 68,14090361037073
( 0,002722613445208261 3,0506234426266103 3,9630226511492164 -0,0010999863130243866 1,8958492029791163 1,9273038627274799 -1,9754217588110365 -0,050772753595023014 1,9779302155626135 -2,0348364465728563 1,8820083612373066 -0,027729832279898756 3,0547984870230906 -0,9862167591529749 3,958567860038453 3,010066715750822 ), 68,14090617464674
( 0,002631094437774215 3,0506787714810026 3,963217656004983 -0,0009710623913337526 1,895868117663537 1,9272474456775095 -1,9754988518479333 -0,050614522623613656 1,9779833023519156 -2,0351616395515895 1,8820669003070591 -0,027560012090364537 3,0548581931344767 -0,9860910949214439 3,9586622228753896 3,0102282212350087 ), 68,14090676022197
( 0,0026645567702839328 3,050643964403528 3,9631428110719615 -0,001024514076811667 1,8958738587296657 1,9272644948790776 -1,9754555839918546 -0,05065161676148699 1,9779599198327416 -2,035021484266226 1,8820138044017376 -0,02762394768536051 3,0548390374408543 -0,9861540912410797 3,9586210458179902 3,010175523215503 ), 68,14090754100201
( 0,002747229589497046 3,0506662261546973 3,9629939114144483 -0,001139927738009049 1,8958165926576478 1,9273293437375152 -1,975463442456104 -0,05090670585276699 1,9779473288082068 -2,0347886204832766 1,882120067631104 -0,0277800005292426 3,0548234486762094 -0,9862311541851252 3,9585674144291327 3,0100287019835723 ), 68,14090760560177
( 0,002742087584129333 3,050540493554933 3,963003863306797 -0,001109155590842353 1,8958255204739487 1,9273304644566498 -1,9753814787174218 -0,050777750403413986 1,9779568548317978 -2,034773055702759 1,8819247368453962 -0,02777200423486294 3,054754973936845 -0,9861746476005134 3,9585549359995267 3,010036384765911 ), 68,14090798931679
( 0,0026284495222334107 3,050654613165108 3,963229225210511 -0,000949109447093296 1,8958511273413028 1,9272488225904882 -1,9754923983703123 -0,05058288625601313 1,9779921337148973 -2,0351958386245834 1,882038612549747 -0,027543284534857916 3,0548278636108446 -0,986041195820201 3,9586670302452074 3,0102272009471798 ), 68,14090875760374
( 0,0026738306516972976 3,05056270432163 3,9631353428556317 -0,0010122426909678487 1,8958539772802092 1,927278097351758 -1,97541195047008 -0,05060646475777671 1,9779749233893373 -2,0350009047389737 1,881911542427174 -0,027633786923417367 3,0547811688980127 -0,9860964367395357 3,9586109564870355 3,0101568423968588 ), 68,14090914441077
( 0,002673996584990932 3,0505930524710156 3,9631378840180056 -0,0010035506284093408 1,8958345407814667 1,9272753102674725 -1,9754372989131983 -0,0506174973946428 1,9779724650392936 -2,0350418468288916 1,8819595926810635 -0,027614405031626245 3,0547751774178247 -0,9860741812506898 3,9586173163539287 3,0101516435203837 ), 68,14090983523134
( 0,002584423142854887 3,050778646517978 3,9632495138366646 -0,0009552027846696948 1,8959693005901028 1,9271995775042239 -1,97551338231621 -0,05057362050210597 1,9779211044866982 -2,0352111557998898 1,882116713066843 -0,027520385331512437 3,054946319507355 -0,9862257410676497 3,95867647458975 3,010293459547403 ), 68,14091249632519
( 0,0026848017349870223 3,0506471239033446 3,963095666774655 -0,0010575697117151234 1,8958738874440084 1,9272727060991046 -1,9754441356119292 -0,05068954310509317 1,977940386378009 -2,034948976419446 1,8820154872246737 -0,027657850620145145 3,0548334254272613 -0,9861968217879805 3,9585984795602234 3,0101410508139765 ), 68,14091490716157
( 0,00269794392970906 3,0506486564636264 3,963053450207103 -0,0011058899252190885 1,8959123371463638 1,927282777011431 -1,9754208917599059 -0,05075092927159854 1,9779219670916 -2,0348305831770155 1,8820087864772441 -0,027723388834048346 3,0548692878936974 -0,9862975117338612 3,9585769218276026 3,010121796980173 ), 68,14091516395719
( 0,0026645846834087647 3,0506014153297305 3,9631532575434143 -0,000993895946230963 1,8958432328610513 1,9272666457020775 -1,9754418057190157 -0,05059660093446802 1,977971113903292 -2,0350673568428173 1,8819614167580976 -0,027597024996531 3,054784161884411 -0,9860748251585925 3,9586235371034193 3,010168877983329 ), 68,1409165317791
( 0,0026470932501514886 3,050638578925311 3,963255530784701 -0,0008870141644664305 1,8957035039969583 1,9272844930727575 -1,9755536712283284 -0,05062566810663621 1,9780576433609063 -2,0353510202587595 1,8821200766441142 -0,0275034353591265 3,05471672352024 -0,985795420865105 3,9587004159473094 3,0101718932689083 ), 68,14092061385236
( 0,002628827491634378 3,0506160349360463 3,9631995338036035 -0,0009712893326563216 1,8959066722474023 1,9272386097540048 -1,9754329129806703 -0,05053012663443747 1,977957933000385 -2,035106695779151 1,8819342665000005 -0,02756597909108302 3,054832668488824 -0,9861251271106661 3,9586390168945 3,010231221330442 ), 68,14092088452041
( 0,0026775465664882823 3,0506504907934584 3,9631302861989988 -0,001025365689236302 1,8958362131396365 1,9272707686258406 -1,975472116449558 -0,05066720286470831 1,9779651808160876 -2,0350374738372645 1,8820420905762516 -0,027615523427764504 3,0548131278381554 -0,986114002256748 3,958618661266525 3,01015365196847 ), 68,14092157418531
( 0,0026601497977990327 3,050564559228511 3,963164407978152 -0,0009734514668438744 1,8958377216093532 1,9272664842996627 -1,975422421754248 -0,050551077779193015 1,977977468328069 -2,0350875299308386 1,8819074043311548 -0,027584202166163033 3,054755384080636 -0,9860364733843231 3,9586251009000644 3,0101724011823263 ), 68,14092178517431
( 0,0026961017216625425 3,0507120469555997 3,963075130167638 -0,0011336561190528817 1,8959146886500022 1,9272893370247022 -1,9754776105676166 -0,050853372025701914 1,9779505456974669 -2,034826167948833 1,8821339036598796 -0,02774521760945014 3,0549488697973346 -0,986335301709416 3,9585971831376905 3,010143085901162 ), 68,14092183625364
( 0,002665699793326843 3,050593310194102 3,963161310374109 -0,0009802931363945154 1,8958201220134414 1,9272694882760082 -1,9754486335248957 -0,05058723589629738 1,9779819979770423 -2,035099039206651 1,8819629513853668 -0,027582889461810638 3,0547631311674768 -0,9860300871885892 3,95862890110389 3,010165044599647 ), 68,14092256677563
( 0,0026632925556454223 3,0505802229347228 3,963156574241654 -0,0009848464638337385 1,8958407178357357 1,9272658872435513 -1,9754294664416998 -0,05056897230485094 1,977972852685328 -2,0350741741232805 1,8819284638652412 -0,027589809427574625 3,0547676011459854 -0,9860566805872455 3,9586222873269263 3,0101701279289164 ), 68,14092365061876
( 0,002642448386775069 3,0506180057797603 3,9632251084561965 -0,0009271769268335521 1,8957897437436113 1,9272620295607366 -1,975493576651739 -0,050564550632936765 1,97801187551416 -2,035237332548334 1,8820189022679314 -0,027524826296501076 3,054758805427692 -0,9859372463357059 3,9586671841893617 3,0101972744560843 ), 68,14092839745712
( 0,0026368893152249125 3,050598765464453 3,963219088668425 -0,0009385625593310918 1,895831127581823 1,9272533497728697 -1,9754614995071906 -0,05053149149293903 1,9779959374601581 -2,0351908249815067 1,8819610255789034 -0,02753590587573808 3,0547757803993334 -0,9859934286973804 3,958655777421279 3,010212400603653 ), 68,14093037520816
( 0,0026329459736520377 3,05064108564229 3,963221642010817 -0,0009625887367836738 1,895857760939886 1,927246688128063 -1,9754811117458337 -0,050569068415681706 1,9779914492736639 -2,0351670630584384 1,8820136563329612 -0,02754668582704174 3,0548320701997467 -0,9860579177657384 3,958658175299458 3,0102313904234657 ), 68,14093129325063
( 0,002684781739349635 3,0505808924917512 3,963097031244687 -0,0010350413039580798 1,895864696414346 1,9272719331460486 -1,9754035704195874 -0,05060919306650497 1,9779424321474641 -2,034958006957293 1,8819123915682292 -0,027640700944027395 3,054779159704344 -0,9861459660441405 3,958590201601269 3,0101380124212294 ), 68,14093177922875
( 0,0026614745230948487 3,0505739937252976 3,963166841394417 -0,000970630759811482 1,89582511971055 1,927265020996267 -1,9754341969667706 -0,05055086197808709 1,9779801126970524 -2,0351066745459616 1,8819254153611553 -0,027572220053314517 3,054751276318494 -0,9860206119209954 3,958627496742649 3,010172066462481 ), 68,14093343197946
( 0,0027130406924205154 3,050647805744213 3,9630324369433896 -0,0011122763223932431 1,8958818106464483 1,9272879066053543 -1,9754267341620297 -0,05075839406929346 1,9779205595193388 -2,034828046887206 1,8820186578466231 -0,027719603176541464 3,0548413753776487 -0,9862710445300905 3,9585680313410623 3,0100976025308936 ), 68,1409337207173
( 0,002643990058562055 3,0506114997436 3,9631893567924057 -0,0009664420987596398 1,8958560113557321 1,9272485870790856 -1,9754492427042936 -0,05054181666451018 1,9779708046320272 -2,035132289459006 1,8819561159732803 -0,02755456661847686 3,054793118253613 -0,9860600749365683 3,9586381481618966 3,0102049770016532 ), 68,14093408532915
( 0,002772445122255901 3,050640874460332 3,962947920632884 -0,0011677531820199656 1,8957988108378758 1,927344940386475 -1,9754440410097258 -0,05093494700667147 1,977941543712099 -2,034717665108896 1,8820961479487799 -0,02781482508932855 3,054795603311792 -0,9862381468630993 3,958544226295937 3,0099871072730764 ), 68,14093652235343
( 0,0026164046166714866 3,0507134742468214 3,9632442029285775 -0,0009868150733200768 1,8959061132910078 1,9272327975836296 -1,9755173817466924 -0,05062106872652222 1,9779882585473283 -2,035157403918832 1,882102906462362 -0,027554405797175302 3,0549284806958577 -0,9861525576519974 3,9586721642662495 3,0102746328096766 ), 68,1409374349518
( 0,0027072927706235277 3,0506473160229124 3,9630327651765453 -0,0011264331918954817 1,8959167923399545 1,9272835574661504 -1,9754136075484 -0,050759137248079476 1,9779140162674789 -2,0347899818067554 1,8820020928837975 -0,027736235818539807 3,054873412118556 -0,9863254413046517 3,958564356745691 3,0101132151187855 ), 68,1409417904477
( 0,0026596390563434734 3,0505627880404274 3,9631726109828906 -0,000962699794864699 1,8958212869053623 1,9272634928369778 -1,975429812331933 -0,05053100560971691 1,9779830587274434 -2,0351191076796713 1,8819086576035946 -0,027562930008831747 3,0547412252993205 -0,9860040425236121 3,958628638612205 3,0101755674054713 ), 68,14094227705851
( 0,0026499541486449977 3,050574797686666 3,963201674524564 -0,000941546163315696 1,895807226888479 1,92726119425242 -1,9754519127343555 -0,050526613751863944 1,9779990405608117 -2,035177765169249 1,8819380446501126 -0,027539457177210663 3,0547430919145935 -0,9859640994004583 3,958646268867589 3,0101906869514226 ), 68,1409432995749
( 0,002637260789433173 3,050589762353434 3,963195794024801 -0,0009641910504620562 1,895877518046687 1,9272430655690553 -1,9754280970607874 -0,05050764598838621 1,9779679219992952 -2,035119625793149 1,8819095915816326 -0,027553805426830173 3,0547973942653974 -0,9860759135149427 3,958635330644524 3,0102197676197098 ), 68,14094341403455
( 0,002730378383946434 3,050605698086443 3,9629941326282903 -0,0011398728029294242 1,8958916690816987 1,9273018890822156 -1,9753876415351914 -0,05077405021676356 1,9779133178894106 -2,0347354791721477 1,8819593660994458 -0,0277670985682932 3,0548276159378247 -0,9863045525486568 3,9585451486068304 3,0100693937829965 ), 68,14094354387012
( 0,002646995440302076 3,050622980553478 3,9631678083449784 -0,001004515144908654 1,8958992176973863 1,927243378313838 -1,9754349201548538 -0,05056069307937501 1,9779525540332268 -2,03505287675588 1,881949292354794 -0,027584893295774023 3,05483830334594 -0,9861543858261159 3,9586225547267264 3,010213025117451 ), 68,14094522855584
( 0,0026517155081118566 3,0505859501266146 3,9631710754275753 -0,0009806157257421107 1,8958636040717345 1,9272507347997347 -1,9754258539399967 -0,050529414606878945 1,977965160846581 -2,035087527684027 1,8819128753909087 -0,02756902960429869 3,05478534538048 -0,9860784633618416 3,9586240064222764 3,0101972206952388 ), 68,14094803263154
( 0,0026372601989163866 3,0505805616612247 3,963210922189854 -0,0009399849544960065 1,895841949541808 1,9272476604466011 -1,9754409670158974 -0,05049618067447273 1,9779848779500007 -2,0351749179740795 1,8819173649385774 -0,027531504432622773 3,054765569528958 -0,9860047091407477 3,958646038094232 3,0102141250317334 ), 68,14094826755559
( 0,002662461768590375 3,05055850929945 3,9631447773549384 -0,0010062693238598185 1,8958804323593659 1,9272579740706335 -1,9753968966104052 -0,05053928366413669 1,977958864589293 -2,035011789574237 1,8818693547562089 -0,02760460272699081 3,0547881015467233 -0,9861196235158262 3,958606571909877 3,01018447787503 ), 68,14094925675558
( 0,0026002260739111716 3,050603834434544 3,963287306815345 -0,0008817281494314373 1,8958463477484968 1,9272314182623669 -1,9754720512207045 -0,050451483476535226 1,9780056719108268 -2,035308898394686 1,8819488253696866 -0,02747395931512938 3,0547821346278563 -0,9859465796730958 3,9586871125001237 3,0102674650386847 ), 68,14095118172068
( 0,0026514622926973185 3,050537468387233 3,9631474220642544 -0,0009892019262886425 1,8959052835549168 1,9272472723200422 -1,975367272403435 -0,050481100607022836 1,9779394647500483 -2,035017872532674 1,8818073122518477 -0,02759229139345623 3,054772973283752 -0,9861296033279898 3,958601998437022 3,0101931870143073 ), 68,1409529736245
( 0,002607772062282158 3,0505422300482303 3,963269490699685 -0,0008817747555601154 1,8958478768317204 1,9272302704186015 -1,975425859479868 -0,05038431902842021 1,977998315935226 -2,035274450306441 1,881845125316306 -0,02747194753823704 3,0547407486117133 -0,9859344765542305 3,9586673146353535 3,0102593338322774 ), 68,14098881036358
( 0,002637684366966504 3,050524406392563 3,963225904365229 -0,0009034732379485562 1,8958025961622207 1,9272468194991983 -1,9754235052506928 -0,05041327088910017 1,9780002835676496 -2,0352340678196614 1,881845008778808 -0,02748945259058055 3,054697475863079 -0,985903827783979 3,958647624174861 3,0102119708188955 ), 68,14100323575146
Liczba wywołań funkcji celu: 12160
