Iteracja nr: 93
( 0,0021770515024861783 3,049633116241291 3,9640165875770763 -0,00025397150076197846 1,896469961534596 1,9278401994237817 -1,9748841531643868 -0,05162198758966716 1,9786278587854662 -2,0350389440110024 1,8812168427906422 -0,02886257484052576 3,0550013892220043 -0,9857198026110227 3,959236631697486 3,0102369305940915 ), 68,13934774673497
( 0,002157984901749988 3,049609367241566 3,9640652071897464 -0,00021704465451233968 1,8964695577747692 1,9278613246830336 -1,9748876629663317 -0,05166360567213988 1,978668257774807 -2,03508058912323 1,8812235485161692 -0,028889225233373696 3,055007609710666 -0,9856679161679794 3,9592703287496316 3,010246009939874 ), 68,13934881527955
( 0,002177851413159667 3,0496382144557876 3,9640363706073027 -0,00025500513451015734 1,8964527542300873 1,9278633400814509 -1,9749094560133809 -0,05170641140067623 1,9786662028650541 -2,035040641126425 1,8812750654115922 -0,02889802667234025 3,0550236959776687 -0,9856950285012138 3,9592570505400464 3,010231888989746 ), 68,13935095033546
( 0,0021861676326613453 3,049652698232046 3,9640196366225275 -0,00027153559169628875 1,8964488840777856 1,9278570911233015 -1,9749151799708795 -0,051702474884531426 1,978655516732657 -2,0350261207927836 1,8812868076274119 -0,028889660534764078 3,055026426125605 -0,9857128613503607 3,9592464238950327 3,010228619680827 ), 68,13935132799607
( 0,0022103320775469825 3,0496311000193224 3,9639849605262403 -0,0002758198982636684 1,896400976625097 1,927879275549025 -1,9749120929670025 -0,05173989890613602 1,9786607287114313 -2,0350068240754804 1,881288113345212 -0,02891173453462414 3,054972649286513 -0,9856616252982592 3,9592353717318787 3,0101754713259155 ), 68,13935140060944
( 0,0021903001548257257 3,049672495872572 3,964002995417034 -0,0002871428535048573 1,8964566899578619 1,9278383414468245 -1,9749163135222623 -0,05166340934692934 1,9786315754784338 -2,0350184820559503 1,8812840186463515 -0,028862180943264013 3,055031546351859 -0,9857457679323977 3,9592313159104946 3,010237183481602 ), 68,13935162638155
( 0,0021819459401524388 3,049647331107562 3,9640293586690234 -0,00026513478061677314 1,8964515193224007 1,927861342910093 -1,9749145201836715 -0,05171150630149332 1,9786633105668574 -2,035031006859896 1,8812864276391896 -0,028897023615003428 3,055029911453209 -0,9857064593477524 3,9592529522813518 3,0102312894773875 ), 68,13935203875204
( 0,002166748541696855 3,0496502081415415 3,9640330768003937 -0,00025964965906108325 1,8964948415370932 1,9278310217217292 -1,9748911594539538 -0,05161982178322931 1,9786287913654546 -2,0350386339112245 1,8812302724066525 -0,028858574639925024 3,0550395362719738 -0,9857549968687129 3,9592426060609154 3,0102643645191525 ), 68,13935220154849
( 0,002187361639897231 3,049653384586346 3,9640183534110887 -0,0002752329399216922 1,8964494843643867 1,927859193425477 -1,9749160650066084 -0,05171206547799263 1,9786574479376642 -2,0350187437577514 1,8812911035350735 -0,02889569042716361 3,055030553067974 -0,985717207752686 3,9592463705227963 3,0102273876281 ), 68,1393526784338
( 0,0021831195267969883 3,049646915548351 3,9640202870712495 -0,00027216940140040337 1,8964617202414833 1,9278561804938612 -1,9749060326541306 -0,05169766835796838 1,9786522874159125 -2,0350149435237013 1,8812718237167818 -0,028895833497856967 3,055031824974005 -0,9857273688533081 3,9592453474070743 3,010232479342089 ), 68,13935269086045
( 0,002176727489190269 3,0496476454005816 3,964021449473541 -0,0002704139750222104 1,8964809959268147 1,9278435246650163 -1,9748953936536495 -0,051659447268477966 1,9786374825374629 -2,035016211298242 1,8812471338595995 -0,028880733922116954 3,0550364771066842 -0,9857495183917239 3,959240698835991 3,0102463867275717 ), 68,1393527205502
( 0,002197436795837031 3,049672600113915 3,96401144550485 -0,0002830176815745026 1,8964212885587963 1,927860946710652 -1,9749398748203404 -0,05173140612797258 1,9786635792393419 -2,0350320216520865 1,8813338183238115 -0,028885058864302517 3,0550256815742394 -0,9856963201324989 3,959245852760771 3,0102180565368735 ), 68,13935281070806
( 0,0021864887236774946 3,04965215494609 3,9640171162491735 -0,0002762372080858252 1,8964549237965282 1,9278572699723588 -1,9749121104406298 -0,05170596773099442 1,9786539628891673 -2,0350142650785754 1,8812839184156454 -0,028895509945908955 3,0550320419598687 -0,9857247507329886 3,9592446078639174 3,010229283211529 ), 68,13935292443091
( 0,0021832839975496152 3,0496455157675415 3,964032955101015 -0,0002630083241139259 1,8964425956025308 1,9278686923071848 -1,9749200603191355 -0,051732318003744955 1,978673423513826 -2,0350342046488636 1,8812988838763582 -0,02890572263459436 3,0550286123095662 -0,9856921508009686 3,95925789580198 3,01022595076599 ), 68,13935301531238
( 0,0021894358215141492 3,049655851316711 3,9640118991244075 -0,0002809074630401992 1,8964522248740983 1,927856370053233 -1,9749141408296433 -0,05170691527413549 1,9786516723452692 -2,035010069401428 1,8812882595119433 -0,02889401528655404 3,055031684451375 -0,9857278469660881 3,9592416850860745 3,0102269755983877 ), 68,13935316010335
( 0,002164991686517565 3,0496305070194802 3,9640265469483547 -0,000254682047538431 1,8965067382793304 1,9278309299457614 -1,9748689976213727 -0,051599928050448496 1,978618924966027 -2,0350246784312427 1,8811898541582786 -0,028865067838394144 3,05502636625329 -0,9857619858046786 3,959236905798033 3,010259441918531 ), 68,1393531677959
( 0,00216405953713646 3,049629236289453 3,9640456737311522 -0,0002498041897759508 1,8964915953943617 1,9278510854771493 -1,9748869958471067 -0,05166547562500637 1,9786517323733464 -2,0350320269654576 1,8812309777521894 -0,028893848131669776 3,0550391149612763 -0,9857332939563594 3,9592554205329007 3,0102544627975543 ), 68,13935328542092
( 0,0021868023796492962 3,0496451579060215 3,964027623719192 -0,0002661660317512769 1,8964376862641614 1,9278708983116468 -1,9749207221485725 -0,051738672075518154 1,9786735472052897 -2,0350287684283734 1,8813017304567683 -0,028908887762754975 3,055024996020549 -0,9856901816451429 3,959255826585438 3,010220111902204 ), 68,13935328616336
( 0,0021950546049878806 3,049663268427226 3,96400774040275 -0,000285274679344717 1,8964378710052887 1,9278593419250176 -1,9749249769430968 -0,05172169171153761 1,9786561220573693 -2,035013035796738 1,8813090863690587 -0,028893141312028168 3,0550289050889665 -0,985717074977884 3,9592415982532128 3,0102201934177515 ), 68,13935333225956
( 0,0021760807888601976 3,049624023004312 3,964040466502116 -0,0002515665327922608 1,8964570785081973 1,9278732378355985 -1,9749016380440647 -0,05172707491351448 1,9786749222083209 -2,0350286662563337 1,8812663750703151 -0,028919799829269722 3,055024553223738 -0,9856923382057659 3,959261562767162 3,010226879006784 ), 68,13935337511421
( 0,002192153877797161 3,0496581041890263 3,964007469533913 -0,0002845787790784435 1,8964491556160556 1,927856511225852 -1,9749157652360114 -0,0517096238822885 1,9786505447380922 -2,035006200728483 1,8812920861591331 -0,028894061700306298 3,0550306668589675 -0,9857290286304946 3,9592394968599773 3,0102240447192905 ), 68,13935343000266
( 0,002195732719085394 3,0496697216167106 3,9639967133608756 -0,0002941825753124644 1,8964509098877131 1,9278468578825385 -1,974917607664965 -0,05169058891971525 1,978637692527728 -2,0350013906536932 1,8812931506250874 -0,028879256744982193 3,0550322414272992 -0,9857455220748075 3,9592306878518495 3,010226824768551 ), 68,13935346001377
( 0,002191731292752584 3,0496559205324347 3,9640199581293802 -0,00027492064407997745 1,8964319228742965 1,9278679705686301 -1,9749280247429475 -0,05174012979063193 1,978670032159859 -2,035025295821 1,8813154134569736 -0,028902804268847917 3,055027018478591 -0,9856955669604042 3,9592514357260176 3,010218365826145 ), 68,13935358136118
( 0,00218981911969397 3,0496487225969946 3,964020963569984 -0,0002724459194288943 1,8964375885493538 1,9278692596037337 -1,9749210562192487 -0,05173814206770642 1,9786694983152475 -2,0350206053069035 1,881303512737048 -0,02890813297008711 3,0550259873422285 -0,985698194560041 3,959251659466694 3,010218286760983 ), 68,13935362846847
( 0,0021949771615635497 3,0496605490573088 3,9640081535516343 -0,00028503409783080523 1,8964385082372097 1,9278614847606252 -1,9749235412648212 -0,05172657329088007 1,9786579147920926 -2,0350099324669824 1,8813077907411362 -0,028897878973737186 3,0550291541563195 -0,9857167765050936 3,959242337939126 3,010218857050961 ), 68,13935384185582
( 0,002190648986521262 3,0496519252302154 3,96400964012039 -0,00028217259654147715 1,8964523147708507 1,927859366781988 -1,9749114566158856 -0,0517136030352568 1,9786528137997543 -2,035002776563708 1,8812856326382354 -0,028900978300441513 3,055030538025382 -0,9857285661079974 3,9592411247407275 3,0102232361604386 ), 68,13935390596426
( 0,002187744202578206 3,049645583543065 3,9640198266742046 -0,00027386286314336536 1,8964482413342987 1,9278665106314106 -1,9749135372220152 -0,05172899072147139 1,978664285055793 -2,035011923996686 1,8812902473416246 -0,02890957064963109 3,0550296688838214 -0,9857119239893722 3,9592492283661262 3,010222048384 ), 68,13935414437404
( 0,0021959351132817915 3,049661988285974 3,9640042357600738 -0,0002885836087981674 1,8964413579099022 1,927859265971512 -1,9749217267980705 -0,05172202619182295 1,978653742178143 -2,035004142021503 1,88130480366555 -0,02889657712849245 3,0550303532552125 -0,9857247649339961 3,9592392503389213 3,010219265652505 ), 68,13935415257285
( 0,002194663987322828 3,0496584691867317 3,964011646405511 -0,0002823131094956567 1,8964348419590213 1,9278652974537756 -1,9749256414788088 -0,05173607759603529 1,9786635626725018 -2,035013284250401 1,8813124245936659 -0,02890229832187936 3,0550283779556775 -0,9857084082721528 3,9592457131010605 3,0102169948139137 ), 68,13935415631097
( 0,0021914696569239655 3,0496570745380724 3,964015563023285 -0,0002802082326004474 1,8964413746867488 1,9278637274516077 -1,9749228542252264 -0,05173087783434031 1,9786628570811948 -2,0350141787565867 1,8813067046099403 -0,02890195801640029 3,0550321655468693 -0,9857131686811332 3,959246966656856 3,0102218641048317 ), 68,13935417604328
( 0,002197583791820289 3,0496622588084326 3,96400588507701 -0,0002872269144469996 1,896432859998662 1,9278637406697552 -1,9749270753876553 -0,05173505699379599 1,9786602356487777 -2,0350086478927816 1,8813154799375875 -0,028900020991515032 3,0550279094801587 -0,9857127757695118 3,959242223259324 3,010214985084163 ), 68,1393543498079
( 0,00218682193513317 3,0496577174146444 3,9639965379513153 -0,0002894257180290606 1,8964809077608422 1,9278350398223796 -1,9748928870553544 -0,051644108438555485 1,9786187410141796 -2,034991880870765 1,8812439059169124 -0,02887181195677926 3,0550333308532203 -0,985775237158726 3,959224119983454 3,0102398313250744 ), 68,13935446400424
( 0,002200078214231065 3,0496699452177243 3,963991886331412 -0,0002990384928216646 1,8964444485995104 1,927851752686074 -1,9749205350286372 -0,051707261887151475 1,9786413811588845 -2,0349929312681625 1,8813021371094483 -0,028887515371528408 3,055031402056246 -0,9857430490794082 3,9592299220179124 3,010219606617799 ), 68,13935468668704
( 0,0021975407794997933 3,0496616110129784 3,96400555765783 -0,0002879324112160979 1,8964342410973611 1,9278640465098873 -1,9749261236371614 -0,05173613224116376 1,978660146478804 -2,035006055558205 1,881314396400592 -0,028901768498142445 3,055028937038436 -0,9857149705201054 3,9592420081936277 3,0102149919589847 ), 68,13935470345524
( 0,0021795448272712015 3,049639277662749 3,964061839503804 -0,00023300137405935596 1,8964042600716287 1,9278867295933335 -1,974943391947958 -0,05176928908019924 1,9787084803799044 -2,0350942719832212 1,881335975018284 -0,028906914824508065 3,055008969479713 -0,9856100016115773 3,9592825642077405 3,010216981992125 ), 68,13935481095703
( 0,002197737702026038 3,0496601400590224 3,963989870276826 -0,00029732736456119374 1,89645546030378 1,9278506852636148 -1,9749077841135112 -0,051695847526762685 1,9786355854151647 -2,034983019683539 1,8812793507205363 -0,028891852709533993 3,0550291185253733 -0,9857530529940342 3,9592271409669495 3,010220197941981 ), 68,13935491606527
( 0,0021956324105023373 3,0496558078268916 3,9640181614814196 -0,0002766827144479852 1,8964215667076472 1,927874410148124 -1,9749334897505493 -0,05175985395580342 1,978677115983343 -2,03502344260899 1,8813282593953553 -0,028910555349138608 3,0550242307606426 -0,9856847630102507 3,9592531480319595 3,010210532995924 ), 68,13935511810216
( 0,002193158837631734 3,049653822362638 3,964019434731224 -0,0002766401766630155 1,8964299223213368 1,927872408112583 -1,974928669758114 -0,051753550555650826 1,9786743593081273 -2,035019253237827 1,881319555016685 -0,028911392820610813 3,055028223951292 -0,9856940785881934 3,959252579317455 3,0102146921372626 ), 68,13935517089118
( 0,0022015807794946796 3,0496676327192533 3,9639909034371605 -0,0002995634926249992 1,8964412670402861 1,9278554112477924 -1,9749209023738767 -0,05171680230162678 1,9786445746385382 -2,0349896141540094 1,8813047130264118 -0,028893448146642048 3,0550298773915707 -0,9857392067310458 3,959230617891206 3,010215504903282 ), 68,1393551893035
( 0,0022148501281753353 3,049643723403676 3,9639876283309214 -0,00028286489343299666 1,896386885431909 1,92788620082331 -1,9749308078076722 -0,051776079003172076 1,978674458175062 -2,035008325076677 1,881326827866357 -0,02891923716542556 3,054983068181307 -0,9856528091812098 3,959240819383111 3,0101721596672304 ), 68,13935523371792
( 0,002204822344879806 3,049670016288432 3,96400186759539 -0,00029088932429021476 1,8964118618469263 1,9278695179475238 -1,9749415761092266 -0,0517576994096281 1,9786684656352276 -2,0350148019573506 1,8813433947753067 -0,028900642654866634 3,055022268899539 -0,9856932983239026 3,959243575687094 3,0102046034160637 ), 68,13935545645535
( 0,0021980923668489423 3,0496591691405674 3,9640076670655264 -0,0002867215648491608 1,896430329533586 1,9278688848389771 -1,9749280224670742 -0,05174919833118317 1,9786661827383873 -2,0350058656702186 1,8813197863680997 -0,02890880233533249 3,055028572949392 -0,9857078503645452 3,9592449170375503 3,0102116977211093 ), 68,13935559594948
( 0,002203261525775782 3,0496682524797003 3,9639932768612525 -0,00029898335604232714 1,8964328912727129 1,9278609706910024 -1,9749271718211012 -0,051734460610191574 1,9786527488172068 -2,034992574401563 1,8813180322924674 -0,028899373978412392 3,0550295915686823 -0,9857278876334625 3,959234375757857 3,01021126608194 ), 68,13935586350688
( 0,002201647090422114 3,0496643528847214 3,964005267961158 -0,00028900970731728895 1,8964203908817965 1,927870461472472 -1,9749355078328257 -0,05175756215778771 1,9786689729550475 -2,035009557454546 1,88133361649854 -0,028906911712876883 3,0550261550042905 -0,9856996580570891 3,9592449780079324 3,0102075048022403 ), 68,13935591909785
( 0,0022007363382222293 3,049661738134303 3,9640117542151474 -0,000282658512872134 1,8964128697865905 1,9278753979032963 -1,9749397650194176 -0,05176822054293666 1,9786774310430226 -2,035020444853624 1,8813409982376437 -0,02890981671424128 3,0550225989362576 -0,9856825261352479 3,959250665471587 3,0102051331248814 ), 68,13935599915827
( 0,002200937484854762 3,0496673487176857 3,9640047448545563 -0,00029123117976797126 1,896424673073338 1,9278673641693431 -1,9749351483329882 -0,05175193658324451 1,9786658251218363 -2,0350076537993838 1,8813325300275492 -0,028903846429365096 3,0550302289651805 -0,9857077474821633 3,9592435631353746 3,0102111565537 ), 68,13935601976966
( 0,0022040117615890063 3,0496686201436245 3,9639925570865464 -0,0002996365233151341 1,8964313796856966 1,927861639105005 -1,9749280362139652 -0,051736875765553136 1,97865336012956 -2,0349919904760054 1,8813200053452102 -0,02890011625923627 3,0550292107162904 -0,985726879848865 3,959234296378432 3,010210110572183 ), 68,13935603688833
( 0,0021896423219659048 3,0496458525472216 3,9640346944025198 -0,0002629204008738819 1,896418999686558 1,927883223426542 -1,9749346251536712 -0,05177655004765395 1,9786923500792812 -2,0350385066656056 1,8813305694863909 -0,028921137234979237 3,05502368458907 -0,9856626070488735 3,9592651719852543 3,0102114408935146 ), 68,13935632792743
( 0,002191491451058343 3,0496471389143314 3,9640167107211215 -0,00027924112527249686 1,8964427811622182 1,9278715699534532 -1,974917837851609 -0,05174839162973704 1,9786693627008838 -2,0350034070678533 1,8813021638028629 -0,028918734308114414 3,055032153122264 -0,985710972937815 3,9592495080355286 3,0102164869521415 ), 68,13935633227311
( 0,0022070463589577392 3,0496714951804322 3,963997015588486 -0,0002965046574671515 1,8964132323328189 1,9278696711901555 -1,9749409912337026 -0,05176176147433462 1,9786666215598228 -2,035004796877422 1,8813446054552105 -0,028904109412218312 3,0550249496068043 -0,985701451112393 3,9592408240619 3,0102028557220044 ), 68,13935669718607
( 0,0022058523657795146 3,0496682518531073 3,9639998098870213 -0,0002942911066213387 1,896414082187534 1,9278719175581103 -1,974939800901942 -0,05176607944019226 1,9786695311719746 -2,0350049181626972 1,8813431633884083 -0,028908303266948376 3,05502533370658 -0,9856989397774681 3,959242926606014 3,010202690792086 ), 68,13935704674654
( 0,0022029966733707607 3,0496619067777186 3,9640099421386092 -0,0002849216011518479 1,8964087117881068 1,9278786513825044 -1,9749420899841026 -0,05177917677084908 1,9786805523445945 -2,035016660427577 1,8813473594904526 -0,02891492782440561 3,0550224374263646 -0,9856798503912502 3,9592509572984627 3,010201141282698 ), 68,13935732438044
( 0,002205771583574488 3,0496745185690375 3,9639827169053174 -0,0003096217770507529 1,8964411986702538 1,9278536879262858 -1,9749235091509865 -0,05172072277954107 1,9786406907176506 -2,0349774236840292 1,8813119067676152 -0,028893862612570903 3,055034723779763 -0,9857517387261203 3,9592257263571837 3,0102139166428348 ), 68,1393573407705
( 0,002211470118207435 3,0496736016320494 3,9639857574613493 -0,00030498804461889534 1,896414379252333 1,9278671850752362 -1,9749380260643965 -0,051757371440118875 1,9786589079642163 -2,0349907902215767 1,8813407552210564 -0,028903588259863545 3,0550236018010866 -0,9857137582078582 3,959233548812908 3,0101990058505965 ), 68,13935740158048
( 0,002206930779053092 3,0496750310829874 3,963984520241194 -0,000309088463591791 1,8964351260010222 1,9278575826318054 -1,9749280799560658 -0,051733080665472796 1,9786465328438787 -2,0349799080496087 1,8813214771529212 -0,028897829736631877 3,0550344467767228 -0,9857434316551915 3,9592284548710346 3,010210979814012 ), 68,13935773141077
( 0,0022072432744906566 3,0496692241160748 3,9640006368072735 -0,0002939160500441245 1,8964079063802248 1,9278748321987835 -1,9749440840520274 -0,051775359718811746 1,978673923920954 -2,0350078850366042 1,8813516463026525 -0,028910332468412053 3,0550240243209457 -0,985691055184254 3,9592448051428977 3,0101997734848975 ), 68,13935774356094
( 0,0021922732650411668 3,049649384606184 3,964038782197646 -0,00025890748623383017 1,896401313124973 1,9278890589723114 -1,9749469546424665 -0,051794136070430825 1,978703128577763 -2,0350542295636735 1,8813524206025733 -0,028920613776986136 3,055017758173274 -0,9856373145446228 3,959270769714596 3,010205392069901 ), 68,13935779829757
( 0,002207347893610559 3,049664270506067 3,96400683250683 -0,00028558111220355653 1,896395656878339 1,9278821908582366 -1,9749488475751036 -0,05178978541953927 1,9786845542505076 -2,0350211846604225 1,881360009562412 -0,028914795798760468 3,055015622540734 -0,9856659091649264 3,9592512927068717 3,010193618706669 ), 68,1393578921262
( 0,002208149958356006 3,0496698236117488 3,9639997080946543 -0,0002947264942586306 1,8964060926496036 1,9278754779661886 -1,9749451648804124 -0,051777872971458555 1,9786744901224624 -2,035007330939638 1,8813540115512237 -0,02891091415783367 3,055023534016436 -0,9856899321196141 3,9592446317575325 3,0101984666718304 ), 68,13935801492148
( 0,002191735302078862 3,049662581331999 3,963998236428832 -0,0002992225011681781 1,8964717831966957 1,9278481920358974 -1,9749059400494364 -0,05169668629342021 1,978636545870934 -2,034976788364271 1,8812777742613431 -0,02889631493914031 3,0550477556912785 -0,9857728978070749 3,959230254133769 3,0102327398644837 ), 68,13935813464498
( 0,002208088330616381 3,049668413192488 3,9640002586138223 -0,00029410235310031887 1,8964057098062503 1,9278767251098812 -1,9749448057539665 -0,05178050495684533 1,9786757789302385 -2,03500689759253 1,8813538408530726 -0,02891301995338742 3,0550231335212925 -0,9856883897528326 3,959245300334457 3,010197622263183 ), 68,13935824157046
( 0,0022052546913776698 3,049661521678829 3,964006822176362 -0,00028752533056906036 1,8964060457120935 1,9278808545690307 -1,9749426414778954 -0,0517862864559481 1,978681581266414 -2,035011460536957 1,8813501963252441 -0,02891904006396115 3,055021528123464 -0,9856795250557772 3,959250024827567 3,010197315337731 ), 68,1393582817065
( 0,0021795183570721467 3,049630978610597 3,964030045586949 -0,00027038282474856664 1,8964708757962214 1,9278713957653086 -1,974899118145817 -0,0517382056439283 1,978668999735582 -2,0349946962908043 1,8812694100926257 -0,028931484573811415 3,0550438537996483 -0,9857298069066437 3,9592544539256944 3,0102293834866107 ), 68,13935829658958
( 0,00217952382467576 3,0496252849810066 3,9640561812867423 -0,00024289517847878335 1,8964240494115574 1,9278945586725404 -1,9749269439310997 -0,051791696784643695 1,9787091163236474 -2,0350516524626885 1,88131746268563 -0,02893921081498956 3,0550220359285225 -0,9856402531565291 3,959279812669147 3,0102134372347082 ), 68,13935830526678
( 0,0021978448931991653 3,049655867219497 3,9640250334702842 -0,0002730290775800245 1,8964049720997596 1,9278855009633116 -1,9749456055426011 -0,05179319976519392 1,9786940948642482 -2,035032985841042 1,8813532748876167 -0,028921431405172584 3,0550226518411736 -0,9856593106785364 3,959261806861578 3,010202912730504 ), 68,13935831244088
( 0,0022087686114890745 3,0496694265512714 3,96400085956081 -0,0002941255369850012 1,896402597827715 1,9278781163304064 -1,9749474192889511 -0,05178556176420203 1,978678148143767 -2,03500851938199 1,8813589765357681 -0,028913922463774347 3,0550230540111944 -0,9856846828642757 3,959246358635292 3,010196443190222 ), 68,13935875969534
( 0,002202264152301895 3,0496600582558178 3,964017976852605 -0,00027863130405854234 1,8963992943282877 1,927885364843951 -1,9749487950025426 -0,05179652197309579 1,978692114220425 -2,0350282841649627 1,8813600375201505 -0,028920189758083723 3,0550204489940267 -0,9856601895411744 3,9592582885698113 3,010198292977345 ), 68,1393587654966
( 0,002203154046108531 3,049655264274686 3,964013139658089 -0,00028134899170660557 1,89640422663788 1,9278858841357551 -1,9749420104355817 -0,05179533779587937 1,97868861200555 -2,03501635376834 1,8813496947274788 -0,028925751044115156 3,0550195880096855 -0,9856685867653985 3,9592550745904913 3,01019584447076 ), 68,1393588561917
( 0,002212758439073609 3,049678214826565 3,963986962442136 -0,0003075234183304009 1,8964102887608454 1,9278692499786254 -1,974944395421567 -0,051769305629682225 1,9786634457822019 -2,034991191451219 1,8813539137924555 -0,028905974985546586 3,0550279610344875 -0,985711739281667 3,9592354517388895 3,0101985356380005 ), 68,1393589999633
( 0,002206341399506624 3,0496646646789833 3,9639982606902158 -0,0002975691123552558 1,8964183159523347 1,9278750976651593 -1,9749363363779102 -0,051775971113324694 1,978671058348355 -2,0349925152167634 1,8813406111516227 -0,028918740050165728 3,055029402457593 -0,9857062967896112 3,9592425939115214 3,0102008972815284 ), 68,13935911316152
( 0,002196372913357308 3,049647419229391 3,964024561189704 -0,00027323697834616406 1,896413532311323 1,927887995246773 -1,9749367440883592 -0,05179593294936261 1,9786936756723155 -2,035020468719433 1,8813400427642402 -0,0289320585171685 3,05502456181165 -0,9856677901314479 3,959261309652054 3,0102022042702328 ), 68,13935921105491
( 0,002205985608657842 3,0496616905654053 3,9640087750156283 -0,0002862766119148251 1,8964006803443703 1,9278839381517148 -1,974946410710136 -0,05179539648227384 1,9786864492387515 -2,0350150258689115 1,881357649741135 -0,02892151790745634 3,055020546118834 -0,9856713589670247 3,9592525043789326 3,0101950144815928 ), 68,13935921686074
( 0,002207460798409337 3,049665173448981 3,9640042264774706 -0,0002918646843393965 1,8964037395615019 1,9278815696554372 -1,974945961765779 -0,05179322861203782 1,9786823666440227 -2,035007228298638 1,8813578385086933 -0,02892073106417189 3,055024171705589 -0,9856820409596805 3,9592491151675855 3,010195817707218 ), 68,13935964962181
( 0,0022151389521876527 3,0496741455477854 3,9639885909034454 -0,000303568612591045 1,896397843007308 1,9278768945171623 -1,9749487695605101 -0,05178670759313356 1,978672521291623 -2,0349969114946496 1,8813631698890936 -0,028912791524548946 3,055020189562562 -0,9856915447533147 3,959239440617794 3,0101900311982375 ), 68,13935970241198
( 0,0022101536383441396 3,0496704534677366 3,9640022493791895 -0,0002937355024994423 1,896396015374324 1,9278816857344792 -1,9749523156436528 -0,05179714515234031 1,9786835895140071 -2,0350114956278174 1,8813689220708256 -0,028916991578826816 3,0550223384659665 -0,9856761343425637 3,9592488080630996 3,0101933825656437 ), 68,13935999683532
( 0,002218618539300683 3,0496962859178174 3,9639979169667883 -0,00029842213013027077 1,8963659404410755 1,9278772204591554 -1,9749803688126424 -0,05180000727791483 1,9786860065745446 -2,0350399503959125 1,881414187727512 -0,02889097565478424 3,0550158111972494 -0,9856514789241301 3,9592482446996 3,0101896035082127 ), 68,13936097048357
( 0,0022245573676549415 3,0496809019442606 3,9639797992115176 -0,0003071131075728985 1,8963728309980434 1,9278819855758778 -1,974961987735608 -0,05180390108103416 1,9786774920045114 -2,0350037949024373 1,8813877099111875 -0,028910061966928635 3,05500704824015 -0,9856681790027815 3,959238038243709 3,010175479772073 ), 68,13936102108522
( 0,002214882772565681 3,0496755051944695 3,963993832760787 -0,0003016474592519629 1,8963924766259244 1,9278809991302193 -1,9749548956968386 -0,05180082863733961 1,9786804465606378 -2,0350025725951992 1,8813753832779274 -0,02891679450363096 3,0550225352705107 -0,9856821869920129 3,9592442369470557 3,0101893436435367 ), 68,13936124144399
( 0,0022191324979862525 3,049678760154713 3,9639835241852297 -0,00031012689284899155 1,8963931765888995 1,927878575495532 -1,9749533194758186 -0,0517978360055253 1,9786736069479145 -2,0349898110132654 1,8813740649720863 -0,028916011363196523 3,055022342883783 -0,9856939829075392 3,9592376326739167 3,010186129805604 ), 68,13936190841737
( 0,0022175755316826322 3,0496759923155112 3,9639900557257928 -0,0003039543577768824 1,8963881273342347 1,9278824801255015 -1,9749562250842947 -0,05180556281382467 1,9786807117922784 -2,0349996449876446 1,8813788096906414 -0,028918347424649615 3,055019850622299 -0,9856799845904247 3,9592428435916793 3,0101851366275283 ), 68,13936191469124
( 0,0022060532313582844 3,0496585496659607 3,9640145637006596 -0,0002833426961026307 1,8963942103884366 1,9278920409440945 -1,9749510053976878 -0,051818239636452934 1,9786979135489589 -2,035017354835291 1,881368982368485 -0,028932797404030694 3,055021561661014 -0,9856583876719809 3,959258733475601 3,0101910150897497 ), 68,1393621655583
( 0,0022038912060455915 3,0496533363238214 3,9640168594107634 -0,0002819993088848254 1,8964004192853674 1,9278935588085175 -1,9749459876628452 -0,05181991880538305 1,978698829446218 -2,035012170210671 1,8813612718478896 -0,028939121369719517 3,055024141533284 -0,9856627842078769 3,959259855447054 3,010192332484105 ), 68,13936271189097
( 0,002215610862301573 3,0496739701656077 3,963998265151027 -0,00029780969540512824 1,8963831018248019 1,9278871380544336 -1,9749605497969522 -0,051816965545582135 1,9786897022571688 -2,0350099106627972 1,8813866355230295 -0,028922070292029804 3,0550196106814043 -0,985665749081268 3,959249312946233 3,0101849299297263 ), 68,13936281710805
( 0,0022146130276185405 3,049669772877026 3,964001137233076 -0,0002954013192874836 1,8963833248989992 1,927890471097004 -1,974959245311189 -0,05182385064318602 1,978693627419326 -2,035009335658657 1,881385492278222 -0,02892807370747899 3,0550195858359945 -0,9856620169813874 3,9592518035634385 3,0101837736320096 ), 68,13936364348406
( 0,0022185472679986493 3,0496739467598313 3,963997792753247 -0,00029596718977593575 1,896371170937471 1,9278915867976696 -1,974966117652076 -0,051828022967361984 1,9786952345995872 -2,0350162558117657 1,8813969865023157 -0,028923449807356613 3,055012674516107 -0,9856496861306998 3,959251260794209 3,0101781146622013 ), 68,13936385610033
( 0,0022181269877343556 3,04967575250743 3,9639956681563473 -0,0003005711451275773 1,8963786038791501 1,927889026866139 -1,9749635218415449 -0,05182477709863693 1,9786913994184803 -2,0350073048821744 1,8813934538703136 -0,028924372436187718 3,0550191436762586 -0,9856637487073564 3,95924881851263 3,0101815058199595 ), 68,1393642050943
( 0,0022189897866100533 3,049678075670623 3,963999694598213 -0,0002962361370372135 1,8963671802982598 1,9278919735820088 -1,9749715779144392 -0,0518327846873651 1,9786981080910508 -2,0350211402678635 1,8814066305735553 -0,02892162285200244 3,0550144831088106 -0,9856455824600111 3,959252969928565 3,010178735389807 ), 68,13936490731139
( 0,0022216107301154843 3,0496788755620297 3,9639884068167457 -0,0003070702262775795 1,896377688152913 1,9278879631583403 -1,9749638295506282 -0,05182555938490717 1,9786876490518215 -2,0349984113519994 1,8813954667481039 -0,02892444713125416 3,055019412482697 -0,9856709876375823 3,9592445139966834 3,010178667346388 ), 68,13936502468589
( 0,0022054096988669432 3,04965841610255 3,964032906195843 -0,0002632253780674072 1,89636135396459 1,927903738006032 -1,9749718588895966 -0,051843432831482975 1,978722119383917 -2,035064270670054 1,88140197125079 -0,028928460603608548 3,055005093039308 -0,9855959427816949 3,959275242177677 3,010183161918662 ), 68,13936521844697
( 0,002222210806687293 3,049676660934426 3,9639916594718834 -0,000301684427462697 1,896368101337611 1,9278921157848556 -1,9749678061055824 -0,051833155759859764 1,9786938907691354 -2,0350087875908094 1,8814018487592126 -0,028925128532937786 3,0550125330067623 -0,9856531784471999 3,959248232717226 3,010174253187722 ), 68,1393652608078
( 0,0022220250947537243 3,0496927211486367 3,9640022097159813 -0,0002938059478425708 1,89634715776935 1,9278896000025643 -1,9749899704562293 -0,05183269326978419 1,9787022552523523 -2,035048156350665 1,8814346953430814 -0,028903209183282957 3,0550086473781857 -0,9856222942213504 3,9592557649778293 3,010178087917039 ), 68,1393655702193
( 0,0022003248917095374 3,0496555690870957 3,96404030838587 -0,00026095669935606846 1,896372336412128 1,9279035695534048 -1,9749680598112784 -0,051843488633030635 1,9787240283955605 -2,035062089839417 1,881395903619728 -0,02893331671013667 3,055014382181332 -0,9856045997309506 3,959278589817074 3,01019053549602 ), 68,13936561397362
( 0,002217628125208439 3,0496729829993257 3,964001480078768 -0,0002954887485455143 1,8963715799633447 1,92789468817292 -1,9749675933609432 -0,051838392173044805 1,9787002692128435 -2,035015162581439 1,8814014698600081 -0,028929564310801487 3,0550167784199775 -0,9856484276509686 3,9592543143524055 3,0101785692055207 ), 68,13936578234592
( 0,0022201946320310473 3,0496761599269404 3,9639944714084714 -0,0003019671846836353 1,8963736460186675 1,927892079771225 -1,9749663967289632 -0,051834762630672104 1,978694705897796 -2,0350057779286854 1,8814002722327736 -0,028928232282445912 3,055018245114817 -0,9856592615405096 3,959249466918838 3,010177704361003 ), 68,1393658136038
( 0,0022205109166344543 3,0496765936767622 3,963997570614449 -0,0002986793527780683 1,8963665788450246 1,9278946204391039 -1,9749710324915817 -0,051841045033618124 1,9786996754219197 -2,035014308836072 1,8814080114422662 -0,02892776831071964 3,0550151886999353 -0,9856470631046614 3,9592525614553997 3,0101756931084833 ), 68,13936643739936
( 0,002229532610086323 3,049687746603758 3,9639784074351274 -0,0003137444781670681 1,8963614611405495 1,9278884161291951 -1,974973702077594 -0,05183249422818992 1,9786869503215612 -2,0349997781067373 1,8814134693668416 -0,02891857884826033 3,0550120596299672 -0,9856619462182818 3,9592404326634227 3,0101696268511544 ), 68,13936653436306
( 0,002203304789660562 3,049656077059286 3,964033680342457 -0,00026797523718669736 1,8963742073909409 1,927904443591705 -1,9749662770933467 -0,05184954483878898 1,9787217978440699 -2,0350479686752734 1,8813959528804722 -0,02893924253788456 3,0550170131317027 -0,9856147780435706 3,959274965423909 3,010187372181921 ), 68,13936657740186
( 0,002203065411854506 3,0496632463621025 3,9640325775663396 -0,00027470487596569366 1,896380838851529 1,9279008573358614 -1,9749682305748242 -0,051848980491880366 1,9787188802538518 -2,035040712288529 1,881400778302579 -0,02893805160503677 3,055028029408131 -0,9856308030665346 3,95927315361327 3,0101930448630307 ), 68,13936725346538
( 0,002224494294932168 3,0496810610911296 3,9639906023156106 -0,0003061590276760408 1,8963643472496232 1,9278944552621258 -1,9749733433937844 -0,05184639800122928 1,9786975618713736 -2,0350050106758837 1,8814143761947317 -0,028929160861750444 3,0550169822446973 -0,9856537770716078 3,9592488833338377 3,010172500881604 ), 68,13936813164015
( 0,002229805446231381 3,049686271550147 3,963978236081756 -0,00031698149519636664 1,8963647161169603 1,9278913369446409 -1,9749726091230146 -0,05184353331916224 1,9786895519087118 -2,0349899800439837 1,8814149165329606 -0,028927683997852886 3,055017630695817 -0,985668245929565 3,9592409928380916 3,0101689730304724 ), 68,13936898255449
Liczba wywołań funkcji celu: 18994
