Iteracja nr: 51
( 0,0024180694651095604 3,0504508532097776 3,963738825779941 -0,00046593875261245483 1,8957373135614344 1,927200530016846 -1,9755386116504479 -0,05005715464896725 1,9782240221544363 -2,03610619159923 1,8818248828683422 -0,027151123972826815 3,0546425402693576 -0,9852869793671939 3,958917151820034 3,010504202124185 ), 68,14142578910008
( 0,0024628918460428417 3,0504331515562764 3,9636454041291733 -0,000502395261334644 1,8956934385653845 1,927201575065226 -1,9755117811828606 -0,0500308117104696 1,978178742161506 -2,0360343413500908 1,8817806480725083 -0,02714877225210211 3,054561567804837 -0,9852855555076646 3,9588650050176333 3,010432825468036 ), 68,14144526218666
( 0,002416616540984649 3,050613217198909 3,963670739734727 -0,0003311056236169381 1,8956269634307563 1,9271924257933661 -1,975608030660899 -0,05008013052986794 1,9780908645585005 -2,036384729072934 1,882011385937109 -0,02705327393769272 3,054436801788847 -0,9851204508110402 3,958929587761217 3,0103478809458935 ), 68,14144861117218
( 0,0023523289776675015 3,050554133230159 3,9637692177930264 -0,00029518915222259456 1,8957609325882718 1,9271569979360565 -1,9755429312688182 -0,04994256084448071 1,9780994877655598 -2,036390627186428 1,8818573664305032 -0,02703809276338093 3,0545248194801076 -0,9852074167973205 3,958956314342226 3,0104745360529153 ), 68,1414783257647
( 0,0025074542090385422 3,050385349524766 3,963562159928266 -0,0004931319769022535 1,895608446127842 1,9272168377017034 -1,9754794019732786 -0,04999448797700154 1,97814372918992 -2,0360245019173115 1,8817166204848115 -0,02713736867351244 3,0544123580267004 -0,9851848783481902 3,958825526307772 3,010332577358337 ), 68,14149687028662
( 0,0025364636867630155 3,0503593403904774 3,9635617984245304 -0,0005418874464202783 1,8955550504403202 1,9272501411295992 -1,9755105868156457 -0,050090229009660314 1,9782165256512962 -2,035964599395149 1,8817667584218036 -0,027181713323191383 3,054439844421853 -0,9851481578578277 3,958827560672575 3,0103241406053196 ), 68,14150176349669
( 0,002540512556204508 3,0503797281039224 3,963531451058907 -0,000535184867882472 1,89555474465036 1,9272394593178623 -1,9755028784487736 -0,05006449577868974 1,9781747532863145 -2,0359740704485088 1,8817624550215606 -0,027164155035041604 3,0544069957593822 -0,9851590456287999 3,9588132303548615 3,0103000168430443 ), 68,1415020505014
( 0,0025474349858462587 3,0504107699374274 3,9635087976205603 -0,0005340015906054887 1,8955408872669686 1,92723474525327 -1,975514536789288 -0,050070205200277884 1,9781499516703074 -2,0359894211666427 1,8817947041174656 -0,027150991121074743 3,0543868344211247 -0,985158240902403 3,9588061831034818 3,0102775757949507 ), 68,14150220159895
( 0,002526830569110889 3,0503957325871984 3,963580167691677 -0,00048164712488948496 1,89550838424929 1,927260301590968 -1,9755464761801635 -0,05012385248927496 1,9782151309336824 -2,0360849743897895 1,8818418753652966 -0,027158847849588767 3,0543869132527535 -0,9850494700640756 3,9588559660366798 3,0102910915653567 ), 68,14150963977887
( 0,0025142681716508637 3,050356592168686 3,963600997257695 -0,0004975462308853682 1,8955607638694172 1,9272492407789497 -1,975512626091775 -0,050073319391331125 1,9782243393397732 -2,0360342676808587 1,8817636211839686 -0,027166814468665836 3,054431476538663 -0,9851072450788162 3,9588518274263835 3,01033911695486 ), 68,14151020502516
( 0,002397819668776363 3,0504430754162137 3,9637251700018927 -0,0003307055796289876 1,8956985723565274 1,9271836055223546 -1,975498693818592 -0,049917729834972877 1,9781357207384906 -2,036295866372564 1,8817450244610046 -0,027064688718079998 3,0544523516287243 -0,9851361579369895 3,958922344957595 3,0104330717439796 ), 68,14151351122749
( 0,002498061541430409 3,050339405862497 3,963650416061232 -0,0004715467213516588 1,895556298132069 1,9272622787606921 -1,975524697781787 -0,05009731207970083 1,9782673233847543 -2,0360770972147706 1,8817759567981358 -0,0271757989233312 3,0544475812816643 -0,9850600470180514 3,958881548192739 3,0103609271276044 ), 68,14151454249277
( 0,0025433976106832403 3,050355200380983 3,9635506339884397 -0,0005349776463440321 1,8955341168471236 1,9272540542482097 -1,9755106591421983 -0,05008875300077079 1,9782127004711498 -2,0359760883947584 1,8817660912449108 -0,02717682623089846 3,054410374129901 -0,9851191464932004 3,9588242808468306 3,0103047026065948 ), 68,14151716777616
( 0,0025050148722978805 3,0503743554900278 3,9636433378412184 -0,00045590087754978444 1,8955158125636402 1,9272693333312396 -1,975556482293912 -0,05013663848700006 1,9782643026678237 -2,0361270208158238 1,8818449042834176 -0,027165066083984342 3,0544189016391368 -0,9850112370973363 3,958889766076057 3,0103310573713418 ), 68,14151808817891
( 0,0025185984496457468 3,050350891428905 3,963609873865074 -0,00048598961696992706 1,8955277955900431 1,927264817125349 -1,9755286290690866 -0,050108528028335764 1,9782482859561437 -2,0360600103813216 1,8817916487450381 -0,02717393976347001 3,054414400385188 -0,9850527957831804 3,9588633975294774 3,0103240238098397 ), 68,14151861569377
( 0,0025692096099063223 3,050491348623514 3,9634863265098206 -0,0004943774858341314 1,89542439156029 1,927263841796009 -1,975597772404759 -0,05019429498436632 1,9781526207847402 -2,0361133242381473 1,8819771614794447 -0,027137298561730548 3,0543052536533066 -0,9850165050346696 3,958828035934401 3,0101871836734073 ), 68,14151938736919
( 0,0025183073975593106 3,0503086587388264 3,963627885928799 -0,0005248225057374772 1,8955608565148372 1,927265704891138 -1,9755098737389554 -0,050100548626389796 1,978283207028819 -2,035982161313105 1,8817412741345598 -0,027199901626215345 3,054474324746595 -0,9851043015971824 3,9588590607284404 3,0103685686973396 ), 68,14151958619395
( 0,0025482782829229123 3,0503749766586177 3,9635882205542305 -0,0005165229988691513 1,8954636634476651 1,9272877536219024 -1,9755749825682358 -0,050203279512067725 1,978279152350922 -2,0360455014577243 1,8818868332494048 -0,027193146327764747 3,0544109996362088 -0,9850116581563497 3,9588627088723234 3,010288676143899 ), 68,14151969247237
( 0,0025432289376652213 3,0503542936824006 3,9635522285191027 -0,0005282058391186127 1,8955275204024427 1,9272567020046645 -1,9755123989825096 -0,050092712485556835 1,9782143794559253 -2,0359867418662483 1,881769544073952 -0,02717649935012546 3,0544018236623267 -0,9851049668808731 3,958827102419032 3,0102995930563057 ), 68,14151969807281
( 0,0025127348399531946 3,0503536692534623 3,9637127144908315 -0,0004469940388924408 1,895427010643484 1,9273347483106567 -1,975631032951661 -0,05032571100547187 1,9783989527728345 -2,0361709470031784 1,8819791560080519 -0,027230369014766425 3,0544478204209424 -0,9848655510526426 3,958948534243937 3,0103229199459425 ), 68,14152183695934
( 0,002539131888715128 3,050370868383894 3,9635805581110515 -0,0004985956572448485 1,895485883133952 1,9272748997268918 -1,9755505251720678 -0,05015140747612842 1,9782466490223651 -2,036057568425507 1,8818419324929898 -0,027177334562690836 3,0543895529985856 -0,9850265757459511 3,958855510643175 3,0102871669022084 ), 68,14152231748687
( 0,0025115269300023807 3,0503008590001177 3,963680005531584 -0,0004813364201872773 1,8955032596249106 1,9272992114323708 -1,9755516427338695 -0,050182558935469454 1,9783482313003597 -2,036069053820975 1,881813430999087 -0,027214635729172282 3,0544577391316414 -0,9849799812626672 3,958903317629639 3,0103577564129944 ), 68,14152739638122
( 0,002546787885077919 3,050376518323472 3,963558361365685 -0,0004975999437380372 1,8954748502934018 1,9272725314826844 -1,9755467365399413 -0,05014126858578218 1,9782271297488507 -2,036058742967471 1,881838877101589 -0,027169355672206498 3,0543624290653546 -0,9850211676511088 3,9588451992661815 3,0102663729017114 ), 68,14153125707671
( 0,002503103932404026 3,0502985807759484 3,9636777773014176 -0,00048317678175638774 1,8955379913743258 1,9272801649543014 -1,9755298860431056 -0,05012486048006262 1,9783229956791604 -2,0360570835731147 1,8817679190256618 -0,027197520698920435 3,054466904245671 -0,9850241969333114 3,958893367770625 3,0103781616687333 ), 68,141533474775
( 0,002559520798165257 3,0503680858360633 3,9635446586066343 -0,000519542734305415 1,895463749162672 1,9272783955351653 -1,9755476853797096 -0,050157737986548476 1,9782363638065028 -2,036024009700884 1,8818401998718024 -0,027181421170075753 3,054365846055975 -0,985026148044759 3,958836515391418 3,010259408123402 ), 68,1415339581577
( 0,0025983056631669896 3,050399687191725 3,9633950663085167 -0,0006034373132422666 1,8955217744890298 1,927228095855745 -1,9754783398825946 -0,05004158495010091 1,9780906398082392 -2,0358596652226475 1,8817403262133061 -0,027159396987031285 3,054334444072339 -0,9852218552783433 3,9587373790282023 3,01021366672938 ), 68,14153739261917
( 0,0026138038192588535 3,0503929794502564 3,9633819503177867 -0,0006361696463081551 1,8955101028048507 1,9272359530640548 -1,9754846130963069 -0,05007135399017596 1,9781078410950563 -2,0358117693762297 1,8817517893070062 -0,027177559660042417 3,0543511708111675 -0,9852348159735751 3,958728528293616 3,0102107286347786 ), 68,14153870957176
( 0,0025357919019478575 3,0503025332307225 3,963611097443408 -0,0005196973402565661 1,8955084328976983 1,9272832059037541 -1,9755237351054646 -0,050134766957499 1,9782954782880575 -2,0359979410019617 1,8817677921976663 -0,027204544139632247 3,0544296189869042 -0,9850389187519675 3,95885831438198 3,0103291275708646 ), 68,14153902294832
( 0,002565863250070647 3,0503000140051073 3,9634961246281453 -0,0006399132252721915 1,8956120701760606 1,927230893557205 -1,9754417267925286 -0,05001407644030574 1,9781906989341749 -2,035764541157919 1,881628431357357 -0,02720751043124132 3,0544800213792165 -0,9852968822573753 3,9587632557899526 3,0103450883357303 ), 68,14154017220424
( 0,002561592307289932 3,0503331060389756 3,963557610132568 -0,0005308499784492463 1,8954640992891674 1,927287672247023 -1,9755389575704516 -0,05016295594959412 1,978266396613933 -2,0359950404066716 1,8818127906255147 -0,027199214328640062 3,0543805447869348 -0,9850199105533803 3,958838747023706 3,0102728209394836 ), 68,14154118666497
( 0,0026519946488528707 3,0505195333503408 3,9632927348548495 -0,0006319960624252712 1,895412586279939 1,9272428482808939 -1,9755585375177116 -0,05017251919453227 1,9780419784456649 -2,0358828587634332 1,8819396507410149 -0,02715123944358491 3,0542629515657618 -0,985180548379159 3,9587121142582244 3,010094349211904 ), 68,14154189803087
( 0,0026226398109341653 3,0504167940107 3,963360213489689 -0,0006343492886921186 1,89548927800368 1,9272359028650061 -1,9754964952124492 -0,050083912713433015 1,9780902502388775 -2,0358264274350004 1,8817831584941633 -0,027168941960554978 3,054326708723724 -0,9852223170732037 3,958722705300421 3,010184636302368 ), 68,14154367451965
( 0,0026017118796798117 3,0503569513535935 3,9634084272030305 -0,0006273137645797853 1,895530710937912 1,9272370813607762 -1,9754651482991261 -0,050046436918366216 1,9781264855819 -2,0358070794062915 1,8817024738400485 -0,027184282232889653 3,0543643832653595 -0,985233359999779 3,958736456356009 3,0102361180477746 ), 68,14154394836108
( 0,0026128963705136688 3,0505457540923104 3,9633772118240977 -0,0005382598334203766 1,8953897924812169 1,927250236940271 -1,9756001290724912 -0,05019187848936924 1,978072354421546 -2,0360589515535876 1,8820095666004764 -0,027119115885645122 3,0542442709371063 -0,9850605224834686 3,9587739761734446 3,0101111177256703 ), 68,14154519860446
( 0,0025871900167542803 3,050520712684232 3,96341988571851 -0,0004870880139073709 1,8953993740602981 1,9272556939843908 -1,9755889426806115 -0,050171590001615515 1,978086919969708 -2,0361240029891485 1,881980097527833 -0,02711543550794686 3,054229273346923 -0,985011097345397 3,9587992625463637 3,0101235057749434 ), 68,14154550690954
( 0,00261045332810496 3,0504123790656834 3,9634988309374872 -0,0005704841993487117 1,895357780530339 1,9273173367927752 -1,9756224109147078 -0,05032045385034185 1,978278757641683 -2,0359957783599363 1,8820002221299053 -0,027217175411758016 3,0543537026444296 -0,9849634770977178 3,9588318738391526 3,010190598097941 ), 68,14154551504046
( 0,0025450317860762454 3,0502952600058255 3,963535876277268 -0,00058150681469171 1,895600613970205 1,927235946500887 -1,975447634713495 -0,050006004257309826 1,9782010848291172 -2,0358566577081243 1,8816329973924 -0,027191315870534232 3,0544494970940246 -0,9852230862186555 3,9587923599228767 3,010346120814694 ), 68,14154592451294
( 0,002550003040913491 3,0503580976105846 3,9635943313293924 -0,0004941377249153983 1,8954340825778262 1,9273006344303736 -1,97557772136816 -0,05021370819037959 1,978293355923208 -2,0360785634453413 1,8818872946033298 -0,02719408965515726 3,0543760168432885 -0,9849503689231489 3,9588714634127795 3,0102695931211896 ), 68,14154608071057
( 0,0025684415760061094 3,050474475285328 3,9634968359621654 -0,00046845645936670203 1,8953949019864755 1,9272788752264245 -1,9756024270723185 -0,05021076110060243 1,9781706501547394 -2,036152151553341 1,881981919795027 -0,02714080024587838 3,0542723025566425 -0,9849512312271013 3,9588401405670486 3,010168607714984 ), 68,1415476448849
( 0,0025485696385381972 3,0503679840074875 3,963600805700043 -0,0004857125361258326 1,8954233446781767 1,927304406166057 -1,9755900170258558 -0,05023069149369033 1,9782989652167735 -2,0361004211282996 1,8819122491316922 -0,027192671653180827 3,0543730802643023 -0,9849316128370694 3,958879113869114 3,0102654175275227 ), 68,14154889640223
( 0,0025744722796844544 3,050376621294902 3,963546242689643 -0,0005163773217305462 1,8954030756116096 1,9273040230510923 -1,9755857578375913 -0,05023602144646473 1,978272365646511 -2,0360522930517817 1,8819145607621808 -0,02719569782085954 3,0543459366332355 -0,9849508078846988 3,958850182914074 3,010227939923829 ), 68,14155044876458
( 0,002569561552950369 3,0503080725637077 3,96349090452692 -0,0005874365355359026 1,8955528296794701 1,927242386335926 -1,9754569926727792 -0,05002124802677208 1,9781818700778413 -2,0358578795375943 1,8816584498746949 -0,027184177044551578 3,054394734363804 -0,9851871556489856 3,958775138684503 3,010294735954377 ), 68,14155677326484
( 0,0025999840585588076 3,0503045851080772 3,96344583156949 -0,0006498313326795508 1,8955402534750108 1,9272492523584919 -1,975458322866835 -0,05005732049401302 1,9781865962541119 -2,035761022717811 1,8816674240677254 -0,027211532999219787 3,0544133609137285 -0,9852334609500564 3,958746780972122 3,0102782225141405 ), 68,1415592781248
( 0,002538260706809429 3,0503178799350583 3,9636126951927517 -0,00048435832301327596 1,8954616725056248 1,9272949550158767 -1,975546505125543 -0,05016188871715532 1,978297607689326 -2,036069109683926 1,881814193165634 -0,027192388339083697 3,054379198066453 -0,9849580653887311 3,9588721575444366 3,0102943787332586 ), 68,14155952528978
( 0,0025151833530115113 3,0503426696203655 3,963682869497249 -0,0004412960655596625 1,8954381095243404 1,927314127057998 -1,9755988474532924 -0,05023855670507678 1,9783534374331544 -2,036168857629471 1,881910724653591 -0,027196859591759756 3,0544063002383157 -0,9848806884190959 3,958924173156998 3,0103139428255017 ), 68,14156475079739
( 0,002561357793095638 3,050364514637311 3,963580415972482 -0,0004888688656552545 1,89539854705748 1,9273098268311266 -1,9755909047409055 -0,050236864936637225 1,9782947953128536 -2,0360965101374875 1,8819150957333597 -0,027192363377225033 3,054344383323337 -0,9849088468450948 3,95887075349702 3,010240790615113 ), 68,14156608899648
( 0,0024290649059329874 3,0502874208506126 3,963839824397931 -0,0003817449125804982 1,8955722171443232 1,9272932851240974 -1,9755628352763217 -0,05015199939486142 1,9784111781756553 -2,036227471715598 1,8818067756706225 -0,027194996489954094 3,054534281537725 -0,9849318661532176 3,958988455265061 3,0104688395989823 ), 68,14156806874013
( 0,002455905920556969 3,050266722340048 3,9636291214315382 -0,0005287471021199823 1,895798522142904 1,9271713671697717 -1,975358327415367 -0,0498027651227545 1,9781494883778488 -2,035877779683196 1,881446534117065 -0,027152483598415177 3,0545498823671484 -0,9853879312981184 3,958811330090114 3,0104898105496654 ), 68,14156990633086
( 0,0025200671710366948 3,0503313140641852 3,9636762923383144 -0,0004419560820019071 1,8954296098740533 1,927316734895012 -1,9755933473967042 -0,05023324333661385 1,978354227368666 -2,036163312553363 1,8818976820781856 -0,02719763622168091 3,0543925774101344 -0,9848691524953145 3,958920106203798 3,0103061197674927 ), 68,14157491292256
( 0,0024772867601093027 3,050276799988942 3,9637500397064094 -0,0004108136189404694 1,895505189719422 1,927302747182084 -1,975551853793559 -0,05015251281246422 1,978376909210969 -2,0361774999326663 1,8817938461575774 -0,02719387733618801 3,0544425927058145 -0,9848971239913785 3,958943992125122 3,0103857282036475 ), 68,1415831312828
( 0,0025859841710441592 3,0502937944095962 3,9635418779159495 -0,0005453354292856269 1,8954132635327807 1,9273101708022131 -1,9755399772612408 -0,05019191847168955 1,978298919332066 -2,0359683871395924 1,8818045504540464 -0,027217811266711658 3,05434719931288 -0,9849606093511865 3,9588319684215727 3,0102438402445215 ), 68,14158332874172
( 0,00245257597205574 3,0503865696510504 3,9637941793105913 -0,0003389431489876418 1,8954616976632312 1,927310627563944 -1,9756390098111292 -0,05024986579031362 1,9783781169903716 -2,036356255363176 1,8819835174446282 -0,027164965484204228 3,0544326553535637 -0,9848085557183149 3,9589980980061354 3,0103646757771356 ), 68,14159236711474
( 0,0025492246418297114 3,0502002251446685 3,9636075721324135 -0,0005656025930705315 1,8955343703110363 1,9272866550359138 -1,9754640759076112 -0,05007657401524281 1,9783283615838647 -2,035876176448643 1,8816254346354138 -0,027234400509695725 3,0544486720996415 -0,9850747895406001 3,958833810369303 3,0103609401727476 ), 68,14160072944425
( 0,0025311572213471295 3,050218650166803 3,963636193052096 -0,00048700552918631536 1,895494369407649 1,9272961449920933 -1,9754859199813941 -0,050084308124354826 1,9783259497264951 -2,0360136320826823 1,881668550491731 -0,027206971741818704 3,054382394974507 -0,9849610917641187 3,9588660536753246 3,0103313580811815 ), 68,141606495813
( 0,002539753428907442 3,0503687303843323 3,963664661986682 -0,0004313501689944245 1,8953493164226685 1,9273441976290908 -1,97564875481084 -0,050335063422397124 1,9783771980595997 -2,0362171019327717 1,8820156512550081 -0,027205663462279657 3,05435390203114 -0,9847773937674501 3,95893457702451 3,010251385572065 ), 68,14160673817399
( 0,002484313432097234 3,0503540378083174 3,963753192076157 -0,0003679211948982884 1,8954183673820537 1,9273257174120597 -1,975630350063166 -0,05026398430642408 1,9783873451656324 -2,0363022329554394 1,8819630849070708 -0,027181024853728104 3,0543940275798303 -0,9847801903432283 3,9589752711684856 3,010326684475323 ), 68,14160874496939
( 0,002482716039417738 3,0503321840089894 3,9637850245568167 -0,00038475372167252983 1,895417496515675 1,927340442388471 -1,9756427052031338 -0,05030636109840423 1,978439886406011 -2,036278938990191 1,881976303017139 -0,027207806663221278 3,054439962598549 -0,9847747680634353 3,9589902140839586 3,010353863418641 ), 68,14161421042121
( 0,002405422887347671 3,05032160897679 3,9638863193866936 -0,0002963674925330641 1,8955293147630767 1,9273043140308257 -1,975602550878911 -0,05018164679675792 1,9784204443758533 -2,0363885637735977 1,8818842415322876 -0,027165946933005464 3,0544828849594823 -0,9848085122259241 3,95903390235902 3,0104486270661655 ), 68,1416240850986
( 0,00258043957517406 3,0504210361117816 3,9635807409518184 -0,0004622815411972546 1,8952907772399112 1,9273446991059584 -1,9756728874790195 -0,05036997535503396 1,9783304946702847 -2,0361961622433946 1,8820840975023196 -0,027193810941093566 3,0542960881575123 -0,9847727863483176 3,958899675923124 3,0101766807831267 ), 68,1416250777305
( 0,0026008906281881064 3,0502893842573107 3,963603768071284 -0,000561405453129167 1,8953247166858087 1,927362989294769 -1,9756253704895712 -0,050363561719361134 1,9784301798081398 -2,0359956896166027 1,881951220068049 -0,02726443081568562 3,0543968377197834 -0,9848415369639234 3,9588804970194253 3,010251382446221 ), 68,1416277391651
( 0,0025979402796529106 3,0502782028279736 3,963559565480126 -0,000521172257690888 1,895335914235687 1,9273450643267342 -1,9755750914873684 -0,050267515096888565 1,9783530506227207 -2,036023802074448 1,8818640050203288 -0,027232215874255616 3,054305452378508 -0,9848353726318299 3,9588561204974493 3,010208715160112 ), 68,14163127304873
( 0,002495125046723535 3,050216879378246 3,9637654828052873 -0,00043132105332262244 1,895463335734864 1,9273326620365272 -1,9755559695589449 -0,05019892791980957 1,97844651373392 -2,036138834401364 1,8817815326561693 -0,027228792538489716 3,05444519671493 -0,9848368441796952 3,9589507897453764 3,0103852891368286 ), 68,14163404397867
( 0,0025805989990776517 3,050362266822011 3,963623340298984 -0,00043684758406714667 1,8952557830222472 1,9273765819200976 -1,9756727141038206 -0,05041416599375785 1,978394566607501 -2,0362150762909423 1,8820691416530826 -0,027225445360323453 3,054277566374921 -0,9846774161341176 3,9589285577122832 3,01017526514899 ), 68,14164090298918
( 0,002679659298211583 3,0502591160019756 3,9633397034364455 -0,000732551836510645 1,8954324158565112 1,9272867697402711 -1,975459555021298 -0,0501301983619682 1,9782068379521847 -2,0356282278975004 1,8816714350578565 -0,027255546470662563 3,0543396695873666 -0,9851838893374973 3,9586925473779626 3,0101815667534346 ), 68,14164180036416
( 0,002507741171146133 3,050305171765189 3,9637429827713024 -0,0003909481966542784 1,8953754452283522 1,9273504005500715 -1,975628305120407 -0,050297785965827416 1,9784304197972657 -2,0362579421588367 1,881946891015348 -0,027209210393586942 3,054376853518833 -0,9847324988287418 3,95896901518088 3,0103073552848563 ), 68,14164496831798
( 0,00257165759370753 3,0503271715876163 3,9636218618033117 -0,0004587399225610998 1,8953070364641933 1,927356732178549 -1,9756324550856132 -0,05033049095581691 1,9783833096404444 -2,036162080719413 1,8819761759945173 -0,027216290891454734 3,0543077220385912 -0,9847466740154276 3,958908342248803 3,010214386199365 ), 68,14164809923966
( 0,002455037267347088 3,0503209079780644 3,963839597932157 -0,0003355136303059728 1,8954273215132806 1,9273419789542037 -1,9756446951317768 -0,05029116885119119 1,978460431641719 -2,0363542983193583 1,8819688597687445 -0,02719637371795246 3,054440961209398 -0,9847274197812251 3,959021990674042 3,0103797471876272 ), 68,14164888644886
( 0,0026379443415557114 3,0502900451741994 3,9634132170211327 -0,0005629939284366585 1,8953472999439733 1,9273135103155998 -1,9755091377932157 -0,05016428801110019 1,978218642739443 -2,0359222385003064 1,8817669920573936 -0,027207651500869363 3,054208470813138 -0,9849335825109302 3,9587691956745505 3,01012442127488 ), 68,14165162036402
( 0,002425721748181782 3,050337214990471 3,96387142925764 -0,0002948787591114132 1,895463935500653 1,9273249337047296 -1,9756378073463843 -0,05024618485838989 1,9784393864078997 -2,036415906829622 1,8819554143937958 -0,027170592378909467 3,054446859736914 -0,9847361620437205 3,959038639984076 3,0104059465314807 ), 68,14165340907164
( 0,0025549494687610716 3,050323398512889 3,963675761740455 -0,00044622200235120443 1,8953104290321758 1,927367944128537 -1,9756549600239164 -0,05037058203480138 1,978432101724715 -2,0361928567650063 1,8820103610897159 -0,027229358778622537 3,0543513365813997 -0,9847224297150274 3,958939772615297 3,0102483249002168 ), 68,14165451862326
( 0,0023932669107898075 3,0502729037348923 3,9639193758978544 -0,0002729264604917829 1,8955350717638082 1,9273112157024925 -1,9755822000670487 -0,05015513774587875 1,9784472591548112 -2,036404037515026 1,8818283692763293 -0,02717063587659359 3,054475792023571 -0,9847711426443391 3,9590474671807363 3,0104668860713653 ), 68,14166124142724
( 0,002516533727529746 3,050136154769235 3,963751513333956 -0,0004942780095150268 1,8954774722480556 1,927335742853024 -1,9755142754227608 -0,050159879968149884 1,9784799491666674 -2,0360098319562945 1,881676425206588 -0,02725600117752409 3,0544751560217795 -0,984881361007568 3,958921630473182 3,0104128451484202 ), 68,14166688068063
( 0,002525313620607255 3,0502864816445814 3,9637282071108566 -0,00040402668579312507 1,8953417236382066 1,9273646738275942 -1,9756320592370074 -0,050322610072526426 1,9784484603956256 -2,0362374814026367 1,8819504028917946 -0,027222064681110537 3,054357041197665 -0,9846996542785476 3,9589629518774334 3,0102856892588137 ), 68,141669058514
( 0,0024768072633048932 3,0500857190759594 3,9636952147965476 -0,0004253311614291004 1,8956049655582692 1,9272799518162076 -1,9753664417395438 -0,04990926815921568 1,978318499676028 -2,0360076295616722 1,8814102857859927 -0,027209907099972317 3,054374242729485 -0,9849891324258674 3,9588725263946856 3,0103972355111743 ), 68,14167002985864
( 0,002490000188605717 3,050190857844237 3,9638175041163 -0,0004059954624092095 1,895416078937225 1,9273693314225384 -1,975589341372 -0,05028242453626935 1,9785245465057688 -2,036189805853346 1,8818339935729955 -0,02725807477888404 3,054449092391623 -0,9847336188980067 3,958989832061577 3,010384686664809 ), 68,14167314907657
( 0,0024721218923415057 3,050269303257064 3,9638572757812933 -0,0003577576184810482 1,8953828924829348 1,9273798052546425 -1,975658573418801 -0,05037137969458234 1,9785382266820943 -2,0363150304697233 1,881982919394969 -0,027245685456139396 3,054453735959954 -0,9846675294168247 3,959034175057697 3,010373970703085 ), 68,14167780291542
( 0,002507500640037627 3,0502943039727493 3,9637687140418394 -0,00037983882213169895 1,89534682976607 1,9273678410671657 -1,975648393592882 -0,05033906793821768 1,9784704463599787 -2,0362852555390893 1,8819776266985455 -0,02721994471097855 3,0543773476548886 -0,9846765684688542 3,9589883866547635 3,0103073946196734 ), 68,14168049110536
( 0,002530498890240879 3,0503392268551 3,963721691025753 -0,00039268376235871805 1,8953052169422133 1,9273708842566326 -1,9756743943957775 -0,05037889620519075 1,9784440511646546 -2,0362891204070723 1,8820450949416692 -0,027213330950054043 3,05434296091567 -0,9846646789628518 3,958973455162044 3,010257920854345 ), 68,14168221569005
( 0,002580282213253931 3,0503468294663123 3,9636416883706356 -0,0004537911535333659 1,8952496344437335 1,9273835631317102 -1,9756846838238815 -0,05042748051275046 1,9784327787832223 -2,0362035342586986 1,8820770027092355 -0,027232246341897123 3,054310154417593 -0,9846715902174369 3,9589333603663595 3,0101968535250228 ), 68,1416905429832
( 0,0024958872419904342 3,0503129017765676 3,96380030470714 -0,0003407780960035889 1,8953267863773415 1,9273782382747662 -1,9756737462060558 -0,05037827744725701 1,978485962179952 -2,0363577603284573 1,882030197095546 -0,027217756479436837 3,0543652503087735 -0,984617399067341 3,9590176919148443 3,010301795811047 ), 68,14169194723144
( 0,00253480789979587 3,0503061808815835 3,9637438639464766 -0,00041131482476333697 1,8952965645510713 1,927387041819019 -1,975679325954708 -0,050412425487108205 1,9784940185743702 -2,036257276582575 1,8820421582820028 -0,027239952393075192 3,0543731858386933 -0,9846505418873224 3,9589822640862633 3,0102761026061176 ), 68,14169705656683
( 0,0026255630146907846 3,0502752993609894 3,9635818782302934 -0,0005385754514186527 1,8952351534803478 1,9273957127880006 -1,9756468419591282 -0,05042315235959044 1,978451816927441 -2,0360396458525676 1,881993447533299 -0,027273680834720145 3,054311856221917 -0,9847157434253974 3,958885228019603 3,010180878191621 ), 68,14169961754297
( 0,002347067723386986 3,0503072730417933 3,9640001286277817 -0,00020349845717055676 1,8955577594249875 1,92730762414156 -1,9756117137778484 -0,050165121452962876 1,978465109507813 -2,036533059073653 1,8818829556884948 -0,027149625780341604 3,0545039385011643 -0,9847302675265989 3,9591002175689196 3,0105075822144443 ), 68,14170073609111
( 0,002503295207722094 3,050320377670336 3,963794927026687 -0,00036474671209586724 1,8953192950253537 1,9273808004683604 -1,9756879331157626 -0,05039939678276639 1,978499364695409 -2,036336060734908 1,88205525437664 -0,027222995318220318 3,054387675007006 -0,9846305865759941 3,9590130988991565 3,010305841700943 ), 68,14170724228043
( 0,0025183123470818966 3,0502156971429417 3,9638127521078306 -0,00045414545626565854 1,8953619684764262 1,9273816692517323 -1,9756429010226884 -0,05035593364233361 1,9785693997396614 -2,036164119650617 1,8819274985841032 -0,027262937359701048 3,054480699518457 -0,9847125684181144 3,9589899123326213 3,0103843353620023 ), 68,14171292580161
( 0,002529830409026099 3,050245074094792 3,9637159962997526 -0,0003831410561101583 1,8953224273293119 1,9273733319321693 -1,97560636366243 -0,05029418951802808 1,9784451367116875 -2,0362468823402744 1,8818946325983417 -0,027222263746158108 3,0543006132847434 -0,98465048732516 3,9589566434129715 3,010258531589403 ), 68,1417157383072
( 0,0025455205477160807 3,0503425207329546 3,9637253787640025 -0,00038353340446515855 1,8952447591124892 1,9273977928729071 -1,9757075407283695 -0,050457185598960765 1,9784787153756012 -2,036318264028083 1,882111480777186 -0,027230483170768587 3,054315290742449 -0,9845827560104451 3,9589895179029857 3,010224088390478 ), 68,14171817072418
( 0,002527609457180467 3,0503330501074286 3,963736280951038 -0,00036238800076277006 1,8952765049712905 1,9273803546762094 -1,9756839687298282 -0,05038664895453231 1,9784567121535075 -2,036342023998182 1,8820578327318143 -0,027205430060018257 3,0543104733283495 -0,9845988816649601 3,958987862770759 3,0102443870988727 ), 68,14173171399806
( 0,002528437695758393 3,0503264612770513 3,96379786259472 -0,0004083919397837116 1,8952678343560891 1,927409575384744 -1,975735644864902 -0,05051083042600667 1,978562595513428 -2,0362977461609484 1,8821453899000755 -0,0272601584130333 3,0544239428948337 -0,9846015223208638 3,959021430772702 3,010298179748837 ), 68,14173353660973
( 0,0023600680625125445 3,0503317383930955 3,963933150803504 -0,00014846634042342825 1,8955144592074369 1,9272960964477348 -1,9755912812728549 -0,05010252813480445 1,9783745191510511 -2,036609305361993 1,881861986431882 -0,02710076238094514 3,0543609069901954 -0,9846638518559575 3,9590768330476203 3,0104195232705013 ), 68,14173582130942
( 0,0025076596540261295 3,0502981463064627 3,9638083906819395 -0,00035948355857413276 1,8952925254739859 1,9273968509124906 -1,9756956863734472 -0,05042562518049999 1,9785319148215434 -2,036345100975808 1,8820617349119393 -0,027234772414072298 3,0543785007661852 -0,984581841612346 3,959023214927676 3,0103003668869777 ), 68,14174540292174
( 0,002571244087841792 3,050233900322462 3,963720906999145 -0,0004554947973016651 1,8952422270227418 1,9274224840464005 -1,975671000162317 -0,05046412276452261 1,9785527001684586 -2,036170430649196 1,8820123360295173 -0,02728871503916468 3,054355756601814 -0,984601873198974 3,9589673055826853 3,010247590951921 ), 68,14174609584325
( 0,0024952553242386702 3,050323448614301 3,9638265465666263 -0,00032142082740339146 1,8952801590817245 1,9273966276506658 -1,9757137887202059 -0,05043240446055063 1,9785262725017658 -2,036419270785191 1,8820996283844191 -0,027216438956383093 3,0543584897455798 -0,9845392547258965 3,9590418291715865 3,010293252929559 ), 68,14177641983778
( 0,002472248951754094 3,0503022115917777 3,963869251779366 -0,0002970089574677546 1,8953081725809044 1,9273968197318196 -1,9757029764032423 -0,05041668853011085 1,978545184841688 -2,036443636873904 1,8820707642194927 -0,027220553922895716 3,054380239127156 -0,9845345009943844 3,9590619816509656 3,0103256281913544 ), 68,1417765262857
( 0,0026659003624459514 3,0500661096014663 3,96359542657393 -0,0006849530244408256 1,8952682480952834 1,927430789703614 -1,9755672961883162 -0,050418596076948735 1,9785944571271947 -2,035732216041477 1,8817825548557845 -0,027386507076261012 3,054429856840003 -0,9847983574425614 3,95884823922657 3,0102648682413755 ), 68,1417833580377
( 0,0024169423217504666 3,0503242067257803 3,963925267504478 -0,000214146639200261 1,8953756348675492 1,9273652670641839 -1,9756818732255375 -0,050320643589756305 1,978500709313868 -2,036562845261305 1,8820292279263096 -0,027170631301857442 3,0543769851118694 -0,9845427553375419 3,9590910310548586 3,010368459900968 ), 68,14178477711359
( 0,002500119796416674 3,0503264691875174 3,9637827276171698 -0,0002821345345617974 1,8952593016464532 1,9273922734903768 -1,9756899870927465 -0,05038823886409583 1,9784680018130913 -2,036463289122414 1,8820671640327475 -0,027192956737085078 3,054263273214007 -0,984498603387429 3,959025598934294 3,0102339468313395 ), 68,14179866186036
( 0,00256820771534178 3,050338449424914 3,963742344944843 -0,00040245698168732164 1,8951621924585689 1,9274370870097752 -1,9757667289756045 -0,050574943737077174 1,9785612334913847 -2,036329592607905 1,8822137644040433 -0,027259287304102486 3,0543243217421114 -0,9844880181726996 3,9590100013867375 3,0102052870599896 ), 68,14183318197009
( 0,002588131754699622 3,050428652727969 3,9636570201789563 -0,00035585869708471603 1,8950959921907464 1,9274269968016915 -1,9757901458951503 -0,05057257953864382 1,9784580424374099 -2,0364312016766446 1,8822957867905534 -0,027205614154938534 3,0541890516996304 -0,984426813455558 3,958988172377278 3,0100936454249636 ), 68,14188734644904
( 0,0025305201571825687 3,050142914421477 3,96387425313108 -0,00040728109409352356 1,8952421589835964 1,9274419938353526 -1,9756841635377784 -0,05045192329721354 1,9786906023955173 -2,036252116684299 1,881971900408833 -0,027288831104322606 3,054421065352905 -0,9844843500084822 3,9590393572186127 3,0103563158569697 ), 68,14191296416334
Liczba wywołań funkcji celu: 10552
