Iteracja nr: 78
( 0,0021843935175040784 3,049670170209204 3,9640394744023175 -0,00032431196388726995 1,896493860336948 1,927892493864039 -1,974935502576671 -0,05188303026787003 1,978707053845697 -2,034912978431199 1,8813721655818483 -0,02900492902940591 3,0551464151566297 -0,9858106006606587 3,95926777123624 3,010244477165352 ), 68,1393967182787
( 0,002145521623197168 3,0495961111530474 3,964084692462375 -0,0002848389693485832 1,8965793015060501 1,9279051506538296 -1,9748645766685446 -0,0518681939982731 1,9787153232615955 -2,0348815527463056 1,8812510919775036 -0,02906688857903101 3,055168502577686 -0,9858492723527449 3,959288499712663 3,0102722434435245 ), 68,13941109953389
( 0,002159508924532004 3,0496871706432684 3,9640515579185442 -0,00034115079506716095 1,8965856845784992 1,9278590106561009 -1,9749078286694082 -0,05181985082520147 1,9786714350942012 -2,0348715716814074 1,8813243504447767 -0,02899602069633864 3,0552177864032375 -0,9859389053753213 3,959259657999796 3,0103034833823052 ), 68,13941223835002
( 0,0021475441071317175 3,0496563557913907 3,9640856320426954 -0,0003129671303369777 1,896582967708371 1,927886452077933 -1,9749043415501666 -0,051877021265702726 1,9787094798588045 -2,0348874416766853 1,8813252258511695 -0,029038914280526885 3,0552178080964554 -0,9858937378531124 3,959286887149003 3,010298353763888 ), 68,1394140547618
( 0,0021569287570446373 3,0496386582210797 3,9640429094236485 -0,0003280872174510304 1,896602264446003 1,9278673278234504 -1,9748642359966995 -0,051797898517781195 1,9786632802452104 -2,034843203023513 1,8812459999576863 -0,02902050859962484 3,0551882930177454 -0,9859373712590466 3,9592529886063863 3,010288496542145 ), 68,1394148417319
( 0,002145822636894682 3,0496210198013567 3,964071091650456 -0,0003064631053334955 1,8966033426009736 1,9278824986521472 -1,9748637472066044 -0,051828591182844 1,9786885639820826 -2,0348622908634413 1,881247401891981 -0,02904282872196412 3,0551919867036403 -0,9859076674202277 3,9592732278989624 3,0102915383565576 ), 68,13941493562217
( 0,002149746065769487 3,0496274057578563 3,9640571138459966 -0,00031638618325383397 1,8966082761006815 1,9278733048623948 -1,974859491109693 -0,05180643471230908 1,9786729668345178 -2,034850493592234 1,8812381682022319 -0,029031442285290716 3,055190579079332 -0,9859278231816971 3,9592621896978066 3,0102920365671064 ), 68,13941515167063
( 0,00215047901700946 3,0496686236146626 3,9640627166396096 -0,0003288045467319576 1,896601350852667 1,9278573882570604 -1,9748912558423815 -0,05179683196241415 1,9786709911687672 -2,034875344907262 1,8812891110626415 -0,028996934711689907 3,0552155769860883 -0,9859393045150426 3,9592628642258676 3,010312795073145 ), 68,13941593401655
( 0,0021431510146308385 3,049631605084462 3,9640773099235296 -0,00030779380230650373 1,8966061192383203 1,9278776386878294 -1,9748715245061839 -0,05182477905028812 1,9786892503056581 -2,0348709587372533 1,8812593914826998 -0,029034026957282178 3,0552031150251815 -0,9859132747313848 3,9592756110610376 3,010301546263348 ), 68,1394160801534
( 0,0021452488344322032 3,049650301910229 3,9640736294599885 -0,0003175047374799855 1,896605959741292 1,9278700493641352 -1,974882453110758 -0,051820682807243376 1,9786837238763704 -2,0348721031981754 1,8812786930947119 -0,029021582456750183 3,0552142454380697 -0,9859274473691026 3,959272271893935 3,0103079894568796 ), 68,13941613712416
( 0,0021460347646987403 3,0496491801799714 3,9640686577277715 -0,000319665965196851 1,8966094135137928 1,9278668549505833 -1,9748777330391651 -0,051809572330567315 1,9786773909293793 -2,034866901253356 1,8812691721360026 -0,02901829895671085 3,055211862269729 -0,9859346106581633 3,9592680029797886 3,0103079701590536 ), 68,13941648524792
( 0,0021463559376620786 3,0496580292023125 3,9640709742759097 -0,00032214029955696496 1,8966064820339272 1,9278658780576823 -1,9748861318601099 -0,05181565614692025 1,978679907407679 -2,0348717733852877 1,8812846076014802 -0,029014945560871138 3,0552183120142273 -0,9859348539261382 3,9592698010221703 3,0103109450607293 ), 68,13941660807079
( 0,0021444822198864013 3,049639159847755 3,964070669075782 -0,00031492198486470077 1,8966115655639315 1,9278709852084748 -1,9748710552162525 -0,05181278084435208 1,9786799567331839 -2,034864192757256 1,8812581807498612 -0,029026561184572277 3,055207542324428 -0,9859299604354123 3,959269796666659 3,0103049626291387 ), 68,1394167206804
( 0,002144902406750357 3,049637843812646 3,9640681467576346 -0,0003154152639530728 1,8966127844590392 1,9278693107704519 -1,9748682866638152 -0,051805797281770746 1,978676675973751 -2,0348624224769325 1,8812521739777497 -0,02902424763144115 3,0552050892559977 -0,9859322159407881 3,9592675569886158 3,0103047176401962 ), 68,13941673833489
( 0,0021438413342435188 3,049635104130148 3,964072675736682 -0,0003125514358539308 1,8966111648126658 1,927874023083863 -1,9748696501437741 -0,051818460975420956 1,9786831288391993 -2,034863897460777 1,8812566512818485 -0,029031690823541966 3,055206336533297 -0,9859257960231773 3,9592717591854916 3,010303213077841 ), 68,13941690347505
( 0,0021535845350700022 3,0496932625783706 3,96406104488801 -0,00034075358140241727 1,8965969798694027 1,9278529135085218 -1,9749098750080638 -0,05180956977147585 1,9786710449025668 -2,034877303259133 1,8813253503738567 -0,028988923366769864 3,0552324155928976 -0,9859512912726083 3,9592625651592144 3,0103182236262094 ), 68,13941736974557
( 0,002140976900365211 3,049580579176871 3,96407326445898 -0,0002879513883116035 1,8966115079683958 1,9278918510940457 -1,9748330486827363 -0,05181529529649353 1,9786894824898524 -2,0348547767914207 1,881190278084387 -0,029061304225934344 3,0551663009985885 -0,9858903776948529 3,959274224997738 3,010280925778227 ), 68,13941747259399
( 0,002146691061922472 3,049624670929137 3,9640580259209837 -0,00031422828692425676 1,8966163723417409 1,927866069724308 -1,97485274160962 -0,051780204015567655 1,978665622848899 -2,0348535986882683 1,8812203920370802 -0,029020390832468032 3,0551894365061263 -0,9859348108107762 3,9592592232264683 3,010299656029809 ), 68,13941750087704
( 0,0021412720242502217 3,0496114189787553 3,9640745127105093 -0,0003020819009376218 1,896615210331466 1,9278822146380863 -1,9748528383021005 -0,051820117715937836 1,9786863491240676 -2,034857276596397 1,8812276493739888 -0,029047846989024472 3,055192933723185 -0,9859149712057103 3,959273790466014 3,0102951257112953 ), 68,1394175064496
( 0,0021512555143437012 3,0496870894273673 3,96406408413348 -0,0003366956930594952 1,896600477728474 1,927853747973225 -1,9749050545355475 -0,05180606358674184 1,9786717796874285 -2,034878060194694 1,8813158808825676 -0,028991184222030078 3,0552307364466262 -0,9859495987791362 3,9592639199678072 3,0103192680059685 ), 68,13941751377163
( 0,0021478459486495237 3,0496724169671174 3,964068591347529 -0,00032938728753713765 1,8966061543572614 1,9278597207513437 -1,9748947572196738 -0,051811335225366115 1,9786758102500346 -2,0348736239919014 1,8812992957648977 -0,029004420635991505 3,0552268314444624 -0,9859451610990609 3,9592673263882685 3,0103164714313193 ), 68,13941756170811
( 0,0021425294835535277 3,049607001496624 3,9640694410855137 -0,0003018830256480651 1,8966153481918646 1,9278792699196723 -1,9748470451788864 -0,05180459837706492 1,9786804465805214 -2,0348557232915327 1,8812140915571143 -0,02904220246148658 3,0551849744226973 -0,9859151270436394 3,9592693149301135 3,0102935758771427 ), 68,13941757654372
( 0,0021460980398680762 3,049657173947349 3,964068290283809 -0,000323706523367812 1,8966112637657058 1,927863255726444 -1,974882026016328 -0,05180731289449743 1,9786751617833525 -2,0348671289800393 1,881276727430532 -0,0290132374753768 3,0552185312189 -0,9859425751442262 3,959267015744048 3,0103123223186277 ), 68,13941758598484
( 0,002142961880173903 3,049633244933631 3,9640719050519833 -0,0003124930816843366 1,8966153156484562 1,9278724478245155 -1,9748659166700513 -0,05181218104098264 1,9786802390763263 -2,0348613100629676 1,8812494329366511 -0,029031047907752894 3,0552063521943427 -0,9859305578420983 3,959270404896168 3,010304599680835 ), 68,13941763341217
( 0,002148293504092989 3,0496715524125824 3,96406601105584 -0,00033039325425755057 1,8966077688536709 1,9278582282876304 -1,97489221696566 -0,05180576012391184 1,9786726696800871 -2,034870920641514 1,8812941931908491 -0,029002912135790728 3,055225330859927 -0,9859484825542675 3,959265151872183 3,0103162617147583 ), 68,1394177456466
( 0,0021428161431552243 3,049638925994213 3,9640699981270866 -0,00031672955552754256 1,8966203020082522 1,9278705996704761 -1,974866875919649 -0,0518143569615211 1,9786770748624627 -2,0348555901121377 1,8812536903167132 -0,029031995315794375 3,0552131958095963 -0,9859424802403214 3,9592691031462843 3,0103066315240885 ), 68,13941774834117
( 0,002148066028190826 3,0496693037473004 3,9640659328244525 -0,00032966228861089114 1,896608578864973 1,9278589588508486 -1,9748903581690116 -0,051805947561192535 1,9786727147862797 -2,0348695722463614 1,881291142402988 -0,02900472997849792 3,0552243015631797 -0,9859482757634381 3,959265171208657 3,0103154869851094 ), 68,13941775029363
( 0,0021429383277337664 3,049645551079346 3,964073519725396 -0,0003175808070511151 1,896616088176282 1,927870810330788 -1,9748748962665352 -0,05182148241006596 1,978681319003905 -2,0348619734803832 1,8812680565261095 -0,029029636890047485 3,055217984137556 -0,9859387947862464 3,9592718417592305 3,0103088991246394 ), 68,13941777207353
( 0,002145346746854317 3,0496523850568376 3,9640685547934638 -0,00032190362631812585 1,8966133319491414 1,9278646098347096 -1,974878022100849 -0,0518070789065737 1,9786752624753012 -2,0348647356430822 1,8812699538652136 -0,029016767504666214 3,0552165917443808 -0,9859422225439235 3,959267206300423 3,0103111681401296 ), 68,1394177968662
( 0,0021458987747885283 3,049666398882877 3,9640713967707764 -0,0003255878272695211 1,8966087434049776 1,9278612212382882 -1,9748905201886249 -0,05181010290179375 1,9786771927112543 -2,034874020985612 1,8812913311139887 -0,029007625645694098 3,055225051938339 -0,9859426844043045 3,9592688561048286 3,0103166996810917 ), 68,13941780855913
( 0,00214867726126081 3,04967403752457 3,9640655823132884 -0,0003315593965198728 1,8966071827974935 1,9278573095082296 -1,9748939473015261 -0,05180532285408479 1,9786721757131571 -2,0348715793474734 1,881297120863712 -0,029001040742478442 3,055226473210931 -0,9859495435042114 3,959264789203488 3,0103169637967153 ), 68,13941781196438
( 0,002146482995362809 3,04965998040735 3,964067126587588 -0,00032557193541419356 1,8966118747703629 1,927861693329097 -1,974883104676758 -0,05180548700058121 1,9786735186718605 -2,0348664208749794 1,8812785783951609 -0,02901107927386647 3,055220213896302 -0,9859460000898091 3,9592659816054487 3,0103133960123367 ), 68,13941784037011
( 0,002149431273328321 3,0496793746724147 3,964065406082218 -0,00033361176379419997 1,8966051490901077 1,9278559160561812 -1,9748983716774333 -0,051806101260707935 1,9786721719987987 -2,0348739508473996 1,8813047876678217 -0,028997522485843346 3,0552289842447897 -0,9859502767255073 3,9592646823674498 3,0103183053530866 ), 68,13941784875196
( 0,002146222570540169 3,0496477242965683 3,964064509116746 -0,00032252282356456214 1,8966153944549828 1,92786501372221 -1,9748724483742703 -0,051803992527355444 1,9786722072848444 -2,0348580331697725 1,8812605783666592 -0,029019579928286496 3,05521275461579 -0,9859451695378394 3,9592646092388324 3,0103081415107193 ), 68,13941807410006
( 0,0021487167828253178 3,049675264700139 3,964065800363013 -0,00033256616954328725 1,8966077135208175 1,9278581486612973 -1,97489495711108 -0,05181008133324984 1,9786730850814618 -2,0348697769081148 1,8813003504963988 -0,029003458159281056 3,0552288615580863 -0,9859513492120152 3,9592653515553713 3,010316828534705 ), 68,13941815521397
( 0,002145178029536576 3,0496522957430225 3,9640672218236657 -0,00032269751779101025 1,8966157380270035 1,9278628918759448 -1,9748761067906984 -0,051801845723176046 1,9786725895518382 -2,0348629209110993 1,881265970621973 -0,02901506987692768 3,0552167010643045 -0,9859461971655632 3,959265689467226 3,0103122086970933 ), 68,13941829098067
( 0,0021498325792842464 3,0496801026003686 3,9640630971297135 -0,00033523790897463244 1,896606889028082 1,92785389410461 -1,9748969538477208 -0,0518006364918157 1,978668998663471 -2,0348716984029815 1,8813016769062716 -0,02899514595597448 3,055228892758997 -0,9859546298890652 3,959262583011151 3,010318985442802 ), 68,13941833120305
( 0,002146256571815842 3,0496666824505256 3,9640685014694785 -0,00032765691666331725 1,8966117488884475 1,9278593593971034 -1,9748880896202958 -0,051805200464842556 1,9786734612070216 -2,0348696645156785 1,8812870427510875 -0,029006604935068233 3,0552254249118986 -0,9859490327136411 3,959266427370823 3,010317110857429 ), 68,139418411668
( 0,002148482776011549 3,04967886698788 3,9640667882166647 -0,00033322552199741625 1,8966072713419329 1,927856184182219 -1,9748976984803748 -0,051807205367389135 1,9786727073840458 -2,034873168930461 1,8813040753977082 -0,02899913037375419 3,055230927039062 -0,9859520347498915 3,9592654447741613 3,010319430451318 ), 68,13941848921993
( 0,0021441015947245745 3,049651320209309 3,9640714070100387 -0,0003209156172906885 1,8966150527074588 1,9278666937201987 -1,974878068448721 -0,05181379521545313 1,9786781595093996 -2,0348638009904376 1,881271644782872 -0,029021583893643333 3,0552196007120482 -0,9859424262572783 3,959269476268235 3,010311685388243 ), 68,13941857549288
( 0,002147120860756829 3,0496718321790235 3,964067886909971 -0,0003301036335966146 1,896610152641339 1,9278580650928696 -1,9748921012212692 -0,05180635985605168 1,9786732203478954 -2,034870831100239 1,8812942711836798 -0,029003744905196263 3,0552281300053736 -0,9859507110900125 3,9592660749569872 3,0103182294088526 ), 68,13941860490756
( 0,0021411233378183002 3,0496208566110723 3,9640724996906904 -0,0003077230163939579 1,8966202189227834 1,9278758127318534 -1,974855673578114 -0,051810908390246393 1,9786804297755474 -2,0348556555248885 1,8812318338679923 -0,029039580682048986 3,0552008442519405 -0,9859290250181837 3,959270802772136 3,01030155393745 ), 68,13941862472569
( 0,002152946462987272 3,0496984316868825 3,9640615494583433 -0,0003431343043503009 1,8965997839455273 1,9278501561225865 -1,974912131085329 -0,05180710579947422 1,97866930784889 -2,0348773827799564 1,8813292639403658 -0,028985598287040924 3,0552378707871175 -0,9859580161191499 3,9592621301316364 3,0103221795762503 ), 68,1394186963748
( 0,0021459139999386386 3,049662201356049 3,964066653374794 -0,00032736065244834596 1,8966154329278837 1,9278594040760246 -1,9748826543359892 -0,05180149624399445 1,9786710566256012 -2,0348645074052905 1,8812776157551263 -0,029009121272735177 3,0552235089014443 -0,985952618085553 3,959264879503886 3,0103161339081907 ), 68,13941903544357
( 0,002144997989420295 3,049650427066568 3,964065463390021 -0,0003233820881415935 1,896619010505449 1,9278621530076294 -1,9748726266108878 -0,05179835664139535 1,9786700595208688 -2,034858724323688 1,881259987276686 -0,029015992805715714 3,0552164261972568 -0,985950794113582 3,959264135451034 3,0103121974837146 ), 68,13941903654064
( 0,002139140680194618 3,0496026234189784 3,9640746985843354 -0,00029912761421827845 1,8966222296603203 1,927882980837113 -1,9748436351457457 -0,05181475248921939 1,97868424749918 -2,034851606000471 1,8812114053773916 -0,029052883590619354 3,055190474141006 -0,985918669309044 3,9592731955977998 3,0102948589161844 ), 68,13941909840827
( 0,0021440164835351268 3,0496677670220973 3,9640749590914686 -0,0003254847238278788 1,8966123889067117 1,9278619801615224 -1,9748915090093175 -0,051815713462060896 1,978679336808124 -2,0348732556494933 1,8812947320692983 -0,029011077966511634 3,0552311416579894 -0,9859464736972379 3,9592711720012783 3,010319486695172 ), 68,13941910676611
( 0,0021408375503169327 3,0496475487768766 3,9640769617615748 -0,0003161128930683802 1,8966183415250844 1,9278662993538203 -1,9748756532666372 -0,05180847611790903 1,9786796789201246 -2,0348691279308544 1,88126532708303 -0,029020586773368988 3,055219901934307 -0,985939767960817 3,959271974512743 3,010315504872341 ), 68,1394191433206
( 0,0021485150816596874 3,04967567764555 3,964061667567061 -0,00033489179709043904 1,8966136627271843 1,9278528690080905 -1,9748901127562324 -0,05179420880466822 1,9786651733331 -2,034865643016575 1,8812897163447646 -0,028997311523889333 3,0552285527535377 -0,9859618921601364 3,9592607941670543 3,0103196942205357 ), 68,13941916246463
( 0,002144469013059761 3,0496606322193127 3,9640693856386973 -0,0003257881859866891 1,8966174502544455 1,9278609779906324 -1,974881947485339 -0,05180574153879926 1,9786731694355626 -2,0348642938401444 1,8812774400855814 -0,029012893276638006 3,055225533694155 -0,9859525996110686 3,9592668598573555 3,0103168008400454 ), 68,13941930837699
( 0,0021408032178332156 3,0495879288396552 3,964070428375533 -0,00029429443017575815 1,896618702913803 1,9278863171326912 -1,97483352430918 -0,05180782340815404 1,9786833155801749 -2,0348485846170568 1,8811913474831008 -0,029056531300022337 3,0551748302117683 -0,9859073657775858 3,959270805876185 3,0102866359307066 ), 68,13941946837863
( 0,0021396782335099786 3,0496108060143623 3,9640731531657893 -0,0003037285482040729 1,896623784512311 1,9278788478299673 -1,9748476582744938 -0,051810788617024685 1,9786810063225702 -2,0348513184081205 1,8812182020409427 -0,029046828870538943 3,0551963126936945 -0,985927124011464 3,9592713591235937 3,0102988494923473 ), 68,13941951214143
( 0,002140649948109139 3,0496251733270316 3,9640715968728117 -0,00031075662416534395 1,8966244490373478 1,9278725903179985 -1,974856144294781 -0,05180643489243686 1,9786771260533085 -2,034853251772786 1,8812326637846077 -0,02903654247290115 3,0552058687747055 -0,9859382218660705 3,959269265632597 3,0103052319686783 ), 68,13941981113663
( 0,0021422618429423534 3,049631186804402 3,9640683920725146 -0,0003145802992952043 1,8966231660892356 1,9278686708409543 -1,9748591868357506 -0,05179961712696966 1,9786734193263968 -2,034853977944914 1,881236556470693 -0,02902907420808862 3,0552070018671134 -0,9859423750023205 3,959266449339691 3,0103070232678992 ), 68,13941988168827
( 0,002143109293295123 3,0496459034464496 3,9640685473461748 -0,000321139232810208 1,8966226411180869 1,9278653914787027 -1,9748696444996747 -0,051805657440113846 1,9786730563801542 -2,034855556937726 1,88125687751133 -0,029024014922110552 3,055218416051362 -0,9859512985787802 3,9592666412280737 3,010311826928539 ), 68,13941994032403
( 0,002151761533691624 3,049699364833818 3,9640595337132085 -0,0003440129150320221 1,89660573194638 1,9278433374065802 -1,9749080232178629 -0,05178616101251255 1,978661455644445 -2,0348778462968187 1,8813179759054794 -0,028975462286098232 3,0552376454568897 -0,9859668256239981 3,95925816058635 3,010327615391587 ), 68,13941998494526
( 0,0021484469661896912 3,049683288553729 3,9640626096260494 -0,0003379429921449541 1,8966140753926832 1,9278503516791892 -1,9748954138217465 -0,05179469737038638 1,9786648208047162 -2,0348676317756254 1,88129917098513 -0,028993147625101738 3,055234950034572 -0,9859667750462298 3,9592609772973315 3,0103236323361036 ), 68,13942034079133
( 0,0021422818291667884 3,0496230100050625 3,9640624882404754 -0,0003144181340521224 1,8966298784331224 1,9278675172471782 -1,974847890822901 -0,05178827147261127 1,978666176141039 -2,034843944281109 1,8812163974085663 -0,029031536930694227 3,0552009830874307 -0,9859499901493897 3,9592618170387395 3,0103042368666415 ), 68,1394204860712
( 0,0021474549618022906 3,0496549765150776 3,964055949092314 -0,0003309940724675037 1,8966240903425062 1,9278564364904378 -1,9748693655208691 -0,05178622209328145 1,9786596270715173 -2,0348479670861956 1,8812542900872355 -0,029010746454627274 3,0552175889685986 -0,9859674313015632 3,9592568005976854 3,0103126479424245 ), 68,13942049174982
( 0,0021516856462555417 3,0496997755707618 3,9640597144679615 -0,0003455111738474455 1,8966076530929699 1,9278456990601194 -1,9749082467125365 -0,0517959835038584 1,9786632007954221 -2,034872627065093 1,8813215858053658 -0,028982139004889194 3,055241541385241 -0,9859705820955887 3,959259205052419 3,010326543236812 ), 68,13942060273138
( 0,0021333649281347817 3,04962198972112 3,96409148881694 -0,00029887984811009685 1,8966237350519008 1,9278784776084106 -1,9748622389482537 -0,05182171299366892 1,9786929146295142 -2,0348720372794626 1,8812429092158798 -0,029042282790656886 3,0552130593380347 -0,9859207592872182 3,959282455809232 3,010312343113704 ), 68,13942061275665
( 0,00215339190794887 3,0497148616297562 3,9640623353429008 -0,00034974578546356365 1,896599613965336 1,9278450494701636 -1,9749234899840367 -0,05180876505470432 1,978668002883782 -2,034881422671123 1,8813498878419503 -0,02897684648170063 3,0552500814621135 -0,9859676790812933 3,9592620773288814 3,0103291205078144 ), 68,13942066669343
( 0,00215357944961911 3,0497071251788404 3,96405475567068 -0,0003500459131660394 1,8966069557206504 1,9278397358347388 -1,9749107927114293 -0,051783568811820314 1,978656604500717 -2,034873630549402 1,8813237222541463 -0,0289712105433708 3,055241775430858 -0,9859769431675312 3,9592547667820286 3,0103288795592587 ), 68,13942082798033
( 0,0021341141035665892 3,0495882473325113 3,964087490875936 -0,00028683709863952566 1,896621913007743 1,9278918848313755 -1,9748396169764595 -0,05182803482135968 1,9786968909743736 -2,0348593514890103 1,8812047008513706 -0,029065883057786814 3,055187353668199 -0,98590030765422 3,9592825389024635 3,0102937427733614 ), 68,13942084501517
( 0,002137910817341092 3,049611931333148 3,964075971791609 -0,0003037568136350228 1,8966276570457083 1,927878299673676 -1,9748478530640041 -0,05181163331468728 1,9786816915065695 -2,0348509837949202 1,8812190079692626 -0,02904776785851649 3,0552013242349716 -0,9859314072249894 3,9592726665606994 3,0103022757867812 ), 68,13942100777392
( 0,002152455755136322 3,049706437535761 3,9640627514182523 -0,0003479766213872631 1,8966037026966032 1,9278502645655278 -1,9749170562531233 -0,05181890535197079 1,9786705440466492 -2,0348724305557218 1,8813421035670266 -0,028989774305869666 3,0552494895663442 -0,9859688573806666 3,95926348971382 3,0103252043937037 ), 68,13942102317864
( 0,002153774303646348 3,04970831109334 3,964052393982157 -0,0003515398528453666 1,8966091635816378 1,927836923293813 -1,9749092320808086 -0,05177588097339458 1,9786525727132223 -2,0348721148448954 1,8813199325037138 -0,02896744909648987 3,0552416058523035 -0,9859819120139871 3,959252386184709 3,01033017152987 ), 68,13942119271682
( 0,0021448122628691976 3,049661875194397 3,9640629915654673 -0,00033001201462985996 1,896624877465215 1,927854161784675 -1,9748760522368731 -0,051786242455193324 1,9786626639072522 -2,0348573700427592 1,881264753389259 -0,0290052994847052 3,05522556680042 -0,9859674150714389 3,9592604225233936 3,0103200426906693 ), 68,13942123048359
( 0,0021565791378981083 3,049725208810784 3,96405676178202 -0,00035590650978444867 1,8965955511881618 1,9278390468571631 -1,9749295719594464 -0,0517988627653356 1,9786624570429576 -2,0348837930032797 1,8813582263296624 -0,028964279703038755 3,055250853116982 -0,9859722252167328 3,9592575825171354 3,010331043615141 ), 68,1394214930343
( 0,0021356706253950783 3,0495741949319224 3,9640798524152214 -0,0002852933836573899 1,8966249888819604 1,9278952746149731 -1,9748259787682207 -0,051824630793940785 1,978692356461305 -2,0348459493189726 1,881182046255657 -0,029075374056995923 3,0551757515241347 -0,9859011900329377 3,9592783057011074 3,010284718524264 ), 68,13942149451674
( 0,0021369335871263243 3,049592745038418 3,9640750723189213 -0,000296623693877148 1,8966303723156483 1,927885682875422 -1,9748337842172234 -0,051815568227617036 1,978683559682569 -2,0348423787463457 1,8811959365743924 -0,029062827231677055 3,055189612330158 -0,9859238079947512 3,9592733336075634 3,0102934614989136 ), 68,13942166301965
( 0,002148910210251616 3,0497056478392617 3,964068246082055 -0,0003440902654508872 1,89660787748445 1,927846583229873 -1,9749157162956803 -0,05180582729562093 1,9786696812073392 -2,034880326323406 1,8813357110687596 -0,02898268894057276 3,0552510441116887 -0,9859688412611137 3,9592648518357705 3,010332228703486 ), 68,13942202148017
( 0,002139752244940444 3,049644982864287 3,964074233779976 -0,000319368934460694 1,8966288119292913 1,9278662624184828 -1,974868697499688 -0,051809744254642645 1,9786757305870868 -2,0348551115247266 1,8812564545247772 -0,029028472826821656 3,0552252379485485 -0,9859555355189795 3,959269873300335 3,010316157752375 ), 68,13942210034317
( 0,002155511101411304 3,0497304098659117 3,9640622314483585 -0,00035531643970278405 1,89659312540829 1,9278404686213475 -1,9749366595353768 -0,05180896621161246 1,9786680067759186 -2,0348899571040975 1,8813718505670107 -0,028964938889726045 3,055256846540253 -0,9859686275280816 3,9592617713087774 3,0103336144575534 ), 68,13942212090984
( 0,002140936110968067 3,0497000445014075 3,964093903496553 -0,00032693322033095244 1,8966002273293503 1,9278554074225847 -1,97492555025824 -0,051825590004383075 1,9786923955340043 -2,0349098732018858 1,8813506820792076 -0,028987806057214637 3,055254700307703 -0,9859360097350194 3,9592823560383787 3,010338739876851 ), 68,13942228762234
( 0,002132982649219931 3,0495639057962016 3,964084672998164 -0,000278426329426889 1,8966268706741447 1,9278997863309655 -1,97482014623005 -0,0518283623667998 1,9786966471423622 -2,03484706602327 1,8811720654834476 -0,029083276496034607 3,055171776923206 -0,9858935556995879 3,9592818515323276 3,0102828612453307 ), 68,13942241560596
( 0,0021370465345617847 3,0496208202263504 3,9640762588452323 -0,00030853499299153265 1,8966328584834085 1,9278738553806456 -1,9748515023732307 -0,05180873582191566 1,9786786180353761 -2,0348494159726633 1,8812259034448928 -0,029043197571245054 3,0552111957105947 -0,985944184254876 3,959271686656777 3,0103086630524865 ), 68,13942266151284
( 0,0021379420629888683 3,049630826389989 3,964072195605367 -0,00031435567593969885 1,8966356558653454 1,9278665962861676 -1,974854590917543 -0,05179619534511153 1,9786710902541509 -2,034849123868902 1,8812296737587995 -0,02903207360650574 3,055216045081787 -0,9859564267354495 3,959267394070172 3,010313769286974 ), 68,13942269927088
( 0,0021556491111760665 3,04972602595507 3,9640557050875747 -0,00035724186149389397 1,8966007318482976 1,9278359384797625 -1,974926957314431 -0,05179079586932826 1,978658345092925 -2,0348811614130966 1,881352833054757 -0,028961545420298475 3,0552530734992693 -0,9859802406106184 3,9592556697899175 3,0103341061138678 ), 68,13942271893104
( 0,002138843239718238 3,049647356724047 3,964075219814225 -0,00032090403510765425 1,896632382937206 1,9278661096569623 -1,9748693315989243 -0,05181344316445014 1,978675755428983 -2,034852292474155 1,8812593218816183 -0,029030810540798143 3,0552305911216444 -0,9859616382117441 3,9592705010377225 3,010318125960085 ), 68,13942311472533
( 0,0021364509058179196 3,0496169592794313 3,9640725857888697 -0,0003078709655123578 1,896637856340286 1,9278689137402625 -1,9748439918297285 -0,05178826853029904 1,9786706613388956 -2,0348478096704006 1,8812089034341537 -0,029036133857731444 3,0552060754553345 -0,985949713813244 3,9592671741428864 3,0103104852103137 ), 68,1394231756833
( 0,0021424471626394427 3,0496780974673467 3,964073423633713 -0,00033475650648366134 1,8966264424556023 1,9278594400773033 -1,9748924626934257 -0,0518250081780046 1,9786749783775608 -2,0348575764577963 1,8813030447299215 -0,02901786450422697 3,0552500634754445 -0,9859750201481501 3,9592699142724723 3,0103255707748495 ), 68,13942339076723
( 0,0021472877134893808 3,049696503121295 3,9640621688226756 -0,00034492670616582147 1,8966217429422032 1,9278421204846654 -1,9749001382520077 -0,05178454409294608 1,9786584017135564 -2,034866582809068 1,8813067221431514 -0,02898294632254273 3,055247976887444 -0,9859858089607948 3,9592583856020482 3,0103337552645466 ), 68,13942426255713
( 0,0021449390212714974 3,0496792985841683 3,9640645514121116 -0,00033935822188874154 1,8966283294116846 1,9278525452804829 -1,97488801389044 -0,05180335835894588 1,978664356823174 -2,0348529245024176 1,8812914267943666 -0,02900698129900932 3,055245141127758 -0,9859839674533265 3,9592621506673384 3,0103261782378232 ), 68,1394243093493
( 0,0021449291186465907 3,0497049997863517 3,964077160162175 -0,0003423743666656755 1,8966144055420893 1,9278533262129038 -1,9749173322399547 -0,051831193151489 1,978678818408026 -2,0348757669022217 1,881345298705709 -0,028999464649596695 3,0552636822034818 -0,9859728591750838 3,9592723376104906 3,0103341614919708 ), 68,13942434017447
( 0,0021537904771624754 3,049726308113631 3,964056777184123 -0,00035797937896196356 1,8966072463423196 1,9278342053810713 -1,9749245221664145 -0,0517874525598032 1,9786563040020464 -2,0348779072351726 1,8813488780314327 -0,02896209702638366 3,0552577466742816 -0,9859886525604672 3,9592553939885846 3,010337768769798 ), 68,13942460665236
( 0,0021386175895699577 3,0496346039771702 3,964067020630482 -0,0003199017533706154 1,8966419250049533 1,9278625586438736 -1,9748521878576664 -0,05178929966441744 1,9786641830233007 -2,0348404411065784 1,8812262256705208 -0,02902992835282538 3,0552201728252624 -0,985971344955311 3,9592630429171183 3,0103158362378983 ), 68,1394246473642
( 0,002151109619419913 3,049716602735736 3,9640588407685513 -0,00035395796969606825 1,8966139723428452 1,92783618886343 -1,9749157615543975 -0,05178517983471067 1,9786563162575639 -2,03487322657216 1,8813337114702773 -0,028968925277516044 3,0552559255141998 -0,9859902938595383 3,959256229393177 3,0103376355641824 ), 68,13942502085732
( 0,002132740603788934 3,0495680529218467 3,964081444268194 -0,00028437909432947226 1,8966353391371313 1,9278965596126207 -1,9748181629439137 -0,05182580699161211 1,9786914119871644 -2,0348367180204123 1,8811705374050571 -0,029084088733375795 3,0551798402110517 -0,9859110565675696 3,959278814205362 3,010286390351252 ), 68,13942504805364
( 0,0021468738086034495 3,0497017850408743 3,9640634531831402 -0,00034741547969656335 1,8966234017143706 1,9278414615778523 -1,9749037626849206 -0,05178931583037014 1,9786591348092901 -2,034865811502471 1,8813146334084327 -0,028983272543696297 3,0552545791074075 -0,9859910512460902 3,9592592696471516 3,010336411249944 ), 68,13942566941965
( 0,0021540219355012337 3,0497322687240667 3,9640571248200303 -0,00036016847342710845 1,8966065767126519 1,9278318483451762 -1,9749288276311494 -0,051786060059735184 1,9786556693640704 -2,0348805859438466 1,8813559104136361 -0,028957378131563155 3,0552614888758693 -0,9859911856095378 3,959255195565804 3,0103406340725667 ), 68,13942568640289
( 0,002143428763602636 3,049664896944696 3,9640570242782154 -0,00033661258168034345 1,8966402834499367 1,9278459776859216 -1,9748681142177975 -0,05176717474158923 1,978649929981971 -2,034844041685648 1,8812504350220123 -0,029000584176490495 3,0552329161018803 -0,9859944643255026 3,95925361586255 3,0103268506346694 ), 68,13942609124528
( 0,0021532696981339965 3,0497227006244527 3,9640514791287176 -0,0003602739380217797 1,8966164668106356 1,9278297654174819 -1,9749152659258036 -0,05177121249741363 1,9786473302386123 -2,0348683852541583 1,8813312526329813 -0,028959869652755276 3,0552567448401162 -0,9860024218496827 3,9592500100861687 3,0103395930776617 ), 68,13942675101929
( 0,002150136287133586 3,04971099823225 3,9640552907279614 -0,0003560530001699599 1,8966243571469759 1,9278367994663217 -1,9749063834661398 -0,05178498091230886 1,9786518838090077 -2,0348583923765196 1,8813203144822823 -0,028977849527594777 3,0552582389055005 -0,9860043886219765 3,959253674798119 3,010336672359351 ), 68,13942710329982
( 0,0021520671901390947 3,049730633859436 3,964058585588728 -0,00036003516622085254 1,8966128347603537 1,9278312710172256 -1,9749255026796875 -0,051784426167047176 1,9786546086518484 -2,03487690169468 1,8813506631909198 -0,028959865487704732 3,055265171180086 -0,9859979113375211 3,9592554193269973 3,010343331983547 ), 68,13942740313642
( 0,0021405998735017327 3,04966848242 3,9640647958543505 -0,0003358308540480717 1,8966426906763778 1,9278475818724417 -1,9748731043857857 -0,05177802843300546 1,9786561296470084 -2,0348473547219026 1,8812609669846083 -0,029004264800495328 3,055242894396145 -0,9859955117360536 3,9592587649565147 3,010332004239859 ), 68,13942829457555
( 0,002127972186998693 3,0495366049154713 3,9640863092914698 -0,0002689900266961183 1,8966420072739183 1,9279064036768965 -1,974795873516739 -0,05182457590268431 1,978695943895592 -2,0348311018918213 1,881130859172026 -0,029103400833294796 3,055163061887749 -0,9858963056042146 3,959282406815376 3,010278223068592 ), 68,13942969691401
( 0,002127013877938436 3,049549170423751 3,9640848339539096 -0,00027550269391745015 1,8966491858279204 1,9278959803713083 -1,974799440374079 -0,05180566953371979 1,9786872230458292 -2,0348322594884016 1,881133941424481 -0,02908820436762711 3,0551731920848173 -0,985914392939277 3,959278273141175 3,010289188529417 ), 68,13943037118094
( 0,0021219694171933307 3,0495255836554707 3,964095904576035 -0,00026091136659377943 1,8966511414827636 1,927911104004107 -1,974788278704842 -0,05183061085699143 1,9787015558700165 -2,0348305470600314 1,8811190246695773 -0,02911530803084722 3,0551660003128815 -0,9858950341237713 3,9592884092873546 3,010280870342733 ), 68,1394334989589
( 0,0021266947058669002 3,0495222329920533 3,9640799566424563 -0,0002674627187832584 1,8966540024346599 1,9279046789521728 -1,9747776789274385 -0,051805944451086064 1,9786862854907226 -2,034816700581219 1,8810975597664426 -0,02910751590305631 3,0551552401218305 -0,9859076402374469 3,959276472570808 3,010276142640568 ), 68,13943466406423
Liczba wywołań funkcji celu: 15979
