Iteracja nr: 81
( 0,002236944026618102 3,049660797544735 3,963946924848015 -0,0003511007518607293 1,8964082665873585 1,9279015404256323 -1,9749324191337474 -0,051875953935078295 1,978675568073572 -2,034879859511167 1,8813666668615174 -0,02899014852942276 3,0550407017265377 -0,9857520300655699 3,959222006083938 3,0101559821666286 ), 68,13938596589418
( 0,0022305660584271262 3,049627330445737 3,963949814550858 -0,0003374811162738093 1,8964246274346679 1,9279083881864616 -1,9749033621180683 -0,05186554663505304 1,9786743285942672 -2,0348660682520654 1,8813151438476867 -0,02901003025134217 3,0550270186476536 -0,985750704723553 3,959222796540406 3,0101509769346633 ), 68,13938608532973
( 0,0022278982793136064 3,0496760109697645 3,9639633284055624 -0,0003519257480679761 1,8964240513973054 1,92789351986356 -1,974941341112361 -0,05187111089589087 1,9786779061756472 -2,034890135068334 1,8813810215791722 -0,028981447525844122 3,0550685248456073 -0,9857715324073265 3,9592287486686035 3,010178972406222 ), 68,13938677692171
( 0,0022433001816809747 3,0496873864305027 3,9639426061450234 -0,00036174397345761604 1,8963918860688507 1,9278952823869338 -1,9749558964648146 -0,05187998746744997 1,9786752977344308 -2,034893171129916 1,8814068014745176 -0,028970691069902386 3,0550473252336205 -0,985749331472933 3,9592200422416024 3,01015837568796 ), 68,13938702703243
( 0,002256928756285641 3,049665632606728 3,9639175177483112 -0,0003596068459632928 1,8963666097535736 1,9279030592657034 -1,9749427418055638 -0,05187265738539123 1,978668577127284 -2,034884265737369 1,8813812214580747 -0,028973486072056794 3,0550020399044455 -0,985717672863814 3,9592080490813375 3,0101266035735845 ), 68,13938708948405
( 0,002219702214698794 3,0496758214167126 3,963965993678574 -0,00035490787649144237 1,896454143216057 1,927882227356064 -1,97492740351685 -0,051842228609798126 1,9786643406724567 -2,0348769291364253 1,8813546383053708 -0,028977153847851374 3,055085540457295 -0,9858101890881527 3,9592246942591838 3,0101967609778426 ), 68,13938722131137
( 0,002220771089225317 3,049656860685343 3,963974682996159 -0,00034043801059808175 1,8964346718858072 1,9279008426664535 -1,9749285414699609 -0,051877402785510555 1,9786856038291984 -2,034887795915664 1,881359654053711 -0,02899840064795313 3,055068111429403 -0,9857664175449794 3,959235862806973 3,010180165504439 ), 68,13938762709518
( 0,0022294377859126678 3,049682690864314 3,9639674221414696 -0,00035129629612921774 1,8964128773829543 1,9278968125484868 -1,9749530409662863 -0,051886405763063775 1,978686211577483 -2,034900734525766 1,8814025088689061 -0,028980699897803677 3,055069873759066 -0,9857579253044425 3,9592333157142345 3,01017738169055 ), 68,13938786382803
( 0,0022156481001812172 3,049667810323644 3,9639813853286516 -0,00034396822733530233 1,8964481361930228 1,927893771899259 -1,974931999904364 -0,05187040831631783 1,97868275694633 -2,0348885874183456 1,881365519525371 -0,028992310093353714 3,0550869507150926 -0,985787013765658 3,9592373239691088 3,0101949429934516 ), 68,13938819397045
( 0,00222007228566267 3,0496710456032123 3,9639734846688413 -0,00034903396110093544 1,8964428455561706 1,9278936211131226 -1,9749338409721149 -0,05187243162129823 1,9786797095952549 -2,0348834352090215 1,8813699749390085 -0,028991262003569326 3,0550831880703266 -0,9857879446701636 3,959233319583196 3,010189434050618 ), 68,13938820231678
( 0,0022234016735124167 3,049675892330012 3,963977810448686 -0,0003448083722180301 1,8964217225638913 1,9278989803804107 -1,974948573391677 -0,05188865782091869 1,9786912911012038 -2,034903015007578 1,881394741490702 -0,02898744293090969 3,055075777706431 -0,9857584836413958 3,959239032410207 3,010183400181488 ), 68,13938837999872
( 0,0022174087396480344 3,049667871562395 3,963984511109057 -0,00034058591798428247 1,8964360215478089 1,9278993158388995 -1,9749392720584393 -0,051885252930998264 1,9786914234058157 -2,034897864438726 1,8813790081121973 -0,028994935970833663 3,055082207590578 -0,9857684049150109 3,9592416977968656 3,0101896175277525 ), 68,13938846058221
( 0,0022200151567316855 3,0496875754835253 3,963977082110459 -0,0003530735597864507 1,8964393133563144 1,9278877790979598 -1,9749474380528795 -0,051870059327776115 1,978680215039174 -2,0348952999502816 1,8813918770869211 -0,02897763616904189 3,055093327539462 -0,985790448396138 3,959234600774029 3,010197938217738 ), 68,13938877864895
( 0,002211331680690571 3,049663175441109 3,963989737968798 -0,0003388100809077287 1,8964531860833138 1,927896203866646 -1,97493000394027 -0,051874865105492 1,9786879005843006 -2,0348915155015144 1,8813623892901308 -0,028997920039102704 3,0550912792710085 -0,9857852147958261 3,959242350833725 3,0101988515915323 ), 68,13938888464172
( 0,0022280629192586838 3,0496575409642888 3,9639734699389133 -0,00033755796182740916 1,896406768558993 1,9279126115618355 -1,9749425758824732 -0,05190934424936805 1,9786999920947839 -2,034899820777061 1,881387288387071 -0,029004950937470016 3,05505414444791 -0,9857302871641865 3,9592409132654898 3,010163519604072 ), 68,13938901641187
( 0,002221943087993798 3,0496823461584657 3,963981321046062 -0,00034628619540854705 1,896423824389762 1,9278968297825314 -1,9749532983903837 -0,05188950889809999 1,978692197023964 -2,034906262085272 1,8814030614746367 -0,02898429411980383 3,0550835449442606 -0,9857630629517973 3,9592406337217985 3,0101888825282237 ), 68,13938902703995
( 0,0022182387487713626 3,049656750196824 3,963988512750146 -0,0003316521000745711 1,896423984924516 1,9279077682060894 -1,9749391584870344 -0,051896782017257496 1,9787013209494793 -2,0349070020607702 1,8813781071124993 -0,029001783953229287 3,055069140119346 -0,985741861207229 3,9592466620451416 3,0101808475931624 ), 68,13938914783567
( 0,0022218820376392954 3,049675957637531 3,963984326457478 -0,0003412432213785511 1,8964184997144142 1,927902347960023 -1,974952966316495 -0,051899036050669804 1,9786984274542991 -2,0349100009260486 1,8814031567858607 -0,028990591845637972 3,0550779206131446 -0,9857496794736919 3,959244126329179 3,010184109784329 ), 68,13938924208125
( 0,0022129650405816204 3,0496696275276367 3,96399294638809 -0,00033815092941930205 1,8964422729563188 1,9278982261311846 -1,9749407862193706 -0,051885438540709386 1,9786945348801104 -2,034902614905985 1,8813811934058582 -0,028994748460303883 3,0550912839370254 -0,9857720758592381 3,959245886896553 3,0101976550806877 ), 68,13938935659333
( 0,0022067062176716412 3,0496608405011094 3,9639992406670372 -0,00033317405993245244 1,896457089340571 1,9278968409769983 -1,9749300884448202 -0,051875057961471814 1,9786927323923535 -2,034899129706812 1,881361244820654 -0,02899873770630442 3,055095796252979 -0,9857818743594933 3,9592475541019696 3,010204840434575 ), 68,13938937036274
( 0,0022098321953628237 3,0496747408674576 3,963989393626443 -0,0003454650331337607 1,8964622139423608 1,9278887387831163 -1,9749331755521229 -0,051865983711416666 1,9786816449979687 -2,0348885328323103 1,8813678360430395 -0,02899007105391808 3,0551044171604262 -0,9858051802587922 3,95923992969317 3,010208528292115 ), 68,13938948075258
( 0,002219000867982592 3,049647761576411 3,963987550683319 -0,0003286645281202937 1,8964218731839813 1,9279138975618166 -1,9749344182359403 -0,05190696044270578 1,9787047749712903 -2,0349021368583307 1,8813722519344103 -0,02901253080057404 3,0550627980533207 -0,9857346262254872 3,959247855122184 3,010173561957139 ), 68,13938956651391
( 0,002212268989312215 3,049659828421068 3,9639905834076434 -0,0003369588341884073 1,8964484299148725 1,9279006896791377 -1,9749308729619754 -0,05188504570798855 1,9786926457036202 -2,0348920086958584 1,8813653679875848 -0,029003665832492382 3,0550880736536317 -0,9857766574169576 3,9592444315522397 3,0101943948940253 ), 68,13938959733542
( 0,0022143571563444523 3,049666517231745 3,963993886080793 -0,0003352236846017057 1,8964345459764294 1,9279027077537643 -1,974942939352414 -0,05189452322574454 1,9786997643158855 -2,0349067196555786 1,8813854915085138 -0,028998282617157943 3,055085549034982 -0,9857589982537206 3,9592481752107154 3,0101923768024403 ), 68,13938962427174
( 0,002217515215078485 3,0496548535523536 3,963991569180424 -0,00032945382580659737 1,8964226684767518 1,9279110807697708 -1,9749400983725574 -0,05190554859229511 1,9787056948215884 -2,0349083405606976 1,8813812331305808 -0,02900687968545609 3,055069618440758 -0,9857370352660736 3,9592495866385975 3,0101795545346586 ), 68,13938964056793
( 0,002217873614877908 3,0496917554512337 3,9639847262623706 -0,0003507764941984511 1,896437456877223 1,9278888946660964 -1,9749542202602222 -0,051877886045545794 1,9786865442693056 -2,0349041858720547 1,881403891983605 -0,028977173355036606 3,0550993626446017 -0,9857851782135973 3,959239744041067 3,0102021009101234 ), 68,13938965118109
( 0,0022209946698451724 3,049669338840945 3,9639853919495702 -0,0003386133709503834 1,896420147036159 1,927905013589846 -1,9749484534874726 -0,05190119018490793 1,9787000510466182 -2,034907351065646 1,881395757929491 -0,028996225777362706 3,055075442182798 -0,9857473634095267 3,959245087419983 3,0101822222576775 ), 68,13938967040316
( 0,002216525094122704 3,0496780675592383 3,9639904533885306 -0,0003414435550040677 1,8964323910938252 1,9278979058419394 -1,9749501234445643 -0,05189091088023003 1,9786960792889314 -2,0349081280253265 1,8813976158933907 -0,028989255513113977 3,0550904133343866 -0,985765719099844 3,959245460710097 3,010195275610086 ), 68,13938967521145
( 0,0022265517377746554 3,049699448132608 3,9639798765846015 -0,0003507590602298286 1,8964078244247902 1,9278937236942897 -1,97497112838297 -0,05189290004818917 1,9786943957468146 -2,034921507288815 1,8814324139742298 -0,028969381214372 3,0550840463507027 -0,985752223982635 3,959240701365216 3,010188974751471 ), 68,13938982634727
( 0,0022112466470446857 3,049671128031349 3,9639960336184004 -0,00033802484683626574 1,8964455054399687 1,9278978991687867 -1,9749416338467387 -0,05188721446518788 1,9786956809909115 -2,034903016736895 1,8813832359456297 -0,02899568078279168 3,055096290752227 -0,9857754768703818 3,959247503055754 3,010200931779165 ), 68,13938984269252
( 0,002219729438251061 3,0496806127518283 3,9639871008918397 -0,0003430458241880473 1,8964244709344862 1,9278990678397212 -1,9749543291060405 -0,05189531505404881 1,978697062258769 -2,034910011416801 1,881405245822073 -0,028987658621303702 3,055086196854815 -0,9857589892639128 3,9592445447785747 3,010190758371569 ), 68,13938984559597
( 0,0022200475696510535 3,0496908594800356 3,9639865685930302 -0,0003472140655661386 1,8964248627046498 1,9278938091191857 -1,9749603449128346 -0,05188915563910573 1,9786938712339706 -2,034913553794744 1,8814145248949568 -0,02897826138474303 3,055092306593874 -0,985765919643014 3,959243080070068 3,010196133881411 ), 68,13938984632111
( 0,0022080783236550798 3,049641545166336 3,9639978962474918 -0,00032601040051733073 1,896451989683769 1,927908858353988 -1,9749201571339563 -0,05189260852447717 1,9786998624748136 -2,0348914854036293 1,8813475147476484 -0,02901868636752146 3,0550813136991697 -0,9857647546151247 3,959250033021047 3,0101904671012685 ), 68,13938990388205
( 0,0022122840243977847 3,0496817705736485 3,9639929450614306 -0,0003450139408856667 1,8964484113677054 1,927893686725557 -1,9749463614381877 -0,051886579665136726 1,9786914673326739 -2,0348990784163443 1,8813930172312823 -0,028991311410435955 3,0551048528982383 -0,9857887788442323 3,959245007676241 3,010204669194502 ), 68,13938999959925
( 0,0022173668169584724 3,0496839566254725 3,963991861331537 -0,0003419996971178484 1,8964270278092712 1,9278970416960604 -1,9749569154449338 -0,051892735551354166 1,978698086920851 -2,034915301711359 1,8814086380923025 -0,028984093688854316 3,0550915288053053 -0,9857607831062515 3,9592466164739895 3,010196387151106 ), 68,1393900025306
( 0,0022149588584946633 3,04966130998987 3,9639955791497017 -0,0003311793621314438 1,8964284726378275 1,927907135078438 -1,9749431154506225 -0,05190144984970389 1,9787047624040561 -2,03491059958667 1,8813858510765402 -0,02900227416879583 3,055079363352607 -0,9857462095179758 3,9592506049537697 3,0101876935093235 ), 68,13939004531947
( 0,0022150287118269836 3,0496681012921107 3,9639932672181604 -0,00033637456770681137 1,8964333823519048 1,927902766401673 -1,974944461436443 -0,05189637446777922 1,9787000497528868 -2,0349064083166004 1,8813885442050253 -0,02899811063987518 3,055086218871693 -0,9857591402726162 3,9592480086461697 3,0101920326043228 ), 68,13939005279721
( 0,0022193018790956096 3,0496782469119013 3,9639901934356105 -0,00033982356607203934 1,8964210022365597 1,9279019450328618 -1,9749556662250445 -0,05190105175929676 1,9787014511640912 -2,0349143976144357 1,88140768071054 -0,028990136483821958 3,0550841186766213 -0,9857504824852072 3,959247329112704 3,010189185789113 ), 68,13939011202658
( 0,002219431073658182 3,04967811543482 3,9639900605188196 -0,00033995269381487694 1,8964208641942752 1,9279024118956236 -1,9749556955008054 -0,051902530758059666 1,9787017653944574 -2,0349137668778132 1,8814081507951619 -0,02899109516196476 3,0550841905142305 -0,9857504330147308 3,9592474375810327 3,010188698614159 ), 68,1393901761247
( 0,0022125502145176126 3,049674684518223 3,9639952709590953 -0,0003393431827618716 1,8964416804023596 1,9278972000073806 -1,9749454491762366 -0,05188769308334782 1,9786960819630794 -2,034905873682586 1,8813893814942528 -0,028992309481581813 3,0550960772919686 -0,9857730465855545 3,9592472129799323 3,010200717199008 ), 68,13939020899623
( 0,0022154561475532125 3,0496591856338116 3,9639954519187923 -0,0003303409504698521 1,8964266824267682 1,9279094810617612 -1,9749427601513925 -0,051906551247410386 1,9787066122149901 -2,0349097366914437 1,8813862634651932 -0,029005846932729774 3,055077498075488 -0,9857427830304641 3,9592513503423112 3,0101850242675052 ), 68,13939023472196
( 0,0022151490851977456 3,049674521552944 3,9639952247317067 -0,0003374143973923519 1,8964305731746287 1,9279015061308926 -1,974950714125425 -0,05189839340511469 1,9787015944732809 -2,0349120374371026 1,8813991711978397 -0,028993820534382774 3,055089780007593 -0,9857577582696295 3,959249292656041 3,0101944902904463 ), 68,13939025186788
( 0,002215065067971116 3,0496794991846143 3,9639954043195726 -0,00033921768704045247 1,89643100813442 1,9278986689088826 -1,9749536372679852 -0,051894475153735554 1,9787000540092476 -2,0349143589089627 1,8814033518710858 -0,028988679848730207 3,0550929484054796 -0,9857611009914479 3,9592486916939715 3,010197680109719 ), 68,13939028117241
( 0,002231133145920709 3,04968208003662 3,9639754730914167 -0,0003440652422423788 1,8963933968781113 1,9279061498169028 -1,97496541007867 -0,05191078690177531 1,9787022590092054 -2,034918774190767 1,8814247431788806 -0,028984840483722903 3,055063129873059 -0,9857253969710371 3,9592420965653545 3,010170380081493 ), 68,13939028511138
( 0,00222215236584486 3,049681484438283 3,9639873381798068 -0,00034153593095614774 1,8964138868208111 1,9279028085971215 -1,9749601387872084 -0,051905474501425665 1,978702365331586 -2,0349163989370815 1,8814158997898647 -0,028988404980824545 3,0550810790609177 -0,9857448923425005 3,959246624633016 3,010185470161034 ), 68,13939030386321
( 0,002221809917493193 3,0496563985752676 3,9639879204749118 -0,0003303739464265294 1,8964107758919138 1,9279146610187385 -1,974945623320296 -0,051915839066522196 1,9787090994410619 -2,0349110424072587 1,8813919913459454 -0,029007708379633988 3,0550628650841145 -0,9857246759874109 3,959249519778545 3,0101718536270305 ), 68,13939032097058
( 0,002212576682932331 3,0496887896692746 3,9639911595934536 -0,0003497573244659359 1,8964516655562178 1,9278905150079397 -1,974948950789111 -0,05188528615271723 1,9786882737751754 -2,034895863736721 1,8813985308327095 -0,028988448983741 3,055111432377249 -0,9857992343383534 3,9592432949419196 3,0102079474521006 ), 68,1393903334941
( 0,0022158830340904215 3,049670691962794 3,9639958270175866 -0,0003347740079399356 1,8964259334441391 1,927904867505997 -1,9749507097242112 -0,05190383498868586 1,9787050023343726 -2,034914161314741 1,8813994187327556 -0,028997059668550065 3,055084919716799 -0,9857486133235154 3,9592507760222015 3,0101905078174265 ), 68,13939046137475
( 0,002216461951748816 3,049675035616474 3,963995204677216 -0,0003366301591483733 1,8964249214469686 1,9279030274415982 -1,974953703788807 -0,0519022050962871 1,9787040001869216 -2,0349158190076313 1,8814042164597349 -0,028993229053932933 3,055086757257754 -0,9857502892508233 3,959250120997468 3,010191975843421 ), 68,13939047879093
( 0,0022260378597689155 3,0496545993373045 3,9639826610989055 -0,0003303817682604908 1,896400284276656 1,9279174339886134 -1,9749472822073812 -0,051919719348505165 1,978710058272468 -2,034912397021004 1,881394788876644 -0,029007603133430985 3,0550526752513356 -0,9857128016196323 3,959247889021917 3,01016347898083 ), 68,13939049592196
( 0,0022128065771619466 3,049672412671814 3,9639990746969147 -0,0003351871369027779 1,8964342735393287 1,9279018808910058 -1,974949086109304 -0,05189835101639732 1,9787030939833732 -2,0349129386709914 1,881396203642532 -0,02899574037122575 3,055092371506789 -0,9857587447583472 3,959251265872462 3,0101972074179355 ), 68,13939052809121
( 0,002217608200257437 3,049671725784079 3,9639941300456334 -0,00033537939049317254 1,8964214357638816 1,9279058251260952 -1,974952916583173 -0,051906857662394695 1,9787058276677456 -2,034915261175006 1,8814035404104028 -0,028996662425738885 3,05508235556609 -0,9857443697544086 3,959250461754533 3,010187749304346 ), 68,13939053612114
( 0,0022133737842125177 3,049672817549081 3,9639985358292478 -0,00033541572186670496 1,8964327910467125 1,927902180473575 -1,9749498681238877 -0,051899372324798125 1,9787033808265275 -2,0349133181490444 1,8813976588433095 -0,028995581685594615 3,0550915959668554 -0,9857573813390947 3,9592511715170646 3,0101963395098053 ), 68,13939055212035
( 0,002213697321162665 3,0496720205411685 3,9639983878543372 -0,00033494654223021367 1,8964315102836604 1,9279029190441277 -1,9749499064237284 -0,05190053667240202 1,9787040230784658 -2,0349137053842337 1,881397780389721 -0,0289961994815946 3,0550902565922256 -0,9857552371171657 3,959251354690425 3,0101952285055193 ), 68,1393905621372
( 0,002214798105499499 3,0496700730140995 3,9639974510031024 -0,00033405305702651324 1,8964279899898402 1,927904804738153 -1,9749499772003059 -0,05190356002405591 1,978705401903081 -2,03491423790039 1,881398132957028 -0,028997786596665985 3,0550865265049785 -0,9857498979028374 3,9592515284180885 3,010191994458682 ), 68,13939056880974
( 0,002208474506337622 3,049663772207304 3,964003076042921 -0,00033151883339882206 1,8964454665629362 1,9279026548959692 -1,9749397408999843 -0,051894728896814145 1,9787025596662993 -2,03490723107706 1,8813802175176453 -0,02900270508188087 3,055095085406642 -0,985765912319599 3,959252641754566 3,010200537109157 ), 68,13939060783254
( 0,002212589873394642 3,049671479651596 3,963999905742577 -0,0003342436259166749 1,896433698284247 1,9279025289764629 -1,9749490577923616 -0,0518992330782881 1,978704072650502 -2,0349139533251086 1,881396056913008 -0,02899633675752933 3,0550917497587182 -0,9857567460269511 3,9592519197987377 3,010196933999147 ), 68,13939060871093
( 0,00221458611130286 3,049628215501331 3,963993473718431 -0,00031886778363839833 1,896428900469065 1,9279213978743204 -1,9749208271727483 -0,05191221743391152 1,9787099405210735 -2,034897080857962 1,8813497154863066 -0,029028831640276916 3,0550569854371092 -0,9857279988623228 3,9592521476457585 3,0101700910890425 ), 68,13939060999786
( 0,0022127496151817683 3,0496732814608416 3,9639993716814663 -0,000335395353071059 1,8964341916770882 1,9279015720223462 -1,9749498056765835 -0,05189826787596484 1,978703178705916 -2,0349135523776916 1,8813973657159961 -0,028995068241705453 3,055093057755886 -0,985758967284208 3,959251384601671 3,010197765221743 ), 68,13939062772914
( 0,0022162040465319222 3,0496679049273396 3,9639964344626977 -0,0003328548816085189 1,896423184941399 1,9279071055614156 -1,9749504628496841 -0,051907284935615916 1,9787072850300003 -2,0349155405891564 1,881399132477728 -0,02899935283954582 3,0550817957620575 -0,9857426833520366 3,9592518461845168 3,0101880290420815 ), 68,13939063961114
( 0,0022190160629023373 3,0496711961605705 3,9639927744849013 -0,00033502148156285954 1,8964171845941127 1,927906609002337 -1,974953947981684 -0,05190743430273121 1,9787064723628045 -2,0349170749140253 1,8814048150918425 -0,028995680257866852 3,0550785298095127 -0,9857390671847313 3,959250095962503 3,0101851766338634 ), 68,13939064344538
( 0,0022152093370054653 3,0496673608838902 3,9639974530736826 -0,00033268884979934866 1,8964259700360877 1,9279069017129629 -1,9749492577743681 -0,05190694175212319 1,978707091092012 -2,034914253094764 1,881397309960079 -0,02900049473107332 3,0550837696688182 -0,9857455324666662 3,9592521907160516 3,0101894451526836 ), 68,13939068137678
( 0,002212491641329557 3,049670195560284 3,964000145108285 -0,0003337056190395912 1,8964337286978716 1,9279033784000235 -1,9749483793830078 -0,05190071015341731 1,9787047115072054 -2,0349133813108837 1,8813952070109643 -0,028997941808585267 3,055091251843898 -0,9857559167526772 3,959252274883094 3,0101962450201403 ), 68,13939068383196
( 0,0022067534401037777 3,0496170821099144 3,9639930594104897 -0,0003201706145216533 1,896461901493143 1,9279150559082723 -1,9748977163143706 -0,051889131977700044 1,9786964461691536 -2,034872979070701 1,8813100218788976 -0,02903661424802593 3,0550684133875072 -0,9857667684914152 3,9592472760441697 3,010181182577494 ), 68,13939068688556
( 0,0022189692857498226 3,0496798483424326 3,9639931417067285 -0,00033846827670036284 1,8964179971667792 1,927902761215358 -1,9749592880898696 -0,05190453641051894 1,9787046793301335 -2,034919677766692 1,881413668751248 -0,028989174355676814 3,0550848880626105 -0,9857452232322615 3,9592495299321326 3,0101899396117546 ), 68,1393907314393
( 0,002219029624550933 3,049668775970123 3,963992674633198 -0,0003343159230767833 1,8964172904195054 1,9279081718798377 -1,9749524477559035 -0,051910138122354024 1,978707309611164 -2,034915325413799 1,8814029457931143 -0,02899882402393856 3,05507740083299 -0,9857379859891846 3,9592504450733967 3,0101835686083875 ), 68,13939073641872
( 0,0022152290194981917 3,0496702134492475 3,96399801621679 -0,0003334429298036762 1,8964253608890838 1,927905912612157 -1,974951594350794 -0,051906613688026404 1,978707170208947 -2,0349161818596593 1,8814011045539027 -0,02899820766402436 3,055085532610024 -0,9857460290937095 3,959252385109613 3,010190871318949 ), 68,13939081613754
( 0,00222252739282995 3,04967568540685 3,9639870260887755 -0,00033948813164660994 1,8964124442533152 1,9279058525527961 -1,9749571048734493 -0,05190888478725676 1,9787042659286163 -2,0349145011777576 1,8814110631739884 -0,0289932466566948 3,055076743608716 -0,9857398813538962 3,959247136945151 3,010181822855962 ), 68,13939083995382
( 0,0022052110948784674 3,0496391995085927 3,9640067717254905 -0,00031986759085435323 1,896449579129817 1,9279115164466503 -1,9749230848939268 -0,05189765395464033 1,9787073377585103 -2,0349020026494786 1,8813513706732177 -0,02901969186408015 3,0550821601855334 -0,9857533833201384 3,959255868255457 3,010193049038423 ), 68,13939091631435
( 0,00221076726415245 3,0496700258801304 3,9640032594074666 -0,00033249934479673667 1,8964362750734909 1,9279033011093383 -1,974948300510625 -0,051901021479202315 1,9787059360434491 -2,0349146947655616 1,8813950093309324 -0,02899860956938517 3,0550942061557844 -0,9857570876160566 3,9592538744952446 3,0101988747596526 ), 68,13939099769179
( 0,0022104193349352635 3,049671686637636 3,9640030682566176 -0,00033367502822730913 1,8964383708070494 1,927901855324979 -1,9749483098547471 -0,051898754181123434 1,978704517342354 -2,0349137022298556 1,8813949324565005 -0,028997279976716875 3,055096462533607 -0,9857611591027693 3,959253265846929 3,0102006806167902 ), 68,13939101136735
( 0,0022094704224162004 3,0496899680679617 3,96400031706255 -0,0003440848935162085 1,8964489883535638 1,9278892164521266 -1,9749537667623298 -0,05188032847037485 1,9786933280084449 -2,034911376714779 1,8814027579986876 -0,028981035876261985 3,055112725825762 -0,9857887390802528 3,9592479937146354 3,010214247856087 ), 68,13939111542962
( 0,002209389426361448 3,049672004042103 3,9640059097523537 -0,0003324453139891744 1,8964385736980254 1,9279030248856557 -1,9749496782343363 -0,05190312825539737 1,9787070105950657 -2,034915594138765 1,8813980287639105 -0,028999159169220863 3,0550985892394067 -0,9857596733334777 3,9592553724364477 3,010201579606384 ), 68,13939117364272
( 0,0022089726732023194 3,0496533053961703 3,9640057734304133 -0,0003246777097556011 1,8964377682209703 1,927910659167163 -1,9749378238446476 -0,051907282676405646 1,9787105395010838 -2,0349106762357767 1,8813777990793934 -0,029012190337841925 3,0550853679333563 -0,9857470662245964 3,9592566486167073 3,0101924632170496 ), 68,13939120056591
( 0,00221049095837658 3,0496550089639247 3,9640040230104105 -0,0003259224951950461 1,8964345363766206 1,9279111684063233 -1,9749399156335459 -0,05191005460778541 1,9787108434160454 -2,034910753707959 1,8813819592469345 -0,02901185667186499 3,0550841886638564 -0,9857451196385468 3,959256142473284 3,010190462653371 ), 68,13939123809102
( 0,0022157317254507384 3,0496749500665645 3,963999381756699 -0,00033399809148165586 1,8964216063409407 1,9279051826410214 -1,9749569379787326 -0,05190821222994943 1,9787088389220735 -2,0349215751158805 1,8814098460455726 -0,02899433157131286 3,055087049348783 -0,9857427651300142 3,959253398313052 3,0101921307604425 ), 68,13939130409848
( 0,002205473387881067 3,049667457793113 3,9640083627294627 -0,00033202522330933067 1,8964517016559965 1,927902121710453 -1,9749417360143116 -0,051899484650577365 1,97870452313873 -2,0349069631853274 1,881385374832552 -0,029005048372124618 3,0551052564978947 -0,9857735343514913 3,959255520215755 3,0102064465842178 ), 68,13939150919457
( 0,002212901686400855 3,049663275173818 3,964002929740748 -0,0003285457796663597 1,896426915373265 1,9279095021242858 -1,974948389479322 -0,05191129771065683 1,9787116668682814 -2,0349174229596376 1,8813958292981359 -0,029004543884266678 3,0550845336923067 -0,9857405007421253 3,9592558475840254 3,010190544420096 ), 68,13939157915539
( 0,0022127938501419224 3,0496651353111845 3,9640034325766056 -0,0003290331487380282 1,8964268553574382 1,9279088996726808 -1,974949827159793 -0,05191134805760127 1,978711746397938 -2,034918474600876 1,881398284375275 -0,029003340544167828 3,0550860044541954 -0,9857412022203665 3,959256062045805 3,0101915958336 ), 68,13939162578907
( 0,0022175696974397105 3,049657740999026 3,963997613971137 -0,00032701694706481266 1,8964145838814972 1,9279155817439029 -1,974948742385664 -0,05192168991246403 1,9787150202816917 -2,0349172668401825 1,8813977314092398 -0,029009776907123024 3,0550715211613424 -0,9857241037301315 3,9592552546196473 3,010178499355906 ), 68,1393916522723
( 0,00221541754134681 3,049684337580945 3,964001946168143 -0,0003361453520296751 1,8964201433388501 1,927902531973039 -1,9749647272983495 -0,05190934675165468 1,9787097413152295 -2,0349277434817536 1,8814231774509858 -0,028988257250831442 3,0550937097708624 -0,985744615494756 3,9592547044761828 3,010196812105384 ), 68,13939168534382
( 0,002200256082139448 3,0496728935268704 3,964010777016779 -0,000335300838445725 1,896469910765334 1,9278919682943167 -1,974936917759471 -0,05187682904708248 1,9786949094033637 -2,0349030396826344 1,8813742117787289 -0,028995833918267683 3,0551187682701704 -0,9857994183750026 3,959252680381275 3,010221134515182 ), 68,1393916870461
( 0,0022253441416414986 3,0496645956749493 3,9639875400986266 -0,00033208708853400284 1,8963978034902003 1,9279160714535772 -1,9749571777809716 -0,05192585620470907 1,9787138835932165 -2,0349200967018577 1,881412368840815 -0,029003152079279084 3,055061308737223 -0,9857125100153394 3,9592510298104084 3,010168699005726 ), 68,13939171685661
( 0,002208671523438716 3,049667768209413 3,9640085098701183 -0,00032908112937200503 1,8964368474371887 1,9279052881415804 -1,9749486925330335 -0,05190524162045832 1,9787101719241191 -2,034918457376634 1,8813957385719224 -0,029001408531938916 3,0550958111825723 -0,9857527808290315 3,959257355508896 3,010200453257946 ), 68,1393917317338
( 0,002213300598975573 3,0496510979998726 3,9640028367796476 -0,00032314654204293523 1,8964237723735373 1,9279163038226013 -1,974942094129223 -0,051919428059272556 1,9787158381133274 -2,034914772937711 1,8813861647003667 -0,02901516536345848 3,0550749112914595 -0,9857288247320778 3,9592575366225407 3,01018244885765 ), 68,13939176985289
( 0,0022127940702461758 3,0496591632586916 3,9640033573295907 -0,00032698356915407195 1,8964267337385574 1,9279124818818898 -1,9749462623889755 -0,05191685590470539 1,9787137565333932 -2,0349151652393385 1,8813934522895972 -0,029010155794640793 3,055082741884056 -0,9857377444401543 3,9592569185221467 3,0101878372474125 ), 68,1393918741664
( 0,0022070450106049556 3,049661369673719 3,9640100940282963 -0,00032668121916862617 1,8964410087829024 1,9279079549659244 -1,9749434443861646 -0,05190851855342814 1,9787114723161985 -2,034914078869822 1,8813879183976208 -0,029008670946606415 3,0550954950130613 -0,9857537035466267 3,959258595128229 3,010199417621586 ), 68,13939188961461
( 0,0022104089092808746 3,0496648344075106 3,9640080193316836 -0,0003268648929818002 1,8964296268292713 1,9279087759641829 -1,9749500297797105 -0,05191126662144865 1,9787136756632517 -2,034921583410715 1,8813981928589418 -0,029003566492435753 3,055089397842662 -0,9857413770720511 3,959258450563108 3,0101951730212244 ), 68,1393919306143
( 0,002223191638158194 3,049668675628492 3,9639917535349385 -0,00033231086866995085 1,8964012561116719 1,9279145145794623 -1,9749599380822007 -0,05192635531894787 1,9787149905260561 -2,0349227438437327 1,8814172652324666 -0,029001616420094623 3,0550684217007267 -0,9857168515488463 3,9592530145860247 3,010174059485096 ), 68,13939198815304
( 0,002201714195232473 3,0496548502089813 3,9640140908177166 -0,00032456313778288725 1,896456683035874 1,927906003389258 -1,97493325359842 -0,05189953728659627 1,9787081831629807 -2,0349067119500948 1,8813699916155164 -0,02901320257561126 3,055101972839062 -0,9857682563550523 3,959258916245107 3,010206311999816 ), 68,13939206547896
( 0,0022188057653785053 3,049648062316539 3,963996578199218 -0,00032274136751793783 1,8964095212147836 1,927921259561546 -1,9749445131563477 -0,05192819969577823 1,9787185479813245 -2,0349162162172876 1,8813910304266126 -0,029017291738387338 3,055061719532771 -0,9857119444702488 3,959256238868004 3,0101706479643693 ), 68,13939214701979
( 0,0022139744609522617 3,049653865179899 3,964005358634043 -0,0003213483924988095 1,8964165769262225 1,9279169040968918 -1,9749480189233575 -0,051921853861678705 1,9787195880609667 -2,0349240739061334 1,8813950679951936 -0,02901102607419528 3,055072965483664 -0,985718460994787 3,9592596597959964 3,010182179248122 ), 68,13939233051082
( 0,0021990212890828664 3,049658845091087 3,9640179271595257 -0,000325075723615966 1,8964625920430798 1,9279028193439598 -1,9749344341115047 -0,051895082727754054 1,978707237904653 -2,0349085538290446 1,8813713593941412 -0,029009911949035048 3,055109640622179 -0,9857759316566156 3,959259948829778 3,0102132571517957 ), 68,1393923983467
( 0,0021956968420783875 3,049649640088552 3,964018959488096 -0,00032250092864305013 1,8964737452284166 1,9279027923000496 -1,9749234460046652 -0,05188807046396283 1,97870422890492 -2,034900482194566 1,8813522058417818 -0,02901587339923744 3,0551100983166095 -0,985784667595773 3,9592593063244697 3,0102152069128087 ), 68,13939251775382
( 0,0022105056969150996 3,049670287303673 3,96401028637225 -0,0003272648596765636 1,8964262037681099 1,9279075194631032 -1,974955976729875 -0,051911943189591844 1,9787155147755613 -2,034928207629663 1,8814075939452048 -0,028998622181422413 3,0550918646527925 -0,98573831306333 3,959259796766997 3,0101976257142153 ), 68,13939258288032
( 0,0022016119908843915 3,0496608949787634 3,9640170330456357 -0,00032514670743758215 1,896453573219695 1,9279054902980173 -1,9749399155149199 -0,05190366156580486 1,9787109985853117 -2,0349127757325376 1,8813815875993547 -0,029010019691126012 3,055105984684702 -0,9857657283294907 3,9592610013433114 3,01020876444188 ), 68,13939259565988
( 0,0022032855354279473 3,049666945121898 3,964019115755165 -0,00032485640041871397 1,896443824889494 1,9279064426731254 -1,9749492697385707 -0,051910428923111325 1,9787158014721624 -2,0349228385220752 1,8813973293588597 -0,029005575587036213 3,0551053248417435 -0,9857545359120811 3,9592634080536735 3,010207880545029 ), 68,13939321461636
( 0,0021985570002979963 3,049690699500065 3,964010615124179 -0,0003443523760948704 1,8964799620999335 1,9278805451462508 -1,974943483459354 -0,05186184096256113 1,9786863410022595 -2,0349028167808783 1,8813841731072154 -0,028981031232380824 3,0551360721792493 -0,9858242751795961 3,9592492872474434 3,0102352637563454 ), 68,13939323119357
( 0,002196277510313135 3,0496666280999074 3,9640247346108803 -0,00032551174731820353 1,8964652305945322 1,9279005493540222 -1,9749410601075943 -0,0518971212507568 1,9787100720730029 -2,0349151129672043 1,8813827261881007 -0,029006112113275452 3,055120232281209 -0,9857796995212641 3,959263432229931 3,0102212656927843 ), 68,13939371948447
( 0,002243725059842164 3,0496358585247587 3,963969447564027 -0,00032011142643847355 1,8963426867785016 1,9279431225656556 -1,9749577744645403 -0,05196665718980615 1,9787316726302 -2,0349272169923243 1,8814159950858993 -0,029023858002795947 3,0550014680331516 -0,9856320617554164 3,9592510250556785 3,0101180179754126 ), 68,13939872309687
Liczba wywołań funkcji celu: 16582
