Iteracja nr: 11
( 0,03488827222249606 3,0550161658235955 3,855034853130803 -0,1416190182924738 1,7878958817598338 1,9307021895284673 -2,0649275991911535 -0,07028836173095523 2,0394276437230294 -2,0116117665010957 2,012124442497795 0,027444882466467924 3,097163241819286 -0,9964296709144437 3,865496509194583 2,9771677744103147 ), 83,80322725442339
( 0,04547515442511016 3,040946766421314 3,850026425911959 -0,1395628134276711 1,7601133050949302 1,9535524666465183 -2,078019404482868 -0,055340580543009846 2,0336999934967754 -2,0290134538263573 1,9645556755048403 0,02612972756361421 3,075688415532065 -0,9660647025653235 3,8865717647619564 2,9537017439642703 ), 84,00281756602676
( 0,03239453391522118 3,0458429293411236 3,858628681634148 -0,1484710099242419 1,7837602107408574 1,953480864751623 -2,0778844427129037 -0,018753096936866887 2,062681377844758 -2,0342819252771407 1,9614077755157953 0,04265359874511234 3,1111180930732423 -0,9826625533668878 3,8892884224036197 2,9597734394388437 ), 84,00430535638205
( 0,04407647513740421 3,0512788146167096 3,8527805899476086 -0,14187184516681028 1,7657971989153676 1,9491845109400021 -2,084685541110153 -0,05254064092950424 2,038829738012447 -2,022188972456283 1,9723156471422716 0,029060897888409303 3,0911196102033545 -0,973208553074509 3,894339843975338 2,9620333772422347 ), 84,15283566690093
( 0,03995033818249194 3,037230411535517 3,853936832693928 -0,14319950396410921 1,7636461271717585 1,9525407183216987 -2,0734914906278092 -0,034438145053799406 2,0426048111779256 -2,030666344381547 1,9554334656399832 0,02974475360878829 3,087185044940074 -0,9641061600894951 3,8771890524279895 2,9499707912458404 ), 84,2523464625177
( 0,022791317193722196 3,05336299367981 3,867004742722286 -0,15175370422030335 1,7897975899424297 1,9579389309993507 -2,08704319391841 -0,03249518154616666 2,061168418736183 -2,043492509341082 1,987975906895518 0,028355721174372985 3,1272369069247192 -0,9945775600538218 3,892928817511653 2,968184096105763 ), 84,31314279825231
( 0,04418588814093844 3,0351016953295544 3,846391491751117 -0,13931494251741267 1,759656773614865 1,946708512864234 -2,070812300608144 -0,035653366033152896 2,042661555156407 -2,025629546390173 1,949632647642423 0,034710014866968 3,0782909770466946 -0,9610828983635806 3,8796595578698434 2,951643586886976 ), 84,35611044832633
( 0,017244241060898474 3,0498098156593887 3,867440857681999 -0,1499539418997865 1,7842089421221798 1,9562692556657724 -2,084859599257448 -0,03626368942625117 2,057134406915388 -2,0420149044138065 1,9829221148632774 0,02811180588501813 3,124341372658324 -0,9900558736668634 3,8859369983991114 2,9684037880939975 ), 84,3885932630393
( 0,01986972180163579 3,0332980414259794 3,8615262042348584 -0,14851874390375203 1,7823776081048406 1,9519533408907235 -2,081575530115017 -0,028170802633125717 2,068860960096223 -2,0479727792398714 1,9775698199214913 0,0436657110736394 3,1177543597043718 -0,9814777086390648 3,883436857988796 2,9764660942504677 ), 84,57780336249775
( 0,03358802578874501 3,0298849440302713 3,8502187700535737 -0,14534185577473174 1,7633152125305018 1,9522090573027606 -2,0704950814518184 -0,03018726180120705 2,045168274423625 -2,0367491541108205 1,9558508425255756 0,028539330917511773 3,0863349332694976 -0,9631406548370769 3,87081112393017 2,9464119358901466 ), 84,61926233391401
( 0,03209595112786563 3,029213727828547 3,850542320191844 -0,14558824487918953 1,7638099461979715 1,9524347624004235 -2,0701802554351625 -0,029292812841447694 2,0456783860189063 -2,0378004100513274 1,9560074977210558 0,02808029801584524 3,087454923809134 -0,9636565162858848 3,869914395149913 2,9462965741184632 ), 84,63287222089446
( 0,035507673229876975 3,077220361822619 3,8675600382774182 -0,1512443633461109 1,806059795206867 1,9550793920821155 -2,0984177737066205 -0,06775109199523094 2,0443528994042115 -2,0289996993776835 2,0243583200404416 0,028341294944767167 3,1380362000630786 -1,0078943680772803 3,9163639831931714 2,988614600312865 ), 84,70640908654399
( 0,03096290308920155 3,045375137578861 3,8445241209088765 -0,1471087198062864 1,7731832270086518 1,962788967346037 -2,0727362641167817 -0,040456339607576025 2,038117495491922 -2,0427010321439285 1,9477133885185824 0,017175866820155525 3,0800620001520427 -0,9631146518265249 3,867549539348046 2,9446423305447653 ), 84,71289875827445
( -0,0022441275362307944 3,071679434018858 3,885587449251647 -0,13355490827791228 1,8065448200999465 1,9445289136413095 -2,090304012173127 -0,019342220093742073 2,0683482050229296 -2,0382525054144978 1,9860313698692211 0,02625045113774369 3,1730685353601036 -1,0208257768402909 3,9033514805365264 3,015470861073731 ), 84,82763869059285
( 0,02620855860765782 3,0263111079076483 3,8513397810439436 -0,14970935979748545 1,7666121696138863 1,9545107409900144 -2,069346872546056 -0,02505171552554397 2,0483000092948966 -2,0412405151396746 1,9576922519235185 0,02758923563342896 3,0914182429236097 -0,9674121564452858 3,8669708173913095 2,9422052926206175 ), 84,83111594313002
( 0,02462132376643949 3,0274044240022744 3,8522294510332804 -0,14830770383627945 1,7647756430412551 1,9545276111777525 -2,0676489272114793 -0,023801608632227293 2,0450444220032455 -2,0399903870814953 1,9544749440732152 0,024000573245940127 3,0920640707750535 -0,967557985402286 3,864499512448395 2,94073095419796 ), 84,8417526275948
( 0,022893150290605388 3,0252031705260265 3,8531007768787737 -0,1507741886618797 1,7684290426488685 1,9554771149637034 -2,069335179864684 -0,02325969029506722 2,0502680258305364 -2,0437872318125354 1,9589187707414644 0,027119307963292448 3,0953408619211347 -0,9692374297733004 3,8660941730304095 2,942523833669407 ), 84,86637521589546
( 0,022703380430724743 3,0253548675610746 3,85311374019435 -0,15086656439904378 1,7683853420014028 1,9555721923651614 -2,069382887902759 -0,023148409370016384 2,0499673265118674 -2,0439188766169067 1,9590366698661734 0,026877765484072943 3,0953572693916924 -0,9690145610457951 3,865838617540005 2,9422074372756466 ), 84,88463985112297
( 0,02953389411597604 3,027130366045048 3,8499227049394 -0,1502788393896173 1,765500543537215 1,9549043844701943 -2,0698916143988226 -0,026929482341896495 2,0466221983593322 -2,0396456837416332 1,9577449822306559 0,027385606786071135 3,0884797482718307 -0,966297889779806 3,8683575990774846 2,9397274202793984 ), 84,88681346674876
( 0,03136399819523824 3,0425933377792322 3,8749728078949373 -0,13224824158840653 1,7537863923942423 1,9315158333730131 -2,0899840066643813 -0,029471461507398454 2,0474876517378355 -2,033689631722747 1,9517648727082133 0,038589974857586876 3,107514738863203 -0,9520560794144556 3,8905526567658337 2,9932808199887613 ), 84,89317925774098
( 0,021004550479671064 3,0242844902193053 3,852797917928151 -0,15115420510329078 1,7693706343207454 1,9561112551826898 -2,0691846345162452 -0,02284064212025253 2,0506125129975206 -2,0443897798661412 1,9588340104927027 0,026628423403133577 3,096433315504601 -0,9696219319138821 3,8648908191285405 2,942038062187341 ), 84,91569874284022
( 0,02170647787077971 3,025825395175179 3,8507831691114003 -0,14713438114234018 1,7614998177695635 1,9531643908744871 -2,0630060042382263 -0,023428199003702372 2,0389108038 -2,0374297553082323 1,9511734889365924 0,018561452945736513 3,088001794101222 -0,9682715059264776 3,8587466615721566 2,932976769018655 ), 84,96723532884685
( 0,008846288093700173 3,046464491900466 3,8691185323046615 -0,1568983581313526 1,7965190327627916 1,9671345764488122 -2,081866412356088 -0,01970886436420389 2,0678515430811024 -2,0530620544407414 1,9840841070433992 0,020347489184892195 3,144296128498519 -0,9943329938817035 3,8832136167054 2,9684035683073495 ), 85,00381062918927
( 0,050695815484012016 3,0329595241284824 3,842377010326552 -0,14341072659514237 1,7535903086484386 1,9488207564522544 -2,069629871509578 -0,03810242984126064 2,036483088196713 -2,0227036310320874 1,949388998425401 0,03185683084351498 3,0673734068496836 -0,9538486317096202 3,8763519054909157 2,941049594362168 ), 85,02236329453083
( -0,006179810116778858 3,032494847309384 3,8777197151248703 -0,14282989262042312 1,8183595584691454 1,9746869143876196 -2,084217242139429 -0,02736521996570266 2,082231544611147 -2,0878986580027 1,964054782128218 0,02565276387694245 3,157274054540043 -1,0057110286316993 3,886638420039162 2,9612914408650943 ), 85,03016535308629
( 0,007854500094226011 3,0505054329659775 3,8740850043748316 -0,15506562308551514 1,795995618883994 1,9625844310680332 -2,088620554546083 -0,026453432392351976 2,0657338400546665 -2,0552874603599784 1,994099242623919 0,023405832401998984 3,1428400346270453 -1,0004026961788928 3,885823396279931 2,9694642991353892 ), 85,05236800931785
( 0,05794387474695491 3,0370909663680346 3,841656275251568 -0,13621457165720074 1,7428403906956276 1,9387832676672547 -2,075781763555167 -0,039074089722971446 2,028408055427009 -2,0133707619935817 1,9566369655190967 0,03262230782039598 3,053211108676913 -0,9536533832348475 3,877356964939068 2,9435781308858053 ), 85,16527620733878
( 0,009381497088681561 3,0207596443602034 3,8659900697554934 -0,15065888789279563 1,778139421423882 1,9534529132268668 -2,0778442186698043 -0,026249845294450253 2,064212170952266 -2,056380708973308 1,9672421753727076 0,03513920406726167 3,112236556213786 -0,9876649025628319 3,8630538923683475 2,953073697669279 ), 85,18387677619197
( 0,027862668126304915 3,0378725176958783 3,8445323953662327 -0,1424709218699889 1,7621867483845435 1,962707973599534 -2,0703074981049103 -0,03613677197209149 2,0607553585223526 -2,0367190000721616 1,953712058844337 0,020747391923788775 3,085325620208301 -0,9790922054823191 3,8683877098291934 2,9401014474770157 ), 85,19165262694425
( 0,020251461449381874 3,0321055531682535 3,865545110588431 -0,16027362799642259 1,7787301151922796 1,9608951239984929 -2,0771518608552726 -0,017988313734385853 2,0582052264334734 -2,045870609811188 1,969792061851498 0,03517604124258783 3,1104554290981667 -0,9726424813968065 3,8654422501273435 2,946484700335496 ), 85,20044839845802
( 0,0035458285327032886 3,02577118699776 3,8687360511959925 -0,15290866381574084 1,7809447846885662 1,9580565249303388 -2,0754841047819683 -0,02454480343971468 2,0573367461759666 -2,0597349768051667 1,9629127487652998 0,026882562521390964 3,123741287632871 -0,9806062203081123 3,8666951674123555 2,950677370136538 ), 85,23611620642092
( 0,03641474586425941 3,03303288910763 3,8489235151323853 -0,1740308053908487 1,799426311937839 1,9721184709542134 -2,0730800909893414 0,0062860816934661445 2,065716590650613 -2,0554326702964953 1,97534462408291 0,030804087448035936 3,1044214810038677 -0,9896821148263761 3,8870689994232817 2,9118022912031525 ), 85,26511752760024
( 0,0077091074138757225 3,0238471605404555 3,8613292491847804 -0,15438065926534317 1,7783396939353762 1,9610350358281872 -2,0690282006494756 -0,014792894058044664 2,0573241276181995 -2,055677754100246 1,9641078428337748 0,023160535930003532 3,1110559111118126 -0,975587057401291 3,8574181749241854 2,938019747972498 ), 85,28742574877874
( -0,00030836214864204264 3,0295279360064797 3,8731998222797035 -0,15601176959587154 1,7918246530906545 1,9651075500804813 -2,0787390150243596 -0,013676420169856825 2,0686536108652427 -2,0633687160340597 1,9767252027895057 0,025160183518989333 3,136454779174214 -0,9912795612964835 3,8667991730364575 2,9577611060629967 ), 85,33080747956085
( 0,007192331351454804 3,026998656708705 3,871542367409182 -0,16013112177763322 1,7805164088407515 1,9647586681329574 -2,0698405149579817 -0,009122505151197127 2,055532529457615 -2,0491154822372537 1,97491368279736 0,021530600868304217 3,1290599367526997 -0,992638548849306 3,8581168758598623 2,944839213015319 ), 85,35572158419524
( 0,04056148469427241 3,025101417441319 3,8405362092969346 -0,1448976976958193 1,7517748186175066 1,9474742293686784 -2,064439180309513 -0,0331944787092823 2,0358361237161304 -2,0273601805393584 1,9480586842121226 0,028200131098252056 3,068191941200286 -0,9550903059531359 3,866561602158772 2,9353337042570797 ), 85,35678489270514
( 0,00339857634553839 3,0230160578716534 3,8634028857606455 -0,1523439447612646 1,7798409425471973 1,9595907526872482 -2,06765733934135 -0,011625943129898342 2,061129014788796 -2,057406439355863 1,9633473957106136 0,02567982336350425 3,1149330522833236 -0,9764115675268159 3,8545736497959955 2,9401838027310934 ), 85,3649693359773
( 0,05625505349357954 3,033517573975576 3,840455379670529 -0,132546900202071 1,7442471185683641 1,9418342484792792 -2,071598324910527 -0,04269628019385843 2,031420803434748 -2,026295169384065 1,9455633518702544 0,026626817700709182 3,0672399748167214 -0,9475357383466788 3,8755814820497823 2,9575421688728625 ), 85,39781855132065
( 0,009046353016389258 3,019058158953696 3,8585717335652285 -0,15826907401242274 1,776765864573291 1,9596605918019505 -2,067666326622327 -0,009592667866056434 2,0574746402356054 -2,0538101734781384 1,9619619288130021 0,02711326128403445 3,1094746314581707 -0,9755693283569759 3,8588602638620553 2,93878507784082 ), 85,4569205899461
( 0,0646725791842363 3,0405996217562135 3,8372799319493045 -0,12345453495240809 1,7348284943274692 1,9365105639104851 -2,06744753368166 -0,049025167147609905 2,018347874364091 -2,0020428391936194 1,9385853277070872 0,028298172505663282 3,047181580809566 -0,9462308895157542 3,8753942743777787 2,9486517979863036 ), 85,4629011288995
( 0,03969658044787841 3,0311272610336437 3,846291908171673 -0,17582665218641874 1,79864541517572 1,9732404178471228 -2,0717594609750334 0,007973572264522513 2,0649048700909334 -2,055253751174479 1,9733721773938837 0,03158374902955324 3,099370465905784 -0,9872770573957498 3,886659652458227 2,905892773701974 ), 85,47403098256441
( -0,001751530603205242 3,0439314770645813 3,894075658437811 -0,13019673651253133 1,760105928928423 1,9280766924105541 -2,0892676372564454 -0,056564310546586435 2,0552989830329236 -2,034085020682807 1,9891638542588064 0,04043469015217488 3,1269823801188323 -0,9964109814293756 3,8693686336827717 3,006302726397397 ), 85,50484277326156
( 0,0022492517615468163 3,021535228323552 3,857850391320184 -0,1603773447140613 1,789694561779307 1,9659010665491778 -2,0725650416335872 -0,010873794531017838 2,064482206969585 -2,066972638210169 1,9695609313525526 0,023333262607337438 3,1179864307820613 -0,9865028908378557 3,864837249537538 2,9370065805735166 ), 85,52895081391449
( 0,05743666308694677 3,025010930146313 3,8443734506557123 -0,15376507008225201 1,749362899088673 1,954007872835723 -2,0738248246989364 -0,05638087768547652 2,031689539895427 -2,0187470999979586 1,9517440332537508 0,02829207282588791 3,053134613308238 -0,9567273035943589 3,8794147333023883 2,9306779230536733 ), 85,63255114179626
( 0,06339710278181114 3,0287295136314953 3,846311245863685 -0,11538451698901427 1,7221851901693979 1,9266399514700459 -2,055351006122795 -0,045146053084890954 2,018143569458366 -1,995234401313525 1,933363263603512 0,03490705916062913 3,0492539449666927 -0,9391220676451721 3,8615795951758596 2,96827428833414 ), 85,64956494992705
( 0,03017435258707627 3,02562909674947 3,8551169421880833 -0,16222162306689408 1,7654308952855104 1,9541593253389589 -2,0654302701106917 -0,01233081161632888 2,05084718863195 -2,0322792853294396 1,954231515719117 0,03956659982407013 3,0936729296590535 -0,9613311273383367 3,863717173713533 2,9347305127306136 ), 85,69355566596987
( -0,009856570436836666 3,076761766044222 3,889326420945901 -0,14761308031523124 1,8161857583069232 1,9515907116578142 -2,092486288683765 -0,005304807207796303 2,065720151753572 -2,0418112618621134 1,98758777708337 0,020638041117091773 3,185604130800823 -1,0276360085277612 3,8991443211585906 3,0011144708667383 ), 85,76740662473837
( 0,07335699044875837 3,035692311765226 3,8338113566532446 -0,13519990539622026 1,7403762432855598 1,9399248382114074 -2,0667702728920263 -0,051884126312894165 2,0269189586271508 -2,0011822884020924 1,9404679859603038 0,03969150736271035 3,0432423694043096 -0,9455668790974716 3,883234350766416 2,9428279605114955 ), 85,84831692602329
( 0,04492378431328717 3,0290439895726937 3,840103185652357 -0,13422201929670327 1,748641917204298 1,949221594339718 -2,073451797282493 -0,06727144641786179 2,0492472922972547 -2,042099199794403 1,9818802940622282 0,03473499428047177 3,067463502980233 -0,9482657897470442 3,871074250914964 2,9562648638897904 ), 85,8984377302695
( 0,043042993227360285 3,0920735432513826 3,8722548421586667 -0,15335095957238767 1,7863953846209466 1,9539592072090404 -2,105054780955438 -0,06828331106359081 2,0413696765592624 -2,0114616114567676 2,0117441720183176 0,02754775511271072 3,1284455257065473 -1,000166013571712 3,908044729555174 2,980413935291493 ), 86,0289028811349
( -0,012548824401434868 3,053056661842765 3,882818095582005 -0,15279737316991113 1,8025850911648453 1,9590310950208363 -2,089285379704755 -0,02463355211235902 2,0723545773598793 -2,0587235933483456 1,9978732693650552 0,023695160287446296 3,164934168042886 -1,0122790264552708 3,8791837943861247 2,9855999028245988 ), 86,15755953362817
( -0,01608067179387438 3,0319418060762353 3,877155088627278 -0,13856481704998286 1,7817392831986067 1,9425820313403708 -2,066251542856949 0,007833208106623735 2,069599730710404 -2,057271223739511 1,9538176663036064 0,03238495346222828 3,1494084134281852 -0,9703795227450255 3,8493210645633704 2,984136404701226 ), 86,36412140374584
( -0,005601450768216204 3,0195557615722453 3,866949129487262 -0,16545856948038962 1,7907135202815676 1,966104433495796 -2,0725694653015143 -0,0026439003233848196 2,0742262705825034 -2,0676435940148776 1,9729285018353253 0,02932940504378114 3,132658711840904 -0,9878660980282392 3,860489525759602 2,9463371142282098 ), 86,3686701861651
( -0,03472262951199625 3,0521128690319297 3,897081991947825 -0,16638234411055022 1,8257243394081026 1,9638450461398846 -2,081679934533755 -0,024742416324286524 2,0966369479856626 -2,04153393854688 2,019716865189078 0,039747165529420335 3,173183022198852 -1,0315257456712166 3,88031736722493 2,9732083221728955 ), 86,41041605803443
( 0,0586628135063534 3,024789068174403 3,8327294787197843 -0,14183732833110121 1,7376063750273227 1,943389502955056 -2,0628977045336 -0,04781139223244108 2,031415110462439 -2,0152219617292504 1,946061979989378 0,03540379027629114 3,0455290948565747 -0,9419562358101816 3,8700750430809547 2,9330728102805375 ), 86,44237317484455
( -0,002909661686479462 3,039078787652136 3,9171846647832695 -0,15434198484178752 1,8226283674807178 1,998906046720775 -2,102572848044314 0,002578674496494034 2,0786998365326754 -2,0920703718908293 1,994291695030089 0,01882382379809868 3,1877971808700827 -1,0106207394162856 3,874116177446022 2,9652144165729815 ), 86,82011372784815
( -0,0031849676431472225 3,0505578339404473 3,8844508240032365 -0,16742129310768372 1,8015951814802036 1,9661807752589777 -2,0881165222413682 0,0029973105330605883 2,0857490081630172 -2,0652730341234866 1,9865736293493084 0,030709385173751023 3,15735197426706 -0,9908143089453039 3,8783076471902502 2,9695915783514453 ), 86,82133133467845
( 0,0819637096597918 3,041557504891842 3,8333338295660155 -0,1483701711628679 1,7460232879787627 1,952833101964811 -2,0717561074579045 -0,05349219503103294 2,024994540777708 -2,0055346869623927 1,950187504116265 0,03445417305554528 3,0435574345867 -0,9425105226004875 3,8811478736757024 2,9218018227897624 ), 86,86010370767603
( -0,04950884778679104 3,0313935933245335 3,8753445140299276 -0,10419722052149173 1,7873592927665116 1,9423165724297204 -2,051555751203792 -0,0005685314021032159 2,0859837875113474 -2,0570942506378436 1,9716796428455459 -0,0013786314929398764 3,19273829873888 -1,0286566207465164 3,867903184224532 3,014797113045902 ), 86,8692528891106
( 0,005133648121992853 3,044121810453226 3,8696988193949156 -0,18138097594222208 1,7968706312530551 1,973393800790532 -2,086099788893278 -0,013229052081833871 2,066238272773499 -2,0521262218808265 1,9957627757801795 0,02599655218566533 3,139090967742954 -0,999184296126029 3,8730568801611898 2,931609665104283 ), 86,98704184931691
( 0,015595122422261548 3,019914234942811 3,8706107494806252 -0,17748450981167263 1,7948993093198635 1,9765880940304208 -2,072614935937886 -0,02353736396313552 2,031078057318895 -2,0683008480280365 1,9889279434168332 0,033223126127656336 3,106842113178098 -0,961142799063887 3,8259507164681126 2,912922985562323 ), 87,05052297105969
( -0,015455152264677651 3,058514804314381 3,8868454775071206 -0,1339400621599428 1,7790452156287726 1,9448326435976382 -2,083218566946296 0,015067086725214816 2,08556820324854 -2,0652140540042723 1,9718950400658795 0,021786189503417708 3,155991637504 -0,9700892001928144 3,86781485212819 3,00396105569677 ), 87,09845194211152
( 0,00023672321466066846 3,0390464529533174 3,929392286134229 -0,1515899105297056 1,826691083737816 2,007463738874672 -2,109371579790166 0,004815882791477161 2,0772170411994395 -2,096902765302156 1,9929439603528567 0,015424009936062393 3,1946018940908005 -1,0118235539618197 3,8739677764947578 2,962468926931789 ), 87,10086005402482
( -0,010212329052693439 3,0240928481084417 3,87822115231296 -0,17313444518234586 1,800427314002232 1,9699794472935694 -2,0731128420266742 0,018113114353906806 2,075227475694911 -2,0671804910168676 1,966839765616239 0,02892361170713571 3,148727585673992 -0,991863304940295 3,856170136507322 2,939754622963939 ), 87,10197104753568
( 0,025546862156412976 3,0969976485405226 3,8819463196127963 -0,16220199251120018 1,8004652831994745 1,9599329656289137 -2,110021201509724 -0,0635619621936646 2,049905869972221 -2,0214305735310094 2,0277522037712874 0,022919332338020033 3,153901046003855 -1,0169580899924404 3,9068694201546776 2,9834187518548885 ), 87,22767207004904
( -0,005846425730747281 3,064571690295628 3,879752939893959 -0,17080769483222016 1,809400901297893 1,9670301007271973 -2,1019247566257646 -0,007752526311826685 2,077518517265121 -2,0386488345078844 2,010278616249349 0,022424118626164613 3,1622526417339953 -1,0160731760651394 3,883389344023388 2,937233102403979 ), 87,39339923815271
( 0,1115327200787343 3,0687283051468373 3,8306885944382185 -0,11206378085130603 1,735854231345257 1,9285316996546726 -2,0817835660021835 -0,07893446095106799 2,015428315730419 -1,975100570359483 1,9324018301447783 0,050524371909221766 3,028219787803252 -0,9345140362170592 3,920829486230333 2,9721890936816515 ), 87,39926232958244
( -0,02676399638090951 3,0460367547626777 3,884744247299246 -0,14608658935222718 1,8186984270776396 1,9624424002215595 -2,079651879414346 0,013388884125973216 2,0888125299021163 -2,086307484121474 1,9986433566073993 0,02719724757558782 3,1875124294875237 -1,0051551159862513 3,8650909192653584 2,9888542101981126 ), 87,58482226647249
( 0,005631012309814784 3,0233463207889346 3,8750946179027412 -0,15507151957805504 1,724783005115554 1,923723500876005 -2,0574192718957827 0,022890386552264524 2,0416566154133147 -2,0077252566956902 1,9864276042194458 0,035418055137873286 3,0947826386293644 -0,9575064411941165 3,825960066468821 3,0001672077416512 ), 87,5960721941794
( 0,0326801289261075 3,025287485694497 3,8484260471973064 -0,17651107083653697 1,7657127409482571 1,9630040155975035 -2,0661205969356797 0,0010209733185192263 2,0468115397831848 -2,0364738752437344 1,9533584139771658 0,033603279051650656 3,0861582376279633 -0,9573397786700798 3,8535798889436914 2,903918472904717 ), 87,61083354277717
( -0,022757821502089527 3,011173083531802 3,8863306428062088 -0,14217764204747094 1,7831685758396156 1,9512903393919936 -2,0730790240185106 0,007625934387312514 2,080760986045239 -2,07412388576314 1,9636729772030177 0,02125727395515008 3,1644406849325355 -0,9768424872303821 3,8366211445271254 2,983211283006004 ), 88,03206559375604
( -0,0196885017334152 3,007690112549243 3,869411571178553 -0,17616005584075553 1,7974114436392685 1,974798426425772 -2,065990722047583 0,003109866026527921 2,062639161712306 -2,082770679481614 1,9787967573184635 0,020270060434568728 3,1341322170698667 -0,9862554023986818 3,833887847115778 2,9222202457497604 ), 88,05794899966396
( -0,02685877337211262 3,012033524602503 3,869405529265866 -0,14928115532538838 1,768006941649563 1,955342660132328 -2,0602714798679567 0,03479329576176084 2,075313590581336 -2,0514543145184936 1,9355841557144267 0,040506972830839476 3,14146951380331 -0,9908901136221314 3,844587475886184 2,9518136026397324 ), 88,13363609485378
( -0,009958811162610081 3,0232302542448557 3,874647877767595 -0,18468376478751042 1,8045966856149067 1,9813320894742048 -2,078906439151543 0,010725644203698386 2,0787354029846656 -2,0757575604003313 1,9834148936228966 0,026617125900201946 3,146501091408863 -0,9948127158403188 3,857556499660237 2,924522139238977 ), 88,16046722542114
( -0,001957562770358509 3,0164943891312244 3,859205790742663 -0,1849919145399365 1,7887299961150067 1,9766553088749848 -2,0704239037184995 0,0057029916963416 2,0648808797565477 -2,064221845030493 1,9740822192979428 0,02269380859198209 3,120582964308864 -0,9850993200845605 3,849752801073915 2,90467381299076 ), 88,18049601727378
( -0,0276833551137814 3,0316182336138264 3,905411410290924 -0,169855813908575 1,8087782003158883 1,9761826502325264 -2,089459771843505 0,010091415275844255 2,0833890663665104 -2,080804047554951 2,010691333495889 0,0308578595736833 3,174870760498838 -1,0026474353788435 3,847378109535813 2,9854777242209414 ), 88,40382737620502
( -0,02759108688074565 3,0330960827960447 3,8909913464926325 -0,17278260427453074 1,8214123647008564 1,979968061724286 -2,086215103219712 0,009636244455956889 2,0935539474175426 -2,0900089399707618 1,9936073753802825 0,026559277127237588 3,1790654076980895 -1,0154920967095258 3,86816840118269 2,9602388809932187 ), 88,43811142913131
( 0,1294718996435642 3,0722415963245626 3,8397705489318836 -0,14788664036392368 1,7493400641413595 1,945283462634588 -2,08767265064408 -0,046957898080180846 2,016010211484494 -1,9792101220110627 1,9415472139663879 0,06972323640145428 3,0323262592508384 -0,9302502267712885 3,9227753894519535 2,937862320286369 ), 88,48740630258166
( -0,009343275112284635 2,994658434993804 3,8648990680512916 -0,17678817423991214 1,7611875899774732 1,959051551880029 -2,0514027935125854 0,034161315521782004 2,0561130984569873 -2,057668747852309 1,9650549624710427 0,02778502113189963 3,1040723437726703 -0,9602305466505919 3,8147400002908873 2,9314585876867922 ), 88,93201941274019
( -0,03471862733072162 3,0169603445720212 3,8771164720597278 -0,17009331323566063 1,8119314680568699 1,9816793993460695 -2,073517200249573 0,014409603244092396 2,0883524955043247 -2,0911208435481305 1,982717595874929 0,0124564533980068 3,1690196595850293 -1,0148896960277993 3,852523396627209 2,9383622160948253 ), 88,93721987732744
( -0,024473557596611826 3,005048074910049 3,8666093367686973 -0,18052606730277065 1,7904701759849215 1,969652175810217 -2,058932941072313 0,025731261860374048 2,076345381915333 -2,0749595496527675 1,963774607486131 0,02778868629281591 3,133771915843882 -0,9852250865852288 3,83614830855348 2,921178041399819 ), 88,99811832337822
( -0,03011516300243164 3,0201420727369706 3,8794803827905517 -0,18059111937218772 1,8144645375064052 1,9815616278744135 -2,076301369861184 0,01598368841517226 2,088845816113882 -2,0909650627515806 1,9858961531158479 0,021401270918328916 3,166619888787817 -1,0049321986359676 3,856247493034508 2,9398812554010503 ), 89,01521757472716
( -0,020014774236165447 3,022761905759202 3,8834687162230184 -0,17907343212461002 1,8091338102314614 1,9758036070232612 -2,0811218371630047 0,037733773402918815 2,1001185961198696 -2,08141944434898 1,9786671802268758 0,03181640716984187 3,165550032173415 -0,9977732238471843 3,864068565049184 2,9451728625566287 ), 89,0418221083207
( -0,001830966869939631 3,033135201437595 3,871761077196322 -0,20707934874400089 1,8137752146891228 1,9956201645144347 -2,0910296014267633 -0,03664694612260195 2,0622641987534096 -2,068110026035493 2,00744669114123 0,01720425583026688 3,1396791568747626 -1,0136887138749606 3,87883057127808 2,8919873161917278 ), 89,08271131953379
( 0,05666230716818589 3,006607786294989 3,8094569446249262 -0,11644509603943358 1,7092048086480747 1,9171504897198683 -2,0331953832506553 -0,06576872526765501 2,006253765341505 -1,99870369659899 1,9091831297788433 0,01900816547879839 3,011736799633265 -0,9271830656381139 3,8478792641249746 2,9325378338974963 ), 89,43462046891325
( -0,049275409704933715 2,9977834673519492 3,885062985283018 -0,15993764599295632 1,802859749974642 1,9613856397707445 -2,0574305552523615 0,03361764900902616 2,1017064735123094 -2,089135104667366 1,966860871156627 0,03360330627888667 3,170043986981872 -1,0054781716622752 3,839027175492798 2,963339869013904 ), 89,48005842584726
( 0,023883954059317727 3,0305565289997074 3,86670322450126 -0,22238284410961764 1,794634819566457 1,996198008881389 -2,09428769183722 -0,031178438342933774 2,052432794538534 -2,045882655437023 2,006833558423985 0,022141369738259604 3,1084385571914597 -0,9936868803450296 3,883867030287999 2,8729118443755834 ), 89,52197473815447
( -0,034131571977382494 3,0411568285438895 3,9043276537344003 -0,18007326178403468 1,8263130002776067 1,986241838324531 -2,0909190311232 0,008706131768377746 2,08158087046587 -2,0906095010199506 1,9934993040781457 0,01264777141785152 3,192386538312532 -1,024644565052335 3,86011513882854 2,947026977697609 ), 89,55331693075492
( -0,058132833215238315 3,0185905461589204 3,878341885894736 -0,17371580033554485 1,8214918438897172 1,990519433203766 -2,0583708913277556 0,04258384866883055 2,085867930420159 -2,1033949410288035 1,978685789565428 -0,010334592676477577 3,1899539554661938 -0,996168045051038 3,8461196808055793 2,9463171773490653 ), 90,60704450354723
( -0,04999792260259289 3,056761113539901 3,904638276333057 -0,16446371790423986 1,8278181698622398 1,9690610170907161 -2,095421673523407 -0,011647990087883753 2,0955412146603667 -2,081947178439758 2,024214302193416 0,015680494368536198 3,2175835525345406 -1,045225718836711 3,8797170526007787 3,0004840782310906 ), 90,78019188469672
( 0,07829042236176191 3,0142600581557977 3,802492172910816 -0,12545049849528792 1,7016097616458015 1,9179971399113596 -2,0351915396895173 -0,03811674367475263 2,003747557020492 -1,975147516077211 1,8953448115617304 0,04391253738246976 2,9918329199854377 -0,917503312679683 3,8565621951580242 2,91589155599799 ), 91,53150148021666
( -0,07209869631197831 3,016112248419716 3,916325775527207 -0,15444556345196145 1,8153903349259568 1,9767716628912495 -2,0888929056563947 0,01413456434801909 2,094295259034359 -2,1385360133531246 2,00050870335597 0,0025995948930976555 3,227844445569908 -1,021458166227111 3,844272407402603 3,0265829730423826 ), 94,42658430435475
( 0,6323074580619191 2,380329925044544 2,2657358746857112 -0,8629493724750724 1,0786960398045522 2,094184127966553 -1,7799737829773532 -0,11789622452777926 1,6725789871899714 -1,0503253510867876 1,1332216218009314 -0,03008983882249962 1,9098141189663114 -1,0251014244148529 3,0301317665991285 1,7707230152560598 ), 124,05420009897944
( 0,05360738163889722 3,0198684484440945 3,883400306451133 -0,03923829020522274 1,6884813041285809 1,8930271470251154 -1,960762898881726 0,08284603574152105 2,0628189579615737 -2,0208816446427837 1,7634094254413326 0,09584102448320286 3,041127189847093 -0,8078770467850234 3,6787759416022423 2,5884448123916104 ), 126,4869942931149
( 2,241459160144014 2,8619080865669866 2,9336778503099645 -0,3336234260171083 -0,2635911333476617 1,1355626511341805 -1,4175281998867184 0,9785545668919611 0,9657207311669832 0,0352128984182245 0,9117952715082033 1,1015462698593637 0,00636785105721456 1,1019279347641688 3,4641801495855264 2,5888821100349118 ), 134,60031561032667
( 0,98277452813182 1,9423727041829848 4,022934316454146 -0,9067708587854596 0,6738246111591117 1,0557776648257147 -2,73976186103576 0,20629603016900705 1,5483277191079787 -3,135007056707516 -0,18131663185958025 0,37666919625361805 0,028170664744230134 1,039779552006769 3,0947389395534883 1,8840651781587494 ), 139,92504563831756
( 0,11090356659999015 2,98914114224416 1,0766281546265644 2,058700703977646 1,2660697986456877 1,6741025486666443 -0,10035177405954082 2,100474323889233 -1,7213887271060695 -3,100273000879671 -0,20504180372762149 0,3301920119204026 -1,8375677904341765 0,14573850765392002 2,632170032072859 -0,17233659324498382 ), 147,85664342102885
( 0,7058566865511345 1,1013023426800268 2,8275223598675634 -0,5477930544818872 0,45842044287056427 2,1257377632861036 -0,32992422175886993 -0,7430998402445758 1,0439859613224343 -3,043680605432203 0,8039121114515866 0,07247057071383078 1,0459317557755032 0,08888749271818408 2,7920073423771194 2,795708422558912 ), 149,0989096653223
( 0,687083464694058 1,2371893678452275 2,5054185139349485 -1,0028577674073849 0,8144838379870198 1,8801725347426652 -2,088506468555779 -0,7158691041812408 1,846417926233943 -2,1100278156071357 1,610482501332031 0,12519790134970601 2,074850803257248 -0,0053561053226854685 3,5029632071934587 0,7780647632582123 ), 161,73034453979218
( 0,8811774743958568 0,20356627271697098 3,328415171760129 -0,38178470750906035 0,20094644285990065 3,0558633610273094 -0,729533967527998 -0,5384617654321643 3,0074580011506935 0,8471793860670522 -0,05609802098050129 -2,030531382402467 1,8473142556493096 1,2777255774821636 3,6839937107813836 2,2494927098832274 ), 167,6287951450326
Liczba wywołań funkcji celu: 2512
