Iteracja nr: 28
( -0,0001524999861909922 3,049708064786582 3,9710299186677145 -0,0006311070091256313 1,8976828636127738 1,9254433496944523 -1,97776784874701 -0,04409915804124835 1,9832780240461318 -2,040523737838722 1,8817338254740807 -0,02290217921481712 3,062091379308772 -0,9850185063999268 3,9610814416205455 3,0193221546551334 ), 68,20834861575806
( -0,0005560692285007185 3,048721253513478 3,9688765341879955 0,0007015087701624373 1,903378705672522 1,9243289781024857 -1,9723141390570251 -0,04188902604842038 1,9775393820156377 -2,0355431666365273 1,874171534580636 -0,02537158907263754 3,0598955495719475 -0,9916166729749575 3,9601683058739003 3,0180801482422006 ), 68,20954410019273
( -0,0009132980308313176 3,0470874450657424 3,973350275573733 0,002020179045956823 1,9000392670758623 1,9261092716311132 -1,9750443207708936 -0,04548787047434173 1,9834430961251701 -2,0395305910626105 1,8776853136043106 -0,02580512545100777 3,061143471792467 -0,9843596270375572 3,962845716206494 3,0198378061199795 ), 68,2128437688732
( -0,000439835121093675 3,0493895270258546 3,9716347902657443 -0,0006047046705172554 1,899471896294578 1,9252687638496837 -1,9768460245110488 -0,044509535063540356 1,9829954885063255 -2,0389277798055496 1,880491485584928 -0,023956921324915295 3,0631272542134527 -0,9869578733384607 3,961417082723271 3,0202084950879446 ), 68,21306780357963
( 0,0005532410208268788 3,048901801254489 3,9721420418509807 -0,0008054539015820027 1,8981732813045509 1,925002323350408 -1,976977132360252 -0,0441899298757188 1,9835192835539897 -2,038376317557097 1,8801852285403098 -0,02328109488794495 3,062171524909558 -0,9851658805303659 3,9616508716443812 3,0207103811813676 ), 68,21479620901307
( 0,0004722414982830801 3,048139334561877 3,971743794379623 -0,0007929053488054242 1,898768845463563 1,9248648020293158 -1,9760700032191392 -0,04288640605968702 1,9830044860975073 -2,037717358916286 1,878357405653981 -0,023295388004027612 3,0617807007355333 -0,985773813838359 3,9612760880835554 3,0206491718219985 ), 68,2152150833893
( 0,00018481765835295022 3,0483795237305698 3,9718136942724764 -0,0010187140787311843 1,8993275004968186 1,9250484672968504 -1,9761835296732762 -0,04377114541681579 1,983192969760731 -2,037374773777534 1,8789002988815626 -0,023938035254853367 3,062729576102167 -0,9867083161563044 3,9613290722188363 3,0207454134769587 ), 68,2157715705297
( 0,0002003163242289976 3,0487035410058083 3,972016425205307 -0,0009600936196412416 1,8989857468515419 1,9250566997889489 -1,976599118826731 -0,04401829427814146 1,9834197722703415 -2,037881465954293 1,8796385045243218 -0,02371998521331983 3,0628230811061457 -0,9862700233990508 3,9614753085366083 3,0208319618622195 ), 68,2165962410202
( 7,226554310387235E-05 3,048599324486602 3,9719019151762396 -0,0009885989083438709 1,8994141670663707 1,9250320693895844 -1,9763305508056304 -0,04386300171033295 1,9832067426584692 -2,037600516279017 1,879207492370113 -0,02389856197929266 3,062950437194302 -0,9868324945262057 3,9613855999963814 3,020819901085405 ), 68,21704434227222
( 0,0005416067228886034 3,0483606232356273 3,9719759886717796 -0,001070407178944467 1,8984169369748665 1,9248605930111926 -1,9765311179002418 -0,04295253488883804 1,9833970555491045 -2,0378994269183135 1,8790369126955768 -0,023050186694375224 3,0621856127565317 -0,985525316722808 3,9613275271402193 3,0209199088671657 ), 68,21747770137044
( -0,0001493314871696293 3,0483911580580303 3,97228914528865 -0,0004575210358095114 1,9004198578295208 1,9249551301693892 -1,9755846043155654 -0,0439637881643932 1,982742172770451 -2,0371226831959484 1,8782773150692589 -0,02449351098372154 3,0629402738281417 -0,987500969863047 3,9617032440930133 3,021050292881821 ), 68,21762795979114
( -1,6426696192740767E-05 3,048063731720197 3,9717113585243085 -0,0009078789925680409 1,9004088305474547 1,9249224933381006 -1,9753295725012892 -0,04342617976384103 1,9825982898452672 -2,0364865326593495 1,877659787165276 -0,024449217803605393 3,062848428401387 -0,9879231614125819 3,9612324808582233 3,0208519113044616 ), 68,2176306838303
( 8,866390909542557E-05 3,0485893880991197 3,9719103264681337 -0,0010532317767928063 1,8995164070393584 1,9250968569347164 -1,9763085068904813 -0,04432700944572916 1,9833021109255011 -2,03732856450436 1,8793082127862362 -0,024184889062903194 3,0631072892724034 -0,9870030973840362 3,9614180599952173 3,0208270050134134 ), 68,21765200687805
( -0,0007393734816657434 3,0497169608825936 3,9734959285848004 0,0008662893843922233 1,8995673974719278 1,9255759119074807 -1,9771579168758842 -0,04654764741487145 1,9836090881209107 -2,0401923771841672 1,8816404594400729 -0,02470222544396578 3,063119717011057 -0,9854578907984036 3,962928642153598 3,0206784022217508 ), 68,21771854506578
( 0,00024083191531295428 3,048873047962362 3,9721899255531197 -0,0007582396277708403 1,8986959740275235 1,9247755342677348 -1,9767038438531643 -0,04282630753130428 1,9831520813602654 -2,038570869203114 1,8794793475440084 -0,02288323575376961 3,062415656139571 -0,9857330244452945 3,9614978081962953 3,0209967164227423 ), 68,21796061342819
( 9,492878947737197E-05 3,048269094066751 3,971727508248958 -0,0009199375604962182 1,8999332281415326 1,9247573917167686 -1,9756346632508155 -0,04277346755114736 1,9825753386170555 -2,0370662934381683 1,8778990574309087 -0,023763819080503706 3,062589499355405 -0,9873749069999354 3,9611853672945734 3,0209108700925515 ), 68,21806545707106
( -5,444899963942627E-08 3,0485038890564167 3,971742648887945 -0,0009223466854552395 1,899851160821864 1,9248210775736643 -1,9758948817926316 -0,04306369541609743 1,9827040961991127 -2,0373750323348174 1,8784276648621696 -0,023760594003477364 3,0627990251102504 -0,9873490274576201 3,961213569120115 3,020871153576844 ), 68,21809034087306
( 0,0003776916082678741 3,048628260442897 3,972027761121418 -0,0010414230438805375 1,8987213117539823 1,9248546373214406 -1,9765897146100861 -0,04321138396158596 1,983329964108861 -2,037936166296819 1,8793183625998036 -0,023200234563075964 3,06253999040618 -0,9859577205563976 3,96138412170165 3,0209878843907343 ), 68,21824736048829
( 0,0006161548032456061 3,0485945465917146 3,9721570593483566 -0,0011507656090875944 1,8980269060889141 1,924979835909243 -1,9769853455782196 -0,04359821510536324 1,983816817290479 -2,03812157002515 1,879862231944981 -0,023078792060050507 3,062407192643919 -0,985119102764578 3,9614858484094793 3,0209664007660577 ), 68,21852224593084
( -0,001171239265327213 3,048050511525633 3,97141438539279 -0,0003955057116434575 1,9023448154058245 1,9258988264739525 -1,9748483868914402 -0,04671072157143042 1,9825970220787432 -2,0361035126348312 1,8781887023070567 -0,027122624126728098 3,0641469456052475 -0,9901117327522803 3,9614996851376234 3,0199274023306155 ), 68,21897767394327
( -0,00021719105060765494 3,0476321585842037 3,972591304971033 8,045160576104966E-06 1,9002779509357386 1,9247847305907981 -1,9750377979224116 -0,042058721967452785 1,9825411813623566 -2,037732545414848 1,8767911581584007 -0,02378193977917887 3,062027521862219 -0,9865586876747365 3,9616249251787643 3,021168052536184 ), 68,21898387476976
( -0,00012892242612900812 3,0495821708501865 3,97222271900465 -0,0006921083704065134 1,898554180581677 1,9252898553476319 -1,9776060339888772 -0,04510359033522377 1,9838129996703115 -2,039433804140629 1,881568804623415 -0,023566489102451772 3,063205600220418 -0,985738484087195 3,961777201000106 3,0205812863463493 ), 68,21910210461635
( 0,00014841610962021607 3,048510669945014 3,9717697697690713 -0,001038510428188141 1,8996672397867271 1,9247205676869532 -1,9759679848415723 -0,042836745381760424 1,9827375201851973 -2,037317860032511 1,878413354013316 -0,02352212919272007 3,0627297741949966 -0,9871892594033141 3,9611947783726693 3,0210013209421676 ), 68,21925330315437
( 0,0013922254933685933 3,048034707033595 3,9725202319126716 -0,0011098309028753116 1,8971440422480528 1,9248546093245347 -1,9768386284273547 -0,04364556006520907 1,984111541053772 -2,0375439119113468 1,879368424980544 -0,022852050195902876 3,061408034703068 -0,9836940503036401 3,9617260228259945 3,021203557630038 ), 68,2194805636953
( 0,00014317869040058836 3,0482014999691645 3,97181289196387 -0,000978079251351517 1,8998737236234013 1,924748915207487 -1,9756581322717113 -0,042788881093874784 1,982702885424486 -2,036983610243519 1,8778901501481764 -0,0237517836661914 3,062649494214913 -0,9872932348415004 3,9612075620782803 3,021027032310265 ), 68,21956249059983
( 0,0001600246175831241 3,0482613654082265 3,9718132528849392 -0,0010142936565704574 1,8998441497417644 1,9247243503828397 -1,9757126878223228 -0,04275338347306922 1,9827009141102552 -2,0370062216028337 1,8779619945481454 -0,023684742997137458 3,0626759610063217 -0,9873013219318817 3,9612039194315845 3,021050888956908 ), 68,21958848849003
( 0,0007334421052859699 3,0482288878269324 3,971971494721128 -0,0013940714818203043 1,8980771522569926 1,9248448278793873 -1,976660997721839 -0,04247186071597064 1,9836881633609618 -2,0376356061094625 1,8789010632555854 -0,022809822570158168 3,062278078426829 -0,9852861800211604 3,9612337174709507 3,021051046805525 ), 68,21974290653522
( 0,0002636986647540297 3,048881669098853 3,9716483006392935 -0,0014047917085794482 1,8978196895565513 1,925589357575858 -1,9775357178602329 -0,045394586443818816 1,9845821808927673 -2,038462630331159 1,8814770212777632 -0,023908685500084143 3,063248853924166 -0,9852841801148386 3,9612241943918804 3,0204223454603567 ), 68,21974359432394
( 0,0007502962526775604 3,04896140390528 3,972867301863696 -0,0006424125558401771 1,8971159963121333 1,9252833619813865 -1,9777167058856335 -0,044947000067489064 1,9845354271385431 -2,039061094350576 1,8813048031908206 -0,023197316335514126 3,0621814709199273 -0,9834934466905182 3,962144333609876 3,0208800785910617 ), 68,21980195246948
( 7,247657391137776E-05 3,048131754590406 3,9717480353009806 -0,0009932162693351793 1,9001974576625094 1,9247386636389532 -1,9754495099456508 -0,04275303473006551 1,9825494675019448 -2,0367069112822644 1,877585875395175 -0,023932915665578605 3,062744734176041 -0,9877132292249607 3,961169914234579 3,0210236710194445 ), 68,21996906763107
( 0,001320065918863745 3,0481352643159623 3,972547899102935 -0,0010235556186095126 1,8968638491922596 1,9247971387571536 -1,9769943781238841 -0,04281049146349073 1,9840842868226534 -2,038148056626389 1,879414174777927 -0,0223407599485672 3,061279855334445 -0,983275006587348 3,9616569372905075 3,021197916505668 ), 68,22018411021065
( 0,0010303198310619938 3,0466238479050887 3,9719078541670894 0,00020551310788708086 1,8970462582528116 1,9247401035803582 -1,9753385905094314 -0,039351345413596694 1,9825289322200526 -2,0391516569536017 1,8757057424567727 -0,021667332519205978 3,0585984680271285 -0,9821840459517293 3,9611851916064778 3,019887508108638 ), 68,22035190660546
( 0,0010349604614426013 3,047320029767487 3,9711127831671735 -0,0013359115093671816 1,899739326647865 1,9241962052560522 -1,974513879308869 -0,04090514363095095 1,9817117556146426 -2,035181647614577 1,8754647952820016 -0,0232439237678708 3,06118896674621 -0,9873920900738274 3,9606779607433324 3,0209825796457785 ), 68,22056371184003
( 0,00011854666335031156 3,048002618217017 3,971897480745422 -0,0008669178795363141 1,900282713197054 1,9246153947756308 -1,9752290243831323 -0,04230841117760088 1,98239618858629 -2,036624347693664 1,8771401501148357 -0,023806768511401413 3,062546225582204 -0,9876294835700186 3,9612151330029093 3,0211719708510394 ), 68,22094534540607
( 8,416966056672658E-05 3,0480741988643043 3,9716442968346857 -0,0010221822152936234 1,90032119924697 1,9246316573286626 -1,9752850268167124 -0,04235652274032793 1,9823473218612981 -2,036588191966183 1,8772443228242084 -0,023812316290727005 3,0626525695369198 -0,9879002647043492 3,961064541895331 3,021050080555106 ), 68,22105984506459
( -0,0006676543122257653 3,049250808680343 3,971898678661157 -0,0006743150684308974 1,9009909129593323 1,924928718117074 -1,9759702766962606 -0,04404620057283197 1,9824364582806853 -2,037599357976756 1,8791943174767085 -0,024468357382744697 3,063874380694537 -0,988789191269796 3,9614424834439044 3,02089641610848 ), 68,22110785898325
( 0,00043773937998687674 3,0493516588553766 3,972554830597716 -0,0005966615746639936 1,8975323110409625 1,9247163268400398 -1,9775748320842799 -0,04255231394205935 1,9835453896936837 -2,0399080796660782 1,8806562089908974 -0,02193596335830944 3,0620484215553687 -0,9841717782026213 3,961726782079194 3,021061469167918 ), 68,22140169657101
( -0,00018164614193988605 3,047449403687695 3,9719857897208484 -0,0009087688686547281 1,9003630148350277 1,9252045473680097 -1,9752866756569336 -0,04368204022616616 1,9832331228129538 -2,0365242282411296 1,8774223322755201 -0,024791571703994635 3,0630992139470647 -0,9875686898520699 3,9613129922112917 3,0209555215501975 ), 68,22143045091578
( 9,131757602677667E-05 3,048065274549141 3,9716832976684113 -0,0010165446973122304 1,9003192822327355 1,9246136297341991 -1,9752797457032112 -0,042310901266939004 1,9823554865565456 -2,036590706748927 1,877219823588589 -0,023783734749603123 3,062651373497008 -0,9878750916812611 3,9610765240725243 3,0210920359556495 ), 68,2214556889152
( 0,00024243564190533855 3,0492493558217566 3,9711512862051954 -0,0018215288520220029 1,8997980813496336 1,9249548331044253 -1,976583061613327 -0,04517386999581526 1,9829965341644815 -2,0364213525885853 1,880133453914935 -0,024415087038968362 3,0638387771425504 -0,9884885219072929 3,9610559588149927 3,020761464296172 ), 68,22156465292407
( -0,0009506501118682142 3,05033752556575 3,972083405815239 -0,00021502056020721537 1,8997169323508958 1,925161374066894 -1,9775177545267284 -0,04472903924651344 1,9829989083081565 -2,040414927745621 1,8817962774583756 -0,023527967175516862 3,0637653995593315 -0,9871015539652442 3,961738115856806 3,020459073237074 ), 68,22173273633256
( -0,0002710770827321638 3,0480756621046274 3,9714501370647874 -0,0008684459054087073 1,9011347477228957 1,9246644520718466 -1,9748768050113386 -0,04238659790457643 1,9819142095670472 -2,0364028414721287 1,8768057473492012 -0,0242442578184837 3,062882496667095 -0,9888721372485365 3,9609824698496694 3,0208949567493035 ), 68,2219556440448
( 0,0009471871750604516 3,0486486173765104 3,972245742127308 -0,0016062512344269587 1,8980077578911958 1,9248142292476207 -1,9770146783492133 -0,043788790523044185 1,9839884044553606 -2,0372025543090704 1,8799116377712226 -0,023125939747515548 3,0627614475027944 -0,9854509368048971 3,9614735651616995 3,0214011758984216 ), 68,22207869513527
( 6,193090082919756E-05 3,0481336833760713 3,971250730305647 -0,0014916120718678903 1,9002695097151572 1,9247942010448253 -1,9754605505262606 -0,04282597867551299 1,9826469089969578 -2,0362515572741495 1,877714382364168 -0,0240793756184459 3,0631731618460156 -0,9883179403221648 3,960754210303209 3,020937483825119 ), 68,22226297553233
( 0,0010356093299575863 3,0489561353910055 3,9724421657232534 -0,0012420678653510576 1,8961105700351593 1,9254227785207279 -1,9783730171906244 -0,04505255827841677 1,9850920272679702 -2,0393190911232235 1,8821264578398198 -0,022755397214315604 3,0621705753406827 -0,982817678046119 3,961812997204558 3,0206687254088807 ), 68,22247123382093
( -0,00043219200300780627 3,0476635655914333 3,971277641054523 -0,00034587423159695876 1,9017170016215148 1,9246956840681027 -1,9741706194556194 -0,04237733718301111 1,9814248096157348 -2,0362394282310725 1,875761986242791 -0,024659683575760812 3,062313453905235 -0,9891464813416098 3,961009914009232 3,020587772310889 ), 68,22247678855874
( 0,00043383073745003394 3,0478281329366723 3,9719091606725483 -0,0011415436373978878 1,899722089731661 1,9245240602408018 -1,9753960619554929 -0,041883219225087254 1,9826505629860969 -2,0365261108861756 1,8770850513469979 -0,023375902986024696 3,0623467540230274 -0,9870650274728713 3,9611251025847953 3,0213402463866856 ), 68,22269397689591
( -5,228193643507309E-05 3,0480493398682253 3,971651936876952 -0,0009829365183184034 1,9007021173860668 1,9246086139701049 -1,9750970064739062 -0,04231872846936911 1,98220621047729 -2,0364363427385133 1,8770048002217985 -0,023975094462796324 3,062822782409274 -0,9883377358860226 3,9610561090873873 3,0211097060564405 ), 68,22281327512823
( 0,00028522159770358996 3,0480577264611863 3,9716881869868956 -0,0014048757546135777 1,8998795146840188 1,9246976258479958 -1,9756476386768085 -0,04268710975289483 1,9828468602333418 -2,036413208082099 1,877733060913324 -0,023751522654271245 3,062932877650878 -0,9876170687942648 3,961041869413345 3,021225824036373 ), 68,22292565492577
( -0,00035007363306153284 3,0486005835222 3,971863861347358 -0,0011344143594657484 1,9008068567016854 1,925063746160562 -1,9758192510696464 -0,044479259497267075 1,9829480436694231 -2,0366265286320813 1,87878966221089 -0,02483581696603701 3,0639818794794644 -0,9887148833039566 3,9613595968182627 3,0210760285116045 ), 68,22305939058879
( -0,00019611532577596197 3,048791124995831 3,9716293913333502 -0,0016584117425769603 1,9000736058709353 1,9252849129105079 -1,9764901725458393 -0,04502557847085585 1,9835837883870833 -2,036722871138242 1,8798383064532023 -0,024770181686330228 3,064355857054972 -0,988322326873173 3,9611930933506905 3,0209302908030202 ), 68,2233118198373
( 0,0014409215487379656 3,0475378410465486 3,9726459623767654 -0,0011410908024671734 1,8967429573223846 1,9248009808138624 -1,976743520665865 -0,042369053584072044 1,9842813797247065 -2,0378296949071126 1,8786690767037448 -0,02229604475298287 3,061067583115514 -0,9829711515363148 3,9615820740142738 3,0213332497041585 ), 68,22331691113821
( 0,0012795749895078644 3,0476351530786063 3,9726630682074946 -0,0010566987404750838 1,8976219784630102 1,9246277485653422 -1,9762616842992735 -0,04228887619164472 1,9838487145814718 -2,0371624623689426 1,878137919361698 -0,022658262842950576 3,061441852493947 -0,9840731483132457 3,9615979638613403 3,0215950320411222 ), 68,22336384323654
( 0,0005352524174145031 3,048703421825026 3,97187869274776 -0,00147186581139455 1,898325468456777 1,9247164847118918 -1,9769193668765428 -0,04274433683941761 1,983545935278825 -2,038011751982298 1,8795677919762208 -0,02266566431120273 3,062709876584784 -0,9858382231203476 3,9611522832483326 3,0211926030078966 ), 68,22345485062974
( -0,0002447285389569382 3,048078035997567 3,9715507520389335 -0,0009213756820716271 1,9012023759473602 1,9246194516354218 -1,9748680471599174 -0,04240938588100585 1,981962977521911 -2,0362564422683724 1,8767857953458285 -0,024258684412850173 3,063010836871614 -0,9889652079867279 3,9610204999593113 3,0210502657704144 ), 68,22380743053456
( -9,772804942692032E-05 3,047544479243015 3,971457960675936 -0,0006288703500673451 1,9010719183751892 1,924427987980948 -1,9743112129006892 -0,040963003840430764 1,981479522491395 -2,0363374708922564 1,8754270567715943 -0,023770112729393368 3,0620094336995285 -0,9884065170727537 3,9608798585267193 3,0208933295558675 ), 68,22415619386926
( -0,00011781787468769883 3,0475215543996717 3,971348503852744 -0,0009924155720669918 1,9012374338308942 1,9245934544660668 -1,974436197886488 -0,041881177657211194 1,981833839312734 -2,0358122341872593 1,875850011774053 -0,024263105340385435 3,062618765121188 -0,9889468070560857 3,9608343748960078 3,0209807266222537 ), 68,22472877914558
( 0,00011670155261851446 3,046988130959539 3,971615299902679 -0,00012301798649388778 1,9004420283897658 1,9247252806948796 -1,974360477589179 -0,042570085235255 1,9821646536336033 -2,036624882958888 1,875651088360178 -0,0242226110889447 3,0612614081536624 -0,9870659491484305 3,9612326070479127 3,0206828976129234 ), 68,22507603487962
( 0,0006916423788762777 3,0489630676981068 3,97200196022556 -0,0015525886072030018 1,8975510289339843 1,9248004155755087 -1,9775486869523728 -0,043073264577185785 1,9840117232146424 -2,0386135067095212 1,8805357358285744 -0,02232341604088453 3,062680656417365 -0,9849666341239578 3,9612468647471806 3,0211758310051278 ), 68,22514249544335
( 0,000677304093355978 3,048044044592985 3,9717697318699376 -0,0019176288390793969 1,8989251473745443 1,9247932358962403 -1,976294030642097 -0,04308517494411048 1,9836342031728789 -2,0363717039474545 1,878564055578294 -0,023476007151714235 3,063105861455458 -0,9867764294468104 3,9610306117589755 3,021416944727742 ), 68,22517708489764
( -4,369055241435434E-06 3,047670226303801 3,971755651911696 -0,000723046686395777 1,9012287562716967 1,924370496831405 -1,974377531525986 -0,04153037740956471 1,9816597094532022 -2,0359161598676114 1,8757373635372894 -0,02397748786987837 3,0624031603463764 -0,9886603532200922 3,9610845664791903 3,0213024317438193 ), 68,22537244468661
( 0,00016057125588661857 3,048692692333256 3,9715459356176517 -0,0015628833864988494 1,8990625689490752 1,9246970540213368 -1,9766233225010246 -0,04238943019006214 1,983164204745918 -2,0378494767895865 1,8790508107363397 -0,02287138261082346 3,0630652892604546 -0,9869303184060524 3,9609009208995105 3,021035519611833 ), 68,22547773433486
( 0,0006635512242279369 3,0487147489723907 3,9726806321985935 -0,0012049253853785894 1,8973977155358384 1,9249760400611249 -1,9775898588937808 -0,04356771736460796 1,9844828930478817 -2,0388313185848452 1,8806347837268094 -0,022585807375825516 3,062655787817161 -0,9842187969750656 3,96168782504516 3,0213840249558817 ), 68,22615472250538
( -0,00013222115041227117 3,047074737847732 3,9705797302760817 -0,0004549743530250515 1,9020408163047255 1,9243924841556692 -1,9732560775734094 -0,04100610934558245 1,9805372929813625 -2,0352672762433026 1,8738845638517307 -0,024438639740997796 3,061380501066311 -0,9896749173490175 3,96055028144522 3,02030547294918 ), 68,22621061639276
( -0,0002830889430656789 3,0487326035892024 3,9708239605585214 -0,0018648389086218112 1,9003226713673733 1,9246851086252894 -1,9760234698996526 -0,04220145449236993 1,9824655182754072 -2,0370226298944316 1,8783865970296778 -0,023459974337288626 3,0637412298623827 -0,989019201429112 3,960397213381064 3,02080030857792 ), 68,22640920209572
( 0,0009552685084005502 3,0475548410238136 3,97135367855492 -0,0022338153805837807 1,8994771145956462 1,924596879295696 -1,9754457464948882 -0,04270817571152745 1,9831206506741677 -2,0348328183390327 1,8772054698353429 -0,023855567866568894 3,062867341227201 -0,9876923506040927 3,960693454584774 3,021428987172153 ), 68,22663542264692
( -0,0002014585280688064 3,0478009724566277 3,9714401636942127 -0,0009747779150405572 1,9014940520724404 1,9244754172193983 -1,9744523143761246 -0,04179572533886447 1,9816768532571651 -2,0358011300588146 1,8759627024132992 -0,024221517969963555 3,062863251537833 -0,9893137428194683 3,960878139968607 3,0211380836312487 ), 68,22698409267663
( -3,059945379586625E-05 3,0485359800610894 3,972186246894224 -0,0013727696872734554 1,8997255356490754 1,9246436032680208 -1,9762642883230874 -0,04238761806074357 1,9831950839689234 -2,0374995976766663 1,8786928017501134 -0,02322750317116248 3,063568059912523 -0,9873583248281412 3,9611885071285076 3,0216315246592633 ), 68,22766051584244
( 0,0009669023284320912 3,0471932446927865 3,971681567744939 -0,0016895330663868821 1,8995360731675228 1,9242805833717214 -1,9749591016066057 -0,04108547417505908 1,9825997755398594 -2,0352956999879623 1,8759418863823638 -0,02316623463497935 3,0620151038748045 -0,9871178357167634 3,960809195311749 3,021624535339027 ), 68,22877646824544
( -0,0008337134951484934 3,0475982178058536 3,972042568644208 -0,0006229115158059876 1,9028111889070978 1,9257562836914932 -1,9743778815619746 -0,04734075796147305 1,9829075540659327 -2,0345109773635315 1,8775447823388747 -0,027748081286666948 3,064585602203071 -0,990581949137829 3,9618208140414084 3,0207473752574434 ), 68,22917687483579
( -0,0014092580924251956 3,0489982021713944 3,970784681719039 -0,0005873412444821482 1,9036456411937364 1,9250371013027725 -1,9743445053895485 -0,04488631335144008 1,980939818925706 -2,0357829830864107 1,877473287799641 -0,026347685982030626 3,064435799073157 -0,9923751348044305 3,960960511775556 3,0202235324427313 ), 68,22970036616871
( -0,0004976388283047038 3,0477519925491054 3,971380730768447 -0,0006184457395824978 1,9022665579302103 1,9243368933469316 -1,9738855733876868 -0,04119106111361777 1,981029446036477 -2,0357706313278845 1,8751259664247713 -0,024329168078420615 3,0627382839840473 -0,9900158408056329 3,9608388697356336 3,0210876719702675 ), 68,23022482142541
( -0,001128022830840467 3,0468339603999186 3,9708103054511588 -0,0005747329420705586 1,9039036410616375 1,9257315865895925 -1,9730002917483573 -0,04578869601565203 1,98160653203706 -2,033676044212421 1,8751267875247124 -0,028100852058164136 3,0638368344805134 -0,9920272122074939 3,9610220894059744 3,0198590165262673 ), 68,230303070777
( -0,0002482210105122065 3,0483806139600746 3,971505776117525 -0,0008774705273007709 1,9011857014285594 1,924044807866377 -1,974837472187419 -0,040343911058606054 1,981305133180695 -2,0369074691126743 1,8762379809471486 -0,022989843729820433 3,0626604978891323 -0,9889753882200446 3,960780749759119 3,021369618901551 ), 68,23114584744744
( -0,00014257521901430076 3,0478521044549596 3,9715253256365317 -0,0008468310631580936 1,9015197029738875 1,9240953374048644 -1,9742849229281942 -0,040458526732729774 1,981211513995779 -2,0360723174590953 1,8753493976460276 -0,02347946011791939 3,0624751674844193 -0,9892169621002636 3,9608165292246076 3,021382863293493 ), 68,23126975571928
( -0,0014924013974115106 3,048183512316939 3,971948794764254 0,0005095493010824359 1,9033742045860358 1,924590492350519 -1,9736993132051235 -0,04200013664137945 1,9807710979800943 -2,0370513714064447 1,8756042936709212 -0,02506549661195725 3,0632136842620903 -0,9904930004785233 3,9613177991560686 3,020967801434947 ), 68,23148478446855
( 0,001379849418476408 3,045712949341661 3,9734841532397236 -0,0005709503323687577 1,897618712779205 1,9247558953401656 -1,9751133137856531 -0,04126453608082454 1,9842958704699354 -2,0366723717537125 1,8756705818997434 -0,022930221166674838 3,0604936942872074 -0,9827610393319614 3,961815942505485 3,0219602498766167 ), 68,23231134690141
( -0,00021612720686699466 3,0475023544775595 3,971314484043213 -0,0009105814267706664 1,9021027895903473 1,9242509132138361 -1,9737792638021772 -0,04099701087424784 1,9811134513996758 -2,0351959131380433 1,8747794900978387 -0,024254087731872733 3,0626502967328353 -0,9899716691798234 3,9607324558169124 3,0212444048100786 ), 68,23233636217897
( -0,0002967449404460584 3,0475623869642345 3,971410856663253 -0,00100539230918252 1,9021540159588757 1,9243689716456454 -1,9739552335472794 -0,04153712686124073 1,9813898748499492 -2,0351761907134294 1,8751669037333394 -0,02448734411893511 3,0630298374632225 -0,990098965989643 3,9608070701925273 3,021309996623107 ), 68,23284222311409
( 0,00031025240893156473 3,0456154286178005 3,970616733968056 0,00022715007435557974 1,9017504182117457 1,9240066368511126 -1,9716884513870692 -0,037540002664233144 1,979414470334515 -2,0349457770492156 1,870462077735476 -0,0235551621745971 3,059011987419583 -0,9882878804342125 3,9603247763007805 3,02005184955777 ), 68,23290394807698
( -0,0011356818653105816 3,0475241406113955 3,9726701070597583 0,0001147289186930732 1,902849925469152 1,9249642849583697 -1,9741215176650184 -0,043491487136337395 1,982084206699421 -2,036408465250169 1,8759653030045393 -0,025615802009578092 3,0636932218463504 -0,989707782680797 3,9618396819864077 3,021459030782794 ), 68,23291282983571
( -9,20898460874423E-05 3,048921676895703 3,971561454837113 -0,0010105238345181075 1,9002314783137695 1,9238391003693942 -1,975654710092616 -0,03961128253860728 1,981502394661269 -2,0380544914083485 1,8772070294153522 -0,02184723181520322 3,0624926111434965 -0,9880049181389267 3,960722509293901 3,0214744967855003 ), 68,2332021873245
( -0,00018542150642107037 3,047341178112071 3,9714391225456307 -0,0007501105555935308 1,902240586617547 1,9241800839386918 -1,9735050161314558 -0,04069153857578468 1,9809618424686988 -2,0350410324962662 1,8743033792613029 -0,024264818640306007 3,062449627482258 -0,9899249950764156 3,9607891096125005 3,021332273622397 ), 68,23364350548117
( 0,0003142789455495225 3,0472271852300663 3,971719226916437 -0,0013843632710491911 1,9013442762691763 1,9242057763043123 -1,9741254066797922 -0,04123953310986447 1,9819128216173245 -2,0346641869394952 1,8750405007417814 -0,024039183350778485 3,0627779021125545 -0,9891526569459664 3,9608601327104145 3,021795307313754 ), 68,23551815094183
( 0,0026879125156700394 3,0497099437602433 3,9662861655023316 -0,004987130957365357 1,8975862972386839 1,9229521274684735 -1,9755951903163858 -0,03721587264140995 1,9797077124822349 -2,033122103276647 1,8770668363081422 -0,020337200825423726 3,060829924725467 -0,9897819866152747 3,9571404865199984 3,0194166261529927 ), 68,23646908142126
( -0,0004897773222201888 3,047522201752371 3,970971160159338 -0,000944113984480822 1,9030798610948776 1,9243107054657804 -1,9733106367852942 -0,041542873898197524 1,9806708291536181 -2,0344763118384663 1,8744127502886898 -0,025012283585088137 3,0630753751616067 -0,9913768889040915 3,9606138795552392 3,0210762368345128 ), 68,23656042761567
( -0,0006177085464129125 3,047553287661598 3,9712827355338884 -0,0008069471828515581 1,9029483140426318 1,9242867744123835 -1,9734926240588324 -0,04113434868595228 1,9808479844933657 -2,035053610213899 1,8745157698823187 -0,02468967038680427 3,063135939447013 -0,9909828127904037 3,960726259481346 3,021256677328254 ), 68,2372546010364
( 0,00047927440181021294 3,047065243396097 3,97089316715606 -0,0016447053675594922 1,901168730642132 1,923885934315778 -1,9737740742627385 -0,039351684276505594 1,981173104729625 -2,0345977923548433 1,8739929574531875 -0,02320088147733384 3,0620368250615817 -0,9893265254172735 3,9601930405546915 3,021453784982057 ), 68,23838169479795
( -0,0010313352477984634 3,047316856705457 3,9713595181808197 -3,5940166715870904E-05 1,903585236405091 1,9242424116329133 -1,972809826407571 -0,040311730675269164 1,9801904250918492 -2,035538916854486 1,8734665247704945 -0,024760945306706084 3,0625922638588343 -0,9910963018580723 3,9607874477747202 3,02101651028583 ), 68,2390915582416
( -0,0007501821139963924 3,0474100556294443 3,9712193194033096 -0,0008216988748827841 1,9035360485569608 1,9243356318093368 -1,973132310568926 -0,04147743429497546 1,9807003168516504 -2,0345024734762234 1,874142784488685 -0,02520863942894867 3,0633894347748614 -0,9917109918843275 3,9607015745706287 3,02126473210265 ), 68,24131094066774
( 0,0005206697641162118 3,045948859364228 3,971471328542572 -0,0009138689698541527 1,9020307373135474 1,923963031440256 -1,972459984791755 -0,03953654590194229 1,9808395206573093 -2,03349669483474 1,8719673606430045 -0,02420749330846989 3,0613072160799777 -0,9893168194229374 3,9606396213812283 3,021583030600251 ), 68,24250339259093
( -0,0006009999578567154 3,0472543663454177 3,971001473793872 -0,0008005112304653299 1,903492429558282 1,9241366893894754 -1,972834568889721 -0,040566524379191865 1,9803042943766243 -2,034356691825077 1,8734419439727128 -0,024847475227400193 3,0628944381071976 -0,9916597085048872 3,960517410145745 3,021206552950052 ), 68,24253689638499
( 0,000531654546593508 3,045849312870566 3,9714207345134853 -0,0009748078854477308 1,9021785351056293 1,9238893150776906 -1,9723003746031822 -0,03928201350536969 1,9807291204036483 -2,0332818722176325 1,8716411279083178 -0,024185857399259603 3,061308124718173 -0,9895299448688918 3,9605665245406816 3,02165225698652 ), 68,24595836437416
( 0,0008791266847595956 3,046643154663331 3,972194524406095 -0,0017738768964046033 1,8999436024252128 1,923793463201901 -1,9744638359100841 -0,03874393692884221 1,9825198285865722 -2,0351495366927215 1,8743648858438702 -0,022312727236742526 3,062189956911509 -0,9872789218291357 3,9606993619553714 3,0225783872153733 ), 68,24691033520575
( 0,00046479302779900064 3,0489141585577357 3,9723037726365846 -0,0009496682136683527 1,899758106202056 1,9230853995595085 -1,9755593148808983 -0,037617007435165974 1,9812822799576866 -2,038019594156627 1,8764274928145526 -0,020480306381937 3,0619228978163067 -0,9870933330191918 3,960913760480179 3,0225505326005453 ), 68,24716832549278
( 0,0006446303075254251 3,0475915297383143 3,9712548137980495 -0,002305089812727851 1,9003195876821282 1,9237275911781324 -1,9749449864868116 -0,03956749215012369 1,9820823975121538 -2,0352128644370815 1,8755114609563601 -0,022407207391059284 3,0628858742601603 -0,9887879442892334 3,9602476084083964 3,0221242632928087 ), 68,2483826973438
( -1,6617907299157398E-05 3,048330060337602 3,9716112609798175 -0,0007806639580752833 1,9014872118542843 1,9230123283068439 -1,9741503009179744 -0,03677807392796211 1,9800528720854491 -2,0369259235687283 1,8742425400562979 -0,021254651473115074 3,0618311425990337 -0,9891854372063789 3,9604917662355374 3,022141282246547 ), 68,25092597470491
( 0,001257491506801305 3,0455230833917515 3,9712748857992506 -0,0020861200626777297 1,9013601695057218 1,9237574659366004 -1,9727354036839786 -0,03913703645042355 1,9813877595228981 -2,0323336909250456 1,8716818594878315 -0,023687803958721936 3,061484017975392 -0,9892124226870187 3,960359428856187 3,022071762330677 ), 68,25169866356858
( -0,0008692891801443484 3,047153505537829 3,970952352628296 -0,0007937562133884166 1,9043686262923971 1,92406463976301 -1,972377319959782 -0,04044705034968987 1,979970528035107 -2,0338740494356315 1,872804020963778 -0,025215450775531358 3,0632821721852137 -0,9927340810075843 3,960451338313977 3,0213518269559785 ), 68,252405867042
( -0,0012030955633847902 3,0486313232017586 3,9706467963307968 -0,00047912730719123917 1,904599525287448 1,9234861683030935 -1,9728214828207127 -0,038954598355574195 1,9787778777812464 -2,035351833456099 1,8735988899447908 -0,023938325098084422 3,063223524815509 -0,9933380147740637 3,960282682381585 3,0212618825554785 ), 68,25391836238538
Liczba wywołań funkcji celu: 5929
