Iteracja nr: 54
( 0,0024267262280952585 3,0507474122391964 3,963661938243493 -0,0006057038056040678 1,8958390458352095 1,9271500592641704 -1,9756584934608854 -0,05025146135348819 1,978117799977088 -2,0359892434276863 1,8821615223879995 -0,02717275061680452 3,054869762404187 -0,9856420065011624 3,958891116599869 3,0105291331175787 ), 68,14127601456894
( 0,002416607959594541 3,050803529159814 3,963666727605477 -0,0005954792169524624 1,8958472317493285 1,9271379332246579 -1,975685020806805 -0,05026268712972942 1,9780966729123575 -2,036032749820876 1,8822233826061565 -0,027152208328479942 3,054885559436 -0,9856605309822822 3,9588993679916618 3,0105339693638924 ), 68,1412921005946
( 0,0024907873685758534 3,0508097975534234 3,9635807688146096 -0,0006127195393635099 1,8956686805687055 1,9271919258254848 -1,9757425694163002 -0,050397502085718124 1,9781238926600353 -2,0360442434823107 1,8823434090086286 -0,027170993865473548 3,0547508249058004 -0,9854826773367263 3,958880536492694 3,0103929171004453 ), 68,14129654507876
( 0,0023936637201645546 3,050744695572494 3,9637085463960933 -0,0005759927026898939 1,8958898971518874 1,927132832525497 -1,9756451996061806 -0,05019837986322064 1,9781149729892562 -2,036029419706805 1,882126341099682 -0,027153815591901574 3,0549018928527065 -0,9856658031244727 3,958909500780179 3,0105787673520368 ), 68,1412997394741
( 0,0024236252759612157 3,0508828624023043 3,963641750475207 -0,0005976613154525781 1,8958251572628542 1,9271311642852302 -1,975728746009777 -0,05030681645124744 1,978065803090405 -2,0360711532758113 1,882328375443729 -0,02713285365827638 3,054881447779126 -0,9856683369238647 3,958898110553046 3,010506729263948 ), 68,14131096347367
( 0,0023788378847249777 3,050758877290151 3,9637318775029766 -0,0005625432062183422 1,8959068926537692 1,9271259525865452 -1,9756523931048138 -0,050191324588021224 1,9781159180462684 -2,036058516238562 1,8821384955715839 -0,027143778561813745 3,0549219513613797 -0,9856732906841726 3,9589219513725893 3,010600014195596 ), 68,14131428935411
( 0,0024239192297305203 3,050779165405823 3,9636868664490685 -0,0005722642317941884 1,8957890524393743 1,9271579091429927 -1,9757044252415534 -0,05028535545422425 1,978138308409804 -2,0360833023738736 1,8822424975834546 -0,02714731773416982 3,0548470548147124 -0,9855557553530044 3,958916530368865 3,0105182886412725 ), 68,14131508108768
( 0,00241524355101849 3,050750642136392 3,963701937829399 -0,0005392843525297902 1,8957800652480747 1,927164181578467 -1,9756913725804601 -0,05026376632691076 1,9781454875020728 -2,03612196629621 1,882208736860971 -0,02714239002618074 3,0548134272462857 -0,9855051421366978 3,95892612179096 3,0105118961151995 ), 68,14132082974488
( 0,002452964394169042 3,050777124400448 3,9636419710759085 -0,0005821158871883598 1,8957297632340238 1,9271733633713375 -1,9757141556603433 -0,050315592674804746 1,9781345075490644 -2,036075733937217 1,8822655451753387 -0,027151029054778977 3,054789052386626 -0,9855039112880591 3,958899984088039 3,0104614433119044 ), 68,14132103626629
( 0,0024416031446847478 3,0508260477437426 3,963657453152796 -0,0006036088711170108 1,8957675014225082 1,9271615307165555 -1,9757376268837423 -0,050346053018492425 1,9781322421961354 -2,0360620087524994 1,8823224934413525 -0,027155334326907768 3,054861642604974 -0,9855779575144005 3,9589076838883233 3,010496367447169 ), 68,14132106627362
( 0,002439749145978912 3,0508339770407513 3,963660139892445 -0,0006033790480598255 1,8957700738477365 1,927160497353424 -1,9757421672406517 -0,05035144297220888 1,9781316682114827 -2,0360659407204498 1,8823331211592835 -0,02715481494728228 3,0548680558641785 -0,9855826422901582 3,9589099581356493 3,0104990483844225 ), 68,1413212023365
( 0,0024310789076911117 3,050817237717204 3,9636798254670857 -0,0005842333139707233 1,8957701270107277 1,9271635039582296 -1,9757371906896732 -0,05034030801097722 1,9781432400003536 -2,0360901528438786 1,8823160508654488 -0,027152458168363695 3,054861122147764 -0,9855561049552545 3,958920421801066 3,0105065108896403 ), 68,1413217859127
( 0,002422122231444422 3,0508131967342016 3,963690556894001 -0,0005814852725978867 1,8957913392753614 1,9271574114283636 -1,9757285668543751 -0,050321879242387825 1,9781408520438468 -2,0360883996036954 1,882297382383959 -0,027150409174736167 3,054875736260098 -0,9855754646933245 3,958922549410681 3,0105234828104837 ), 68,14132220132593
( 0,002427157746225989 3,050797651617964 3,963690274208892 -0,00057340163991832 1,8957696584211323 1,927165960245451 -1,9757284219535216 -0,05032649906301561 1,9781514390907426 -2,0360989669884373 1,8822922364475159 -0,027151965790498268 3,0548524847102367 -0,9855374431666811 3,9589245703252858 3,010510493029765 ), 68,14132225075849
( 0,0024193838231299034 3,0507862211818284 3,963693438956905 -0,000574989014798819 1,8957986079336917 1,927156131783656 -1,9757086221617304 -0,05029064443687707 1,9781408033713086 -2,036082953246008 1,8822514905170387 -0,027148825770082062 3,054864111711501 -0,9855698367887067 3,9589195694975343 3,0105278813790464 ), 68,14132233619755
( 0,0024179362279858345 3,050790664147114 3,963698391071597 -0,0005684389157501058 1,8957926527648465 1,9271582579276738 -1,9757148843240604 -0,05029870283166136 1,9781441890653841 -2,036097374914972 1,882263825609241 -0,02714751287248418 3,054861284991123 -0,9855572055102848 3,958924598046343 3,0105259087834177 ), 68,14132234466001
( 0,002423182594434093 3,050791982992308 3,963693226781204 -0,0005714568880319032 1,895780667892137 1,927162323237767 -1,9757202714197493 -0,05031106774415021 1,9781478107734147 -2,036096295574432 1,8822749161013055 -0,02715001733092237 3,054855390758426 -0,9855467967553366 3,958923680620602 3,0105174668583414 ), 68,14132238534613
( 0,002415363326443282 3,0508047502511877 3,963684497765966 -0,0005858112398389764 1,8958267461863145 1,9271424506902988 -1,9757025265320258 -0,050272757868826186 1,9781172260862276 -2,0360650490146863 1,8822469119085712 -0,027143157206071786 3,0548837694708886 -0,9856219323797164 3,958911162846405 3,01053880436134 ), 68,14132244458338
( 0,0024177079807039823 3,0508170543034496 3,9636969054445554 -0,0005746660224774165 1,8957944259201296 1,9271562389191104 -1,9757303584604369 -0,050320501342967984 1,978140236354312 -2,036100478226005 1,8823010454631988 -0,02714751175729745 3,0548772620807028 -0,9855731859997202 3,9589267278471048 3,0105268021201814 ), 68,14132247590933
( 0,002457207494683634 3,050738191670193 3,9636366653829285 -0,0005912475976174973 1,8957371444368192 1,927173564434219 -1,9756878719258615 -0,0502836804551445 1,9781387990382595 -2,0360404832648444 1,8822053642026089 -0,027157018159483313 3,0547819896060346 -0,9855093327559342 3,958889407692746 3,010466346063035 ), 68,14132267668326
( 0,0024227781135708576 3,0508206771240456 3,9636921191996755 -0,0005790269663905616 1,895783890891345 1,927159696607621 -1,97573684326641 -0,0503342752462396 1,9781436363206641 -2,0360982085585113 1,8823147850775495 -0,02715014981218862 3,054874510059386 -0,985566224694167 3,9589259709103706 3,0105198308623238 ), 68,14132276654027
( 0,002420505801505311 3,050812420231689 3,9636961650846105 -0,000575787071682825 1,8957872973066447 1,9271595184127144 -1,975731507243631 -0,05032574923348465 1,9781455422412826 -2,0360988267498112 1,8823018373242395 -0,027149998665817403 3,0548734173644827 -0,9855639707791826 3,958926818260873 3,0105234062608397 ), 68,14132283430781
( 0,0024349145363887475 3,0508019723735336 3,9636713742752026 -0,0006076237307185773 1,8957888762394661 1,9271591446330936 -1,9757216426755646 -0,05032452514056515 1,9781423451615388 -2,0360424636540095 1,8822836612433578 -0,02716089495171388 3,054880201579106 -0,9855952718091909 3,958908374677734 3,010518726689327 ), 68,1413228889904
( 0,002415974617188597 3,0507975773902403 3,963700710894762 -0,0005699393955470477 1,8957975618552456 1,9271564724167527 -1,9757179941029273 -0,050301759564313875 1,9781431933006042 -2,0360978181551395 1,8822713760303436 -0,027147209097110284 3,0548697806588474 -0,9855659089594128 3,9589259139328954 3,0105302333281414 ), 68,1413229156507
( 0,0024256744489407887 3,0508299853888023 3,9636885389179546 -0,000582821249444203 1,8957780545139302 1,9271611229962482 -1,975744593917644 -0,050347764395863116 1,9781439790141326 -2,0360982572675277 1,8823325814326584 -0,027151443343109944 3,054876321401729 -0,9855660869190596 3,958925972911538 3,0105154445752484 ), 68,14132314348882
( 0,002427376828970657 3,0508236016462367 3,963688971076498 -0,0005824214125714444 1,8957725804925767 1,9271640620575086 -1,9757440659690393 -0,0503500006601494 1,9781490105493387 -2,0360976606500496 1,8823296723010872 -0,027153554511304707 3,054872084605846 -0,9855568076094207 3,9589263655167954 3,0105130659802355 ), 68,14132320955338
( 0,002428152007487614 3,050755158708282 3,9636735162012844 -0,000576490154477889 1,8957921335085446 1,9271561500971612 -1,9756836009693195 -0,05025546584962582 1,9781308633899906 -2,036062390662114 1,8821975594268432 -0,027146697417603116 3,054830678350685 -0,9855594766510521 3,9589044657112553 3,0105130639267537 ), 68,14132361993975
( 0,002424039186657388 3,0508285080039337 3,963693388853234 -0,0005800976563728407 1,8957774845124442 1,9271623651963363 -1,9757459225679184 -0,05035005488950772 1,9781481004594086 -2,036102932020285 1,882334053228063 -0,0271521094514701 3,054877735007085 -0,9855612228959422 3,958928929081691 3,0105174970708997 ), 68,14132369362912
( 0,002467378897141688 3,050855022486965 3,963607985092962 -0,0006510073030987567 1,8957557658303732 1,9271595835969515 -1,9757486185179005 -0,05037713454799363 1,9781124731870863 -2,0359996069078985 1,882358443358639 -0,027164788342579738 3,0548690859441843 -0,985625504416729 3,9588816465818266 3,010472248568401 ), 68,14132375316244
( 0,0024238271877699536 3,0508341943220953 3,9636920410610275 -0,0005828922511729386 1,8957807517481133 1,9271607055805222 -1,9757475902397208 -0,05035183257616194 1,9781453493556374 -2,036100340179818 1,8823391027661343 -0,027151901567570084 3,054882757691807 -0,9855696988763143 3,958928167836449 3,0105189377994797 ), 68,1413237717733
( 0,0024182699438872147 3,050798926497095 3,963706642314344 -0,0005621760451918458 1,8957770771725755 1,9271649392072978 -1,9757304954708332 -0,05032431995980862 1,978156390411522 -2,0361173939522934 1,8822943163668637 -0,02714935258506289 3,0548602065062154 -0,985533027133616 3,9589337779201763 3,010521420242888 ), 68,14132379599137
( 0,002415205394411247 3,0507976424432637 3,9637007001101567 -0,0005723674403556 1,8958023192741646 1,9271549467996743 -1,975716338911756 -0,05029886968743133 1,97814201314836 -2,036093161823039 1,882268275345887 -0,027147493702869136 3,054874392551868 -0,9855737028411251 3,9589248683665352 3,01053344573531 ), 68,14132384813497
( 0,002409107935309561 3,0507877862294785 3,9637070380575787 -0,0005643440386455847 1,8958136408985917 1,9271512570458342 -1,9757053695038662 -0,0502772390911438 1,9781384074853867 -2,0360974932937705 1,8822439997817915 -0,027143569962943648 3,0548724027044867 -0,9855762948114654 3,9589257599749876 3,010540923798195 ), 68,14132387842997
( 0,002441742548784481 3,050821999468383 3,9636698728998785 -0,000598628563433177 1,895753793130449 1,9271692402782905 -1,9757477623538053 -0,05036531221117012 1,97815090827897 -2,0360751448790824 1,8823381371539243 -0,027159549196700473 3,054862272477877 -0,985551747606177 3,9589169615705364 3,0104970323028497 ), 68,14132392646304
( 0,002420073546548681 3,0507593163663116 3,9636964158597454 -0,0005621557402085247 1,8957877185401517 1,9271610112269573 -1,975696353960729 -0,05027289964661749 1,9781473799938285 -2,036092186399196 1,8822196804067435 -0,02714724856641994 3,054838616502267 -0,9855367938420067 3,9589202524247793 3,0105213423558763 ), 68,14132392752813
( 0,0024160501749010766 3,0508323580055334 3,963696466951933 -0,0005836779587492455 1,8958059399395777 1,9271516512189035 -1,975735663910774 -0,050326935605748545 1,9781355844569368 -2,036091621497038 1,8823156759011144 -0,02714822024837262 3,054896835120879 -0,9855994768695754 3,9589259166777495 3,0105348181292033 ), 68,14132401761677
( 0,0024090231312428193 3,0507823512832273 3,963709714693235 -0,0005648243220386145 1,8958134500469093 1,9271526050542584 -1,975704049350917 -0,05027725449890371 1,9781429520070393 -2,036095090905685 1,8822395960539917 -0,027145607748325428 3,054873767966357 -0,9855738123627557 3,9589265769788726 3,01054301310724 ), 68,14132423636605
( 0,002426940029679471 3,0508427804669944 3,9636803435667725 -0,0005893511341637308 1,8957838981543538 1,9271560339928453 -1,975746143923625 -0,05034590211064649 1,9781327962821063 -2,03609143748215 1,8823398714219277 -0,02714818725364235 3,054881460479845 -0,9855851281725698 3,958921208900835 3,0105150826503664 ), 68,1413243232728
( 0,002410935239191683 3,0508347668878564 3,9636942122029697 -0,0005899213757235848 1,8958315822478418 1,9271413627298255 -1,975723975903494 -0,050303382181369746 1,978121190974495 -2,0360751286032706 1,8822949815399712 -0,0271449188413204 3,0549117006313864 -0,985637584599731 3,9589199414891207 3,010548027777837 ), 68,14132455638286
( 0,0023863523900793677 3,0508180780992364 3,963721104415324 -0,0005558197530895079 1,895868012401569 1,9271299379918554 -1,9756986303523023 -0,05024717380764003 1,978108855576213 -2,0361088799192757 1,8822403708671915 -0,02713087537908532 3,054909269330148 -0,985642298169573 3,958929883112545 3,0105718108046866 ), 68,1413246891075
( 0,002465323767543102 3,0507496553182905 3,9636675636487344 -0,0005755057063090527 1,8956682313205941 1,9272057872481219 -1,9757429286082997 -0,05038642010447938 1,978199923296332 -2,036097735835077 1,8823078907065813 -0,027173538947163352 3,0547751347790206 -0,9854053772399545 3,9589224096322324 3,0104477687250717 ), 68,14132478763347
( 0,0024025530600420095 3,050829025608595 3,9637125271161064 -0,000569303925867789 1,8958276811710912 1,9271446885930414 -1,9757262249887457 -0,0503020566552465 1,9781304793445964 -2,0361073828363283 1,8822950735166493 -0,027141230434681748 3,0549043570369623 -0,985609001881204 3,958932042019729 3,0105514779676414 ), 68,14132532959073
( 0,0024114107737384107 3,0507588059043234 3,9637108836446835 -0,000523631607197805 1,8957690705902284 1,9271662248778039 -1,9757014846452134 -0,05026988770495572 1,9781483223271554 -2,036154958811285 1,8822273808945837 -0,02713492810933331 3,054803551084692 -0,9854790512529946 3,9589348735437038 3,0105079725322055 ), 68,14132566142061
( 0,0024079048858520855 3,0508125172965523 3,9637008697427145 -0,0005764929525795829 1,8958289488632674 1,9271437175386832 -1,9757119656949569 -0,05028420464673138 1,9781256793457898 -2,036085697178912 1,8822649329692729 -0,027142724736448486 3,0548944906666486 -0,9856146292901141 3,958922177211708 3,0105473689030378 ), 68,14132566342217
( 0,0024352940688090845 3,0507570775974946 3,9636819723530947 -0,0005510692232972612 1,8957346745935206 1,9271778100935046 -1,9757120667108596 -0,05030600397417532 1,978157512228347 -2,036119112633426 1,8822502831811967 -0,027148474994796164 3,05479078254732 -0,9854665094320598 3,958921857181797 3,010481132643492 ), 68,14132570589895
( 0,0024026356382127246 3,0508307256268963 3,9637057627875834 -0,0005806039479216963 1,895843604729339 1,9271380800667322 -1,9757185192830182 -0,05028930212601607 1,9781207296692893 -2,0360855085881875 1,8822820787823835 -0,027141356272515862 3,0549163098660292 -0,9856402127637307 3,9589246464703503 3,010558728249538 ), 68,14132580897261
( 0,0024364889121140957 3,0508552525238537 3,9636744957749515 -0,0006103947049438561 1,8957713305662285 1,9271635804136669 -1,9757643251550647 -0,050388966873036366 1,978146992135612 -2,036070558892045 1,8823793673662952 -0,027162237538359984 3,0548999664823957 -0,9855917902973053 3,9589207371337776 3,0105108620025143 ), 68,14132637590687
( 0,0024093311162581067 3,0507393179345765 3,963711705247874 -0,0005446167434930145 1,8958008673081488 1,927158245691313 -1,975680562926945 -0,05024210133155145 1,9781481560504925 -2,0361069476997944 1,8821822214560686 -0,027141987871420133 3,054832507331834 -0,9855281217198056 3,9589253335353325 3,0105327349052136 ), 68,14132644400176
( 0,002418532026861049 3,0508408758378187 3,9637053271650435 -0,0005817809820996505 1,8957861556575288 1,9271610862674484 -1,975755587075507 -0,0503631683358123 1,9781540878039674 -2,036107428337285 1,8823542796669686 -0,027153977170111022 3,0549000489194165 -0,9855733439465885 3,958935948364666 3,010530132084886 ), 68,1413266225721
( 0,002446638976707622 3,05077870844893 3,9636783223123535 -0,0005734556900396032 1,8957142798897924 1,9271874734643206 -1,9757409212606132 -0,050364617199577154 1,9781767782499677 -2,0361042509438176 1,8823113474946764 -0,027162792876140828 3,054812836124399 -0,98546668762872 3,958924826207709 3,0104756382720157 ), 68,14132663707724
( 0,002424788449868913 3,0508281965688497 3,9636949090018834 -0,000590269514428201 1,8957834749585518 1,9271614126806125 -1,9757466603888707 -0,050353079805982 1,9781526883921303 -2,036088002782287 1,8823345116949421 -0,027155921393852093 3,054892697550635 -0,985575875751238 3,9589276617634637 3,0105257413697535 ), 68,14132679951516
( 0,002427028033103252 3,050840994803479 3,963692256428761 -0,0005914492428892483 1,8957759420142681 1,9271632536925616 -1,9757569994487085 -0,05036994132526386 1,9781526535686644 -2,0360939071362343 1,88235829733101 -0,027156477518013943 3,0548932736543497 -0,9855724457713685 3,958929292083844 3,0105198867857594 ), 68,14132698943017
( 0,002460839758493681 3,0508525930947177 3,963646079363173 -0,0006169298760848178 1,8957159431707251 1,9271800557813965 -1,9757786288146786 -0,05042603544079288 1,9781548663340447 -2,036069354724805 1,8824087357193566 -0,027168169334216584 3,054855477546056 -0,9855366210999461 3,9589130666578534 3,0104667815740545 ), 68,14132761109958
( 0,0024188952263766756 3,0508777402850846 3,963688566946866 -0,0005975095479929354 1,8958053790840164 1,9271485307509022 -1,9757621068811795 -0,050365301377783125 1,9781270850308499 -2,0360921645642414 1,8823798842985178 -0,027148448627654705 3,0549205681893645 -0,9856266317309104 3,9589267982961993 3,0105322493125946 ), 68,14132767540987
( 0,002399803101293312 3,0508587303667247 3,9637096138430703 -0,0005817322337776894 1,8958453222586065 1,9271362022719336 -1,975736124067138 -0,050311958467803515 1,9781184773277847 -2,0360979861541333 1,8823229055033341 -0,02713974072175602 3,05493255360349 -0,9856509528651679 3,9589304277445714 3,0105615644478934 ), 68,14132810246085
( 0,0024297949474891035 3,05089255512888 3,9636717460763027 -0,0006084156585929037 1,8957874829344008 1,9271525471375566 -1,9757745106669924 -0,05039058503555693 1,9781244251217824 -2,036084815519071 1,882410004648917 -0,02715172944089099 3,05491410386264 -0,9856231505014817 3,958921577787027 3,010514940492418 ), 68,1413281960749
( 0,002412797292392591 3,050743404911189 3,9636992829856124 -0,0005708749753434373 1,8958233050188713 1,9271494654437284 -1,9756724874777551 -0,05023187548816022 1,9781378390316127 -2,036062326349004 1,8821695998571206 -0,02714618968688401 3,054858507028114 -0,9855815549005282 3,9589125451773506 3,010544953491991 ), 68,14132824640383
( 0,0024492053385992228 3,050702548826612 3,963653240749331 -0,0005879292406048456 1,895756219182657 1,9271725489263496 -1,9756656667344368 -0,05025196618773686 1,9781507529776403 -2,0360271951519806 1,88215094854571 -0,027161076704364302 3,0547900690845475 -0,9855135454373836 3,9588909797021854 3,0104872006924026 ), 68,14132862546784
( 0,002418599029530829 3,05087415002096 3,9637023099811914 -0,0005788399074078451 1,8957779441285583 1,9271607711986967 -1,9757764266394735 -0,05039044335120113 1,9781468562181224 -2,0361288352892717 1,8824039486062025 -0,027149883114286226 3,054902857124126 -0,9855725902603224 3,9589406876436586 3,0105213702711455 ), 68,14132912363691
( 0,002389296594493624 3,0507757001203455 3,963728614007265 -0,0005534339767247175 1,8958587502223767 1,9271371591047264 -1,9756824958456416 -0,05022828023660078 1,9781290377976946 -2,0360985630933306 1,8821948051429784 -0,027135811175765575 3,054894910989474 -0,9856128264590079 3,958929366379342 3,0105746658411627 ), 68,14133000932773
( 0,0024155513153202284 3,0507079999417543 3,96370245016943 -0,0005497243411271545 1,895798484164296 1,9271600636925472 -1,9756603927630438 -0,05021778320711602 1,978149786798483 -2,0360830763231874 1,8821360612851281 -0,027145263984860047 3,054815961686228 -0,9855220606891439 3,9589154864880745 3,0105284776637973 ), 68,14133030120706
( 0,0023798045970793527 3,0508657357229194 3,9637511038971605 -0,0005344027527527843 1,8958343050843058 1,9271431668303336 -1,975753737788264 -0,050325120474029164 1,9781362819810682 -2,036182308691198 1,8823526910947181 -0,027129583714898695 3,0549219863713244 -0,9855894518066326 3,9589611137803615 3,01056704457506 ), 68,1413305762546
( 0,0024265235878167175 3,0507200613970284 3,963712395808524 -0,0005501675363753124 1,8957489814494042 1,9271821084978142 -1,9756998306765345 -0,05029403132580788 1,9781884893654555 -2,0361075256914636 1,8822118877739047 -0,027159093048783868 3,054813493715883 -0,9854616948131075 3,9589317238455175 3,0105106575445273 ), 68,14133083664791
( 0,0023951256423182204 3,050740323644233 3,9637238808370903 -0,0005478607110888878 1,8958445736568834 1,9271436594681042 -1,9756653775300352 -0,05020874893381292 1,9781363998630699 -2,0360924684670567 1,8821526206113828 -0,027137950919641683 3,0548653458454003 -0,9855811274162818 3,958924524152451 3,0105638938218426 ), 68,14133097445611
( 0,0023929416371888815 3,050748228657405 3,963726233357096 -0,0005477770786597998 1,8958484747769613 1,9271419453133596 -1,9756690917307558 -0,05021201584729835 1,9781347554207207 -2,0360958978992785 1,882161580634634 -0,027136841536565214 3,0548720737913935 -0,9855876658477332 3,9589262964542953 3,0105671352543 ), 68,14133112417078
( 0,0024148979250808974 3,0508814672438644 3,963708928299532 -0,0005889426978029616 1,8957937454753522 1,9271572740844314 -1,9757792394350469 -0,050395764400474115 1,978149798143193 -2,0361153267995955 1,8824107880654322 -0,027154138815789482 3,0549299381371893 -0,9856001753469983 3,9589421003628007 3,0105368797989778 ), 68,14133112572935
( 0,00242671709153965 3,0508891589922627 3,96369857778696 -0,0005698733735477584 1,8957410753476227 1,9271721797944568 -1,9757995780100857 -0,05042985836853954 1,9781557340243787 -2,036158473911829 1,8824523348185556 -0,027150200559925227 3,0548804620932173 -0,9855260253408457 3,958947897860697 3,0104968194170567 ), 68,1413323293088
( 0,0024155274734967707 3,0507001117416346 3,963701543393003 -0,0005460625949947909 1,8957978024070714 1,9271597707418417 -1,975654385696644 -0,050207099951731 1,9781481333040922 -2,0360843863434743 1,8821222660546515 -0,027143160279696783 3,054807462677016 -0,985516131008257 3,9589140988831133 3,0105268187781498 ), 68,14133236829619
( 0,0023997562577383934 3,0508555998085236 3,963738496450137 -0,0005493891229441212 1,8957913987518509 1,9271604963805355 -1,9757688592200642 -0,05036830032992575 1,97816100353089 -2,0361670615895187 1,882379046454546 -0,027143945774783088 3,0549057854888364 -0,9855487101996933 3,9589587459325024 3,010543465173064 ), 68,141332372963
( 0,0023905482058862153 3,050825596044175 3,963758349265507 -0,0004978573694082108 1,8957646247329416 1,9271720052093695 -1,9757604111470646 -0,05035118549234507 1,9781711416163203 -2,0362364253538163 1,8823532423213305 -0,027134236303066963 3,0548485327882067 -0,9854596878168874 3,9589753905902247 3,010525086061185 ), 68,14133279104406
( 0,002455008627371726 3,0508715841370884 3,9636644314896907 -0,0006197574656134086 1,8957188258042075 1,927183624099227 -1,9757997114503367 -0,05046191644494789 1,9781716976017856 -2,036079175224474 1,8824522334851295 -0,027175647638686663 3,054887136028321 -0,9855425338029214 3,958926089829127 3,0104801924055167 ), 68,14133358374505
( 0,0024461882860956916 3,0508863227124 3,9636669332288563 -0,0006139070219362135 1,8957396536521767 1,9271723151492672 -1,9757959698420593 -0,050441025495484064 1,9781535508615626 -2,036088795183179 1,882448427702554 -0,02716441752149742 3,05489548199152 -0,9855676859538584 3,9589258849911566 3,0104904754349 ), 68,1413337020737
( 0,0023878709001040207 3,0507790165804445 3,9637246190113635 -0,0005713668421660366 1,8958839878872658 1,927128267541111 -1,9756744130011978 -0,05021546244610844 1,9781206336405672 -2,0360662791567807 1,8821811419610597 -0,027138228565988347 3,0549212210271386 -0,9856603135330054 3,9589216216583183 3,0105908522917106 ), 68,14133383600293
( 0,002389987677877512 3,050731375796437 3,963734147437154 -0,0005411976922653928 1,8958496672424154 1,9271438591811305 -1,9756611441233192 -0,05020075743257724 1,978141824558762 -2,0360989545422936 1,8821406262497191 -0,027137678905433234 3,0548674294952174 -0,985576062862867 3,958928827347255 3,0105713893925343 ), 68,14133384208688
( 0,002441932752600671 3,0508982172725756 3,963676693290384 -0,0005973519561985194 1,8957289552673184 1,9271759110229287 -1,975808419075316 -0,05045668199869162 1,9781568192633332 -2,036122576347076 1,8824746614609555 -0,027160687727966388 3,054887520900084 -0,9855423091769872 3,958936698662215 3,0104849790292674 ), 68,14133386721221
( 0,0023831391894984857 3,050821718607581 3,9637196766394274 -0,0005738434263262061 1,89589726762632 1,9271188132276689 -1,975689811711868 -0,05022840530751727 1,9780999451854013 -2,0360772907943616 1,8822238438963732 -0,027130664620747036 3,0549395135573376 -0,9856940336680441 3,958922349196006 3,0105928856528648 ), 68,14133407552364
( 0,0024536806825315467 3,050906468422082 3,9636492851350233 -0,0006240080881454196 1,8957325810286019 1,9271713922352884 -1,9758048922558393 -0,05045693125106157 1,9781418607225394 -2,0360810306019688 1,8824740977858452 -0,02716448444073079 3,054893233858474 -0,985578991574707 3,958919223550674 3,0104771278211953 ), 68,14133407956764
( 0,0023751758034387853 3,050840501005122 3,9637417495119824 -0,000556910107461644 1,895886741602365 1,9271245991980521 -1,9757130631745814 -0,05026010724493281 1,9781146488281087 -2,0361194925405224 1,8822702043177013 -0,02712950703848342 3,054947023738174 -0,9856667493520455 3,9589410580172566 3,0105958873610454 ), 68,14133415545862
( 0,002397833900008543 3,0506697710060524 3,9637220608260466 -0,00048643272170890365 1,8957929636531203 1,9271628707096353 -1,9756319752695448 -0,05016328269457561 1,9781413891690338 -2,0361561126764323 1,8820719606793568 -0,027127812711963895 3,054750407719481 -0,9854478015677056 3,958928695266459 3,0105151534451444 ), 68,14133612254892
( 0,00242265726919555 3,0509336204266218 3,963679089137807 -0,0006136278573066934 1,895802594785871 1,927145855848462 -1,9757957296710797 -0,050415637002946746 1,9781178433686264 -2,0360945474696823 1,8824612921636983 -0,027149595294277653 3,0549484745905904 -0,9856567091394212 3,958928637703514 3,010527558567809 ), 68,14133642561984
( 0,0023957940939023565 3,050705746366867 3,963724495625436 -0,0005366179611786934 1,895838659756752 1,9271466735708445 -1,9756452786563798 -0,0501785739294266 1,9781401161575003 -2,036093820665278 1,88210398777841 -0,027135835545072096 3,0548381594353824 -0,9855537735068712 3,958921667482668 3,01055917175065 ), 68,14133667445344
( 0,0023988100040514206 3,050656034585996 3,963720352933189 -0,0004802498457637284 1,895787946157354 1,9271652863926387 -1,9756239614042987 -0,05015360929064348 1,9781418603105083 -2,0361585279532357 1,882053728014059 -0,027127773375949675 3,054735040346476 -0,9854329863063049 3,958927438132471 3,0105091877294328 ), 68,14133784260515
( 0,002453068901826797 3,0509062662889965 3,963658297447116 -0,000613540083151769 1,8957173040501236 1,9271780274730663 -1,97581456439751 -0,050472275093284176 1,9781536483365634 -2,036103144417714 1,8824906516862545 -0,027164746841543172 3,0548852332036436 -0,9855489573574453 3,958927840681842 3,0104722442115404 ), 68,14133824205571
( 0,0023985690711797363 3,0507924056869946 3,963731572847469 -0,0005542911975200978 1,8958164937615936 1,9271552584370093 -1,9757181201516807 -0,0502952885940044 1,9781567503151252 -2,036121889730382 1,8822657195685806 -0,027146294925001733 3,054891385340325 -0,9855655622300598 3,9589411257722205 3,010554872857847 ), 68,14133871959226
( 0,002389497501902172 3,050763310698366 3,963743661010209 -0,0005428370350040461 1,8958388247457953 1,9271461063836084 -1,9756905451379978 -0,05023969894034356 1,9781512037437379 -2,036119885586969 1,882201819580312 -0,027136336644711292 3,054885952988946 -0,9855709454327394 3,958939698836832 3,010573977067583 ), 68,14133874570128
( 0,0024178225454429673 3,0508599726775096 3,9637081145175332 -0,0005809324428250104 1,895777973178743 1,9271643952677477 -1,9757732719869727 -0,05039026308468996 1,9781587920428616 -2,0361227595229794 1,882392541378352 -0,02715509246346348 3,0549074169323065 -0,9855678012340697 3,958941976440404 3,0105264154135702 ), 68,14133977472935
( 0,0024525554186752645 3,0509185652938537 3,9636542456538963 -0,0006523466347894461 1,8957567642372952 1,9271670182728537 -1,975811266725936 -0,05047423137528191 1,978149626546628 -2,0360417703426954 1,8824894404527193 -0,027176787811265094 3,054944288621949 -0,985633140991043 3,9589176145933753 3,0105017679066766 ), 68,1413407410195
( 0,00250877202481026 3,050824741946779 3,963562718210151 -0,0006102012023888809 1,8956130911907614 1,9272008318462026 -1,9757689289889744 -0,05042322280335537 1,9781285748731838 -2,0360745621671543 1,882391219517838 -0,02715747484358335 3,0547106668903474 -0,985422165218986 3,9588786993285097 3,010358696743009 ), 68,14134312480851
( 0,002423830045860712 3,0509441138932787 3,963696225575629 -0,0006074001626590665 1,8957760386400462 1,9271595901360192 -1,9758237101563645 -0,05046630786946911 1,9781462090198356 -2,036121722674355 1,8825147229312869 -0,02715777074793588 3,0549540011323058 -0,9856167876107059 3,958945415035148 3,010523350832783 ), 68,14134432432515
( 0,002384174788356214 3,0506835848482856 3,963744156880302 -0,0005324937141666286 1,8958648379506633 1,9271425031700855 -1,9756282792053566 -0,05015153205161122 1,978147594194482 -2,0360860562941223 1,8820634632133997 -0,02713808605836273 3,0548560982914927 -0,9855695099448423 3,9589258708273753 3,0105845762501304 ), 68,14134445677851
( 0,0023841496505762542 3,050913732345415 3,963747930610816 -0,0005897893408561296 1,895863452202868 1,9271371937689024 -1,975782795437638 -0,050384547705960625 1,9781437558017168 -2,036118755094253 1,882423047266864 -0,027151225031757816 3,0550105540907158 -0,9856848846270547 3,9589573711169623 3,0105961087462125 ), 68,14134472587125
( 0,0023894996298377143 3,0506622039310707 3,9637473857472645 -0,0005120228303795238 1,8958286245511862 1,9271562198869439 -1,9756304382955625 -0,050159194901628186 1,978163557533102 -2,0361165805436667 1,8820602742181927 -0,027137508860038354 3,0548150452497054 -0,9855008847817361 3,9589325675521483 3,010562705584746 ), 68,14134583375196
( 0,0023768698568747003 3,0507224396858956 3,963764102069414 -0,0005201031412885341 1,8958542921502366 1,9271444266022977 -1,9756626857341046 -0,0501915127779447 1,9781570008061204 -2,0361325930138805 1,8821347591529831 -0,027131594956306845 3,0548725668747228 -0,9855527391293084 3,9589447780181026 3,0105891120978945 ), 68,14134675396896
( 0,0024436558990848785 3,050620992542143 3,963685297648058 -0,0005294435972816858 1,8957126201629115 1,9271944660733054 -1,9756405791352927 -0,050215013682243285 1,978188630442009 -2,036092191323001 1,8820743480162898 -0,027156121363493105 3,054711338978186 -0,9853776202365487 3,9589098497083333 3,010470804633571 ), 68,1413499773974
( 0,002363715111840951 3,050689917918099 3,9637891690821023 -0,0005021796498044592 1,8958711487068343 1,9271441901116508 -1,9756430622813907 -0,050160054335017884 1,978168715262395 -2,036142765067929 1,8820858977059685 -0,027131701465715218 3,054873283240231 -0,9855411780719987 3,9589534784820555 3,0106088283436705 ), 68,1413515093283
( 0,002419983198482941 3,050923312542918 3,9637354373841265 -0,000559567495740131 1,8957172806124398 1,927187114517359 -1,9758492832424255 -0,05051039592834095 1,978195659370668 -2,0362076799186286 1,8825508827098167 -0,027159723299437544 3,0549120344612963 -0,9854875371742003 3,958979265703826 3,010505221671721 ), 68,14135612055952
( 0,0024742937924057593 3,0509610025982856 3,963624952405585 -0,0006315415819177478 1,8956742137895026 1,9271857792498464 -1,975856384311976 -0,05054277762596203 1,9781445375039595 -2,036108512314282 1,8825895523237053 -0,027166665354148786 3,054874438471154 -0,9855379445236689 3,958922435664331 3,0104324216977414 ), 68,14135697423092
( 0,0024716930191626303 3,0510001853842468 3,963613305830336 -0,00065750808913715 1,8957088804680489 1,9271700950125723 -1,975862336548158 -0,05054625151007207 1,9781204202613045 -2,036076829134524 1,8826144969306295 -0,02716587968687251 3,054918768597298 -0,9856173719790047 3,958913226243828 3,0104489471756306 ), 68,1413619636587
( 0,0024625030997698595 3,050974962244782 3,963647216658329 -0,0006459995541744749 1,8957084507554096 1,9271786850812715 -1,9758633093681914 -0,050552124407788 1,9781544978882013 -2,0360913911398435 1,8826038380060814 -0,02717368615591987 3,0549322836609822 -0,9855887541579778 3,9589301761215308 3,0104692921877696 ), 68,1413627705826
( 0,0024205102827944357 3,0509984415542735 3,963708150941112 -0,0005944650892745419 1,895752679117218 1,9271658275003491 -1,975869880061528 -0,05053035919351493 1,9781528811206521 -2,0361767630686747 1,8826158420703163 -0,027153961291943855 3,0549636621983964 -0,9855914162356135 3,9589651278090856 3,0105130911352713 ), 68,14136450743898
Liczba wywołań funkcji celu: 11155
