Iteracja nr: 13
( 0,0534209684709321 3,0683979670748127 3,856658676549463 -0,13639586276694882 1,7937401423998869 1,926917955767554 -2,0581351364535343 -0,052877334809078136 2,017849242792393 -1,9848206064480896 1,9687436007902972 0,029222807979228407 3,087810197367281 -1,005309560071823 3,886322585389178 2,9826856748038257 ), 81,74341792074934
( 0,039283582069116724 3,063527468682669 3,863841905686957 -0,1419369293991431 1,797128509826103 1,9406665585802676 -2,0727284838376496 -0,054619621093258776 2,0391403452586827 -2,014327562435921 1,9891676039490684 0,02935051402395641 3,1075067607913276 -1,0027145021325048 3,887663511525278 2,981971491464192 ), 82,38040398925158
( 0,052045283608284795 3,0598500275441047 3,857662475086764 -0,1344745065649355 1,7840347000729606 1,9290592320918605 -2,0707445717297 -0,06995848023441503 2,028879190301973 -2,008423318524499 1,9952301038250984 0,038270666852352184 3,0908834870606943 -0,9838979487131387 3,8887759487533766 2,988171866267189 ), 82,8646412637968
( 0,04803118186950102 3,0651325911348333 3,857730425729101 -0,13222905487813433 1,7865828495674376 1,9356201041840218 -2,072295133666683 -0,07223548206999653 2,0388773650343293 -2,011871868678135 1,9954411198066155 0,034275526118276285 3,0952349716466823 -0,9931741424064688 3,88880044547209 2,9895596879341353 ), 82,94035414645353
( 0,02115449395023419 3,040871371392953 3,8611229062428536 -0,1371835762394114 1,7851355601155248 1,9398017804442835 -2,063555277047214 -0,0412935549214202 2,0545507177891036 -2,0330382859232285 1,978883712966352 0,03461281960266126 3,107823601286106 -0,9896170748802695 3,8712138910861804 2,979807411585211 ), 82,98409085140003
( 0,05533397694987161 3,06235357343712 3,843019123746986 -0,12370346510058515 1,779263375750759 1,9301142195690961 -2,0638413927454917 -0,08943555838596351 2,0259954374467224 -2,0050005908887023 1,9878336102511411 0,0273520523614618 3,076023664020745 -0,9924949841575382 3,890678788346159 2,981656775595359 ), 83,04606583533759
( 0,052382490142677686 3,057698788274564 3,843880877662211 -0,13754632482882181 1,7849998122023258 1,941225117660215 -2,0621874091376897 -0,07374358935192495 2,033919125261791 -2,008299275085658 1,9934719720848324 0,030886542466470414 3,078192608797347 -0,9933125027140359 3,8795874410488382 2,9668125625664676 ), 83,04844904913224
( 0,03460038629333107 3,0515956763281666 3,861739247179362 -0,13889248881225194 1,7819694135106157 1,9431489733464533 -2,072217593267101 -0,051825945086530247 2,0443597346696003 -2,0252511482263156 1,9872160262131455 0,03251040366019979 3,101354559374563 -0,9859923232059088 3,876597220584578 2,9799701374213305 ), 83,11384865941936
( 0,03694796803526453 3,0429273802678676 3,855696532547608 -0,13514086238140696 1,775477239180426 1,943055682938288 -2,0702738408712116 -0,04627176318523738 2,0482096808802126 -2,027544842723255 1,9716263862780437 0,034439215715665515 3,0935840738558746 -0,9778861481161859 3,8795327791765817 2,9674874752160485 ), 83,14395610995417
( 0,048043924510399655 3,0562501931179877 3,8518471727147343 -0,13555739687393908 1,7766430125262656 1,9386719966681842 -2,069761830076307 -0,06251598905740069 2,036571559483542 -2,0133322839826957 1,9831251008928032 0,03215740795667025 3,0863597126281372 -0,9816863243865477 3,884217071858511 2,974467978210313 ), 83,15472567880826
( 0,041578798072893476 3,0517785697429987 3,8538634726354974 -0,13224621226102393 1,7744493392759149 1,9390025983309567 -2,0709239114258753 -0,04909565909369209 2,04423134060121 -2,019904346172133 1,9762955449561985 0,03255745948761128 3,0940630788124506 -0,9788578454916247 3,881921244768786 2,9805079522425464 ), 83,15766936825702
( 0,04479458156136398 3,0542189630795322 3,8535383618051795 -0,1365259088724394 1,7777778602064525 1,9393321841805722 -2,070607412246264 -0,06083182320059871 2,0390208814474557 -2,0164182795932195 1,983340532531509 0,032751918436921 3,0892393392231416 -0,983698787243692 3,882837570571846 2,9741272850002045 ), 83,16142862520459
( 0,03192760920287423 3,0509079097153156 3,860581851462729 -0,142041569449335 1,7850130454525934 1,9442997877406276 -2,0716820794442503 -0,04584397488789592 2,0494402725536993 -2,0278111401888745 1,9845317567404719 0,03176803674386142 3,1057338673144548 -0,988709980222843 3,879650374749969 2,974649881702309 ), 83,16823850043224
( 0,04544537635829047 3,051333455286262 3,852374694823674 -0,12843427671719615 1,7710858449833096 1,9358993391434118 -2,0712764174090776 -0,03968827364758211 2,048307294184223 -2,01748274129815 1,9657888003018942 0,04030263610344269 3,090900749738801 -0,974654190621834 3,885036040549098 2,9817438966493803 ), 83,2162288424446
( 0,05024896633270109 3,057375544952119 3,8537708904826933 -0,12428512913733937 1,7721609437241306 1,9285674216585662 -2,0698527540450606 -0,06243484262438988 2,0397510125725917 -2,0126090897034805 1,9798777794277136 0,0371821370886858 3,086345101384899 -0,9788571550895144 3,883442416499623 2,9913512248529175 ), 83,21885451808075
( 0,02246802404241156 3,0614757738423863 3,8683539524045427 -0,13546023585984776 1,7906608366686387 1,9422197649151722 -2,079782450555451 -0,04038818296774899 2,052910498550524 -2,0273289669513446 1,9836001841187103 0,029569698415539976 3,1282007558278098 -1,0002572605958184 3,891962543355061 2,9923919039756615 ), 83,21929702766903
( 0,05219506460092724 3,047031460954444 3,848004919724544 -0,13364009165235918 1,7711840813476833 1,9373398653971916 -2,065859465769778 -0,06572111460716704 2,035337865931838 -2,017084367997793 1,9763519536254475 0,036022666282027514 3,076052220076516 -0,9763203569021802 3,88240826941752 2,9767232693044643 ), 83,2315357851716
( 0,04549953016175688 3,0551946992289607 3,8522037396452107 -0,1378878042489436 1,7761752543209197 1,9417781969552799 -2,0709549624926717 -0,06110133857770644 2,035196340668021 -2,0142158094542744 1,982537366575152 0,027055729010868442 3,0857253846926946 -0,9840894139016746 3,8816968847275852 2,963659615919655 ), 83,24353100575736
( 0,02143166085341978 3,0472029601316577 3,868351559959414 -0,13340017063481224 1,8109547273421813 1,966048112879712 -2,086014195624744 -0,05216848123320593 2,0685760062402823 -2,0649496459740964 1,9648256614216288 0,030729043241510434 3,13468063458082 -0,9999250220719647 3,90200766371792 2,9662019312258594 ), 83,24613959007912
( 0,048534381475113346 3,0495262569697386 3,851911676748416 -0,135511608719252 1,7747759424663532 1,9381392237425046 -2,068723088605979 -0,06533304681149546 2,038363530788857 -2,0201512715518843 1,9804705088150194 0,035783027495203915 3,083760149269014 -0,9801727429610327 3,883322346665069 2,9781391047679016 ), 83,25340207055339
( 0,05179148656194412 3,053918956862315 3,849755909361226 -0,13288408607749402 1,7726066481982024 1,9344416120679238 -2,068101846543424 -0,0671842114681315 2,0332518682786773 -2,010130835704409 1,9808883131870192 0,035050754700534495 3,076988566833584 -0,9796610042455074 3,8818124884656826 2,9729545065603418 ), 83,26930719437887
( 0,0373193731680874 3,0386171642199518 3,8488694943390938 -0,13616341936411447 1,7737155384778291 1,944117293355311 -2,0658634851337085 -0,046408698289949576 2,0446660336193268 -2,0291564022369797 1,965023553083253 0,03202680225806962 3,082669800567518 -0,9730339865476322 3,87342363869425 2,9617808013304683 ), 83,27434084251124
( 0,047388898610562114 3,0578961936086024 3,8560100673922273 -0,12372403194659141 1,772380688964372 1,928733524293907 -2,0718762726454507 -0,05973266830195201 2,042505229625109 -2,01527892146979 1,9797840910251585 0,03744274164111866 3,0911880595720924 -0,9793610963934922 3,8843159041859043 2,994505713467059 ), 83,27556495542859
( 0,050038239977729625 3,0486905141930625 3,8475794492847992 -0,13686249085765403 1,7722301869804877 1,9380346747191355 -2,065917305169431 -0,06111951421977504 2,0337488424347434 -2,013102674247437 1,9770137649509527 0,03278703815216087 3,0762959868041313 -0,9774136658366368 3,8790013683043196 2,9686591558697817 ), 83,27904477205973
( 0,03688966502173069 3,0424946298309425 3,8498930159614617 -0,15040944750456803 1,7836325673784013 1,949586859051961 -2,0644569341271115 -0,03286297248143151 2,046586392507418 -2,0267325063769257 1,9773026923391914 0,032236362674806215 3,090979816785391 -0,9836056591261695 3,8748863066937353 2,95047496588284 ), 83,28537174061813
( 0,036985153008978706 3,030753319710453 3,84781838978249 -0,13081735105946174 1,7668686072130184 1,9370465577717446 -2,0591741489243214 -0,0387132883840578 2,046334996920574 -2,0285008013209964 1,9593592737752992 0,034536512574906836 3,0769755294067602 -0,9655486288710492 3,8680350242055606 2,9662584919893873 ), 83,29312930749343
( 0,040239856090495935 3,0331451947022074 3,847892825832472 -0,134870372035177 1,7688689638137725 1,9418306498007234 -2,064240119234534 -0,046366791060267885 2,0435208774730866 -2,0270389653533023 1,9643934877692129 0,03416799806307753 3,0779728603592593 -0,9706052909980675 3,874090977580919 2,9604143153498117 ), 83,30061047931753
( 0,03725128803040307 3,0414304169651927 3,8521271617662083 -0,14142332999820725 1,777221679525405 1,9431824120399834 -2,066874322450395 -0,04777000865474376 2,0448502026502036 -2,0265443473365576 1,9759972636225 0,03266877113736111 3,089192681177447 -0,9804596571706512 3,875127408440413 2,962311805950683 ), 83,30127034952734
( 0,017770735102412116 3,055301345624101 3,866740342131569 -0,1346680864205694 1,7960202335552289 1,9444221953258332 -2,0715637756678658 -0,03643474816316867 2,0562926705013633 -2,0421904237580657 1,9918756410739547 0,030413745684586335 3,1292477503953733 -0,9937050893845752 3,875772521842331 2,989596409727649 ), 83,3115439433832
( 0,03560691862625337 3,055549538225856 3,8591824097514618 -0,1386745658202908 1,7823993367505735 1,940602489604422 -2,0744581958348083 -0,0507897950976112 2,0469900162301986 -2,0212224127252965 1,98507906815352 0,034583152116861214 3,103757634923138 -0,9859428786047316 3,8821927931727536 2,977505142288341 ), 83,3261720586847
( 0,040656818577956035 3,0563466146222944 3,8588238216398367 -0,13756201916300181 1,7809998490202448 1,9399328263729423 -2,074597257153698 -0,06083929878273701 2,0435394779853095 -2,0220688051474567 1,986522432480107 0,033430153492559435 3,098904882357245 -0,98711067747514 3,8849213340305164 2,9778045565779547 ), 83,33532403086964
( 0,04606122414347637 3,0567698099263425 3,8526967254463247 -0,13715490475187853 1,7801584406760684 1,943538860875343 -2,077621102001981 -0,06298835011011371 2,043311392119267 -2,019063613431318 1,98194653899964 0,03285101580636507 3,092956134768917 -0,9855997000680251 3,8923195987526666 2,9693428095741248 ), 83,3424491515688
( 0,04598889827400894 3,056758362882243 3,85273861767346 -0,13717498283791155 1,7801791228488988 1,9435604757258136 -2,077631978868994 -0,06292608396333146 2,0433523820859714 -2,019118175333868 1,9819620334278445 0,03284266587619067 3,0930436766050087 -0,9856199394742982 3,8922951355431743 2,9693446302011455 ), 83,34272424141105
( 0,04720337708002567 3,0570172798728765 3,854953012417304 -0,1376235762751463 1,7792075836786883 1,9379676690513137 -2,0740532889996213 -0,06476130642021591 2,040027640181072 -2,0163304965291298 1,9870035049204262 0,03479993362612734 3,0912298809600722 -0,9860726008021636 3,8871302351320502 2,9782747537721344 ), 83,34728567695976
( 0,047116354282209734 3,056923267281982 3,854968895763605 -0,13769880242416838 1,7792152577932119 1,9380538882291938 -2,074049301707642 -0,06462620040630937 2,0400450758922166 -2,0164356811592015 1,9869653474354538 0,03478373807389102 3,0912658721406245 -0,9860210363703166 3,8870248544391854 2,9781220730917632 ), 83,34775132740987
( 0,030743935493623774 3,0553677010453497 3,8608767600030047 -0,14612108838823662 1,7908095102360935 1,949742720353496 -2,0736479950445497 -0,05096579629633449 2,0441753991411717 -2,0312123850120156 1,9779515001472012 0,023006180361061328 3,1104742327082824 -0,9969727406205646 3,883311880721754 2,956918955471763 ), 83,35326924110653
( 0,022174498346752856 3,057012776756189 3,8723456641701115 -0,146721706309664 1,797260422408093 1,9510547155438638 -2,0763400528630425 -0,04690704177645408 2,0494080127821546 -2,036151025821816 1,9917161293799992 0,02591140180550593 3,1239613048854933 -1,0015946830406013 3,877391028785838 2,974432755216637 ), 83,35541519612083
( 0,039271976339563516 3,054163285897794 3,8595053769797283 -0,14010040879836672 1,7811102459760093 1,9425685787487965 -2,073919005080846 -0,055214005905874435 2,0467735489179257 -2,0230673150102887 1,9853864478195593 0,03650257786259672 3,1017169010564847 -0,9861106917714132 3,8852499807285565 2,976568559795897 ), 83,36714568690809
( 0,03428154244331083 3,0779535038407397 3,8672177031183512 -0,1324718864275985 1,7945089450836198 1,9385130940903224 -2,094317496435058 -0,04812057629378079 2,0535713843407475 -2,0050590537221833 1,996947091979355 0,03187688911028252 3,1171698399159786 -0,9965631749640724 3,8963953480174536 2,9734052224894247 ), 83,40126130995515
( 0,03903696988063411 3,050420033253264 3,855709293694806 -0,14102743551775732 1,7784402858523183 1,9434993617237848 -2,0734489317926053 -0,05315718213221099 2,044037551191545 -2,023449121553425 1,9819537416934856 0,032408156820105845 3,0953142181719113 -0,9835319504529928 3,8816825534364345 2,9687725900532573 ), 83,40938640270178
( 0,022787829586376304 3,048547361496638 3,861115550775478 -0,1471209320231206 1,7909350712683465 1,947937270576491 -2,07399150253694 -0,04516437801017408 2,051876549365043 -2,0338201373588607 1,9924835658515065 0,029589144097648387 3,111385706836437 -0,9951264773381736 3,877342633920757 2,9695684831964817 ), 83,41191670084176
( 0,039199517967889196 3,0564398581351977 3,8623179226288054 -0,13565091936487134 1,7790853640786655 1,938801039585082 -2,0752464920747964 -0,060267511471740455 2,044164118729924 -2,022399105282176 1,9864087002153747 0,033615602018223494 3,102576448171285 -0,9870682996174323 3,8837620025608715 2,981522798393256 ), 83,41927726734264
( 0,04283210547084412 3,0259695976156693 3,842802669911597 -0,13320533815678662 1,765901519420137 1,9383577670038867 -2,05753280239584 -0,04400465426516564 2,042248048588375 -2,025062821528277 1,9581619619908008 0,03616317637770623 3,0681110478288782 -0,9657936766687089 3,8684158966848243 2,957523015748501 ), 83,42412993316101
( 0,02667148970035743 3,0458261833945834 3,855428868253625 -0,1401405990391454 1,7797910482059087 1,9438104087260475 -2,0717711908343226 -0,0500391346882715 2,0502560571534887 -2,0280961617608457 1,983817750820552 0,02688016191502824 3,1022551186984297 -0,9901774887564011 3,87858809358789 2,9706456876123974 ), 83,43802457773035
( 0,02577967199156219 3,0591029567081853 3,8691153844696484 -0,14215134235754243 1,7929244755121074 1,947755676948632 -2,079272798603803 -0,050589269596028955 2,052549385449359 -2,0320460303701373 1,9937960766766938 0,02987841319173043 3,121911091734157 -0,9986671973668579 3,884121778578847 2,9788136586660996 ), 83,46540704790928
( 0,03691032955474201 3,0522946139162075 3,857139618032583 -0,14031892326429893 1,7780748436936245 1,9444553649872693 -2,075394564873231 -0,05134869622730149 2,044902389883993 -2,023121954045732 1,9820834025897773 0,031242937868054016 3,0988925588591916 -0,9847786673835968 3,8828989174923256 2,967366490706137 ), 83,46573663281434
( 0,061564495281904164 3,0565912231348236 3,8445651262274994 -0,13043165030457887 1,7692219661809208 1,9329148182466995 -2,0667150273977275 -0,07421499454497801 2,027693669791228 -2,0029637593621947 1,9790007031148298 0,033985698866646014 3,0671739012757264 -0,975810897539724 3,885321751114398 2,9759538166375417 ), 83,47591732948013
( 0,0325380211702464 3,0385289167854492 3,8556465032254743 -0,13552408661390442 1,7704229642587355 1,943831290029056 -2,0694245091685874 -0,040505365099176696 2,048374885812176 -2,029800698853913 1,9653658292530773 0,03426964535052559 3,092272096969869 -0,9745197783814493 3,8749969922873886 2,9621282816131256 ), 83,47755822031564
( 0,05180026584621536 3,057117328523992 3,8505220281963024 -0,13456829660117062 1,7742108292746468 1,9369513649470096 -2,0739577014298582 -0,06974796906145822 2,0368176172786976 -2,0123317286153077 1,9860641076035745 0,03422840971550229 3,082909946326755 -0,9824201181152078 3,8887152581577396 2,976402150790982 ), 83,48546256220648
( 0,03888187287917343 3,073710074642122 3,866645990956426 -0,1317648914694318 1,7931480156151995 1,9380770916849157 -2,0834425970884043 -0,0693589606372367 2,0501746718279765 -2,016403530626356 2,0045703860192345 0,03562761229676449 3,116825946430214 -1,0022333750607115 3,8978946275279727 2,9947083058718222 ), 83,5027102821823
( 0,031133520052273708 3,0517640732640885 3,8600405753489397 -0,14239353259642004 1,7813744731844485 1,946860913177802 -2,0762459465422625 -0,04720880788938372 2,0483430410706633 -2,0278923914406968 1,9835394791733476 0,03010535120952687 3,106216793473249 -0,9877093695267997 3,88175971728119 2,9668288213034173 ), 83,54249222152568
( 0,026446331981785677 3,05550636493001 3,8608892847129104 -0,14391070125601288 1,788474632319855 1,9502130790685632 -2,078098598017991 -0,04856425505092013 2,0503215239566335 -2,033800722799144 1,9862253310391123 0,027737445424796437 3,110700326813199 -0,9908061611674013 3,881178470160388 2,970647286915254 ), 83,54419600205085
( 0,053953984581700566 3,0562554325460276 3,850954542060049 -0,14200093887443768 1,7799877453182804 1,9437337451004195 -2,0771179160463857 -0,06912765673071587 2,0377365985423173 -2,0185292809094286 1,9907354635198067 0,029815094321845308 3,0830129661189614 -0,9794321617331669 3,8895908354500404 2,966335958517411 ), 83,54639217893148
( 0,032728239207034215 3,045501685045277 3,8565847933026083 -0,1466578647218835 1,7820499252133566 1,947334400353737 -2,0732130044783545 -0,04534413094110371 2,0497651555828313 -2,0297121343939897 1,982540393455714 0,03300974261686357 3,1018781391273023 -0,9862891608204565 3,880395676141495 2,9679974830021014 ), 83,54798221966125
( 0,028059167578822763 3,057076027350603 3,866946498213594 -0,14535566743013734 1,788209209120278 1,9467651945950184 -2,0758884974588137 -0,04012650648774648 2,05561475019158 -2,033147952205942 1,9861030857170137 0,0320273065924498 3,1159876498414505 -0,9869894883229567 3,881862840084721 2,979953974955077 ), 83,56975751523991
( 0,032821355081570795 3,0680009586174615 3,8677110959113112 -0,13515456580839566 1,7891435414514827 1,942484030963818 -2,082872928549417 -0,05932702520027662 2,0510634189403336 -2,022976869868244 1,9972690289307804 0,03253587761648763 3,1195938862550343 -0,9980885953459885 3,8925163577686526 2,985794665056255 ), 83,57124298071479
( 0,04834700764805144 3,064871370040944 3,8597680626042394 -0,13371720865223946 1,7802909443929003 1,9350615427251907 -2,079029651778334 -0,07105795615101254 2,043707979452351 -2,015561709758408 1,9908436549777757 0,03611233294786365 3,0981915641311613 -0,9897225973584994 3,894701960509825 2,9874858048916018 ), 83,58674460749378
( 0,04211568056652565 3,044458748430726 3,8500922278287826 -0,14003907785105021 1,7700657322931708 1,9429675725555373 -2,0694114499792926 -0,05033328961995397 2,039318505066461 -2,0214230113694795 1,972136518377832 0,031236709365764382 3,08433513116519 -0,9748714377159247 3,877658602745277 2,9610587955092154 ), 83,6256256630213
( 0,03825242543189373 3,0520924757539687 3,857373134745204 -0,14143622424938052 1,7771233518000868 1,9463858590852454 -2,0774418526303777 -0,04901343192315369 2,046999531078881 -2,024733281235435 1,9798166379485667 0,03262056274441053 3,0997031439984926 -0,9818042201544441 3,885157292154113 2,9659866541335584 ), 83,63262938179236
( 0,060846950764829794 3,077350995105504 3,8496837587246096 -0,13142734926075034 1,777547750398971 1,9325964090940302 -2,0648682961453773 -0,08269721643735012 2,0139925409788577 -1,9877010435607252 1,9922947862302487 0,01739283319007085 3,072131130275501 -0,9906743319014987 3,880698333025798 2,959714560561373 ), 83,64241928666246
( 0,036737661566009994 3,0489872724373126 3,8568705699192005 -0,14269737638412952 1,7751954054964882 1,9453289276527215 -2,0750819913623975 -0,04591817416271038 2,0460741734676025 -2,024187240904397 1,979877457050258 0,032499047976112264 3,0974078107998153 -0,9808477713238066 3,8809477093652127 2,966262803537248 ), 83,6476881170529
( 0,037334892708524185 3,0552500744978404 3,859564591808107 -0,14120069461763035 1,7806394734412272 1,9421987767068243 -2,077512838859391 -0,056458244965399716 2,047422025555554 -2,0256089332792064 1,9862984584082235 0,033757839018163316 3,1029127497749562 -0,9866985190919161 3,885765391095539 2,97356853013355 ), 83,67923678198709
( 0,05038731118201663 3,0474014168919403 3,854023569546657 -0,1402683160674253 1,770625106919342 1,9342869533558962 -2,07374899439214 -0,059218436979573616 2,035668824132508 -2,022664236000338 1,969920012542235 0,03443781007684907 3,0711248890864127 -0,9712477511024724 3,8779605661264136 2,967818369379908 ), 83,68049360071922
( 0,03799552495664691 3,0419746816945077 3,851901223273777 -0,14260249023184246 1,772092681747012 1,9463270078177173 -2,0703048411530958 -0,045500173314638306 2,0424298268594563 -2,026896137980299 1,9715933759369957 0,030350332297285783 3,0888081679687147 -0,9756386966161863 3,8763312763412907 2,9587041963113054 ), 83,68221647761455
( 0,06311918347738732 3,0571382164357725 3,8469165102335805 -0,13003867158897192 1,7652213091477609 1,9369050247491562 -2,0737625733818073 -0,06445950172446872 2,0326498098972223 -2,005724779256434 1,9676015508941336 0,0375723495135101 3,0718459172268586 -0,9687927972352259 3,892995208789713 2,9722310735256974 ), 83,68301629869386
( 0,05128395686948324 3,057073260080965 3,85591981084049 -0,1320112823037835 1,7721652138521362 1,9394757454118965 -2,0808643693651723 -0,07029965337420963 2,038803033527319 -2,020299836432986 1,981584370743901 0,03203710270403748 3,090054865528153 -0,9794546328572798 3,892953539631271 2,97826161241071 ), 83,68765172455944
( 0,042733749322989026 3,0578356433009155 3,8570765633621935 -0,13683034089737517 1,7768353202566975 1,9386325469924648 -2,076586015169914 -0,06431625661929567 2,041662637116043 -2,0219724065541986 1,9823607073164762 0,03258261533041765 3,0966814077557636 -0,9844813587974307 3,8875523263806073 2,9729801876170163 ), 83,70269086499916
( 0,040213272541134146 3,0504898899525323 3,8591567500378643 -0,13980408698539643 1,7726781068159911 1,948053790882684 -2,0806877906770858 -0,06095138969740144 2,0410427568999903 -2,0311997402080975 1,9793756460709722 0,02950712879414055 3,094160097091914 -0,97945051419988 3,888399223906671 2,9686465690938815 ), 83,70947647640361
( 0,04261592384289569 3,0578970133771364 3,8614790398618792 -0,14332790975285475 1,7838044945935454 1,9413007079784041 -2,079164339435038 -0,06383902290364227 2,044562115800898 -2,0253235145827277 1,991370116617391 0,036076111191759415 3,099634113123823 -0,9874396214142465 3,8860994533808624 2,9754029519153535 ), 83,71561620075542
( 0,051188969051370825 3,0571179751865576 3,856292662832787 -0,1319023423943535 1,7721069399991476 1,939747624841634 -2,08162395884294 -0,07055603987101713 2,0391397517043672 -2,0210523473470796 1,9816014300192895 0,03185012848436554 3,090752053431114 -0,9795041818252226 3,8935075400727106 2,9784277049272663 ), 83,7202203003584
( 0,033228832599594665 3,0520585529591826 3,8596485248833408 -0,14675576455634712 1,7858808220209195 1,9473044999254365 -2,0790048408268498 -0,04980350779241374 2,0521062529369427 -2,032636099477524 1,9868915130030247 0,03377886020560778 3,105554834371403 -0,9868424761467768 3,884816467582109 2,9679610679158857 ), 83,73325098406379
( 0,03621059660871704 3,0497333895637615 3,856202516081612 -0,1468090359867976 1,7783663057423476 1,948609206706497 -2,0762129091797106 -0,04787973217314742 2,0450198459286386 -2,0259280619450637 1,9818920931329018 0,03075602114721141 3,098928571082489 -0,9834405955907987 3,88230771098063 2,9618161703561663 ), 83,75374244130663
( 0,014123317705839827 3,048003353680355 3,879234973839876 -0,14692927769096703 1,7930869404756726 1,952192975424655 -2,076861252355951 -0,03545735582717394 2,0554740097032105 -2,0422350003100624 1,9994510669113548 0,03209564191936633 3,127407726171051 -0,9937393283170626 3,865687900584354 2,989839991823071 ), 83,76296337918009
( 0,03508434701582415 3,0601712257529274 3,8634627374468584 -0,140009192852638 1,7892401218666014 1,9346843704270018 -2,0741898580229976 -0,06984824665845638 2,0452459344678053 -2,0223035455482163 2,004893108064129 0,03180948944742142 3,108191167702452 -0,9972119821481249 3,879040208616536 2,984972810754142 ), 83,76484534115373
( 0,045054819888502386 3,0516677578787488 3,8545753994729997 -0,13735903417008824 1,7662001895741375 1,9413701766213871 -2,080239407378984 -0,04752926830063417 2,040727296151213 -2,019015530175902 1,9777234135299009 0,03302850934596561 3,086340061352389 -0,9759496688825041 3,885077702115058 2,962870551565432 ), 83,82242532969386
( 0,024351500937128633 3,059818103711721 3,8620240593120894 -0,14205014727309764 1,7880262320214726 1,9543232629589222 -2,081247774059542 -0,0478775921231117 2,0508755024032475 -2,038231154170001 1,9781895614191436 0,024244481183236737 3,1136735967329527 -0,9865587208411477 3,8804963959238403 2,9710238145868817 ), 83,82678546282614
( 0,011120565455805378 3,045034284146362 3,8730922384511888 -0,13765262158778735 1,7891738703856386 1,947430788140775 -2,074082133371557 -0,04371310442640982 2,0526077993934 -2,0516162983246 1,9895794276549705 0,022919390323725846 3,13016925112374 -0,995759308021216 3,8708749014330732 2,99765035163158 ), 83,83703884940603
( 0,02577424599540134 3,062476088989386 3,861511715125724 -0,14361314905824188 1,7891174287464855 1,955224063574406 -2,082614154637475 -0,048499752781321695 2,0505691512112487 -2,036125633665834 1,9803216279792077 0,024603204964551872 3,1128678712122237 -0,9882799354075642 3,882929606456714 2,9673159279757435 ), 83,84030785075024
( 0,034022390594967374 3,0699803726209054 3,868984421824154 -0,1388690015816528 1,791544073846528 1,9453763476444677 -2,0871198534623128 -0,05721026319765666 2,055300485447641 -2,024092056748031 1,9996365301917651 0,03449517284691591 3,123829067649614 -1,0002219816448605 3,898554971481867 2,9850467954474467 ), 83,84274590153692
( 0,05911281933575844 3,0708846261829645 3,8575480397123973 -0,13045520414120504 1,7738880555972005 1,936806821519948 -2,082847454678235 -0,07029528954180236 2,0419436542729956 -2,0028158973402324 1,9858174326053526 0,04074047354231234 3,0929012134777407 -0,9843106190526036 3,902545316709079 2,9813658591542214 ), 83,85306333547024
( 0,04644629175861374 3,053078826764104 3,851151629731797 -0,13890846469298587 1,7685598501049509 1,9435354975063386 -2,079001732954824 -0,06103516258025778 2,035747257551615 -2,0167462080230063 1,9787674403980404 0,029667081715336042 3,0867533526483544 -0,9767111645824879 3,8891562789973553 2,9662413966795897 ), 83,86653202592058
( 0,020780215152923293 3,0497791862366106 3,8669705231575704 -0,14444726441885522 1,7859696094087092 1,9513419805661982 -2,078930425477772 -0,04495742883295205 2,0536361167609285 -2,0398726286640088 1,9876668863858793 0,027299453391435892 3,1179230695495357 -0,9903120731454372 3,878443047816313 2,966741754440571 ), 83,8763552086022
( 0,037886152660199256 3,0659010032864953 3,865083216195124 -0,13274683475994375 1,7810279360561705 1,9421930548648956 -2,0855616500417646 -0,057615006392230446 2,0494942679052492 -2,025969209566799 1,9901059783364703 0,03048611588019092 3,116756493691811 -0,9894360725098846 3,893687713898903 2,9862929741068305 ), 83,91854991997177
( 0,018056905370789782 3,0489090528769642 3,865236383687828 -0,14873751680059893 1,7930798585976218 1,9543268124212028 -2,080510818592718 -0,038747087566719074 2,059636103874425 -2,043533153766627 1,98932473986766 0,029118515503980286 3,122882019069343 -0,99666118565957 3,882460883880461 2,9649518094856533 ), 83,95845906386
( 0,07674574651623912 3,0622625699465567 3,835517611423951 -0,12735097214515173 1,7660291882660375 1,927702443102036 -2,0618010056263483 -0,07942321161669577 2,021723425400151 -1,9872250674045255 1,984169599467366 0,035808059536559106 3,050070509168388 -0,9741011727000314 3,886895223693092 2,9781613708936314 ), 83,9649565465052
( 0,00804979702126213 3,037192210427804 3,8510164814749865 -0,1507925975963867 1,7904794347360262 1,9597225515614312 -2,0606613100641904 -0,018993714253386796 2,0545174891026545 -2,048428244966831 1,9691631707485135 0,01028379981551802 3,11927575075128 -0,9826967947680322 3,8728949827305996 2,947646527608135 ), 83,98640564014711
( 0,04271274838748234 3,051833517844521 3,8531151710439073 -0,1418343202258806 1,7690771183089784 1,946441337291903 -2,08175303796804 -0,05517478406186948 2,0389184800677764 -2,020619087808098 1,9782241277898212 0,0288210464746348 3,092016615001534 -0,9766550659404826 3,8900588733043873 2,9642796469919555 ), 83,99480102642666
( 0,06601035741509119 3,064484972208689 3,845220399117129 -0,13469627412948204 1,7697847826129913 1,937983459719314 -2,076258110472865 -0,077742571678941 2,025769517989965 -2,0024573824372407 1,9841999650325735 0,03189296661920987 3,0699765901680944 -0,975421749959073 3,8930621832879226 2,9690748567621617 ), 84,03789492467777
( 0,04792820306014653 3,0500703840157186 3,8398562352527206 -0,1397454889590225 1,766681767142688 1,9326282250550526 -2,066485528862808 -0,061667070337803005 2,0366864536911837 -2,0083152260337407 1,9763500887038832 0,035266950881574353 3,0722698843971794 -0,97518014566947 3,8822346822404814 2,9645992267677617 ), 84,10243931233019
( 0,03175783940362851 3,070847736940169 3,869434286686189 -0,1434729368903443 1,7916878122350013 1,9482513753014525 -2,0887352340404974 -0,05643256436883237 2,0527485616649055 -2,0254450664993398 2,00165656566912 0,03127560391408366 3,1255662077594346 -1,0003968338826508 3,8964113619811114 2,9823197724412234 ), 84,13588115846734
( 0,04081687421485418 3,0620935064039974 3,8699020575764447 -0,1455158806256403 1,7815017635324217 1,9507324492552058 -2,0913810561731427 -0,06941853768755216 2,0502637588164365 -2,0217348173569523 1,993111061524587 0,031103922964121997 3,109586073975998 -0,9939191639859705 3,9003084438518663 2,9711279542470272 ), 84,13624168043901
( 0,02059492846902647 3,0383933299282946 3,85886467776818 -0,14967389275952533 1,7770026519479252 1,954152405335869 -2,0750190740398815 -0,022022146763485215 2,0509561393589175 -2,0401371231964487 1,964517273977551 0,02585436671565577 3,110520400210419 -0,9802174853611517 3,8753440983277336 2,9536581200717826 ), 84,31005989551662
( 0,0516234541946526 3,0318058216023043 3,8409521966754077 -0,1258316314730987 1,7523437892084608 1,9281499731865905 -2,0475571742220686 -0,05143950755627351 2,034638360048702 -2,0084728559676965 1,9458860764253776 0,03569664235764672 3,04775421670082 -0,9606110051113164 3,853837445881971 2,9581929074660547 ), 84,33850563311297
( 0,025401046264646843 3,0666603682922964 3,8716101567033943 -0,15927069362512114 1,8168935253358587 1,9627430869938274 -2,088864910516058 -0,022918971556344935 2,073879871241567 -2,0479616619803767 2,0088280839164705 0,033058731121079966 3,144818029959679 -1,0163339322923235 3,903618630780067 2,957734524213241 ), 84,59101484004823
( 0,06196944588007588 3,0284727276703656 3,821291721038037 -0,11414686659817369 1,7295457459699854 1,916144327224207 -2,0405060512304525 -0,07880034316779615 2,0082153245042846 -1,9943685803987585 1,9346682236641013 0,023747605633098502 3,0277167388278237 -0,9451464919555843 3,8607331324510987 2,9573269657639356 ), 86,54503785103215
( 0,05965237041021909 2,9988650695586614 3,8154068060989674 -0,1630646921254524 1,7506483988614372 1,9409646921420647 -2,074956364537725 -0,07578036978368946 2,0384856543816046 -2,0247190233898777 1,9696494476293358 0,034726013560548726 3,0659482755243244 -0,9549770166771534 3,8734441878017405 2,9067585541156564 ), 89,38694395489556
( 0,6323074580619191 2,380329925044544 2,2657358746857112 -0,8629493724750724 1,0786960398045522 2,094184127966553 -1,7799737829773532 -0,11789622452777926 1,6725789871899714 -1,0503253510867876 1,1332216218009314 -0,03008983882249962 1,9098141189663114 -1,0251014244148529 3,0301317665991285 1,7707230152560598 ), 124,05420009897944
( 0,04031948086944863 3,056095447131487 4,007618287187013 -0,2591485034714487 1,8051801410712804 1,9549921695978685 -2,180089601456413 -0,17874779754015702 2,2484323563595883 -1,957640509099875 2,1029867612139843 0,015921482877827464 3,362822123892113 -1,0449934034565391 3,951479197571342 3,146999484327518 ), 128,02070627591098
( 2,241459160144014 2,8619080865669866 2,9336778503099645 -0,3336234260171083 -0,2635911333476617 1,1355626511341805 -1,4175281998867184 0,9785545668919611 0,9657207311669832 0,0352128984182245 0,9117952715082033 1,1015462698593637 0,00636785105721456 1,1019279347641688 3,4641801495855264 2,5888821100349118 ), 134,60031561032667
( 0,8811774743958568 0,20356627271697098 3,328415171760129 -0,38178470750906035 0,20094644285990065 3,0558633610273094 -0,729533967527998 -0,5384617654321643 3,0074580011506935 0,8471793860670522 -0,05609802098050129 -2,030531382402467 1,8473142556493096 1,2777255774821636 3,6839937107813836 2,2494927098832274 ), 167,6287951450326
Liczba wywołań funkcji celu: 2914
