Iteracja nr: 79
( 0,002214257127356504 3,0496496408155265 3,964002071129448 -0,00032251065575599836 1,8964207657228078 1,927917979393588 -1,9749423417366312 -0,05192250279408195 1,9787171269295825 -2,0349151123219236 1,8813869288867084 -0,02901669580984207 3,0550720023979716 -0,9857244204679784 3,9592577486675786 3,0101797005239406 ), 68,13939196664951
( 0,0021970802865403692 3,0496557635895325 3,964030227977298 -0,0003149115544106045 1,8964502272035022 1,9279092687824133 -1,9749428300858347 -0,05190850287262291 1,978721556783716 -2,0349290854309685 1,8813841072399524 -0,02901094900272462 3,055105470483846 -0,9857477356912203 3,959269472003045 3,010212409555566 ), 68,13939412111526
( 0,0022013822835961574 3,0496456794778846 3,9640269466923765 -0,0003103743247844403 1,8964359077441035 1,9279184932144435 -1,9749420854325084 -0,05192372732693736 1,9787284536267782 -2,034930270869704 1,881384373699995 -0,029020318160521346 3,0550896064089303 -0,985724522273615 3,9592708914761774 3,0101980929302434 ), 68,13939467157022
( 0,0021976565418249053 3,0496671016144754 3,964031044514154 -0,00031925401346675076 1,8964486572098285 1,9279059229807654 -1,9749514663744783 -0,051909812778525306 1,9787214068777268 -2,034933166161218 1,881399306734423 -0,029004239138410916 3,0551132274320048 -0,9857523216758246 3,959269660646805 3,010217012531034 ), 68,139394794412
( 0,0021918688036694544 3,0496703895558532 3,964033611040299 -0,00032350822866518414 1,8964709642997466 1,9278997249175576 -1,9749443987602666 -0,05190032490958476 1,9787138556277206 -2,0349205101575536 1,8813888991133325 -0,02900629190221397 3,0551308289057464 -0,9857835643852749 3,9592682343150973 3,0102294014876145 ), 68,13939487206947
( 0,002188711954715044 3,049634696235629 3,9640372616577 -0,0003063646903721424 1,8964722110020464 1,927912318342241 -1,9749214683527543 -0,05190186722858873 1,9787206094699363 -2,034915941391986 1,8813476904713695 -0,029027514802887268 3,0551075595651773 -0,9857598108023844 3,9592719651567725 3,0102165546553 ), 68,13939494802922
( 0,002196365907500792 3,0496456911538132 3,9640325166585804 -0,000310177431280716 1,8964494278668573 1,9279164001525988 -1,974938133820937 -0,05192125564413604 1,9787273094600986 -2,0349257474562537 1,8813785733222577 -0,02902367345614055 3,055101053428519 -0,9857394145948386 3,959272728529242 3,010206572389962 ), 68,13939499794152
( 0,0021983077302358185 3,0496779465458546 3,9640288749371537 -0,00032593302608584544 1,896451813294425 1,9279015268704942 -1,974956549262692 -0,0519088438198094 1,9787176180982171 -2,0349301805037725 1,881409433053019 -0,028999415609075433 3,0551224817303426 -0,9857654467991083 3,95926759473052 3,010221613368809 ), 68,13939501085059
( 0,0021887892638644334 3,049668529807044 3,964030200211714 -0,00032709958318933566 1,8964885990140696 1,927891723229876 -1,9749329731469882 -0,051876817328046915 1,9787018484318972 -2,034908461272166 1,881366859611955 -0,02900200436912233 3,0551367285971778 -0,9858086751838182 3,959262314913432 3,010237659127929 ), 68,13939506162254
( 0,00219202271162857 3,0496637417028243 3,964034598597597 -0,00031961413407376616 1,8964675196124468 1,9279028706827654 -1,9749419565125557 -0,05190208600302639 1,978716797621481 -2,03492256927468 1,881383864076646 -0,02900933262256732 3,0551244212818918 -0,9857739081439395 3,9592694999349805 3,0102257834441435 ), 68,13939509254189
( 0,002194139734973088 3,049674367267896 3,9640323056291713 -0,0003246970374594055 1,8964638069633615 1,9278995389837803 -1,9749498134209154 -0,05190189637592488 1,9787151226807413 -2,0349253204256312 1,8813975051812057 -0,029001924405636433 3,0551285696380392 -0,985777183923317 3,9592679796536694 3,0102277257290293 ), 68,13939522257188
( 0,002201346303714067 3,0496801350141354 3,9640275360066917 -0,00032561480129506486 1,8964409783198473 1,9279036230775142 -1,9749625462700167 -0,05191480233171635 1,9787210144269134 -2,0349365577601404 1,8814195070070416 -0,028997091675916818 3,0551168490015495 -0,9857528250388127 3,959268235258205 3,0102168209320452 ), 68,13939529163886
( 0,0021944249859264958 3,049674477098608 3,9640326793918956 -0,00032428107132229176 1,8964620347002936 1,9279001585448763 -1,974950887993159 -0,0519035273324956 1,9787162234621876 -2,0349267605167585 1,881399353603722 -0,02900193587661086 3,0551278423080044 -0,9857745734043862 3,959268498660041 3,010227075079626 ), 68,13939535274696
( 0,00220919287934667 3,049682590767339 3,964020013194896 -0,00032616737428315876 1,8964184431879387 1,9279068584635546 -1,9749715286581877 -0,051920916222493646 1,9787240939341206 -2,0349460182518246 1,881433602128225 -0,02899083811718213 3,0551005864522547 -0,9857283698804471 3,959266285025002 3,010204379866309 ), 68,13939537000867
( 0,0021997170997187596 3,049679051709302 3,9640302010378146 -0,0003231731495671331 1,8964421759301735 1,927901302788297 -1,974961633189927 -0,05190543994803307 1,9787203523177184 -2,0349418940048896 1,8814148043437553 -0,028991792274040883 3,0551160774776673 -0,9857510948014433 3,959268598303366 3,010220422170096 ), 68,13939537449538
( 0,002218933982517491 3,0496396862837996 3,9640064906572827 -0,00030850318916150684 1,8963883554373102 1,9279267746062485 -1,9749514058185245 -0,051928399718731824 1,978731766375857 -2,034945547114669 1,8813956803045393 -0,02900971162397429 3,0550437794027276 -0,9856685869799013 3,9592637746039685 3,0101659826630787 ), 68,13939539000368
( 0,0022010179057494568 3,0496529065790923 3,964029654502574 -0,0003123615402317424 1,896435158335263 1,9279179363582564 -1,974948607051837 -0,05193012523065536 1,9787307998177721 -2,034933310970398 1,8813970144439345 -0,029019025948737596 3,0550965887543438 -0,9857265028104321 3,9592728770634165 3,0102012201127017 ), 68,13939541867396
( 0,0021915730599180493 3,0496739823716745 3,9640336795615485 -0,0003252974941959977 1,8964726202835356 1,927896926293729 -1,9749458683361483 -0,05189549877210204 1,9787120215574348 -2,0349213057543354 1,881390456684906 -0,029001972831494548 3,055133980453061 -0,9857880236203616 3,9592673708886736 3,010232740210978 ), 68,13939543097082
( 0,002199953741129477 3,049686176254406 3,964028047972531 -0,0003291337953086404 1,896447408037575 1,9278995738447449 -1,9749637314713364 -0,05191027635653853 1,9787176995965725 -2,0349342240719674 1,8814217883993556 -0,028993683667924007 3,0551252666402786 -0,9857652039423977 3,9592672396577284 3,010222865798489 ), 68,13939555207345
( 0,0021963509394307286 3,0496823579830856 3,96403188872289 -0,0003269072332002995 1,8964561066261565 1,9278987567932977 -1,9749585230965336 -0,05190583432104424 1,978716951239873 -2,034931956457874 1,8814124167909176 -0,028996228948228574 3,055129329526116 -0,9857718747470455 3,9592684187888816 3,0102274269798097 ), 68,13939560885832
( 0,0021819616204206407 3,0496162725862703 3,964037680495294 -0,00030255283373439883 1,8964976288925235 1,927911522292643 -1,9748974323881303 -0,051886440091756435 1,9787122901516236 -2,0348957360491906 1,8813065406024527 -0,02904048733431003 3,0551096591923343 -0,9857827414307022 3,9592694073881747 3,0102206559567284 ), 68,13939568501134
( 0,0022000895795641355 3,049683464583611 3,964028417826391 -0,00032767621835774524 1,8964459472750903 1,9279012447200394 -1,974962842827613 -0,051912372004330645 1,978719206032764 -2,0349345550466804 1,8814203139234011 -0,028995756809263407 3,0551228870316676 -0,9857613256671461 3,959267898681593 3,010221063185045 ), 68,13939569552738
( 0,0021859295278974377 3,0496574098598312 3,9640389422262765 -0,0003176722111548391 1,8964857300395057 1,927899717953514 -1,9749307136724896 -0,051889997155392636 1,9787122448917016 -2,0349145689345534 1,8813637205543012 -0,029012939018819003 3,055132351937659 -0,9857916738055924 3,959269468966205 3,0102344579546605 ), 68,13939575564396
( 0,002197506054788414 3,049648039023429 3,9640344167832433 -0,0003091611007798212 1,896442205945229 1,927918921504056 -1,9749440283246154 -0,05193013935389596 1,9787322155398754 -2,034931765640109 1,881389402302093 -0,029023912649292494 3,055099933005095 -0,9857297859488429 3,9592752540499574 3,010204404610899 ), 68,13939581971265
( 0,002213032346391977 3,0496889791833217 3,9640154636991687 -0,000330471422968573 1,896410999061745 1,9279075698823822 -1,974977888667009 -0,051928693338546605 1,978724453896551 -2,0349456059189324 1,8814464868692453 -0,02898964370875023 3,0550997007281673 -0,9857259387626064 3,9592648887019513 3,010200177264338 ), 68,13939585019165
( 0,0022114194250919027 3,049677498963219 3,9640184398073037 -0,0003244975219996309 1,8964118586082814 1,9279134737383796 -1,9749713691176038 -0,05193584390584818 1,9787289990142578 -2,0349435588404985 1,8814363696394423 -0,02900033043391594 3,0550944463822445 -0,9857180070362624 3,959267856781406 3,0101958146999115 ), 68,13939586414854
( 0,0022011668412547885 3,0496375765108663 3,9640300032538995 -0,0003050962658022005 1,8964314972309182 1,92792549582482 -1,9749404890233713 -0,051936852128375295 1,9787354770342094 -2,0349315447268226 1,8813834467588577 -0,029030244818249465 3,055084176441681 -0,9857116100685672 3,9592748328354497 3,0101921756721937 ), 68,13939588968437
( 0,002204328738972936 3,049688615780533 3,964025791581358 -0,00032891664411708715 1,8964326774184936 1,9279037660777876 -1,9749716124918983 -0,05192249842228259 1,9787229685131822 -2,034940895379032 1,8814363310272573 -0,028993504382997904 3,0551177476634876 -0,9857482496928354 3,9592683967110336 3,010214882557037 ), 68,13939593592217
( 0,0021872489127229343 3,0496707686123075 3,9640377778720826 -0,00032390076172130106 1,896484408749698 1,927895259143643 -1,9749397913294553 -0,05189001254925828 1,9787102561397922 -2,0349169900252715 1,8813799143069454 -0,029004902304727773 3,055140705150029 -0,985799288055161 3,959268301373036 3,0102390258616554 ), 68,13939616491618
( 0,00219409587739652 3,0496906301401876 3,9640318045267757 -0,00033256515451236574 1,8964675962505002 1,9278919043282985 -1,9749585094213864 -0,051896111243804194 1,978710407048309 -2,034926627248778 1,8814124470567295 -0,02899084794929277 3,0551418874287446 -0,9857930503579933 3,9592659954624287 3,0102369168922527 ), 68,13939626964317
( 0,0022034569889644597 3,049691328527565 3,964026308286615 -0,00033084941548360843 1,8964366030536357 1,9279018700536297 -1,974971890091896 -0,05192071047794174 1,9787215246367194 -2,034938891554575 1,8814370836825456 -0,02899252102047006 3,05512269236887 -0,9857552849504627 3,9592680086591026 3,010218230316525 ), 68,13939646796393
( 0,002185425668310607 3,0496608519123702 3,964030399730362 -0,0003267632890922514 1,8965024387105256 1,9278906049642148 -1,9749216738397368 -0,051869173866361216 1,9786974755527664 -2,0348969290738865 1,8813476910653388 -0,029008138360407925 3,0551403539379662 -0,9858232311903311 3,9592607530396644 3,010241123006702 ), 68,1393965398249
( 0,0021997183944837276 3,0497089802688655 3,964016415665586 -0,00034836776690577693 1,8964699550293052 1,9278781798762805 -1,9749628693208856 -0,051871802315469395 1,9786930247053838 -2,034917953952321 1,8814175315822808 -0,028970327136986926 3,0551469725421154 -0,9858186007126309 3,9592534302083373 3,010241661262447 ), 68,13939655555691
( 0,0022085784451840746 3,049692671935039 3,9640224057799855 -0,0003302813048526937 1,8964202696341623 1,92790511192051 -1,9749787909856176 -0,05192765423279066 1,9787252463278528 -2,0349467279114 1,8814483656811578 -0,028989393581433716 3,0551115505165396 -0,9857361969729181 3,9592677981733373 3,01020936869602 ), 68,13939667252274
( 0,002191187580228487 3,0496813863288366 3,964037127598882 -0,00032687198845070264 1,8964708812802022 1,9278967044770918 -1,974953276890248 -0,051902902336152246 1,978715337623633 -2,034925711991146 1,8814045194733795 -0,02900053516990664 3,0551409158262657 -0,9857882654183525 3,959269937024602 3,0102358986397975 ), 68,13939667335649
( 0,0022053067971100995 3,049686419067253 3,964026889578859 -0,00032632682125485735 1,8964262152242977 1,9279061701270366 -1,97497356590149 -0,05192585221394758 1,978726639893128 -2,0349461179746258 1,8814388399740236 -0,02899350778981061 3,0551127180844606 -0,9857371627090792 3,9592699314253244 3,0102118759204632 ), 68,13939673100727
( 0,002187766777808212 3,0496252638355164 3,9640414284386853 -0,0003015487686635255 1,8964706626024266 1,9279213325872657 -1,9749187406669633 -0,051921861292766575 1,9787293642521904 -2,034912710873733 1,8813470217224446 -0,029043478890050968 3,0551054753275535 -0,985750149526824 3,959277080992334 3,010210516851588 ), 68,13939704909524
( 0,002183276402651069 3,04967030142776 3,9640417493273787 -0,000323340519629234 1,8964950230886313 1,9278923964999528 -1,97493589501652 -0,05188313029327844 1,978708077158042 -2,0349146946367944 1,8813726243610434 -0,029004864754570245 3,0551481941775958 -0,9858105894343343 3,9592689710409497 3,0102462823395664 ), 68,13939705734396
( 0,002201797844685021 3,0497103688830687 3,964025259129316 -0,00034080171748829 1,8964477207154247 1,9278890477883153 -1,9749782706302004 -0,05190264793730895 1,978711210047738 -2,034938164133546 1,8814463571779834 -0,028975847780155918 3,0551405974593546 -0,9857828058652834 3,9592636557498215 3,0102332720312495 ), 68,13939714790783
( 0,002211903178902442 3,0497009172251213 3,9640187539047993 -0,000334499921684279 1,89641314676672 1,9279037403334875 -1,974986213351263 -0,05193028322153825 1,9787246603143345 -2,034949423190148 1,8814615377807622 -0,028983860845219374 3,0551115103389836 -0,9857343005385752 3,9592662088736827 3,0102076955077055 ), 68,13939723388238
( 0,002182205287613048 3,0496692701389385 3,9640404503584263 -0,0003247078101636762 1,896501575126697 1,9278903578351334 -1,9749315846356563 -0,051877295378205124 1,978704244296625 -2,0349091271769826 1,8813651826699334 -0,029005273652077706 3,055150631473696 -0,9858198912647372 3,959267121338626 3,0102485155834557 ), 68,13939723748507
( 0,0022068723449132875 3,0496981654915043 3,9640268637805347 -0,0003303409575440348 1,8964213159769068 1,9279035626837775 -1,974983611537803 -0,0519288639550707 1,9787271115855674 -2,0349520134369854 1,8814565326593018 -0,02898629365618085 3,055118021204866 -0,985737759068627 3,959270146029144 3,010214433497139 ), 68,13939755114714
( 0,002182112299190294 3,049674167912554 3,964040550406379 -0,0003269119143772727 1,8965026246441898 1,9278880518578863 -1,9749343265772632 -0,051875475665707674 1,9787029865891985 -2,034909930285051 1,8813697936975422 -0,02900178066850597 3,0551546559867937 -0,9858243422409488 3,9592666613988414 3,010251426098385 ), 68,13939762958277
( 0,0021958103255320426 3,049622235409811 3,9640412375866085 -0,00029277568313473384 1,8964337920881889 1,927933005375633 -1,9749336256927748 -0,05194478362866566 1,9787450424371964 -2,0349375460810144 1,881371348620103 -0,02904217775309745 3,0550799651918235 -0,9856966596029845 3,959282673107045 3,01019129291206 ), 68,13939764249733
( 0,002187105130993454 3,0495802672708225 3,964034305811932 -0,0002838967169160979 1,8964728742650627 1,9279284841984794 -1,9748833251877318 -0,0518934655659241 1,9787237853088686 -2,0349037127303484 1,8812778878092862 -0,02905488885155044 3,055065924553164 -0,9857275749999719 3,9592717146805962 3,010193649187413 ), 68,13939773990903
( 0,0021881613980732667 3,0497081827544177 3,9640268082793426 -0,0003464565075118518 1,8965012606484877 1,9278687109699577 -1,9749507995031974 -0,05184814721899786 1,9786845116025034 -2,034912010165228 1,8813946519932072 -0,02896822055857291 3,0551673428797064 -0,9858523199067275 3,959254458151633 3,0102625905189595 ), 68,13939777456655
( 0,002177372530960086 3,0496606739302488 3,964045499375638 -0,0003203760338310792 1,8965129980096986 1,9278908564042487 -1,97492245698414 -0,05187272118783431 1,978704025100269 -2,0349049095099287 1,88134912687886 -0,029011461429883915 3,0551536744827197 -0,9858264866100295 3,9592689691668568 3,010252745798097 ), 68,13939829294475
( 0,0021762422629858246 3,049650642345537 3,9640512441841156 -0,00031252702740622453 1,8965075114040562 1,9278981173543488 -1,974920900844175 -0,05188386878192974 1,9787128864188068 -2,034910514791053 1,8813467029029278 -0,02902005565934703 3,055146853726338 -0,985808727525618 3,9592743118743465 3,0102478494558276 ), 68,1393986834111
( 0,002182793655523903 3,0496835502947204 3,964043807324969 -0,0003278259792866168 1,8964955758434847 1,927885735091539 -1,9749448241705667 -0,05187576821493087 1,9787060074992742 -2,0349216893804227 1,8813860051911164 -0,02899234572851331 3,0551578451576487 -0,9858179933204065 3,9592685582984695 3,010255180993472 ), 68,13939869981027
( 0,0021724419370233927 3,049632909897657 3,964049105689712 -0,00030814626359532734 1,8965233616155326 1,927897779671031 -1,9749004218219084 -0,05186728238788617 1,978705481762406 -2,034896384401924 1,881309833623538 -0,029028087250472002 3,055141296357394 -0,9858202849429847 3,9592708596305544 3,010247727014195 ), 68,13939896613951
( 0,0021769364501951676 3,0496678572688496 3,964045705642713 -0,00032387561261379156 1,8965158651444225 1,9278872899318245 -1,9749259265150558 -0,051869921163223504 1,978701800840599 -2,0349050108456295 1,881355180127001 -0,029006865596225583 3,0551605458334956 -0,9858348620637433 3,959268214261546 3,0102575251400774 ), 68,13939897264623
( 0,0021742235208549484 3,0496435236969552 3,9640519979235904 -0,0003101744539268188 1,8965138501449776 1,9278990136877987 -1,9749135038034635 -0,05188079779092824 1,9787116962259033 -2,0349054626616527 1,8813339908882805 -0,029025059818784723 3,05514594128708 -0,9858123878337434 3,9592742415904327 3,010248029114231 ), 68,13939899187343
( 0,002183644564845408 3,049693386609589 3,964039008228097 -0,0003357320217968309 1,8965016573576492 1,9278803468368053 -1,9749467712250104 -0,051871265366017646 1,9786990297549079 -2,034914218926212 1,8813909538895561 -0,0289880023331693 3,0551666250771734 -0,9858362553194217 3,9592644827086474 3,0102593420182835 ), 68,13939901750204
( 0,0021727118553159395 3,049630210127448 3,9640501517053877 -0,00030799289148258457 1,8965230334482412 1,9279056433042772 -1,9749006755104304 -0,05189181017852131 1,9787118085964757 -2,034888734486689 1,8813170944410458 -0,02904440025990986 3,0551440516019714 -0,9858189160467496 3,95927450505455 3,010241635014402 ), 68,1393990554189
( 0,002180703265750698 3,0496849029622854 3,9640415144600065 -0,00033218690375505766 1,8965091175793416 1,9278818827867752 -1,9749386815693228 -0,051869157554404195 1,9786989783195141 -2,034909587566365 1,8813771056092456 -0,028994454079217087 3,0551664310768847 -0,9858394106743319 3,9592654741690745 3,0102602174499355 ), 68,13939921966261
( 0,0021719233041745047 3,0496455064863794 3,9640497706677214 -0,0003138713367374529 1,8965268614553947 1,9278921762775112 -1,974907368455627 -0,051864059018822566 1,9787025708453925 -2,0348977081711563 1,8813220266695323 -0,0290202742474056 3,0551526534855156 -0,9858326622682776 3,95927001915951 3,010255405550571 ), 68,13939959117123
( 0,002171333647242434 3,049632882799727 3,96404837893511 -0,00030928882775514585 1,896528946285981 1,9278948183429494 -1,974897254173064 -0,05185898384499596 1,9787016467356238 -2,034893391334103 1,88130331726625 -0,029025781477616246 3,0551435625028707 -0,9858282827196924 3,9592690522688363 3,0102510010697068 ), 68,13939959751747
( 0,0021743649030769967 3,0496650381896035 3,9640471524772827 -0,0003231901191021766 1,8965240025941823 1,9278855306289227 -1,9749206545128215 -0,05186330977630964 1,978699199878006 -2,0349012877622603 1,881345511357389 -0,029007853808079468 3,055163672201564 -0,9858430933943223 3,9592677831639804 3,01026136092206 ), 68,1393997664903
( 0,0021696415327044126 3,0496375467943033 3,9640521962959894 -0,00031033209258465633 1,8965319503208011 1,927894863206743 -1,9749008551388811 -0,05186576380542103 1,9787039240956157 -2,0348938494054005 1,8813115324521412 -0,029027687768379072 3,055151807891171 -0,9858330903083801 3,959271565111927 3,010254823788984 ), 68,13940030270524
( 0,0021762732540080215 3,0496801726507576 3,964045567073703 -0,0003299344870823167 1,8965208359849008 1,9278803335335888 -1,9749314838165801 -0,051862163834901276 1,978697027685784 -2,0349056147119855 1,881364141736028 -0,028997313696080093 3,0551716067655983 -0,9858494606957416 3,959266294855318 3,0102660773554906 ), 68,13940033564444
( 0,0021764020464616024 3,0496826733745253 3,96404639536186 -0,0003304185780886697 1,8965195410568516 1,9278804323710395 -1,9749341623332877 -0,05186497891620353 1,9786981737481948 -2,034907325868386 1,881369233898958 -0,028996785011210145 3,055173272476468 -0,9858487372438893 3,9592670827006042 3,010266569973476 ), 68,1394004074905
( 0,0022278984403922763 3,049694716406824 3,9640055998293535 -0,00032912916782630954 1,8963623439557746 1,9279180575845745 -1,9750006071213173 -0,05195445077564556 1,9787375797664915 -2,0349693723276827 1,881484931198196 -0,028981984542561203 3,055069598809619 -0,9856693551389037 3,9592657226804726 3,0101746212174376 ), 68,13940060374871
( 0,0021759815214747206 3,049681702222931 3,964045713489365 -0,0003308372003580849 1,8965222730657172 1,9278795970728255 -1,9749319310285514 -0,05186196988137663 1,9786964583121451 -2,034904879580107 1,881365208326215 -0,028996945915349553 3,0551737820512845 -0,9858523722444069 3,959266179326292 3,0102673418433565 ), 68,13940062784282
( 0,002168127081278846 3,0496305292180357 3,9640500996006107 -0,0003091260360514012 1,8965395662298734 1,9278923445746021 -1,9748912590880603 -0,05185134963476531 1,9786981911660728 -2,0348882573266573 1,8812926173263527 -0,029026964308123893 3,0551487186156776 -0,9858400637855326 3,959268455925662 3,0102562414335816 ), 68,13940097520629
( 0,002190691366304473 3,0497246933793924 3,9640184589029994 -0,00035942816006839513 1,896507069840969 1,9278582913837732 -1,9749557249679972 -0,051834434344367616 1,9786730653420288 -2,034904175545791 1,881402814057627 -0,028955063360518098 3,0551785948794037 -0,9858772337555055 3,9592468371949576 3,01026992660318 ), 68,13940114312324
( 0,002202092414666547 3,0497388263851906 3,964023849005476 -0,00035525324508380545 1,8964541520651401 1,9278758162222809 -1,974993531181454 -0,05189313226602639 1,9787030128573262 -2,034939347837183 1,8814727286121347 -0,02895686218261994 3,055164059044117 -0,9858110283174754 3,9592598896639934 3,0102490739202032 ), 68,1394013685059
( 0,002227714834227787 3,049715324221237 3,9640058175481108 -0,00033874750150004654 1,8963666804755792 1,9279095476147143 -1,9750123606823402 -0,051951007845827304 1,9787330719078553 -2,0349711365064733 1,8815059918146086 -0,028969914261440893 3,055087142554207 -0,9856883749804876 3,9592641887234237 3,0101857486683503 ), 68,13940142237037
( 0,0021668557678920495 3,049635051760476 3,964060598994334 -0,00030506018702014417 1,8965307461513858 1,9278986363751098 -1,9749033033456165 -0,051875162444495894 1,9787117576028166 -2,0349010466266897 1,881316192764605 -0,029032159247880253 3,055154153070128 -0,9858240722099167 3,95927755136254 3,0102565408998117 ), 68,13940144506793
( 0,0022167903624160253 3,049746862730772 3,9640125820439356 -0,00035607754267380953 1,8964087951089885 1,9278845069192814 -1,975015676882369 -0,05191659447109575 1,978713433123309 -2,0349599915293375 1,8815107225117407 -0,028948387013643214 3,0551368566871373 -0,9857613893120483 3,959259367560126 3,0102251004370135 ), 68,1394017232383
( 0,002168606594042728 3,049664810821623 3,9640550688947767 -0,0003208438350624671 1,8965360146321955 1,9278829467666936 -1,974917779532005 -0,051857936484444055 1,9786992349905153 -2,03490211723843 1,8813398775541337 -0,029008237018466474 3,055173997757386 -0,9858535448457203 3,9592707486077012 3,0102712126676634 ), 68,13940183900522
( 0,0021641869386880533 3,0496259775578265 3,9640573640327355 -0,0003050538586724105 1,8965455086484 1,927896539047243 -1,9748889135188077 -0,051862512642685855 1,9787037324728916 -2,034886972997815 1,881291380975999 -0,029037398228139853 3,0551543738875613 -0,9858407038602346 3,9592736495916956 3,010258169182517 ), 68,13940215046478
( 0,002167012607477352 3,049664411679851 3,9640539983927146 -0,000323394003633486 1,8965455196796186 1,9278816327808737 -1,9749130106439698 -0,05185663980939345 1,9786955862895956 -2,034892653703974 1,881333608090993 -0,02901241451827127 3,0551800169991177 -0,9858676357039508 3,959269311958856 3,01027385456817 ), 68,13940297872132
( 0,002169509632161263 3,049675629276732 3,9640493521363083 -0,0003297392777839862 1,8965431934349652 1,9278753943502742 -1,9749192734680647 -0,05184752211660844 1,9786900858823526 -2,03489462275417 1,8813427384968429 -0,02900041081852718 3,0551830474098476 -0,9858744675673955 3,959265290100197 3,0102770408418436 ), 68,1394030195335
( 0,0021734714264136142 3,049698590516765 3,9640399889223357 -0,00034351326418804735 1,8965434258286058 1,9278624184334647 -1,9749299827527342 -0,051829928414524745 1,9786775069025888 -2,03489435800802 1,8813592829477266 -0,028978836360094448 3,0551927850691962 -0,9858952835654505 3,95925697687875 3,010284850620824 ), 68,13940398290059
( 0,002169505916758052 3,049684161135653 3,964048739939437 -0,00033361172011188374 1,8965449519123576 1,927869995050729 -1,974923476938707 -0,05183942654488071 1,978686359481921 -2,03489693462244 1,8813485054316832 -0,02899145535538941 3,055188744750577 -0,9858823556150522 3,959263479990771 3,010282668477383 ), 68,13940401359828
( 0,0022274703973929177 3,049740444960047 3,964007164047759 -0,00034944314870069825 1,8963699556016678 1,9278986758397865 -1,975027826975749 -0,05194426200971844 1,9787283782605265 -2,0349770580478443 1,8815321193729029 -0,028952377879727383 3,055107207356685 -0,9857078483242262 3,9592627225646657 3,0102000166649576 ), 68,13940427270748
( 0,0021658759374975746 3,049667181296661 3,9640517179242134 -0,0003267750215749166 1,896553773686829 1,9278754748230376 -1,9749095942671089 -0,05184153889497255 1,9786882168940458 -2,0348883618720555 1,8813257221461157 -0,029005944841616803 3,0551844135726887 -0,9858819836593737 3,959265504944267 3,0102797717887135 ), 68,13940444155118
( 0,0021585482163348664 3,049604687936824 3,9640742501974455 -0,0002873174278179814 1,8965409147066399 1,9279124573448647 -1,974884421096344 -0,05189028301668922 1,9787240139852513 -2,0348971274432075 1,881285996104482 -0,029060285712276143 3,055147191603378 -0,9858095055088613 3,9592876622625157 3,010251874957428 ), 68,1394045119353
( 0,002227129006266371 3,049671817217536 3,964014764774849 -0,00031307139662607877 1,8963486260810851 1,927936320678544 -1,9749963930836412 -0,05198549501671884 1,9787567475985317 -2,034977016520631 1,8814806773650303 -0,02900557720901714 3,0550522670776097 -0,98563015746246 3,959276559903517 3,010159064946428 ), 68,13940524843056
( 0,002229579268587043 3,0497591779589834 3,9640020277163486 -0,00036049790806180233 1,8963722513449868 1,9278899149875788 -1,9750370752734483 -0,05193719010892461 1,9787206842424974 -2,0349751414237733 1,8815484827949176 -0,02893959810704207 3,0551192085245438 -0,9857265878147586 3,9592580015430485 3,0102071572126903 ), 68,1394055997953
( 0,0021647780247145212 3,0496749843628925 3,964054586129401 -0,00032901545006045813 1,8965554518526189 1,92787265277192 -1,974915109839701 -0,051841508853444906 1,9786884850805138 -2,0348918300816936 1,8813352634209621 -0,02900144193787398 3,0551924204251826 -0,9858872352907885 3,9592666180985274 3,0102854711387463 ), 68,13940569530119
( 0,002159753012802222 3,0495671746684234 3,9640610375629532 -0,00027834393926110413 1,896548483567556 1,9279184641377987 -1,9748501214795398 -0,05186963713810943 1,9787140092335136 -2,034874518836761 1,881223921430894 -0,02907626899258985 3,0551163852273633 -0,9858047561178265 3,959279028221302 3,0102346489896847 ), 68,13940576491521
( 0,0021588016979081593 3,0496420028300553 3,9640578449653874 -0,00031528841300471717 1,8965697753056507 1,9278797048274814 -1,9748875037522937 -0,05183173897711311 1,9786882931080336 -2,0348798431934627 1,8812858267995722 -0,02902036072209581 3,055178175506581 -0,9858833042453622 3,959267751550404 3,0102802803567816 ), 68,13940671395986
( 0,0021559902696541835 3,0495903287425077 3,964064173614316 -0,00029066521346429134 1,896565548115719 1,9279071664210325 -1,9748591870304564 -0,05186443396322122 1,9787070340669761 -2,034869062280659 1,8812419869600132 -0,029066822979051443 3,0551462275081875 -0,9858415758436858 3,9592777815595452 3,010253562738356 ), 68,13940730846194
( 0,0021700182580660886 3,0496988731655326 3,964038431406177 -0,00034932184646945154 1,8965634940451688 1,9278607550905822 -1,9749212441545259 -0,051832445892335946 1,9786712057067812 -2,034873656242557 1,8813497848381244 -0,0289900707064258 3,0552075290567893 -0,9859255416531427 3,959254915402027 3,0102901468223884 ), 68,13940737900664
( 0,002165698900833837 3,049694937231035 3,964050253206149 -0,00034044742028621654 1,8965612634123263 1,9278613889608271 -1,9749235444148006 -0,05182830236786117 1,9786787307405767 -2,034890239844211 1,8813490874657477 -0,02898560735957882 3,0552069331504397 -0,9859106911854192 3,9592613246850146 3,0102961086958224 ), 68,13940819227903
( 0,0021536141458883824 3,0496252951505634 3,96406244228369 -0,0003085009477773869 1,8965829800435203 1,9278848157956312 -1,9748724817892527 -0,05183439617446238 1,9786898240540163 -2,0348693786098635 1,881261915374638 -0,0290366784608703 3,0551777302612844 -0,9858880125715372 3,9592704582126976 3,010279702570498 ), 68,13940903793778
( 0,002163021235522611 3,049693764691851 3,964050302076792 -0,00034111028527304796 1,896571675084612 1,9278571401339217 -1,974917456862371 -0,0518157029996128 1,978672997869296 -2,034885531513638 1,881337212486676 -0,028983392156995264 3,055211011414475 -0,9859237029640013 3,9592592151705253 3,010301708998259 ), 68,13940983283995
( 0,0021566971656617473 3,049668533778438 3,964059967876754 -0,0003282554023959496 1,8965813721161788 1,9278686008733616 -1,974900865928089 -0,05182909704479243 1,9786822746985921 -2,0348781862633354 1,8813113064672016 -0,02900826437558875 3,0552062701600833 -0,9859151814402586 3,9592665568764276 3,0102974156676834 ), 68,13941070366911
( 0,002157514251029777 3,0496764575499813 3,9640572414155675 -0,0003327132861975908 1,8965826228769098 1,9278630727685262 -1,9749040164956482 -0,05181968454552612 1,9786771550917108 -2,0348788910275717 1,8813152471515482 -0,028999171971507955 3,0552099981841234 -0,9859233898404753 3,959263498737256 3,010301524127239 ), 68,13941131042995
( 0,0021517200277445443 3,049655535575774 3,9640637096643117 -0,0003219200012114178 1,8965932380004877 1,9278675507154504 -1,9748874262718856 -0,051813801478778655 1,978679312462578 -2,0348750911559086 1,8812849020388733 -0,029010927710412103 3,0552037789757853 -0,9859197363471619 3,959266604290968 3,0103013882130956 ), 68,1394127567469
( 0,0021467707196364517 3,0496153167107267 3,9640744464882367 -0,00030086987042107977 1,8965934035144734 1,9278896146539217 -1,9748662818402196 -0,05184283242175237 1,9786973213713583 -2,0348689684286945 1,8812527336086435 -0,029049380680207522 3,0551845895401573 -0,9858882349533175 3,959277765306785 3,010284738098859 ), 68,13941300065663
( 0,002148414861731566 3,0496475766435176 3,964071163962935 -0,0003160252440223549 1,8965959289116883 1,9278744311928184 -1,9748845905381671 -0,051829179813620924 1,9786873698649066 -2,034874524791489 1,8812830885294023 -0,029024347490664335 3,0552056769658136 -0,9859138488273345 3,9592727486131736 3,0103001028405076 ), 68,13941335047998
( 0,0021589250955761337 3,049694562386857 3,9640517798675177 -0,00034475121992395987 1,8965889791416555 1,9278541197635306 -1,9749110512182806 -0,05181286108406198 1,9786682670899471 -2,034872592871222 1,8813287843307283 -0,028988895715459866 3,055224549814551 -0,9859478925193946 3,9592583299687947 3,0103095725516145 ), 68,13941441969965
( 0,002144547280753014 3,049627821485487 3,964072135293763 -0,0003091209818391231 1,896607885809393 1,9278791400940578 -1,9748664009516566 -0,05182636314253917 1,9786862180681741 -2,0348623044374192 1,8812525583904025 -0,029039418597104953 3,055199587848563 -0,9859171133750829 3,9592730380327192 3,01029669675848 ), 68,13941508181166
( 0,002140782484254539 3,0496200553214265 3,9640809290793704 -0,00030105454728711166 1,896608310937976 1,9278823563020795 -1,9748642506912482 -0,05182789968612206 1,9786927432700798 -2,0348703418725553 1,8812470403977382 -0,029042743977873715 3,055197866584185 -0,9859061359572017 3,9592784513825223 3,010298634482805 ), 68,13941603112043
( 0,002143350658411812 3,049629438619614 3,9640724040185167 -0,0003099820298483169 1,896612044549841 1,927874744831208 -1,9748650957632536 -0,05181439339806472 1,9786824729808752 -2,034863261522885 1,881247655877535 -0,029032947764536007 3,0552018346021397 -0,9859232251063106 3,9592713522385345 3,0103017198968622 ), 68,13941677739662
( 0,0021471195312253704 3,049667154239731 3,964070394378569 -0,0003258231176508154 1,8966051842288842 1,9278619234233134 -1,9748923243691434 -0,05181219320903265 1,9786779923704978 -2,0348754000293794 1,8812945240613088 -0,029007071598296616 3,0552230430107947 -0,9859390013316406 3,9592687659704593 3,010314764148515 ), 68,13941687469162
( 0,002149264633784908 3,0496740613408213 3,964065152214879 -0,00033147953238112706 1,8966053336290893 1,9278578455940996 -1,9748946801514318 -0,05180656187108739 1,9786727251916751 -2,0348722775701 1,8812984359238378 -0,029001037021819144 3,055225223197933 -0,9859473333751385 3,959264828170161 3,0103158221225224 ), 68,13941729093425
( 0,0021429132151169496 3,0495919097498043 3,9640689300421905 -0,00029574743497439283 1,8966126598835866 1,927886616118623 -1,974838460587871 -0,05181146381142993 1,9786844646357251 -2,0348517016126717 1,881200100019791 -0,029054033481662352 3,0551734547752694 -0,9859026818425034 3,959270658983824 3,010284595227131 ), 68,13941762318156
Liczba wywołań funkcji celu: 16180
