Iteracja nr: 36
( 0,0005790536684251148 3,0530752214706 3,9654371559488277 0,001657949410302782 1,8984176633522263 1,9256395595975888 -1,975730958854512 -0,04737357765159441 1,9761331955718 -2,040053537937253 1,8824915125675348 -0,02500737589614547 3,05578402669152 -0,9872413943691016 3,9598341454825565 3,0123887088954775 ), 68,15451950135521
( 0,0003712139725939771 3,0526035177774604 3,965700185620504 0,0020239346099840574 1,8985680174524016 1,9257934610346454 -1,9754613809528418 -0,04731361472745083 1,9763186712395742 -2,040286673052518 1,8819604686939044 -0,025236949394817302 3,0556467355883132 -0,986915069966719 3,9599831211912604 3,0123890387104675 ), 68,15457680418848
( 0,0004226079011168799 3,0525541354966816 3,965600672182336 0,0019973231431287234 1,8985328564328365 1,9257576564699066 -1,9753941714229735 -0,047140529014620486 1,976235024200296 -2,040218698250642 1,8818040022322953 -0,02516806521376025 3,0555168617399837 -0,9869072962180129 3,9599115119924266 3,0123422479616337 ), 68,15460053671134
( 0,0004120390925835701 3,0528741551002816 3,965803321197338 0,0018256694867110233 1,8985718101741722 1,9257452808355542 -1,9757013766389533 -0,04756477561709372 1,976426492680931 -2,040183618223923 1,8824176438382416 -0,025211444116001007 3,056015621282918 -0,9871225539729707 3,9600389273028336 3,012590279117805 ), 68,15463324808407
( 0,000352502444484216 3,052807956445247 3,9656931698483873 0,0019783686731658554 1,898609096802786 1,9257960469488644 -1,9755837277922186 -0,04755076011412568 1,9763040102618217 -2,0403018227965095 1,8822678534607935 -0,025282437127281638 3,0558039616186545 -0,987071258580391 3,9600105486479884 3,0123877321826296 ), 68,15469715458298
( 0,0006361856024112128 3,053012008097319 3,965306433351476 0,0015878251705983193 1,8984534766875645 1,9255603354358262 -1,975605340700026 -0,047082284706142244 1,9759907610940606 -2,0398837619327965 1,8822237694979478 -0,02491610187288475 3,0556801608757387 -0,9873606217908976 3,9597208375297415 3,012384977536713 ), 68,15471042347966
( 0,0004772885942255254 3,0524943945603815 3,9654920014240327 0,0019583070516815274 1,8985528697277907 1,9256885910279222 -1,975276881538829 -0,04687666492239554 1,976099220231236 -2,0400881288005737 1,8815564726806762 -0,02508238420947708 3,0553891103465363 -0,9869769210018007 3,9598212637185197 3,0123269776610635 ), 68,15471318312728
( 0,00046412316463075606 3,052594971439763 3,9655035691157647 0,0019324637078177234 1,8985573884298983 1,9256959370384226 -1,9753568111933657 -0,04700223149178329 1,976119017074395 -2,040117211408529 1,8817347591446523 -0,025099390111216917 3,0554837535268193 -0,9870313646979036 3,959840565076203 3,01233638322736 ), 68,1547133024098
( 0,0004056057341506585 3,052900739389193 3,965762446814096 0,0018876625263376022 1,8985167912216125 1,9257671685179891 -1,9757181259122212 -0,047600244862526404 1,9763946106002568 -2,040297237931355 1,882469650581474 -0,025202563774223943 3,055914560679432 -0,987029505180389 3,9600395700410886 3,012495035015638 ), 68,15471405915234
( 0,0004883726908703714 3,052702815553252 3,9655352589824333 0,0018591907969098625 1,898527044868323 1,9256738010902978 -1,975459910234561 -0,047074337714562195 1,9761587629550246 -2,0401052967830164 1,881919468899135 -0,025061380046854615 3,0555980293836362 -0,9870725301842372 3,959856227017847 3,012403906169 ), 68,15471497262917
( 0,00032153147977720224 3,0523880592206667 3,9658127231128657 0,0021358408695008975 1,8986071062731902 1,9258327102832111 -1,975347450686144 -0,04722920589974746 1,9764054337820987 -2,040325787108922 1,8816974872151775 -0,025291891822897324 3,05558542053932 -0,9867725831733393 3,9600347718647 3,0124287024670724 ), 68,15473227098353
( 0,00041952563270434147 3,0526257537957338 3,965667852971749 0,0019199253624779665 1,8985856599519912 1,9257267177929946 -1,9754559654861055 -0,04718251173105223 1,9762820003036383 -2,0401556034813826 1,8819089434279992 -0,025158268452927617 3,0556961992346663 -0,987032330201873 3,9599344249014354 3,0124667228274844 ), 68,15474112040872
( 0,0005097146210923417 3,052581256230514 3,9654221853260574 0,0018867511237998199 1,8985383629729153 1,9256597728741824 -1,97531667341429 -0,0468781221053437 1,9760498335329773 -2,040038565464863 1,8816420460877787 -0,02504403097466014 3,0554143413054633 -0,9870639235563397 3,959779924943695 3,012314594964198 ), 68,15474142739855
( 0,00041345703065752616 3,052743596462549 3,9657057736245065 0,0018845375128858327 1,898573785617746 1,9257348546267024 -1,9755646895332362 -0,04734115764737514 1,9763285578478025 -2,040188596539802 1,8821363508118245 -0,02517240257511161 3,0558168977878695 -0,9870701438460571 3,9599704189895686 3,012498256896471 ), 68,15474419509054
( 0,00048130173098695717 3,052538925701868 3,965470029181249 0,001932962948976748 1,8985470903507133 1,9256835998693262 -1,9753064545254737 -0,046901329045865255 1,976090535133239 -2,04008751279178 1,8816193537880994 -0,025073218177583723 3,0554146265850326 -0,9870106648879071 3,9598103855343716 3,0123208570141053 ), 68,15476319748616
( 0,0004295028380710825 3,052670904090257 3,9656647732023225 0,001886556442332965 1,8985723783323691 1,9257186279338683 -1,975496051680497 -0,04720816574766336 1,9762902379187914 -2,040149491898908 1,8819817110243175 -0,025142306573879555 3,0557362798633663 -0,987056265875293 3,9599319791520977 3,0124816220943473 ), 68,15477098734215
( 0,0004986847227915944 3,0525221624151366 3,965421721037627 0,0019143922315340912 1,8985563029893666 1,9256658388469183 -1,9752676222561296 -0,04683057523270711 1,9760429006283855 -2,040035093458983 1,8815448377697066 -0,025056843443989764 3,0553756817164626 -0,987046577483368 3,9597752376006974 3,0123040672374852 ), 68,1547815465718
( 0,0004765330897926743 3,0524946547625813 3,965460655009441 0,0019615510299984965 1,8985471409763672 1,9256897077649886 -1,9752695438043057 -0,046861446150681496 1,9760784933313567 -2,0400983793796112 1,881546356278465 -0,025076698945973388 3,0553623250326463 -0,9869778885288325 3,9598044512901556 3,0122976687236958 ), 68,15478900918832
( 0,00023102417334077669 3,0524588053411303 3,9659621561996974 0,0022230092740003053 1,8986435479091555 1,9259077095566923 -1,975449238334427 -0,04752663113404906 1,9765303420525715 -2,0404894208096067 1,8819465323392257 -0,025412322258670562 3,0557351871323464 -0,9867274001839695 3,960157126182231 3,012455179249388 ), 68,15479465707257
( 0,0004900990417537737 3,0525515676590276 3,9654622104469723 0,0019099836101621997 1,898541645327274 1,9256739784524333 -1,9753175460241523 -0,04688863794501209 1,9760897056491102 -2,040072876475894 1,8816320099252741 -0,02505666326590415 3,0554290768476307 -0,9870275796622494 3,9598011756204143 3,0123319859601128 ), 68,15480657887939
( 0,0005009957732208844 3,052504713154038 3,965409729864196 0,0019357173927735077 1,898537042269094 1,9256687918980955 -1,975255229507619 -0,04680433166313065 1,976032134500705 -2,040061203631136 1,8815168847550992 -0,025045330329117006 3,055326664009285 -0,987004557158165 3,959770468440711 3,0122794469224594 ), 68,15481323324043
( 0,00040531778193864077 3,0523340584719345 3,965701248307395 0,0020904426629972305 1,8985428326511042 1,9257527063829134 -1,9752614706939409 -0,046907436449671915 1,9762843851822074 -2,040240623705571 1,8814777898986812 -0,025138248675767125 3,0554097370615065 -0,9867431067021135 3,9599342332924796 3,01241234676798 ), 68,1548306306144
( 0,0006105248179431376 3,0530235033948876 3,965300489128129 0,0015362494819525295 1,8985310601581278 1,925559043148711 -1,9756047948158415 -0,04710660490720407 1,9759988141642457 -2,0398169266187973 1,8822283340233477 -0,024953204922162305 3,0557921235491565 -0,9875027926195138 3,9597074039222577 3,012419163361777 ), 68,1548433842607
( 0,0004944704760540823 3,0524458833435215 3,965399700740132 0,001971272428665313 1,8985386473725971 1,925676843063299 -1,9752073050774923 -0,046753342485698214 1,976019069846895 -2,0400725668355744 1,881421412618184 -0,02505113293712551 3,0552627604470697 -0,9869640206163883 3,959763351596309 3,0122523253726707 ), 68,15485401580307
( 0,0004034437158060792 3,052650256997759 3,9657422472219386 0,0019059535521807126 1,8985846048507027 1,9257342663792711 -1,9755154778814323 -0,0472494102489615 1,976359580744599 -2,040185519066566 1,8820043085093632 -0,025163205913604457 3,055795934553647 -0,987024574164124 3,9599738674980483 3,012533150577317 ), 68,15485808000743
( 0,000471657327045592 3,0524194234952824 3,9654457484819425 0,001991540211529582 1,8985580195670795 1,9256919327253237 -1,9752052217014846 -0,04677898850966442 1,9760590863416934 -2,0400911668213007 1,881413489082602 -0,02507787010321508 3,0552947460314313 -0,9869492797897922 3,9597889456392332 3,0122768488865854 ), 68,15486022714856
( 0,0005390031515416981 3,0525133301475975 3,965393800779146 0,001889812257972931 1,898493613042577 1,92564342729414 -1,975273320979817 -0,04674722281323959 1,9760324535353284 -2,0400285126200592 1,881519110718619 -0,024989338705802683 3,0553181460787564 -0,9869920257024409 3,9597493020069 3,0123021064238356 ), 68,15486063271355
( 0,0002887426398693236 3,052566446290788 3,965904766975576 0,0020780527174648505 1,8986451102335267 1,9258333160756465 -1,9755024188949135 -0,047446541794469416 1,9764827208030649 -2,040361819064595 1,8820209647413653 -0,025318017709451173 3,0558319829939586 -0,9868912533108578 3,9600988396276673 3,012527838271445 ), 68,15486628509595
( 0,0005362378080811384 3,0525828889761213 3,9653519886423667 0,0018384625662458826 1,8985562442864836 1,925623272921135 -1,9752797625855085 -0,04677275536019131 1,9759815555757227 -2,039957901149777 1,8815645232639282 -0,025004151676366295 3,0553899230935326 -0,9871460277030739 3,959725205718531 3,0123084829698974 ), 68,15487202622865
( 0,0005899574651186836 3,0528225392314186 3,9653706308687777 0,001696706433264326 1,8984813026214868 1,9255826531027924 -1,97548913698126 -0,04693477987876286 1,9760276328362072 -2,0399480247068045 1,8819582078730797 -0,024928145045267722 3,0555813547975164 -0,9872298164531897 3,9597407946639573 3,0123950178135854 ), 68,15487689489508
( 0,00048511339105211106 3,052371353451171 3,965302648369032 0,002041783132372643 1,8985714206974507 1,9256878103405133 -1,9750865748688309 -0,04666882572901523 1,9759070186744367 -2,040063528812037 1,8812333448729133 -0,025083592040638522 3,0550973005785815 -0,9869608545924302 3,9597186998866434 3,0121322587780353 ), 68,15488323606405
( 0,0005409139428509727 3,0526429798047325 3,9654028182867163 0,0017915508573358475 1,898560569575803 1,9256060804665796 -1,9753421016827981 -0,046813043408506505 1,9760235069548502 -2,0399433739701873 1,8816707383001305 -0,024985361149277994 3,055497864679066 -0,987188864002664 3,9597470638150245 3,0123857324548085 ), 68,15489402245593
( 0,0006926948114020081 3,0527874254277316 3,965069659192165 0,0016633885865035957 1,8984592871771033 1,9255064455887803 -1,9753087096062194 -0,04661802913128945 1,975724371324658 -2,039779224401133 1,881648047084028 -0,024829723097064844 3,055253394566387 -0,987315433031814 3,959561543697656 3,01220016951629 ), 68,15490272018367
( 0,0004996225621630346 3,052386991138329 3,9653562225969394 0,002007239302749243 1,8985323807002275 1,9256775962453054 -1,9751429735398451 -0,04667158477685734 1,9759718197630107 -2,040074290407013 1,8812995567372581 -0,02504435092826672 3,055157051945634 -0,9869242439281177 3,9597381279369315 3,012199345761093 ), 68,15490719720104
( 0,0004905450560284704 3,052401844605788 3,965361680366526 0,002000414358128361 1,8985431178280285 1,9256829191261404 -1,9751575316931604 -0,04670438881943218 1,9759826807156275 -2,0400768423568403 1,8813323458023044 -0,02505724913852068 3,0551891469208403 -0,9869460006044105 3,9597430636680473 3,0122041606696706 ), 68,15491199032465
( 0,0007173485016687337 3,0522029539004185 3,9649071395848794 0,0020109411908848865 1,898218186711414 1,9256554967217656 -1,9749379041985082 -0,04628134406016517 1,9756790542620108 -2,039966615623337 1,8808756922567902 -0,02488168090178148 3,0544564781903567 -0,9866183871314252 3,95949283723889 3,0117844133603033 ), 68,15492515015438
( 0,00033088491520912684 3,052683252534207 3,9663615018047627 0,0017919170224023678 1,8987559046416602 1,9257531439389581 -1,9757438534059275 -0,04766500220786844 1,9768647385530909 -2,0400514834077907 1,882350995328382 -0,025323962702396865 3,0565292306138097 -0,9871301296250601 3,9602947829594504 3,0131310007990937 ), 68,15492805744638
( 0,00026763243319771236 3,0521488290505117 3,9658240348761975 0,0023411716422492164 1,8986095386821786 1,9258828341787022 -1,9751631153527145 -0,047055562165961594 1,9763765797373636 -2,04045801038861 1,8813388543637481 -0,025327478959261376 3,0553168919693388 -0,9865391724522153 3,960045134113691 3,0123192168923056 ), 68,15495637611333
( 0,0005462683480880897 3,052377498118715 3,9652037644274416 0,00204819914495796 1,8984623494393071 1,925665219248628 -1,9750756498461661 -0,04655839340900268 1,975825887308664 -2,0400934952285383 1,881195820264204 -0,024992879353913852 3,0549178969079183 -0,9868528208522106 3,9596668542048903 3,0120405995610695 ), 68,15495810874862
( 0,000334892915689431 3,052762311994033 3,9659194613375925 0,0019383661768062879 1,8985668579079598 1,9258117738269012 -1,9756977533214501 -0,047614422418933204 1,9765545441761696 -2,0403468884213454 1,882379246933475 -0,025265234479943218 3,0560180233941407 -0,9869570630457465 3,9601094430731907 3,012600191402337 ), 68,15496290626587
( 0,0005891451385121049 3,0525869249387325 3,9652108728946596 0,0018451634878565372 1,8984950114151897 1,9255900187765995 -1,9752254116130281 -0,04662187975984156 1,9758423867219084 -2,0399518043515297 1,8814662631389318 -0,024923627751584826 3,0551955483351816 -0,9871115385149798 3,95964771546433 3,0121950170142404 ), 68,15496482272472
( 0,0008267728135422422 3,0533833715137773 3,965464937423515 0,0012419014726104385 1,8983221422867353 1,9253828940387598 -1,9759399643035762 -0,04714932012461536 1,9761047258019775 -2,0396589980845414 1,8827659470261346 -0,024665605550372064 3,0560797394666146 -0,9875222430544734 3,9597671375578094 3,012777811156105 ), 68,15497143248717
( 0,0005152662989365168 3,052381177825683 3,9653183367152147 0,0019864906025930393 1,8985338813909498 1,9256591744728553 -1,9751213192143708 -0,046607567248019496 1,9759364129064878 -2,0400387065337484 1,881251023884649 -0,025018790268614473 3,055131666368768 -0,9869521191184439 3,9597086283500755 3,0121920329799514 ), 68,15499112642159
( 0,001241868052603893 3,053463065637388 3,96470879348988 0,0009136861170410445 1,8979170177035618 1,9252028087464852 -1,9758277718772317 -0,04660661969763875 1,9755821264576081 -2,0392350743644463 1,8825088651623936 -0,024288285789951312 3,055391445029017 -0,9875382450856741 3,9593154103596784 3,0123427288585125 ), 68,1549924181296
( 0,0004460707728698287 3,0527949498156524 3,9657638531203445 0,001790756932766414 1,898536987985797 1,925692493041572 -1,9756498264645328 -0,047304698398945334 1,976398684210331 -2,04015588926462 1,8822341098805553 -0,025088391493721055 3,0559394022209623 -0,9870903590575103 3,959976538888167 3,012623995219356 ), 68,15499937967103
( 0,00040997979188588086 3,05254870236353 3,9657414486823 0,0019159729928023728 1,8986190262988958 1,9256988172895881 -1,975418384159367 -0,04704400753175152 1,9763223201670737 -2,0401338496401022 1,8817784071622277 -0,025115909605714474 3,055733432966821 -0,9870257357040708 3,959944765308288 3,012570652224185 ), 68,15501752013355
( 0,000503204867691287 3,052693605309544 3,9656080210581 0,0017797760154116414 1,8985201752652496 1,9256370643115681 -1,9755050222348398 -0,046996109175585596 1,976242742182768 -2,040061958176075 1,8819280436016859 -0,02499257369182681 3,0557201588245673 -0,9870949104215941 3,959861530268538 3,012543345401412 ), 68,15503875698266
( 0,0002190180782467969 3,0521356925160292 3,965801643620623 0,0024003041052581857 1,8986546979779328 1,9259185400685637 -1,9751342810062054 -0,04711108728122184 1,9763538052476899 -2,0405133741628383 1,8813219869700946 -0,02539078222540767 3,0552932542484816 -0,9865548464126129 3,9600504174752653 3,0122497121033995 ), 68,15506798363151
( 0,000610323755843815 3,0525814456430544 3,965258613360773 0,0017751573045806568 1,8985060326967091 1,9255572874038203 -1,97524421553006 -0,04657280644529778 1,9758895390624789 -2,0398732893925113 1,8814577158337888 -0,024887444644040177 3,05528937538334 -0,9871598021413394 3,9596491331558776 3,012302810085674 ), 68,15506833163172
( 0,0006265785346730165 3,0525408089751918 3,965108520532738 0,0018162985314479944 1,8985554974164949 1,9255333348735733 -1,9751008798785081 -0,04642289036416954 1,9757001804509842 -2,0398060196596837 1,8812391792912928 -0,02488727787823372 3,055097581210484 -0,9872273762702815 3,959570281649722 3,012173339482056 ), 68,15511984735399
( 0,00020945140558641516 3,0526256714280886 3,966135874126813 0,0020544146160579274 1,8986853354149578 1,925885406879551 -1,975664199632543 -0,047715093407847874 1,9767269618899908 -2,040445545095358 1,882307815320325 -0,025401927247319208 3,056162240554716 -0,9869021671637869 3,9602288136585564 3,012708027030767 ), 68,1552087356322
( 9,601962946936672E-05 3,052274097463595 3,966161874842704 0,0023601760424272625 1,8986965928019182 1,9260333565816854 -1,9754386291885895 -0,047703263346600355 1,9767680293316519 -2,040652525432553 1,8819040317509412 -0,02558174631959998 3,0558414250029937 -0,9865670996569588 3,9602771683122397 3,0124986271984135 ), 68,15521470739402
( 0,0005611742972334178 3,0523407433324925 3,965207031360564 0,001952087479593825 1,8985386062311609 1,925608222429872 -1,9750312206083678 -0,04640182838356648 1,975817964088479 -2,0399401608129035 1,8810647747177414 -0,02494992823397759 3,055015256107383 -0,9870066525755057 3,959624877087124 3,0121550212907904 ), 68,15522149117962
( 0,0005315590604050001 3,0522580419314123 3,965255603850417 0,0020004249649639362 1,898552303462112 1,9256371085153139 -1,9749981532874428 -0,046402577694613235 1,9758682579277005 -2,039972784220479 1,8809872606006512 -0,024987457603081832 3,055004151662053 -0,9869448936711185 3,9596513974436585 3,0121618046681933 ), 68,15525337665217
( 0,0005414888338625986 3,053621252858167 3,9656460731451846 0,0014598408461118737 1,898482367111244 1,9256337268909713 -1,9761772132976305 -0,04804300072054031 1,9763119232011657 -2,0400800674620876 1,8834573296002262 -0,025088883775053875 3,056438005659762 -0,9875811415737472 3,9599983639319776 3,012633042940222 ), 68,15526893510322
( 0,00041034999747764894 3,0524339186224356 3,9656990501671876 0,0018612940098887611 1,8987113624722889 1,9256650199238716 -1,9753027778763521 -0,04685727538312413 1,9762848582574049 -2,0399795842240622 1,8815231598237416 -0,025110713479528528 3,055744967580199 -0,9871595715996812 3,9598809160673625 3,0126151427376517 ), 68,15527356947942
( 0,00044891174730531667 3,052128628514909 3,965465047783631 0,0021091202281158126 1,8985907013281365 1,925698336107384 -1,9749893486146615 -0,04647658775157526 1,9760454882649017 -2,0400868859730203 1,8809386645631643 -0,025070846928827734 3,0550879577014323 -0,9867988562356532 3,959767140524093 3,0122647251039174 ), 68,15527517137161
( 0,0006680272193332237 3,0530519304151835 3,9652845986223317 0,0014787174056370709 1,8985116273204872 1,9254594959984013 -1,9755898861477945 -0,046849815351538156 1,9759213661362707 -2,0397680465063894 1,882139348439792 -0,02478725562745026 3,0557576392595185 -0,9875322621705849 3,9596611714224013 3,0125064344965637 ), 68,15529492852956
( 0,0005722553676491488 3,05231170864817 3,965180251897235 0,001962226475454807 1,8984976352355154 1,9256120703615724 -1,9750207743566226 -0,046357241405760814 1,975813390297832 -2,039963236069241 1,8810281228334764 -0,0249266092041163 3,0549526378747225 -0,9869470025161846 3,9596075867389144 3,0121222137485195 ), 68,15530687656707
( 0,0005918044592867614 3,0528174167839315 3,9654785707889157 0,0015982515358906229 1,898580651707737 1,9255226809028938 -1,9754988262777438 -0,04686309969059611 1,976093447503121 -2,0398078545660425 1,881913504314171 -0,024896811991698478 3,0557878503045885 -0,9873899879625483 3,959762591661076 3,0126033538692134 ), 68,15531978908756
( 0,0009057794412195975 3,052908863709037 3,9647054159152 0,0014983542323083565 1,8983984487449874 1,9253144515093017 -1,975179085229165 -0,046163991640689565 1,9753032532708383 -2,039473307135769 1,881411056046028 -0,024573499987598207 3,054933269544643 -0,9875188528185647 3,959331014762929 3,012076865229798 ), 68,15536130818452
( 0,0008129277471582488 3,052750900900876 3,9646995290728637 0,001648832750519542 1,8983734716513159 1,9254240443001784 -1,975119863834568 -0,04621513240971435 1,9753709113263687 -2,0396682014550933 1,8813113840644 -0,024672787166862036 3,054812403906309 -0,9873284008115261 3,9593432820212757 3,0119337102578254 ), 68,15536492894432
( 0,0002940801581405342 3,052876470284552 3,966162549520699 0,001823252326238275 1,8986550196088554 1,9258111698102 -1,9758723149109434 -0,04786464300410499 1,976778946551256 -2,040287207787856 1,8826831967711952 -0,025325906323289744 3,056448823548628 -0,9871109937715262 3,9602325650639005 3,012875683358371 ), 68,15538132519669
( 0,000539813082865079 3,0523363736645748 3,9652648672214186 0,00193422470479769 1,8985555872352793 1,9256069234063797 -1,9750620613529184 -0,0464047085791511 1,975881089857898 -2,03995624162077 1,8810927095870495 -0,02494195047124751 3,0551048493576847 -0,9870205275797905 3,959644747672256 3,0122237504165303 ), 68,15540603519838
( -2,8650676217250562E-05 3,053156333607206 3,965697394709946 0,002270705585015113 1,8989339410803077 1,9259741168877098 -1,975708419492718 -0,04809465260366975 1,976197847292133 -2,0408494389117284 1,8828183858262635 -0,025594240724286267 3,0560673168361934 -0,9873717319096776 3,960126393331438 3,0121255958139437 ), 68,15548030944822
( 6,872912804770136E-06 3,0522308707119916 3,9664527764666597 0,0024571716209952537 1,8987943133859693 1,92607018866308 -1,97547021882749 -0,04785355628829761 1,9769504601860115 -2,0407397996127608 1,8819587478623643 -0,025678602017629667 3,0560393208218435 -0,9865047026282051 3,9604462740246973 3,0126910487698817 ), 68,15552341699217
( 0,0003628210348517532 3,051775118842786 3,9652443765700127 0,002527969336183852 1,898562460334894 1,9259054300025504 -1,9746494383355195 -0,046591058561397156 1,9758797523619984 -2,040301485734893 1,8804675173916925 -0,025364107929971028 3,0544362542227654 -0,986414392495962 3,9597455032935405 3,0117233584325227 ), 68,15553819786321
( 0,0005402861750556879 3,0521560989301317 3,9650808196931058 0,0020970267646275506 1,8985824439798298 1,9256287417259725 -1,974806946838072 -0,04620165156788555 1,9756591589667125 -2,039950541594751 1,8806760352228846 -0,024988597527901047 3,054711212075024 -0,9869350435492282 3,959562301999845 3,0119754791778117 ), 68,1555539157258
( 0,0005668712781407151 3,052166346420954 3,965155866305293 0,0020501904012958025 1,8985091715257765 1,9256099848461037 -1,974884354719078 -0,04617262591249411 1,9757520430328135 -2,039976911056779 1,8807526811345223 -0,024912709441687258 3,0547747108112167 -0,9868550150047398 3,959584922469865 3,0120711545444463 ), 68,15558525583114
( 0,0007667622512795154 3,053430041391106 3,9652379611249 0,0010223375019773626 1,8985865256329226 1,9253736468696734 -1,975874028802808 -0,047154679824654974 1,9759925816740933 -2,0393490809273382 1,8826923133247073 -0,02479079671951466 3,056342174907291 -0,9881096601414777 3,9596066580834153 3,0127384954044834 ), 68,15561092946372
( 0,000325880797444197 3,052494606690485 3,965487700145791 0,002023337073847345 1,8989153726684267 1,925644145346593 -1,9751020936175983 -0,04673928818227305 1,9759267151110698 -2,04003188342058 1,881319681342442 -0,025169602584296857 3,0555249257986183 -0,9873820559370298 3,9597995092531533 3,012380798402529 ), 68,15562217956077
( 0,0007705669221805555 3,052719302790936 3,964833629336278 0,0015807253195479144 1,8985804083840172 1,9253628421504312 -1,9750665011971436 -0,046126019571931534 1,975406253115104 -2,039499290482833 1,8811809566214848 -0,024693087884590306 3,055057707481215 -0,9875831068602071 3,9593758411930056 3,012165946851828 ), 68,15571754298472
( 0,0006560150682757921 3,052183847926309 3,9649438848896623 0,0019814433184339253 1,8984557309290133 1,9255608051282231 -1,9748187687622143 -0,04601866817453943 1,97557889209699 -2,039850528019619 1,8806409318620596 -0,02483803626220673 3,0545948826299636 -0,9869162821656742 3,9594607069069423 3,011946077337279 ), 68,15575771909342
( 0,0007318965621769847 3,0524047865469703 3,9647323563479007 0,0017824201779294598 1,8985715618108923 1,9254552444797108 -1,974815018155849 -0,0459927478901536 1,9753424532838195 -2,0395562675069363 1,880725695514256 -0,024806446693085106 3,0546901914673277 -0,9873541853086162 3,959334866160187 3,011932311565364 ), 68,15576000829401
( 0,0007764924292602041 3,0528963407765453 3,964974520002463 0,0012880471933460185 1,8985722894837287 1,9253471537852338 -1,9753558765634867 -0,04633787735019333 1,9756828779396896 -2,0393846313865867 1,881621915441275 -0,024663351583063597 3,0555881897068407 -0,9878038381916031 3,9594094239899227 3,012443586848046 ), 68,15576601669224
( 0,0008093169978218165 3,052841253427658 3,964848509262664 0,0017303797763478573 1,8983104437356504 1,9253662915239862 -1,9752041964760305 -0,04609922827735637 1,9753860660871536 -2,0398805211033273 1,8814135473148865 -0,02451129449898616 3,0547965180500154 -0,9871605705815077 3,959425790833111 3,012044511880639 ), 68,1557751985248
( 0,0006893646277235225 3,052379433882976 3,964967480709822 0,0018666046888347846 1,8983944420215033 1,9255117154891528 -1,9749954829304066 -0,04608246960000394 1,9756168040075524 -2,039879872258005 1,8809478809549594 -0,024731525524692464 3,054758543538255 -0,9869807314461924 3,9594665609348842 3,0120398692500445 ), 68,15581680482452
( 0,00040913214864358825 3,0518867548259734 3,9654202233411464 0,0022445936210545177 1,8986323598509314 1,9257263668030395 -1,974785045456226 -0,04625865925259929 1,975987310960936 -2,0401169964745804 1,8805295206222363 -0,025100777773808997 3,0548579892890335 -0,9866862742341064 3,9597322014278555 3,0121665882835664 ), 68,1558693431188
( 0,0005434767838577437 3,0520183646393972 3,965050328195454 0,002120361951336205 1,8986559937307852 1,9255999816243095 -1,974653574689109 -0,04599645936044024 1,9755851449126196 -2,039850026293267 1,8803689266482677 -0,024983687110221087 3,0546136890058717 -0,9869742619238077 3,959520717545834 3,0119802911395426 ), 68,15594808659272
( 0,0003830073052756862 3,0516116286580957 3,9653587158657437 0,002543464736860404 1,8985380408405177 1,9258430765036867 -1,9745698629979065 -0,04622379743729732 1,9759245124082436 -2,0403014358685865 1,8801780427734025 -0,025215697421051425 3,054380823012718 -0,9862775086463176 3,959749995956493 3,0118755986237287 ), 68,1559636944191
( 0,0004936524411451144 3,0522047245704953 3,96555642250363 0,0018809535666494625 1,8985623385171733 1,925612758512279 -1,9751488842520766 -0,04637439218224082 1,9762005063891177 -2,039981399516727 1,8810870366652577 -0,024910964172222716 3,0553937198739427 -0,9869276410646031 3,9597517292344007 3,0125318563407992 ), 68,15597525526195
( 0,0006780333101221764 3,0524688465299543 3,965074376725649 0,0016599293340240722 1,8985862015404862 1,9254309531117868 -1,9750496456491968 -0,04607755975312382 1,975682872686378 -2,0396266147668096 1,8810169076013628 -0,024732099052878428 3,0551642893764006 -0,9873677573993888 3,9594733926949366 3,012323298936951 ), 68,15597728637235
( 0,0007760967415636143 3,052872240720016 3,964826434221604 0,001454414130866635 1,898467556194372 1,9253675524182814 -1,9752806537954717 -0,046231162274544435 1,9755254314232962 -2,03959573773392 1,8815260884557976 -0,024608545858513867 3,0552376064723528 -0,9875873640783912 3,959360395219626 3,012204018796511 ), 68,15601505831238
( 0,00043922161669443716 3,0521451829507806 3,9655971263288294 0,0017457882403627508 1,8988598459898747 1,925572087037252 -1,9750291041060997 -0,046321735407698725 1,976194492868069 -2,039648395892848 1,8808905085338041 -0,02503492592684323 3,0556984506596594 -0,9873710178697248 3,9597214676558603 3,0127189676543997 ), 68,15605173960085
( -0,00015613346442710477 3,051990033717676 3,9666577820185855 0,0027236746107584435 1,8988750771919845 1,926215188779385 -1,975370882795429 -0,04800157374634748 1,9771210409868842 -2,0409752947762425 1,8817906717961566 -0,02588624066172138 3,0560011645164056 -0,9862612762658629 3,9605920497315137 3,012659876274469 ), 68,15607313851856
( 0,0005389802327427997 3,052021013331984 3,964996270276244 0,0021648092862720223 1,8985569386352497 1,9256260625147725 -1,9746853233607953 -0,04597100430655375 1,9755811112241721 -2,03999312125971 1,8804130835312314 -0,024937528478878323 3,0545049174544867 -0,9868348243125611 3,959499454964861 3,0118816290673327 ), 68,15612636721767
( 0,0007565176548431938 3,0524340103661363 3,96488587471746 0,001590604606238159 1,8986045603552637 1,9253713221548687 -1,9749205542160626 -0,04587552726534928 1,975499959165668 -2,0394217959267564 1,8807920034301588 -0,024688215990226695 3,05501188834962 -0,9874952649826628 3,9593500142747504 3,0122429474831396 ), 68,15614934126798
( 0,0006954433545371256 3,052120306468828 3,964797931675831 0,001974848444866822 1,898526704130983 1,9254966037651762 -1,974648000086306 -0,04575466104242753 1,9753773393467284 -2,0397015931154447 1,8803367828618978 -0,02479243582947625 3,054426019284917 -0,9870364337590736 3,959359669746165 3,011881469301485 ), 68,15621686757328
( 0,0006323612576882378 3,0519815741580634 3,964847710055616 0,0021311892707542137 1,8984543076411595 1,9255954914186193 -1,9746245497738235 -0,045821310459051814 1,975475251419521 -2,0399107568844173 1,8802818253866835 -0,024861200128092696 3,0542960704528705 -0,9867680400661565 3,959410558650155 3,011777481410726 ), 68,15624761155533
( 0,0011150237220169431 3,0531618656205484 3,964286286541834 0,0012373701287239068 1,898164753002594 1,9251741058163498 -1,975280346277154 -0,045913621948508114 1,9750248114101923 -2,0393369620253985 1,8815725583662324 -0,024268954289376338 3,054730759608706 -0,9876431606892523 3,9590732544442955 3,0118988174104144 ), 68,15654714431837
( 0,000584107245948159 3,05190588637583 3,9649479171413518 0,0021246168719027737 1,89853345767332 1,9255956453049863 -1,9746049448431324 -0,045782728547079224 1,9755634426131536 -2,0398935785348775 1,8802004053689134 -0,024881758946732228 3,0544211004917883 -0,9868141476236597 3,9594400971579593 3,0118939304276755 ), 68,15656293616468
( 0,00042582221304571916 3,0519298433225077 3,965706728901113 0,001585050713646107 1,899065704897597 1,9255299020886887 -1,9749059237787014 -0,0461313263036368 1,97630843122068 -2,0393087933096603 1,8805337191934413 -0,025081924844145106 3,0559551026399845 -0,9876435938171775 3,9597062501204334 3,0129745392502043 ), 68,15657749217317
( 0,00032758355351771023 3,0533716320338478 3,966243274290602 0,0015395165899988613 1,8986833865928514 1,9257281311278527 -1,9762513457641833 -0,04823824558167693 1,9768562125933056 -2,0402076296885525 1,883442388570914 -0,025262809611306516 3,056988292933627 -0,9874935167453811 3,960284049634674 3,0131124524678436 ), 68,15660538321441
( 0,0006872096499550122 3,052025060429568 3,964779753179625 0,0020237876516549765 1,8984775388108164 1,925516986193296 -1,9746089802657711 -0,04566827760096691 1,9753931792532402 -2,039771933394795 1,88022483054913 -0,024770203955324827 3,0543201234605495 -0,9869132069912445 3,959343346943026 3,0118324480413516 ), 68,15660943152747
( 0,0006002594298243559 3,0517805381194987 3,964905780196907 0,0022572777887565096 1,8984766900991163 1,925617520056595 -1,97448553243573 -0,045674243128831664 1,9754903358819746 -2,0399579610199448 1,8799841973035147 -0,02488258986243433 3,0541506618401613 -0,986615453362379 3,959434435372295 3,0117697281666134 ), 68,15675966956503
( 0,0005852410010386848 3,0517685112647848 3,96488532297761 0,0023076689097707454 1,8984883071511893 1,9256305516019265 -1,9744526085413676 -0,04567613147486879 1,9754520434911442 -2,0399927875050086 1,8799478551033528 -0,024904437397699875 3,0540882277721577 -0,9865949932699354 3,9594353746744355 3,0117165771593486 ), 68,15681458033674
( 0,0001896888434332987 3,0531582875942958 3,966573333860456 0,0017146658198744303 1,898737098851973 1,9258668022867513 -1,9762526501414517 -0,04848481634254038 1,977177520677712 -2,0403778402051427 1,8834180635203974 -0,0254675661351718 3,0571388524404317 -0,987252520175658 3,9604832790733804 3,0132378675797034 ), 68,15685365773335
( 0,000613646258070507 3,051859501125859 3,964839928825579 0,002177394432429449 1,8985274399012255 1,9255724410469222 -1,974493728653423 -0,04562792445846056 1,9754175172731436 -2,039873777605699 1,88001259370252 -0,024848228518552812 3,0542145407725085 -0,9867864447920398 3,959384684350257 3,011787928404784 ), 68,15687975284857
( 0,00016881331260774261 3,052878108761673 3,966713019287218 0,0016213418308996573 1,8989093616869244 1,9258120410898336 -1,9760874822392636 -0,04815270698834154 1,977289845116347 -2,0401215792968626 1,8829551328875396 -0,025454402095664824 3,0573052433237384 -0,987399908882597 3,9604696486517694 3,013506902671769 ), 68,15704931141444
( 0,00026549371304913195 3,0534021040456825 3,966328918555239 0,0014430105908510174 1,898878564251574 1,9256970341284454 -1,9762471526139171 -0,048243583006913976 1,9769045028779244 -2,0400584198810225 1,8834449328308818 -0,02532102260830044 3,0572909628675773 -0,9877922942256739 3,9602923492138973 3,013292779025642 ), 68,15725286966324
Liczba wywołań funkcji celu: 7537
