Iteracja nr: 49
( 0,0026669073974345814 3,0502735909560124 3,9635456433280005 -0,0004544247846564744 1,8950394926851444 1,9274480092697488 -1,9757013133097179 -0,050503046405718365 1,9784713097342543 -2,03620837336613 1,8820946915981658 -0,027246949809802468 3,054102792068877 -0,9844193307713857 3,958902842171294 3,0100335705918155 ), 68,14194666669042
( 0,0022647703364138475 3,0503572153429945 3,9642398887697956 -7,198534940783285E-05 1,895516115852824 1,9273576719576155 -1,9757533486102785 -0,05035974920990745 1,9786464462850821 -2,0368253327667194 1,8821288036137434 -0,027159842899742444 3,0546125457934235 -0,9845147517363889 3,9592632041507465 3,0106047706468386 ), 68,14195813383775
( 0,0024906103055266694 3,0502701267894223 3,9639459358691695 -0,0002981494501877405 1,8951836921698475 1,9274749613562066 -1,9757975590941534 -0,050633637526751714 1,9787155502783067 -2,0364907932421685 1,8822301342529704 -0,027288876740194246 3,0544095045067703 -0,9843459843518666 3,9591256563053476 3,010315332997962 ), 68,14196835771342
( 0,002426154588226758 3,050258404305314 3,963994014497023 -0,00017527956914384186 1,8952663708128392 1,9274215948382247 -1,9757277137170515 -0,05041698574934817 1,9786255044804868 -2,0366442687715143 1,8820808967355953 -0,027195550772677417 3,0543394171469913 -0,9843335428920256 3,959142091473333 3,0103551278148046 ), 68,14200106841226
( 0,002389585289607963 3,0502710150711163 3,9640913891165463 -0,0001626719415414357 1,895298396705922 1,9274391193104723 -1,9757705742990166 -0,05050920408161895 1,9787059654950694 -2,036681471644646 1,8821603064595713 -0,027232709458068487 3,0544501968540603 -0,9843361551788989 3,959199472976227 3,010425111977481 ), 68,14200264653051
( 0,0025108973171831424 3,0501026484089673 3,963955716992226 -0,0003904233180088534 1,8952399490587597 1,9274577361340164 -1,9757009713628717 -0,050474640593798754 1,9787722183295096 -2,036286137159583 1,8819743753428484 -0,02730073165793717 3,0544699431033306 -0,9844287505585481 3,9590800096220233 3,010412651621961 ), 68,14200309617631
( 0,0024161169909624287 3,050300921368498 3,9640298232815696 -0,00016421533172003273 1,8952486763808092 1,9274438428705 -1,9757809046776613 -0,05053008841849976 1,978666236684327 -2,0366892645730146 1,8821986975897946 -0,027223652600883518 3,0543802284641295 -0,9843055527790213 3,9591775020354825 3,0103556591641345 ), 68,14200409773736
( 0,0024788018175985293 3,0503460171408805 3,9639514596890284 -0,00025475008893934464 1,8951656597488742 1,927464397547656 -1,975837277114682 -0,050648814336289094 1,9786817023099974 -2,0365962217565103 1,8823216112358785 -0,027249974221651898 3,054383752284778 -0,9843124241578811 3,959143733939193 3,010296557282699 ), 68,14200825478278
( 0,0023785407992544198 3,0501382122724836 3,9641440284904688 -0,0002036650222234511 1,8953656263382845 1,9274379540680355 -1,9757006365369179 -0,05042339748612572 1,9787749635612022 -2,036559990111643 1,8819781932467963 -0,027265797169315733 3,0545262139155076 -0,9843910630198347 3,959194422176284 3,010518726870054 ), 68,1420097509367
( 0,0024819872593331493 3,0503102636843855 3,9639615297565705 -0,00027299191121534243 1,895170780967387 1,9274703505459778 -1,9758259666767553 -0,05064556240928259 1,978709528716749 -2,0365568831389136 1,8822875133251566 -0,02726567890372254 3,054404043101082 -0,9843180443687564 3,9591419004626047 3,010314615445936 ), 68,14200979209039
( 0,002524405629017265 3,050342394568337 3,963878626001658 -0,00030692621553378137 1,8951127796582976 1,9274763894737792 -1,9758405680551117 -0,050681796524745776 1,9786723042325403 -2,0365195292473883 1,8823352622158 -0,027265183936914707 3,054345024505892 -0,9843097857791502 3,95910599553102 3,01023974673036 ), 68,14200996752568
( 0,0024666651486506346 3,050298889221785 3,9639883084749554 -0,000256813657535929 1,8951909701958647 1,9274669691229218 -1,9758180486202244 -0,050626238530964 1,9787172042135532 -2,0365748017364895 1,882265924435181 -0,027262699352271887 3,05441720302983 -0,9843181697907839 3,959153544155032 3,0103376593519986 ), 68,14201330436102
( 0,002537346887379005 3,050354998183205 3,9638524008097766 -0,0003147210463773679 1,8950927330926433 1,9274788708370434 -1,9758466163250779 -0,05069578219510366 1,9786593972240951 -2,0365129406545637 1,882354365186064 -0,02726463173330005 3,0543235439389127 -0,9843036104086578 3,959095757976337 3,0102135521171784 ), 68,14201409312054
( 0,0025103735796901307 3,0503311807443834 3,9639087334936 -0,00029534825069430653 1,89512943597684 1,9274764025144604 -1,9758382578244738 -0,05067579583436601 1,9786891710794408 -2,0365335825860007 1,88232389412295 -0,027267344788385765 3,0543660449494165 -0,9843080613123611 3,9591199518621547 3,010264761848975 ), 68,14201415179579
( 0,002503394540340094 3,0503268558522443 3,9639221510384295 -0,000288906236146752 1,8951382000675787 1,927475400406578 -1,9758363895049507 -0,050670142335981286 1,9786946885711216 -2,0365415309456223 1,8823173240171778 -0,0272668405167574 3,0543745656665395 -0,9843081719640037 3,9591260585656194 3,010276231020559 ), 68,142015242149
( 0,002474294782398742 3,0503112504623187 3,963973446169046 -0,0002607948295515031 1,895176567740025 1,9274691490844054 -1,975826033677571 -0,050640718346771973 1,9787104145286443 -2,036575365106527 1,882286754793879 -0,027262160796042614 3,054405459619124 -0,9843122379829833 3,959149012347829 3,010320968214477 ), 68,14201643927854
( 0,0025667449734832056 3,0503105853193033 3,9638293914675162 -0,0003703083747910819 1,8950700256740398 1,927495748540597 -1,975839491051698 -0,050725336327383956 1,9786966529948438 -2,0364166765782286 1,8823305953142897 -0,027299302056850043 3,0543379650774303 -0,9843116690160874 3,9590760551504705 3,0102081195301356 ), 68,14201830139254
( 0,0025130934776149212 3,0503571322197933 3,9638918472794598 -0,00028512702163458484 1,8951175081811857 1,9274737630009753 -1,9758467788551366 -0,05068084106655961 1,9786661342731962 -2,036558212734119 1,8823504343734907 -0,0272562713648601 3,0543419513839303 -0,9842992709597863 3,95911692007254 3,010241991195027 ), 68,14201945876789
( 0,0025454046812052383 3,050327171295011 3,9638569338536915 -0,0003375281348845654 1,8950882126581712 1,927488014719059 -1,9758435102759275 -0,05071006663748011 1,9786888151344073 -2,0364719027156153 1,882339291773505 -0,027283515254174263 3,0543425748363164 -0,9843052022414747 3,9590935185534026 3,0102238663185164 ), 68,14202014367179
( 0,0024755070500214952 3,0503050317646445 3,963978215962057 -0,00026617503170089083 1,8951750755596524 1,9274723320849478 -1,9758277737408398 -0,050648665418726 1,9787214333369558 -2,036567071162092 1,8822873962546678 -0,027267935106630576 3,0544137664047692 -0,9843109887571965 3,9591507709022715 3,010325764159944 ), 68,14202083546365
( 0,002253616772503695 3,0502062672417467 3,9642524464953732 -2,5311083610145963E-05 1,8955356073629603 1,9273615686282206 -1,9756481537202564 -0,050211397931464716 1,978651307174674 -2,0368094904059864 1,881890183260648 -0,02715945479846043 3,054526407538108 -0,9844504463911774 3,959251054469458 3,010608291437574 ), 68,1420249535019
( 0,0024879040518264108 3,0503684870911463 3,9639336706819743 -0,00025738065381568874 1,895144652212233 1,9274655452010456 -1,975852114307304 -0,05066647138827012 1,9786714337680662 -2,0366064002760655 1,8823567014076392 -0,027243808661353324 3,054367860394763 -0,9843013633335652 3,9591392519977897 3,0102755146281646 ), 68,14202512116489
( 0,002531441043408479 3,0502995561618103 3,963891726116801 -0,0003270240882709296 1,89510536049989 1,9274915323720172 -1,9758347970946648 -0,050701602411366536 1,9787154332201096 -2,0364772320197906 1,8823113440455093 -0,027291790895980373 3,054364488413003 -0,9842981670996204 3,959108149808085 3,0102525298260745 ), 68,14202769795881
( 0,0024407159511556104 3,050341453076847 3,9640113612010346 -0,00020639396132006053 1,8952063735675846 1,9274547461593563 -1,9758300264746678 -0,05061113689735429 1,9786889070857674 -2,0366652894987713 1,8822986700511581 -0,027234088492937424 3,054405757263463 -0,9843044733919968 3,959174144471865 3,010340956728225 ), 68,142028369695
( 0,002395686145795903 3,0504828494941876 3,9640185161485406 -0,00011885818598224976 1,895241426201899 1,9274152248402494 -1,975866813077064 -0,05058223192644429 1,97858426441075 -2,036844754696291 1,8824083172847805 -0,027159732360897977 3,0543787277614562 -0,9843233467444614 3,959198077029486 3,010326317768634 ), 68,14203044181592
( 0,0025416689312414372 3,0502678674365975 3,9638886804912246 -0,0003504932248905567 1,8951013543717243 1,9274980443572594 -1,9758248361601274 -0,05070216696610366 1,9787369520241684 -2,0364313278222284 1,882282546383585 -0,02730687692688923 3,0543744207854093 -0,9843020919225509 3,9591004277659487 3,010259060143838 ), 68,14203193405345
( 0,0025706777080115244 3,050404209191554 3,9637956809999992 -0,0003442836050746598 1,8950396666062002 1,9274860454226244 -1,9758809403641646 -0,05075782855048818 1,9786392582077343 -2,036496085452658 1,8824397715035064 -0,027265736471658003 3,0542942999980327 -0,9842949831245573 3,9590765976831555 3,0101579445716786 ), 68,14203547260156
( 0,0024163207878430803 3,0503839606920486 3,964035333971407 -0,00017067064699623837 1,895229990626588 1,927439215382748 -1,97584241095808 -0,05059381939982313 1,9786647994948916 -2,036735471680574 1,882329401376869 -0,027206941616530717 3,0544136708112113 -0,9843118541107011 3,959191535875241 3,0103566055184436 ), 68,1420357661355
( 0,0025996973504316726 3,050415933209024 3,963730289031716 -0,0003667044596758679 1,895006446682227 1,9274866745367842 -1,9758769332025414 -0,05075923284869377 1,9786030624496087 -2,0364626658385814 1,88244452264562 -0,027262222074422932 3,0542432822608867 -0,9842962654331422 3,9590444707873833 3,010103640348549 ), 68,14204052185902
( 0,0024271366781571397 3,0503515716742906 3,9640338755075035 -0,00018863375582616612 1,8952169698745698 1,9274513825464266 -1,975836571973813 -0,050608455229777215 1,9786916508783445 -2,036698436534447 1,8823101750834952 -0,027226501706707006 3,0544167144375525 -0,9842997400775834 3,959187723179791 3,0103556884181395 ), 68,14204349378436
( 0,0025007780293427335 3,050462131992823 3,9638745456252953 -0,00023257627068132497 1,895098478543083 1,927459517204161 -1,9758897133683635 -0,05069931604836997 1,9786002688079705 -2,036682044007588 1,8824641895050758 -0,027210644640767636 3,054295737770673 -0,9842744233639757 3,9591283970268503 3,010197734065909 ), 68,14204371114307
( 0,0025684863930623817 3,0503847906117074 3,9637989145825245 -0,00033930533652553674 1,8950418246678162 1,927487543320594 -1,975869461075593 -0,05074180015335573 1,9786433206505423 -2,036494754210691 1,8824122523023943 -0,027266686368633105 3,0542868887360686 -0,9842865307730453 3,959075776452297 3,0101597310328043 ), 68,14204384805998
( 0,0023885429279984095 3,0502989142723935 3,964111355733555 -0,00016606602529831756 1,8952816084308124 1,9274456332761698 -1,9758075340777213 -0,05055923864535719 1,9787317147430494 -2,0367058862650795 1,8822308281788553 -0,027234195469593332 3,054478063279511 -0,9843202193974282 3,9592159314194335 3,010434263347692 ), 68,14204461871375
( 0,0023803075635867124 3,0501626863317832 3,9641922360310122 -0,0002360682810145059 1,895341406488373 1,9274664902527157 -1,97576712631082 -0,050560819891995706 1,978861257579948 -2,0365507722967444 1,8821048798504434 -0,02730925751217004 3,054617030550391 -0,9843782780682788 3,959228518445538 3,010548699452773 ), 68,1420454544609
( 0,0023058969160784527 3,050259356491215 3,964224932047065 -8,872392932601181E-05 1,8954197177506973 1,9274063058574582 -1,975747273540501 -0,05040968214948808 1,9787233368741535 -2,036781672189172 1,882091121743663 -0,02720097965902196 3,054545620381226 -0,9843817551912001 3,959257325650612 3,0105553187640495 ), 68,14204652892222
( 0,002466506430359672 3,0504065081334026 3,963958396276624 -0,00021425401417072927 1,8951481737579883 1,927464412008959 -1,9758726696654825 -0,050684619214034374 1,9786614394328965 -2,0366872679900636 1,8824073094122828 -0,02723125061022206 3,0543629793417724 -0,9842767642812967 3,9591634117280976 3,010273344175201 ), 68,14205081846508
( 0,0023672542449208814 3,0504777330082637 3,964058215880702 -7,818448517716434E-05 1,895276203703313 1,9274019428837867 -1,9758522946807004 -0,05053153964653422 1,9785766658209987 -2,0368977333144285 1,8823732738949681 -0,02713913447877143 3,0543836064687078 -0,9843202965001016 3,9592164982712696 3,0103585419198984 ), 68,14205209244889
( 0,0023969355415789963 3,050220074325391 3,9641388219243257 -0,00020746093454036065 1,8952861610423624 1,927466846024302 -1,9757901874979336 -0,050580478649710034 1,9788059246761143 -2,0366174916563358 1,8821731660308343 -0,027281283810907022 3,0545285798079056 -0,9843236662791475 3,9592180055660084 3,0104712636261555 ), 68,14205550350808
( 0,002356829018605389 3,0504592397248103 3,9640797598704127 -6,971666442503744E-05 1,8952919692476986 1,9274015114024359 -1,975842542875892 -0,05051665932827388 1,9785886734727622 -2,0369013659536694 1,8823472443055989 -0,027141644663872873 3,0543960519013553 -0,9843203495224074 3,9592245358215274 3,0103783580188317 ), 68,14205558340767
( 0,002428940306564103 3,0504178165229607 3,9639864352449465 -0,0001468776471102966 1,895194688098257 1,9274365000640532 -1,9758456944078404 -0,05058802323867773 1,9786114542090574 -2,0367785260885736 1,8823542950953087 -0,02718398918854868 3,054334879629865 -0,9842766891716578 3,9591768867206216 3,010293704187126 ), 68,14205618284124
( 0,0023699901245959106 3,0504307676766977 3,964077008499371 -9,295333745368112E-05 1,8952759877874619 1,9274142530010598 -1,9758414108266928 -0,050538492779493994 1,9786180847864094 -2,03686031345186 1,8823372186757066 -0,027162160902493626 3,05440361840694 -0,9843102735559313 3,9592202757263433 3,010377625779655 ), 68,14205671346517
( 0,002435197267259113 3,050440495713004 3,963986078639537 -0,00016093189914096498 1,895181401642059 1,9274425216501179 -1,975870312793669 -0,05063369165345331 1,9786239236161023 -2,0367741926733287 1,882407307217862 -0,027192788685585965 3,0543539282301557 -0,9842784872792186 3,9591812372324386 3,0102909821443724 ), 68,14205849062421
( 0,002370964463019023 3,050371099290812 3,9640967900956463 -0,00010592918428342589 1,8952824847160046 1,9274249880468357 -1,9758195843785813 -0,050528826511158045 1,9786581247559787 -2,0368170877844745 1,88227704621544 -0,02718490037860606 3,054420525757737 -0,9843027872918746 3,9592218649767186 3,010400380117329 ), 68,1420599935326
( 0,0023883519862344014 3,050298924322352 3,964133394069119 -0,0001756834341589368 1,8952725163792057 1,9274576151728149 -1,9758285613739117 -0,05060626188458989 1,9787684518847621 -2,0367025190968637 1,8822677814467514 -0,0272515542536573 3,0545098947674534 -0,9843092341366592 3,95923001416253 3,0104476549371184 ), 68,14206911406798
( 0,0025482557484680698 3,050465637902004 3,963796165987777 -0,0002776850597173533 1,895039290759332 1,9274699708616634 -1,9758943672066291 -0,0507311439713995 1,9785813244204693 -2,0366171135146267 1,8824831461610723 -0,027219830443726088 3,054241949405707 -0,984262634048372 3,9590903870512264 3,010131761568481 ), 68,14207143791059
( 0,0024528157613985884 3,050400615884366 3,9639802833266247 -0,00019054498111273764 1,8951588305256761 1,9274594104628777 -1,9758670751087923 -0,05065838155175123 1,978661470426003 -2,036721311960486 1,882389971171508 -0,02721851213749398 3,0543595581582714 -0,9842624919203045 3,959174141156603 3,010287672628997 ), 68,14207411163514
( 0,0025147969891563845 3,0506002292601715 3,963795324252531 -0,00021411837584951567 1,8950720564936139 1,9274234674150228 -1,9759285007101852 -0,05068414462411503 1,9784789879930527 -2,036763146696634 1,8825783654095218 -0,02713817105066837 3,0542236136915157 -0,9842971648696279 3,9591033701117535 3,010128365363166 ), 68,14207965586104
( 0,0023631966764618485 3,050339496515715 3,9641315980808476 -0,0001134179695203735 1,8952968026219115 1,9274283302266493 -1,9758150816217206 -0,05052374552939625 1,9786963668114648 -2,0368004288009485 1,8822511384058356 -0,027195055897762055 3,0544580468332443 -0,9843046233438244 3,9592330506727658 3,010438532205062 ), 68,14208143984979
( 0,0023084334439657157 3,0502509401909474 3,964244939335727 -9,269888936943495E-05 1,8953993805477214 1,9274225820638777 -1,9757663769926144 -0,05045717761749377 1,978762990040719 -2,0367841497007473 1,8821229508664932 -0,02721903717166987 3,0545618885187364 -0,9843504642405544 3,9592715711625277 3,01055967755512 ), 68,14208249291792
( 0,0026320331492435405 3,0501673112308594 3,963778343688543 -0,0004912216627269571 1,8950205322901377 1,9275380215131086 -1,9757985332118468 -0,050760074056460915 1,9787895260743753 -2,036187303373815 1,8822175713211682 -0,027381709477148023 3,054353923565011 -0,9843144274564095 3,9590261635766257 3,0101962975047916 ), 68,1420831017991
( 0,0025065454108187646 3,0505870677617506 3,9638163706339387 -0,00020534595426687925 1,8950786530267583 1,9274261390660488 -1,9759264179316365 -0,05068222837895099 1,9784947580695813 -2,036772820308488 1,8825681556492138 -0,027141583549257376 3,0542338888731964 -0,9842874834158393 3,9591134395984993 3,0101431090076107 ), 68,14208706068241
( 0,002520602870792545 3,0502772753946976 3,9639409300434507 -0,00031252066868376287 1,8950949462258726 1,9275073964091618 -1,9758505606446244 -0,05073465837824563 1,9787694482001656 -2,0365052660760505 1,8823270556821048 -0,0273054189554327 3,0543883107491734 -0,9842508353003018 3,959136527880514 3,010277288191341 ), 68,14209600290513
( 0,0025897529623679907 3,050334801827859 3,9637832303955176 -0,00034718775517454735 1,8949973506610942 1,9275104081078382 -1,9758594481118048 -0,0507599109210134 1,978672086089895 -2,0364675301528057 1,8823834084021365 -0,02728784073835802 3,054246181176224 -0,9842267279871183 3,959068216251214 3,010129129569581 ), 68,14210259735273
( 0,0023941619517411383 3,0505280492153193 3,9640029350844888 -7,559435160843748E-05 1,895214037134794 1,9274063524998488 -1,975881820189509 -0,05056860946944964 1,9785404402229911 -2,036929332449908 1,8824487451475675 -0,027121459560536496 3,054315771264502 -0,9842753891846646 3,9592018081303775 3,0102890038418604 ), 68,14210283321646
( 0,002465238545039386 3,0504233939014327 3,963947420222015 -0,00017837668460807642 1,8951257095173415 1,9274604663281376 -1,9758751998573638 -0,05066413861917311 1,9786327430051038 -2,036748976510058 1,8824162564323847 -0,02720429537264674 3,05430655569365 -0,9842301061222983 3,9591650663836258 3,0102435615641645 ), 68,1421067872907
( 0,0027084138704501055 3,0503560275012416 3,963613811015218 -0,0005519197405432217 1,894905054153657 1,9275319975485992 -1,975894382776304 -0,05089162705814753 1,9786782173745134 -2,0361838371668584 1,882469550852067 -0,027350244558124997 3,0542698526283423 -0,9843323103188905 3,95897087245725 3,0100456129498148 ), 68,1421089276807
( 0,002511477990998616 3,050511460667034 3,9638427224006634 -0,00021101860696435995 1,8950568916294792 1,9274596924830505 -1,9759148824334765 -0,05072314214687696 1,9785652108563652 -2,0367382950942137 1,8825294539150388 -0,027188960263869508 3,054239263675065 -0,9842324659290501 3,9591257969991367 3,010146548194815 ), 68,14211619468458
( 0,002382005738955785 3,0505395034195875 3,9640277356778273 -5,713205417909099E-05 1,895217394945529 1,9274111973668717 -1,9758949429784636 -0,05059387425844724 1,978552349454171 -2,0369626299339627 1,882477633839554 -0,02712621322479407 3,0543281344322475 -0,9842610809834276 3,9592205745261735 3,0102969049828063 ), 68,14211678808462
( 0,0023402677835943474 3,0502508573630385 3,9642173819866007 -0,00012169377641059486 1,8953354049973166 1,9274469688561593 -1,9757956625018847 -0,05053164020632575 1,978792833019707 -2,0367580343646328 1,882180548001165 -0,027240339663069893 3,0545425377980826 -0,9843025624499082 3,959264748516383 3,010519674254763 ), 68,14211694015731
( 0,002306983037921291 3,0504253270990143 3,964191513991714 -2,759339664940762E-05 1,8953448343482484 1,9274042180033153 -1,975843423905707 -0,05050894019009168 1,9786553373909253 -2,0369594968596596 1,8823243865720052 -0,027150135482564605 3,054474386383567 -0,9843059482358095 3,9592786986738875 3,010467304433161 ), 68,14212255513958
( 0,0025372522244735216 3,0504770069255764 3,963812759823212 -0,0002365676823669418 1,8950232013001003 1,9274763585472727 -1,9759057390224963 -0,05074482876863787 1,9785807068509935 -2,0366855594336255 1,882509253993019 -0,027211849729446787 3,054212691110029 -0,9842093706452911 3,959109278905833 3,010116890156037 ), 68,14213020214278
( 0,002803639848336888 3,050451914277461 3,9633618236061894 -0,0006200137565657838 1,8948137239091667 1,9275121569800717 -1,9758803954249882 -0,050874222072002276 1,9784913009414642 -2,0360875525985103 1,8825083331479844 -0,027314378199239982 3,0540825358375936 -0,9843849375635007 3,9588497941758507 3,0098450428541406 ), 68,1421401220722
( 0,0027284460619061354 3,0504208365284344 3,963535152052077 -0,0005258319843043447 1,8948575449131648 1,9275244999265035 -1,9759045380869271 -0,05088893867390074 1,9785926602866648 -2,0362392882485914 1,8825213756890093 -0,02731577552168288 3,054164272819848 -0,9842999264337143 3,9589456680723907 3,009953625893896 ), 68,14214347713983
( 0,0025137645678192646 3,0505495593587373 3,963840656509187 -0,00021038283572415102 1,895040715163247 1,9274621352204717 -1,975944027214521 -0,05076338460923903 1,9785639387538259 -2,0367627139881046 1,8825950109424272 -0,02718603496840398 3,054244313437136 -0,9842248169514177 3,9591326162780187 3,0101358640814735 ), 68,14214355083143
( 0,002557604334224628 3,05049928593374 3,9637972068938927 -0,0002737308828498106 1,8949918962870382 1,9274872722257625 -1,9759390842669293 -0,05080831673687955 1,9786025382516048 -2,036654745770763 1,8825769314001684 -0,02722630192609603 3,0542346362937898 -0,9842113482928319 3,959104669143585 3,010105758744076 ), 68,14215535984971
( 0,002354148778022363 3,0504759410058804 3,9641102258193017 -4,696670195305101E-05 1,895250665068311 1,9274213845796644 -1,9758840165456253 -0,050585400659079634 1,9786278504022556 -2,0369629819691486 1,8824259076633605 -0,027147656822323184 3,0543940396191687 -0,9842470317960371 3,9592537411049102 3,010369952983453 ), 68,14215713720715
( 0,002270577349943788 3,0503336398523944 3,9643090281059514 -3,4243750460170654E-05 1,8954078965677232 1,9274151001648339 -1,9758244720209552 -0,050500260683013214 1,9787659496620131 -2,0369223986879432 1,8822448122479178 -0,027189661840447587 3,0545951545923375 -0,9843213279259297 3,9593219037000913 3,0105868318508406 ), 68,1421667432051
( 0,002143206668322565 3,0502676062204532 3,9645764933334395 -0,00014084631375261333 1,8957647657525196 1,927338432155895 -1,9757752991187292 -0,05036927100168067 1,9789071503606568 -2,0367278598385363 1,882077093753528 -0,027230101118593423 3,0550959325889835 -0,9847362274871007 3,9593879174552713 3,0110066313795554 ), 68,1421735972013
( 0,0022946106396539187 3,050449617944441 3,964297536368147 -8,45455231753109E-05 1,8953582925758121 1,927422807913019 -1,9759252263786025 -0,05064866420103897 1,9787861534670435 -2,036926866067127 1,882461828901515 -0,02719548012623103 3,054659225509097 -0,9843393060493835 3,9593328925792393 3,0105756030072666 ), 68,14217483527754
( 0,002602154309579781 3,050416516685662 3,963762103601226 -0,00034246225996240856 1,894947330071811 1,9275143515230106 -1,9759192430087336 -0,05083404755452066 1,9786566257762712 -2,0365263484301623 1,8825183067263276 -0,027271512062839568 3,0542283446055785 -0,9841940754682967 3,959075097718928 3,0100884008203477 ), 68,14218025351155
( 0,002304874265204121 3,0504631722135023 3,964297085027467 -0,00010563418045758667 1,89533873279393 1,927433541797413 -1,9759505958253065 -0,0507027933124538 1,9788094824595073 -2,036911125776854 1,8825134007297657 -0,027210926812219954 3,054680876835468 -0,9843358682451713 3,959336492120962 3,0105725106349763 ), 68,14218812955106
( 0,002219594338583005 3,050224872124904 3,964395560768499 -5,2919758905349275E-06 1,8955143142216209 1,9273999166857063 -1,975744411205312 -0,050373395862938014 1,9787996731565975 -2,0369000798742034 1,8820537156814032 -0,027197480325337267 3,05465488093231 -0,9843677490743206 3,9593412778260624 3,010690514099954 ), 68,14219094805503
( 0,002272248178572727 3,050477020767992 3,9642358459974094 4,499835618633805E-05 1,8953519247253148 1,927394472529687 -1,975869056426299 -0,05050359222588571 1,9786363938829619 -2,0370945862120244 1,8823810509715118 -0,027113716692498444 3,054459597820133 -0,9842607351504876 3,9593154203066026 3,0104744297673656 ), 68,14222472313122
( 0,0023537029775111402 3,0501866861336646 3,964222699006364 -0,00016228584204234858 1,8953139542975777 1,9274593936210025 -1,9757895731074848 -0,05051538146043034 1,9788518121735397 -2,0367034063750693 1,8821333896276609 -0,02725024593413668 3,054565439294269 -0,9842842357919751 3,959252092774662 3,010541383272157 ), 68,14223365475915
( 0,00235138898812199 3,0505188630876092 3,964052250673988 4,4089270064499414E-05 1,895209229698859 1,9274162539397592 -1,9758704364484436 -0,05054555449929063 1,9785271940233013 -2,037093869595382 1,8824321888925948 -0,027102263066704154 3,054234831307213 -0,9841586385136807 3,9592456089722132 3,0102646041453207 ), 68,14223754195292
( 0,002474778921542438 3,0505862329517432 3,963982071531584 -0,00021841561566741553 1,8950712542385961 1,92746529155055 -1,9760253559856271 -0,05085225254633409 1,978680984214864 -2,036813683929943 1,8827230039094878 -0,0271940908226883 3,0544184395309153 -0,9842336359621947 3,959206243395959 3,010266285192552 ), 68,14224257773346
( 0,0026713536585767483 3,050628460721544 3,9635412877448433 -0,00035315008288880307 1,89484302527747 1,9274842751133339 -1,975975773465093 -0,050871366228031886 1,9784434898722751 -2,036580106399911 1,8827156861766283 -0,027194698607448303 3,054044447474514 -0,984213185725979 3,958993433312197 3,0098813281656036 ), 68,14224900454526
( 0,0021311824915595115 3,050404734830788 3,964450922548387 0,00013419731907179887 1,895611108239725 1,927332500111516 -1,975777845617657 -0,050291072151316694 1,978662599143479 -2,0371618565726486 1,8821614194375398 -0,0270880185530254 3,054654292123613 -0,984419523011605 3,959390997616263 3,010721465475387 ), 68,14225300418957
( 0,0025339120956571256 3,050925464009959 3,9635716265003063 -0,00010875389100361676 1,8950102990776077 1,9273469603560411 -1,9759860120063117 -0,05062914331602589 1,978133056212712 -2,037013025211837 1,8828136463735694 -0,026971959577059987 3,05396223642819 -0,9843167047224077 3,959037312615143 3,0098931190615366 ), 68,14225307532402
( 0,002408189389080815 3,050415336656001 3,964027578863509 -3,783984905790828E-05 1,895129452906206 1,927469338911541 -1,975869088712761 -0,05063874184517706 1,9786311740991367 -2,036948320142594 1,8824052392466855 -0,02717960358445525 3,0542367672432653 -0,9840980853727601 3,9592265212665665 3,0102384688356767 ), 68,14225343425771
( 0,002510257702458497 3,0503823686995295 3,963858603918738 -0,00019191389700133813 1,8950528319944626 1,9274532037994605 -1,9758436641730308 -0,05056637686012293 1,9785883383756 -2,0367299742567235 1,8823335110474035 -0,027156112341853684 3,0541788619756183 -0,984165006968902 3,959109615308092 3,0101721286851792 ), 68,14225685268264
( 0,002183273907559447 3,050259264860617 3,964433277423625 6,657111223488742E-05 1,8955369026133186 1,9273847515080629 -1,9757484898863376 -0,05033555165202127 1,978769099010617 -2,03701791570443 1,8820669345896632 -0,027159800197607283 3,0546336836032664 -0,9843389531035301 3,9593693652668662 3,0107006314166846 ), 68,1422607333637
( 0,0026456818746167744 3,0504568289330467 3,963683193602753 -0,0003714445275101166 1,8948644433743775 1,9275425150542427 -1,9759575706251864 -0,05094165787533276 1,9786442619196718 -2,036505966202157 1,8826211292889257 -0,027296608472411065 3,0541703044292237 -0,984152954061871 3,9590521175360394 3,0099915947432447 ), 68,14226105916846
( 0,0022215427558418092 3,0499286751242183 3,964537664487518 -0,0001788913556866118 1,8956289137618192 1,9274464565339784 -1,9756519778448516 -0,05038359255117418 1,9790674919377853 -2,0365245653654327 1,8817768352213682 -0,027365979848670428 3,0549374800305538 -0,9845025083518477 3,959351105564255 3,010915538290001 ), 68,14227571217104
( 0,002267254174344727 3,050779494434311 3,9640662852878807 0,00015781534505289165 1,8953320337185342 1,9273104934901941 -1,9759177384356095 -0,05042024680278385 1,9783192915271721 -2,037349588608766 1,8825815483172208 -0,02694665362132342 3,054251486887948 -0,9843012193232582 3,959269124321825 3,010299187151882 ), 68,14228600584315
( 0,002771048809208298 3,0503768966693423 3,9635339142575385 -0,0005847108685480746 1,8947739405716049 1,927571852700926 -1,9759438789940529 -0,051013901670765666 1,978692322641428 -2,036165696036466 1,8825808864672882 -0,027372950148192646 3,054183215196022 -0,9842281128525195 3,9589491263990433 3,0099350595511796 ), 68,14229746451001
( 0,0021718563280979522 3,050426572915362 3,964399805590143 0,00014049943940222704 1,8954957892591768 1,9273644625063902 -1,9758221003335619 -0,050377641922441777 1,9786695673465573 -2,037203312988739 1,8822570396177238 -0,027089970325674895 3,0545591594726877 -0,9842954661905522 3,959385231829033 3,0106261284757356 ), 68,1423194010709
( 0,0028439254394797067 3,0502850076266843 3,9634230503296375 -0,0007020594383332123 1,894736230533318 1,9275906565153662 -1,9758903271126842 -0,05101017773812949 1,9786998065346089 -2,0359389971152817 1,8824704899992277 -0,027427591083027104 3,054153549681888 -0,9842788783794643 3,958871133683884 3,009882527546907 ), 68,14232747153667
( 0,0022337911519351044 3,050318887380224 3,9644244065219567 1,1972738273683098E-05 1,8954000041786871 1,9274450822416154 -1,9758714059667783 -0,05058674997355294 1,978869879595858 -2,037015393348888 1,8823156143813065 -0,027215340973865014 3,0546600553749075 -0,9842336327410168 3,959393420483614 3,010643172174419 ), 68,14235324767212
( 0,0020881541607908746 3,0502272550817064 3,964550695047474 0,00015846365240543883 1,8957024655898378 1,9273297584911517 -1,9756740104932977 -0,050141652867387865 1,9787345029223644 -2,0371098125232363 1,8819009881869126 -0,027108344153699702 3,05470002697428 -0,984424349419346 3,959409406560533 3,0108341477761797 ), 68,14235461087868
( 0,0021145836732966126 3,050241016519403 3,9645503118819563 0,00013015510917971533 1,895630268222315 1,9273659642107859 -1,975731502577344 -0,05027204514617672 1,978797255516803 -2,0371008301065765 1,882014195149152 -0,027144712705494015 3,0547125815249534 -0,9843614177029668 3,959422910390997 3,0108056725102075 ), 68,14237054924551
( 0,0029086574243104533 3,050267022662936 3,9632739737273015 -0,0007616281752030141 1,8946872626797224 1,9275920267306086 -1,9758444129159374 -0,05098229265467667 1,9786196086180752 -2,035813948004921 1,8824062534002535 -0,027437024424766945 3,0540419231733957 -0,9843074871826901 3,958789230573644 3,009771157103733 ), 68,14237543352907
( 0,0021233481861375274 3,0501737050391897 3,964578123274059 8,738170916410828E-05 1,8956324785270324 1,927385711247241 -1,9757222088258002 -0,05029986033660145 1,9788703811449955 -2,0370181568464587 1,8819733531924145 -0,027188319878399834 3,054767435781533 -0,9843665404436247 3,9594263614414076 3,010843378872275 ), 68,14238292865434
( 0,002745491879109165 3,0499300407597314 3,9637754386807087 -0,0007167371905404244 1,8948983043309993 1,927642894614248 -1,9758019114147765 -0,05096360595326163 1,9790643594638986 -2,035804660837096 1,8821503623099571 -0,02756358938495705 3,0544723794496216 -0,9842618751943283 3,9589959063592506 3,010226563280657 ), 68,1424018459986
( 0,0021523329954852904 3,0499380766911357 3,964624410763223 -4,767078068207993E-05 1,8956733225585651 1,9274254783578635 -1,9756379417656444 -0,05028792080867835 1,9790411073997012 -2,0367222188076926 1,8817404021478592 -0,027305830318318243 3,054900522964697 -0,9844307638458761 3,9594036798936623 3,010951439377806 ), 68,14242523104168
( 0,00270761019558579 3,0505299432575117 3,9635802089020595 -0,00040150941888408273 1,8947487387282653 1,9275521203710548 -1,9760100089326498 -0,05101231707668417 1,978600278157965 -2,0365096989807836 1,8827460881002496 -0,027274760480827408 3,054072543530757 -0,9840894881067912 3,9590164342448677 3,0098809606323464 ), 68,14242759775759
( 0,0027859563855845634 3,0499157963422254 3,9637225013339092 -0,0007674920678115146 1,8948493334504282 1,9276596416795666 -1,9758077567363992 -0,05100725431706668 1,9790755848886137 -2,035728673562877 1,882163791847565 -0,02758714462585352 3,054450826578585 -0,9842531219509919 3,9589680955254716 3,0101846251149484 ), 68,14247038467742
( 0,002922325916397334 3,050526275921331 3,963182017313981 -0,0007059547451682825 1,8946047804770612 1,927561467270181 -1,9759639709601586 -0,0510659787102011 1,978468946590358 -2,036018702417549 1,8827101559758714 -0,027339663715272768 3,053939817060283 -0,984275083268861 3,9587867796737948 3,009645712180192 ), 68,1424868200669
( 0,002934303062853385 3,0505224070854537 3,963166780120008 -0,0007060948666121724 1,8945748393821331 1,927570831951018 -1,975969727580726 -0,05108332546129617 1,9784723801380413 -2,03602180767298 1,8827220558654507 -0,027342501253752084 3,0539119032286126 -0,9842418582553284 3,9587828593775183 3,0096202338009523 ), 68,14254917269429
( 0,0028059091351679472 3,050893811159723 3,963243533566557 -0,00036401478808291724 1,89455403866865 1,9275088436674737 -1,9761208657783562 -0,05108379513213675 1,978251717169701 -2,0366958158487236 1,883105715012194 -0,02713063131905853 3,053733159652781 -0,9840460135151752 3,9589082348530287 3,0095263322792802 ), 68,14284731587347
Liczba wywołań funkcji celu: 10150
