Iteracja nr: 27
( 0,0003360666392810682 3,0478901422722644 3,9715929339751948 -0,001387218330938218 1,8998227125933786 1,9245634535792746 -1,9754444997686174 -0,041587531719788365 1,9826330257464415 -2,03642714249501 1,8770264900849074 -0,023351447630825976 3,0626071111215354 -0,987484241897781 3,960907115044127 3,021190820095704 ), 68,22364626420172
( 4,1369615405347426E-05 3,049054259231328 3,970852444850127 -0,001821413842467453 1,900782407457384 1,9247777704578206 -1,9758528557301227 -0,04461101448963229 1,982312706258968 -2,0357037218288925 1,87900351085829 -0,02469988169008539 3,063935161922553 -0,989761337129106 3,960827596425674 3,0207780523775583 ), 68,22439493970283
( -0,0007217407526470867 3,0469826406175042 3,9722089834309577 0,00031924491049815007 1,902416971269335 1,9243979694457676 -1,97327683436909 -0,0404494838960877 1,9810450302483573 -2,036467758741724 1,8739418928684453 -0,024299232025129933 3,0619476055383186 -0,9889055289684933 3,9612544665905536 3,021260671877566 ), 68,23033221509952
( -0,002193608607103394 3,0476456669803387 3,970852760657147 2,82348694355654E-05 1,9049628567713517 1,9263647992831097 -1,973430728342389 -0,048216662019129955 1,981696407013529 -2,0347903614961846 1,8768652341420087 -0,029418657562507177 3,0650249255853246 -0,9931725624458706 3,9614083624912153 3,0192835975422643 ), 68,23536070266695
( -0,0002184030791336167 3,046517254010724 3,9711786641450564 -3,91493976848714E-06 1,9020699542665085 1,9244218484687954 -1,973032080154588 -0,041452761238087665 1,981007700998898 -2,035493568253637 1,8735150910765817 -0,024655073547560486 3,0612414005405477 -0,9890079462372683 3,960879238081414 3,0207130192982454 ), 68,23551413169078
( 2,5799499609001808E-05 3,0457216155811637 3,970893070402957 0,000456152871232313 1,9013132518396654 1,924046386655745 -1,9721904976602767 -0,03687403337714213 1,9796904742906558 -2,0364122934660225 1,8708195085572095 -0,02290828808076678 3,0589905300952096 -0,9873849777783404 3,9603629421830577 3,020001703469836 ), 68,23824970304527
( 0,0006229157993585728 3,0466812437278645 3,9702311535790513 -0,0013865761266052023 1,9021994839360228 1,9237245179965718 -1,9725252151022652 -0,03929097104705792 1,9798806272247262 -2,0331386394760504 1,8723024170660205 -0,02395222419638442 3,061244394236981 -0,9906203293360092 3,96002154320316 3,020952782295562 ), 68,24010837328949
( -0,0005950645403226872 3,0474127679374408 3,970054828552767 -0,0015767884307979635 1,9030260486906685 1,924492072615119 -1,9733257037403216 -0,041460755512984386 1,980844398846523 -2,0341733620203897 1,8745245454168182 -0,025144120877739286 3,0634713091490555 -0,9919835557432457 3,9598780380154412 3,0206814095784362 ), 68,24027737521537
( 0,002884854641973006 3,049808612759496 3,965788854256606 -0,005319745603465603 1,8974895650827204 1,9227779712167417 -1,9755063870149165 -0,036659923969679646 1,9793780627400654 -2,0327269549502973 1,8768596825061294 -0,02006658736295442 3,0606684949142116 -0,990109026219679 3,956771132906175 3,0192820952912913 ), 68,24154807334484
( -0,0006951191726035967 3,0465111785575316 3,9701592255146134 -6,192805325352734E-05 1,903851993053552 1,9239874161486599 -1,9715548922013788 -0,03842802949349461 1,978786456001953 -2,034578186765985 1,8709971764773838 -0,02449423213283163 3,0609720593800227 -0,9915814359898382 3,960064192525111 3,0201520445697287 ), 68,24337775951096
( -0,00198313074587654 3,046591025572152 3,9699310999159225 0,0004097493886978513 1,9046871362108575 1,9246158076429325 -1,97181560917974 -0,03913806811930608 1,9790172564757003 -2,036366041129511 1,8717367310001676 -0,025125099380615273 3,061911211821403 -0,9922926474604086 3,9599618170131996 3,019521923112785 ), 68,24415953778043
( -0,0010731397346136844 3,0467823948120665 3,9708880711149313 -0,000459285148952751 1,9045864548081302 1,924649552234951 -1,972162164541091 -0,042104630938996655 1,9802394850759357 -2,033666645572807 1,8729396662884015 -0,026434957494019855 3,0632332142690557 -0,9926920693739364 3,9606663280231915 3,020728994923074 ), 68,2446170334623
( -0,0007794247050479249 3,0477298857529918 3,9694420697653325 2,668235803703547E-05 1,9049298791514575 1,9237078549778777 -1,9712817753457024 -0,03954147860235584 1,977497294558609 -2,0338998544848716 1,8716335331238816 -0,025104827778385866 3,0611664444318674 -0,9935220628560985 3,9599091632093892 3,01974661009557 ), 68,24575732246953
( -0,00048417812877068827 3,0485398003124935 3,97106401920764 -0,0009340270854568579 1,9020385812646956 1,9234175723938167 -1,9742568269874683 -0,038082134128398164 1,9801361006088942 -2,036918629940862 1,874904701181216 -0,022119443692520138 3,0625393594213604 -0,9902431581287191 3,9602819311447877 3,0215707801828082 ), 68,24595824071076
( 0,0006300016183630799 3,0467490413795795 3,97056877162047 -0,0024449644452181236 1,9019165174471444 1,9240872950805792 -1,9734010722717514 -0,040977713742508345 1,9814557971447935 -2,0325047928161366 1,8738570717265841 -0,024553064112665102 3,0630368065614224 -0,99090626732501 3,960004911300971 3,0216152477449083 ), 68,2460171961542
( -0,001138510306672264 3,047399283155517 3,971085512637573 -1,0871164926847324E-06 1,904364006139208 1,9239210389771384 -1,9722489800240486 -0,03944407561446422 1,9793663726773085 -2,0350981120130944 1,872559660285382 -0,024661220542378046 3,0625260716767237 -0,9921577362441597 3,960577316921742 3,0210772328823308 ), 68,24811910212784
( -0,0015421752446568696 3,0457384743838207 3,9696133084482255 0,0019778395616500757 1,9054078030738204 1,924676743436145 -1,9701248791525108 -0,0410220980195741 1,9779744911129515 -2,0350784314087997 1,8697144701448962 -0,026630107187026263 3,0595728377356095 -0,9919992602031168 3,9605130512884927 3,018651328243587 ), 68,24859968772344
( -8,434578099739609E-06 3,046807874007274 3,971464951261681 -0,0011774916402842465 1,9028694383859204 1,9238626202910634 -1,9728613525991174 -0,03995423202092804 1,9807953745762463 -2,0337136099661963 1,872967545792655 -0,024322961111012436 3,0627165467526787 -0,9908525276429144 3,96059639869507 3,0219290942779815 ), 68,2492353833842
( 0,0005066349541279043 3,046407050761236 3,970974953593888 -0,0016609946945528148 1,902150948641767 1,9237336165028438 -1,9728029918369574 -0,039099032941272746 1,9807423002680224 -2,0332416249330865 1,872402725514838 -0,023795432413816767 3,0620673264390468 -0,9903486413920735 3,960184226751772 3,021788394240395 ), 68,25005471988517
( -0,0009003470191534042 3,0478240013574958 3,9699558356167475 -0,0018503602855123988 1,9034495505833526 1,9240793677303691 -1,9735134297780248 -0,03988834503610509 1,9803038199809444 -2,034664876372554 1,8742791728078656 -0,02423879827592932 3,063903471140734 -0,9929157291542801 3,9596314292026267 3,0209538115580368 ), 68,25077775207103
( -0,0011089596899086218 3,0473583686803907 3,970938338300604 -0,0004889496735992468 1,9045779859750829 1,9240434898008327 -1,9723202091439611 -0,04018133376277694 1,979661362918271 -2,034386147340982 1,8728172023954954 -0,025125991558267297 3,063173824055514 -0,9928242150427301 3,9604594579783914 3,021185015310547 ), 68,25107735609248
( -0,0005970821083877826 3,0469402798077287 3,9710064467038424 -0,0005904144418465226 1,9040967876558479 1,923824627090065 -1,972115737334604 -0,0395436983756355 1,979636458871488 -2,033908221727275 1,872114393227916 -0,024707884457557033 3,0625020939878245 -0,9921633974817332 3,9604571540918374 3,021403150256532 ), 68,25170750317237
( -0,0012052070517047475 3,048368011297832 3,970952668139368 -0,0006426875526595417 1,9045106265685545 1,9238177865240342 -1,9730133042928668 -0,04007493999115784 1,9795545143920492 -2,035008068344735 1,8740286528691141 -0,024562585369400473 3,063777440633675 -0,9931819562019066 3,9604966690638226 3,021418367114846 ), 68,25184869023153
( -0,0013060554872123603 3,0475961937324114 3,970937232742712 -0,00069552613316403 1,9049400754600891 1,9243721690357563 -1,9725974281442809 -0,041942173408258766 1,9800966603280448 -2,034016455686246 1,8737757328535078 -0,02603558256680463 3,064083684639791 -0,9935478126417224 3,9606132955033506 3,0211556641874466 ), 68,25189726808745
( -0,0022685526682564936 3,0490481477453844 3,9708915963399165 0,00012097920413528746 1,9052392247344363 1,9240801268560688 -1,9733539181792323 -0,040602990507681805 1,9792421051003966 -2,037053870834343 1,8750282177131121 -0,024680625854975203 3,0641941565030875 -0,9937180138161433 3,96061107182199 3,0208635337818084 ), 68,25197425211493
( 0,00028375962719685193 3,0482860634260267 3,971916054005273 -0,0009364925947677489 1,9008250625482999 1,9229508174775263 -1,9745076081712245 -0,03677746498900879 1,980559263513245 -2,037049823897069 1,8746383123415156 -0,020868690591207335 3,061786140505066 -0,9883447602640989 3,960595825709488 3,022494821405109 ), 68,25268347760381
( 0,0013685729981682399 3,045410756049369 3,972763602956994 -0,0003557417185877991 1,900192438069877 1,9233091186873836 -1,972598784901952 -0,036968935635279386 1,9811785552486898 -2,034686954221972 1,8711726939103184 -0,022106927210494974 3,059504324095596 -0,9859261381367844 3,961063524452756 3,022521300761671 ), 68,25302591203595
( -0,0007290360884514411 3,046514010994211 3,970137293822063 -0,000362584817622184 1,904575804038663 1,9240250272097768 -1,9714487255155029 -0,0397732760207725 1,9790474946781946 -2,0335475142715054 1,8711244958206072 -0,02529585500228386 3,0618177938908318 -0,9927458668144913 3,9601383505593137 3,020509498418766 ), 68,25308657794729
( 0,0007885730190657018 3,0463831300161557 3,9721125931656056 -0,0018145430747142706 1,9005765579103948 1,92365438965457 -1,9739371059247846 -0,038246675626390836 1,9821702367224303 -2,0345581681866727 1,8734602064508297 -0,022472613512423942 3,0622872073249905 -0,9880428942846041 3,9605715003913247 3,0227375371707277 ), 68,25311686602048
( -0,0008227643611538062 3,0472155077015977 3,970803692984919 -0,0006710600728470312 1,9042437197843691 1,9238407574211556 -1,9722802524583163 -0,039444284795161794 1,9795565427507718 -2,034232573111782 1,8724077448196315 -0,024634676710751435 3,0627923032667326 -0,992537362095028 3,960310199768638 3,021265346631931 ), 68,25314471165858
( 0,0012315136740895776 3,0454847282876423 3,97123839853271 -0,0020823135034302204 1,901496494496483 1,9237304991932263 -1,972625282234661 -0,03903848759074231 1,9812913100283809 -2,032232242465535 1,8715029144690125 -0,023721885496303528 3,0614872147161147 -0,9893797107195272 3,9603282957964745 3,0220778521866563 ), 68,25314525907959
( -0,0010815122822599773 3,0471909937270745 3,9710067550118158 -0,0001666288563578714 1,905534264360076 1,9243246616797576 -1,9716769787806894 -0,04259763022671537 1,9794632419175022 -2,0330550523683937 1,8726650698802574 -0,026804749633799387 3,0632469062579974 -0,993776399410526 3,9608665225420534 3,020952592447006 ), 68,2532529335784
( -0,001646174848128186 3,0479742094561417 3,9707899320535955 -0,0005637390108004678 1,9052936347163743 1,9243360054028755 -1,972675019361009 -0,04168417475674353 1,9797640226901747 -2,0345508263786187 1,8739808891355265 -0,02591238093292851 3,0642866647162714 -0,994050186261283 3,9605362117754477 3,0209946025095205 ), 68,25330826189632
( -0,00026728651258647396 3,047268837138883 3,9709013002392948 -0,0015609888922106924 1,9029812069477678 1,9237850467613007 -1,973217260672856 -0,03963011459321204 1,980595579146293 -2,034127985589532 1,873469190969745 -0,02397887069698045 3,0631833545526175 -0,9916015263069975 3,9601880214630603 3,021743639228053 ), 68,25369914754263
( -0,0007852719249774947 3,047096620629344 3,9709773576673637 -0,0007407295011558634 1,9042638468277746 1,9239055292547087 -1,9722856953017078 -0,03979653037879067 1,9798065455563882 -2,0339718844036407 1,8724731118375801 -0,024854544231896595 3,0630035768284727 -0,9925257098422158 3,960403689271618 3,02144220915934 ), 68,25377732203876
( -0,0009384677712507926 3,0470997491416045 3,9710533681374725 -0,0004563267613394012 1,9046624552737628 1,9239639000835942 -1,9720296726410187 -0,0400603212524586 1,9795994389650002 -2,0339083465957075 1,872286694587771 -0,025214199741741408 3,062988817243456 -0,9927919157008112 3,9605311973199977 3,0213548415212506 ), 68,25404833851447
( -0,0011513498702417665 3,047217085558859 3,9708987986303548 -0,0005748910536478442 1,9048720980330716 1,9241435687874502 -1,9721679517664636 -0,040695471217684784 1,9797393162736074 -2,033915375991844 1,872714651518284 -0,025580412903756483 3,063434025214139 -0,9932495110780707 3,9604748533199117 3,021204917164075 ), 68,25408088913123
( -0,00047403018748545995 3,0470828985724814 3,970945340567422 -0,0009671091013123188 1,9038208394948808 1,9237231113809032 -1,972426565618858 -0,039356242471477364 1,9798666040076747 -2,0339003725641858 1,8724439722002446 -0,024363631591019896 3,062759335440793 -0,9921367387561373 3,960313365415668 3,021603556019947 ), 68,25434311762787
( -0,00017273328647838442 3,0468086792168805 3,9709762883097963 -0,0015146701582508808 1,90327221702753 1,9238418087378686 -1,9726648448046475 -0,039505512163727774 1,9805261955841256 -2,033327110404359 1,872656080795728 -0,02441042004082194 3,063074330283641 -0,9917528612028884 3,960197218847849 3,0218301946158985 ), 68,25469892785158
( -0,0012151357082029622 3,048636704004264 3,970616986709407 -0,000467294927148685 1,9046570538063536 1,9234576452443086 -1,9727725037080412 -0,038857483314790116 1,978698069561244 -2,035338117494516 1,8735147882651582 -0,023915935819914386 3,063197640029637 -0,9934116911121017 3,9602601009149625 3,021255629427988 ), 68,25471766499987
( -0,0006382848102826701 3,046904950275622 3,9709124163737273 -0,00071118181727584 1,9042206010993852 1,9238094841951978 -1,972032544983351 -0,039351859211600844 1,9795997027333394 -2,033732234701266 1,8719418673259385 -0,024745516593508796 3,0626300161461866 -0,9924091343946687 3,960338726435928 3,0214042279388678 ), 68,25484052702566
( -0,0007054758689227308 3,0468599526600864 3,9710735344502037 -0,0004934899979286222 1,9044188866370495 1,9238315463626232 -1,9718752543877471 -0,03947110244032816 1,9795384584971651 -2,0337193242350127 1,8717951714338619 -0,024923780539415324 3,062596969614917 -0,9924257355904138 3,9604762978565797 3,0214462770181916 ), 68,25513250464253
( -0,0015661190694493698 3,0468668458423926 3,971529257643572 -0,00041582273935366124 1,90582405023522 1,92563717141941 -1,9722929516420828 -0,04715110123491859 1,9814324127226963 -2,0322862480411024 1,8746989290912077 -0,02945577563502825 3,0652061011966043 -0,9941742954751703 3,961515590022877 3,020728754218297 ), 68,25599207319337
( -0,0006270885404087122 3,047003311185063 3,9707286417692447 -0,0009549244599430774 1,9041845425217592 1,9237919923134341 -1,9721788416498827 -0,039337937579065875 1,9796455669766424 -2,0336745412368007 1,8721285949645676 -0,024651195950863163 3,062835116578903 -0,9926414426175861 3,9602028425443687 3,0214089990257045 ), 68,25608862820593
( -0,0009141375755604251 3,047119599996975 3,970993136783409 -0,0011331805733480712 1,903345206763207 1,9238225492483159 -1,97315164401205 -0,0385615582423494 1,9804674142045045 -2,0354727894599174 1,8731703813090985 -0,023534110564888033 3,063254585177479 -0,9916133884943651 3,9600962433062175 3,0217261903228256 ), 68,25627788433745
( -0,0025721778044626325 3,049605918560414 3,970939267367479 -0,0008046174675162523 1,9054611716630232 1,9256573074629924 -1,9746738534355832 -0,04773592396155647 1,9815314063147558 -2,035538986896026 1,8790464526353259 -0,02824968306249834 3,0670735492185877 -0,9949921616476702 3,9612044115252214 3,0203717123077496 ), 68,25653218275346
( -0,0009562615269945163 3,0470775636201863 3,970885494851769 -0,0007629534696656621 1,9047324565346573 1,924012798293189 -1,972114964142701 -0,040285910602906906 1,9797446687532185 -2,0336433137244594 1,8724127208854862 -0,02534147933315051 3,0633247132381074 -0,993165205726117 3,960397000795541 3,0213692912396297 ), 68,25661844385607
( -0,0015354669656816677 3,047843519780037 3,970676495785673 -0,0004994793445593101 1,9053380508248767 1,92404720109018 -1,9723333460553572 -0,040487341634713084 1,9792843491063892 -2,0344852955964305 1,8731506913872509 -0,025415951817278574 3,0638038660299567 -0,9940391120215424 3,9603683828220766 3,021057629829972 ), 68,25667319866048
( -0,0011402058135669465 3,047400095006525 3,9707569321920824 -0,0009268432657670048 1,9049831527396919 1,9241625370735629 -1,9723552325472007 -0,04112607090429049 1,9798623480332447 -2,0336019955586484 1,8731026957776185 -0,02573021791270817 3,063912279287107 -0,993759128044419 3,9603884984537685 3,021277621888783 ), 68,25674804603676
( -0,0010770298427397868 3,0470376888601547 3,970979632241703 -0,0007280905416559164 1,9049557300770972 1,9241439252535644 -1,9720731315684503 -0,040801227641005966 1,9798617554084337 -2,0335251033136834 1,872516851578475 -0,025721578641955758 3,063563411369438 -0,9933786387442992 3,960486361700894 3,021354301140421 ), 68,25698284455633
( -0,0007359638292742485 3,0466309827872124 3,9709982614755615 -0,000783974254557345 1,9044109386950874 1,92396260875046 -1,971937373816017 -0,03970536324853708 1,9798703288300794 -2,0334789998249123 1,8718156802224442 -0,025107769328457277 3,0629180781667853 -0,9925826802243238 3,960368084559337 3,0214834817422687 ), 68,25708221872267
( -0,0007059260774669046 3,0470745019969505 3,970862711488612 -0,0010787897432265763 1,9041549191227023 1,9238606940904723 -1,9724276193346348 -0,03971453676990266 1,9799857944825767 -2,0337958408443346 1,8725768940430527 -0,02471319276909075 3,063251456373583 -0,9926661548365081 3,960252104139899 3,021591112375866 ), 68,25713867091076
( -0,001146099687566883 3,0473708383060414 3,9708844025142476 -0,0007945679817546092 1,9050775816578667 1,9241384259186767 -1,9722292699169868 -0,041058742578888696 1,979796953665439 -2,0335285888910146 1,872918319266472 -0,025792858469515196 3,06384239182334 -0,9937320369572168 3,960476096426985 3,0213225824209196 ), 68,25737256299958
( -0,0006939636844877977 3,0465332381867727 3,9704996111132855 -0,0013472982138970492 1,9046502732391817 1,924436537451204 -1,9720100654251103 -0,04186346151860272 1,9803736555514808 -2,032311867489519 1,8724652260314905 -0,026403088547413814 3,063649248411897 -0,9934818450313238 3,960230723030457 3,0210922871531376 ), 68,2574281737107
( -0,0003904791240601493 3,0466854251126567 3,970889590030046 -0,0008575796462624986 1,9040104683152823 1,923666561020139 -1,97191656189729 -0,03885068403407454 1,9795850641607222 -2,033432543662001 1,8715182494537426 -0,02447109701340705 3,0623742308132025 -0,9921909733782024 3,960254213008804 3,021557576503788 ), 68,25761590245247
( 0,000814847857331799 3,04626071021246 3,9695403118897636 -0,0031409497214683986 1,9015590125619803 1,9236831191739756 -1,9731023386924502 -0,03811750086710092 1,980938996340712 -2,0323748713824474 1,8723870041284485 -0,023225837406741594 3,062483610772036 -0,9911584755041017 3,9589890981857145 3,0214283821859045 ), 68,2584130961783
( -0,0024442682498416577 3,0477746211746695 3,970909494830668 0,0018440734431936332 1,9071312031307537 1,9239518095377872 -1,9706348550789758 -0,039659778953498266 1,9771816409665175 -2,0356932064736806 1,8710494862351972 -0,02600159631833151 3,0620185265340725 -0,994424398011804 3,9608957537228546 3,0200753036263586 ), 68,2592765294192
( -0,001132170237144444 3,047114255550963 3,970708486940125 -0,0007019500118841658 1,9051559867456922 1,9240228087262738 -1,9718970106232478 -0,04029206132870552 1,9794637310907326 -2,033524188938181 1,8721962170371995 -0,02556177505329873 3,0634184263304656 -0,9937251488614091 3,9603150989157974 3,0212297870629565 ), 68,25942209634273
( 0,0007556825687092516 3,0450567603119185 3,97135964018066 -0,0009704743362117275 1,9026777735230431 1,9236192062823472 -1,971307163314191 -0,03815128872897722 1,9802089831698368 -2,0321674309582414 1,8697127666914355 -0,02422356528019014 3,060746883336997 -0,9899088842647684 3,960397600917133 3,0218684171799213 ), 68,26018914147659
( -0,0014512696888497613 3,04731381730224 3,970927719133048 -0,0005663991322938835 1,9056171453837805 1,9242308814553915 -1,9719896424639838 -0,04127201940413035 1,9796428605642222 -2,033588511295014 1,8727135549647609 -0,026162793601125542 3,06402169865832 -0,9942042582996223 3,9605385535589424 3,0212541048742594 ), 68,26060275390867
( 0,0003269745529886454 3,0460543647834086 3,9714382061827886 -0,00145020220927373 1,9030939541459724 1,9236433850679397 -1,9721565663160292 -0,03909927372545077 1,9806399386641007 -2,0324920598418252 1,8714469114308188 -0,024334190540922125 3,06242595733389 -0,9911076121069823 3,9604247050463033 3,02225609140456 ), 68,26096747657778
( -0,0017301632875922127 3,047796014928196 3,9704296153744383 -0,0008950984181800306 1,9056723026058697 1,9243349647632164 -1,9724529123394385 -0,04154671843599816 1,9796468783286911 -2,0340058221556068 1,8735534928029658 -0,026116453139427658 3,064575130469413 -0,9948438961387098 3,9602527244524413 3,020939835740619 ), 68,26097954875569
( -0,0009165496094821236 3,046892566118123 3,970775630274792 -0,0011097591142787896 1,9046894316737466 1,9240053378903168 -1,972158380720035 -0,04002867276031054 1,9799122031243612 -2,0334278528201932 1,8722347785028495 -0,025233206238020868 3,06353766391819 -0,9933314559257003 3,960237487144622 3,0214852969192294 ), 68,26122792815882
( -0,0007075161490436586 3,0467240259140422 3,9710203349804343 -0,0010533036728259397 1,9046202757086368 1,9239532713949652 -1,9720151275197326 -0,040184484587434066 1,9800174144214264 -2,0330244225404814 1,8720292187532652 -0,025343756669252347 3,0633953823658033 -0,9930874255312815 3,9603865820382897 3,0216794879467317 ), 68,26128733657484
( 9,125862275524967E-06 3,048423010347855 3,9716269476925046 -0,0007328052940877921 1,9016130709054082 1,9226012151987746 -1,9739646623710767 -0,03535176108908126 1,9795429687844939 -2,0371164459897515 1,8736091747315793 -0,02050392623100605 3,0615691635355375 -0,9893082938643886 3,9603594080812554 3,022420559434228 ), 68,26143390860409
( -0,0022720747650586525 3,0477879925426614 3,971719056855355 0,0005723165293443563 1,9066737111979226 1,924421415946731 -1,9718912841933072 -0,04226468145346791 1,9793791120101016 -2,034717891131714 1,8732249468543478 -0,026859397765200892 3,0644292074983546 -0,9945698651034115 3,9612683554280492 3,021290958432674 ), 68,26185529050252
( -0,0013071935705345772 3,0472902587331063 3,9706158099385 -0,0008274833280289649 1,9054441567846636 1,9241044470055644 -1,9719928004357061 -0,04071986762137942 1,9795112406212398 -2,0334473987254027 1,8725129313091868 -0,02582712898833459 3,063885137978889 -0,9942738764045055 3,960281905936834 3,0212106498629616 ), 68,26197844124965
( -0,00045994424617622974 3,046386290245695 3,9709761447482417 -0,00108584422663678 1,9044864037102127 1,9238535145332056 -1,9717382537647044 -0,03966530620735218 1,9798690143813082 -2,032662461984127 1,871330225188618 -0,025188847237669853 3,0629230418646034 -0,9928334035802475 3,9603429040549516 3,0216944511406214 ), 68,26251923517425
( -0,0008069312084626948 3,046998634998651 3,970860888946636 -0,0008721509060497364 1,9047333626154659 1,9237297655333172 -1,9719317588836245 -0,039333325472778756 1,9794883105560153 -2,033456350399079 1,8718403321931838 -0,024874264720943333 3,063122835514699 -0,9932179832023126 3,960259531393347 3,02160633914494 ), 68,2625371326299
( -0,0011607802821063484 3,047023998146545 3,970919027123133 -0,0006937063179134058 1,9051655317583875 1,9239282660040864 -1,9718927241118616 -0,039787545612743724 1,9795140636942907 -2,03364195648505 1,871962039031997 -0,02531311384668881 3,063472763484924 -0,9936238064980054 3,9603610596942076 3,0214713011304 ), 68,26271723567014
( -0,0011044703648371759 3,0471092471191 3,9705483573748004 -0,0009057676213640797 1,9053569657217595 1,9239305981371648 -1,9717883223269823 -0,04001799237215644 1,9792882434710133 -2,033191188667523 1,8719270346530057 -0,025517571361689088 3,0635223770244475 -0,9941799408599629 3,9601861683870188 3,021266371381825 ), 68,26334047635922
( 5,231988811278749E-05 3,0463971456139705 3,972107519380803 -0,001317098866682514 1,903708553413419 1,9237946653317373 -1,9723792608709259 -0,040522156412648065 1,9810127589108546 -2,032353568829184 1,8722284909220346 -0,025068261292431428 3,063413597496971 -0,9916868808436081 3,96096068053019 3,022723471571965 ), 68,26344126902103
( -0,0009101093781536356 3,046651959522793 3,970769375656999 -0,0012441338217210173 1,904580632125976 1,9239796590273914 -1,9720665394120593 -0,039296929093906724 1,98003578844822 -2,0333107328570756 1,8718571964448936 -0,025036950781034788 3,063595388721845 -0,9932105975732235 3,960079767916598 3,0216103368759897 ), 68,26385060167131
( -0,0009902207155824737 3,04697812044622 3,970219804941719 -0,0012876969457052345 1,904945460742617 1,923867650785862 -1,9719650926672423 -0,03945222489370507 1,9794279306957558 -2,033303624713952 1,871953983090662 -0,025047433499105307 3,0634862355140977 -0,9940033528079505 3,9598346667086695 3,02127530988128 ), 68,26420804664849
( 0,0007275994173978869 3,0489126787374996 3,96965388083644 -0,004110214968357662 1,9020286070749146 1,9229662219282244 -1,9746615806383643 -0,038764530894993814 1,9804713531945402 -2,032685622887462 1,8755728462325278 -0,022335899319922945 3,064609032121102 -0,9933136581384848 3,9590455449442303 3,0223832261158194 ), 68,26481808271386
( -0,0020514257518576356 3,047899825190059 3,9703064648205344 -0,0007746006345924213 1,905972169625207 1,9242264815786594 -1,9723128127003584 -0,04037887628688146 1,9792793940883655 -2,0344718721195183 1,8731731925316417 -0,02574226968504138 3,0646572940226204 -0,9951721416913093 3,9600587352950574 3,0209132503327356 ), 68,26491234400538
( -0,0002484695882760974 3,047455113791676 3,9714251809027585 -0,0005582444268049085 1,9030403581264865 1,9228274406554902 -1,9726511233397217 -0,035858538472159154 1,9790956896408542 -2,0355495711638705 1,871732782625661 -0,02193516893194936 3,06160557218109 -0,9907512685235548 3,9603204142674926 3,022197455703274 ), 68,26515280912724
( -0,00016865236156798804 3,0499735421863883 3,9699044546518576 -0,0009507890270328121 1,9043040161629285 1,9221528103709273 -1,9727809262541167 -0,036582240213831996 1,9768627918915729 -2,0347365143676908 1,873218559962842 -0,021916399339208775 3,062024662970297 -0,9939798015399561 3,95981745693788 3,021572991201436 ), 68,26521006138532
( -0,0011035475571131062 3,0471515046075743 3,9705133717621086 -0,0008042483350040743 1,9052842180743057 1,923740459740506 -1,971734823271473 -0,0393801549338322 1,9790790986537579 -2,033520281474102 1,871753778329695 -0,025088171955610934 3,0632800072625317 -0,9940178174828866 3,9600800810698678 3,0213555657464553 ), 68,26583537260898
( -0,0015514376927626902 3,0482422806268907 3,9705257379961445 -0,0014311213097140806 1,9052571220846732 1,9240325945057348 -1,973029946119707 -0,04085422792106251 1,9798915910504777 -2,0341708374296297 1,8741780148103873 -0,025300894222685808 3,0650935980230707 -0,99480316540772 3,9601095305538583 3,0214848295211136 ), 68,26618474855326
( -0,0010879291231715455 3,0466861030529886 3,970610212921595 -0,000808410620495728 1,9055248831478653 1,924036482846552 -1,9714361077408882 -0,04024902898691224 1,9793626634622836 -2,0327677563296285 1,871398707551645 -0,025928205862141018 3,063402974101208 -0,9941697819833184 3,96023019256454 3,0212516593182004 ), 68,26624483031634
( -9,678085828467005E-05 3,0459341446440114 3,9706984071207283 -0,0013075436303624066 1,9041248817838992 1,9236773016362523 -1,9713659277743072 -0,03854645791090168 1,979689038177346 -2,0320894225612256 1,8704157295924781 -0,024816260090808253 3,0623525933732725 -0,9925021953213086 3,960004137404831 3,021705853667766 ), 68,2662811032782
( -0,0007222708679027432 3,04662996244374 3,970667629117897 -0,0009690234391012498 1,9048058497242777 1,9236934717922678 -1,971609743983301 -0,03886330453648039 1,9793297628196365 -2,033074238265573 1,8711058272295438 -0,024867773027140435 3,062863191483124 -0,9933252433814619 3,960094515128902 3,0215214739873066 ), 68,26643828308997
( -0,0024927275287116124 3,0485564278918904 3,9696556702542423 -0,0008035522781831993 1,9067809128910755 1,9244978406766153 -1,9724642811637745 -0,04209174165953085 1,9788388097374454 -2,0345573428127746 1,8741321967344529 -0,02660438345952708 3,065197283599611 -0,996636877077021 3,959970453124315 3,0201922181437353 ), 68,26649569491705
( -0,0027188073119864546 3,0501964660847762 3,970276783812074 3,99058918541365E-05 1,9069375341002386 1,9238438663709094 -1,9729787514343022 -0,04104296594164388 1,9778920409905394 -2,0361726590900306 1,8752000495037617 -0,02541225764228578 3,065102167501193 -0,9965310051089438 3,960452907878174 3,0206538474863844 ), 68,26670363490166
( -0,001108118098808232 3,0466546256864353 3,9705887417505283 -0,0008128068372538095 1,9056033073658638 1,9240500366097733 -1,9713825322335237 -0,04028950919997563 1,9793424403813487 -2,0326894613061866 1,871332110046263 -0,02600474865707047 3,063430401505852 -0,9942695154255854 3,9602205310406373 3,021237178298273 ), 68,26710714245544
( -0,0019196815888016013 3,0491693463248604 3,970227315610486 -0,002289671828915412 1,9036552877212503 1,9242720296128673 -1,9752060784905443 -0,04086547532074132 1,9812707679715578 -2,0366711956435415 1,877015300486498 -0,02391760539416893 3,0661680420096205 -0,9937680824325703 3,9596957737956906 3,0213004955813294 ), 68,26769376843788
( -0,0014928019400964614 3,0464328805788314 3,970857713086441 0,0001153850477180004 1,9066929411523883 1,9242898157079154 -1,9704881309602382 -0,041095965226416425 1,9787130334558607 -2,032357681282288 1,8704870947351735 -0,027193353441371353 3,0630845335439547 -0,9948200756201003 3,9606659070616157 3,020830409509518 ), 68,26801418218065
( -0,0024397759974936293 3,0462496927906053 3,9695648197845026 0,0015948160035195072 1,9075817584039576 1,9247737860692287 -1,9697323252985273 -0,04186604352028389 1,9775510385890993 -2,03402569862212 1,8698174653449455 -0,027944435147234045 3,0616823087365215 -0,995212341443596 3,9604277040593394 3,018964493778264 ), 68,26803416045672
( -0,0009109564645768682 3,046458121358171 3,970543834998082 -0,0006898889176800135 1,9054228677405012 1,9238154298235548 -1,9710940027128614 -0,03925386731587641 1,978998508248793 -2,0326897721586223 1,8706252044347815 -0,02551248966818638 3,0628009672309773 -0,9938932020962803 3,960115368608842 3,021280588592735 ), 68,26807428831863
( -0,0017505374099487227 3,047264545380839 3,9705049688897343 -0,0005391521030935793 1,9064688896921593 1,9243106672122003 -1,9715110334720058 -0,04146282761248637 1,979150867887535 -2,0330947320265995 1,8721923497536694 -0,026760927372313472 3,0642474546592315 -0,9953998205799921 3,960360363939778 3,020953318216956 ), 68,26855616490137
( -0,0014120049888432487 3,046387315114108 3,970826744869225 -1,4891742233208721E-05 1,9065674160994774 1,9242247259460372 -1,9705297765196517 -0,040836982732577375 1,9787557975257024 -2,0323163016482426 1,870418227181155 -0,027001877411867145 3,0630701368086664 -0,9947501409015456 3,960593469409166 3,020916749189669 ), 68,2689450932791
( -0,0014793494713268452 3,0472209851106036 3,970064671008569 -0,0009780129406980077 1,9056316378437868 1,9239018773755008 -1,97183262779972 -0,03949384777737934 1,9790037705439196 -2,033804910042761 1,8719186250536195 -0,025242156956373003 3,0636903729874123 -0,9947482212209611 3,9598166449275047 3,0210311462735207 ), 68,26899985469649
( -0,000996346979105067 3,047050785825177 3,97079675744063 -0,0006454963235359556 1,9051875472116742 1,923487280492368 -1,9716128564745976 -0,03831663746860098 1,9788625442761525 -2,033705652727706 1,8711269040733793 -0,024530771857695557 3,0628896495944744 -0,9936304858910109 3,960186543003397 3,021601031099709 ), 68,26984534383958
( -0,0007941273909802751 3,0452411012368703 3,9699793990606107 -0,0007755809238110824 1,9050438913653844 1,9239146142994614 -1,9705545203873502 -0,0379617235045287 1,978947050285443 -2,0327226926723423 1,8690191122336541 -0,02515565105083578 3,061788990845353 -0,9932462924556295 3,9596397271061075 3,0208477466013 ), 68,27273762237844
( -0,0010858786072748584 3,046001650785287 3,9707459020082916 -0,0006849832648287628 1,9059522199698213 1,9240600655365667 -1,9707626194943968 -0,039925589853490775 1,9792642200933084 -2,0320731118671955 1,8701777148122123 -0,026311298176617315 3,063199628354391 -0,9943543021310173 3,960264379307489 3,021353968762867 ), 68,2743992789655
( -0,00074118850639667 3,0464545949702857 3,970951821315021 -0,000990167591063282 1,9051651876561517 1,923561812941229 -1,9713616226620259 -0,03852639113151408 1,979316674521575 -2,032677263067505 1,870594611486055 -0,024905999945882894 3,0630977181932857 -0,9936403347030983 3,9601840005695257 3,021938623015372 ), 68,27501160076947
( -0,002457437704558122 3,0486350111799942 3,9699032647263506 -0,000695141529177887 1,90742901392522 1,9242465575098195 -1,9720188058714248 -0,04198554604437784 1,9785568180118953 -2,03374473797601 1,8736278166787814 -0,026858759065240864 3,06548387277039 -0,9973696023644968 3,9601144315911805 3,0206899048625155 ), 68,27816058178438
( -0,001484071262437623 3,046361537587375 3,9693495065753446 -0,0005290754351606941 1,9076964347303962 1,9239468025895252 -1,969621939347476 -0,039965071372027205 1,9774106131444462 -2,0310103445194985 1,8690422448652362 -0,027223321817410603 3,062987236582572 -0,9970288964222693 3,959687786729266 3,020349171927624 ), 68,29163898828793
( 0,002123816170846185 3,0432625942403893 3,9680214186496072 -0,0007723382817496832 1,9020593437115991 1,9222993085243683 -1,968153002634303 -0,031032137535641054 1,976120559541684 -2,030690882607794 1,863095773326241 -0,021784922978799356 3,0550539933527183 -0,9894884526606712 3,958098840642183 3,019523991228087 ), 68,31898448545795
Liczba wywołań funkcji celu: 5728
