Iteracja nr: 47
( 0,002054990553947614 3,0501066789234903 3,9645601877238517 0,00022500466628656068 1,8957826845963108 1,9272901702037202 -1,975541860981828 -0,04988391426794289 1,978669868139671 -2,03712143130982 1,8816110068514114 -0,027054891889533347 3,054614314929893 -0,9844302127533537 3,9593860745799896 3,0108671572979553 ), 68,1424956151614
( 0,0022356425165140094 3,050302155189919 3,964550479021318 -5,6967115558569006E-05 1,895354485351426 1,9275161474059201 -1,975983499090779 -0,050855838394503604 1,9790903055358189 -2,036965815875347 1,882508157149205 -0,027326203665542715 3,05485498797877 -0,9841842450978523 3,9594699612373403 3,010727448647953 ), 68,14256652333047
( 0,0019785997793622203 3,0504604072803034 3,9646262089647624 0,0003659611574501434 1,8957753751059432 1,9272660575794665 -1,975740806692636 -0,05008695751272115 1,978579521230566 -2,0375021898536434 1,8820881378006462 -0,02697432039235087 3,054657974614196 -0,9844046692260148 3,959489008279397 3,010836849508802 ), 68,14258355165734
( 0,0019261483091182622 3,0503231909394035 3,9647782282090787 0,0002827672893058777 1,8959572159518987 1,927236939275073 -1,9756726085552134 -0,049972262940391955 1,9787044977676562 -2,037322099918869 1,8818825468978015 -0,027015282090646634 3,0549197697069563 -0,9845996656734812 3,959512346137476 3,011082350133126 ), 68,14263197879508
( 0,002394118616622246 3,0496831827014255 3,964392750852117 -0,00030808858600196124 1,8953019838353626 1,9275671657035893 -1,9756499727076404 -0,05049988000110404 1,9792443099898476 -2,0363184290175864 1,8816932925636645 -0,027447414704798646 3,054716070075238 -0,9841646300403629 3,9592709435177933 3,0107298651159597 ), 68,14268536493383
( 0,00196453811071512 3,0497886451992473 3,9648451005367966 2,338298257886031E-05 1,896133562427442 1,9272899907053442 -1,975401439899158 -0,049811396926857106 1,9789768582967835 -2,036662131929074 1,8812261225981077 -0,02725363089334112 3,0551644907045254 -0,9848260046510846 3,9594341592055557 3,011311611611188 ), 68,14271007979595
( 0,001940148180372226 3,050110550503471 3,964804106131956 0,0003131598938745673 1,8959009404227714 1,9273051339940939 -1,9755918361928038 -0,049974185080004146 1,978810737582381 -2,037268461626056 1,8816896274668962 -0,02709830472079 3,05482759120604 -0,9844310102889817 3,959521084276669 3,011046926880415 ), 68,14271910727899
( 0,0018347562281676737 3,0502680797601482 3,9648847181824625 0,00030371998472127217 1,8961848853403682 1,9271868967987076 -1,9755747668883286 -0,04981953375000239 1,9786888522805315 -2,0372711670186883 1,8816852440215812 -0,02702849475046801 3,0550802448019327 -0,9848139474858998 3,9595347216422825 3,0112486862225327 ), 68,14272391699559
( 0,001934708968398795 3,049940758173761 3,964770569337527 0,0002423556632802098 1,8960608866620154 1,927244482452512 -1,9754094008951995 -0,04967179357599508 1,9787525354973254 -2,037034698706926 1,8812920863045308 -0,027086576218352875 3,054860993101949 -0,9846397527628495 3,9594390678983094 3,011145131130732 ), 68,14273147459838
( 0,0019051631143836363 3,0501832679149143 3,9648668914256207 0,0002843872599467336 1,895988977684419 1,9272672579480161 -1,9756268995087758 -0,04996501823727872 1,978816321757122 -2,0372667799875908 1,8817529727413513 -0,027075355035286294 3,0549772894097837 -0,9845643669980322 3,9595430335879667 3,0111555518905915 ), 68,14274950982036
( 0,001958896154401662 3,0499291386046816 3,964872152663542 0,00012597334991094205 1,896016228797689 1,9272952517626207 -1,9755179898283952 -0,04989922752167543 1,9789601870742193 -2,036922288017031 1,8814666592888425 -0,027175943032712764 3,055072510719862 -0,984636834660098 3,959489795015075 3,011248103546444 ), 68,14275650463337
( 0,0019560946727847335 3,0500531704520086 3,9649754958213874 -8,995970296659215E-05 1,8961059285213102 1,9272994921326096 -1,9756734810101597 -0,05017088830589046 1,9791326923201524 -2,0367128620185353 1,881761632111984 -0,027272874674181997 3,055504437444632 -0,9849200079652781 3,9595292049810538 3,011447853704299 ), 68,14278812974379
( 0,0019539144047831516 3,0499440071827624 3,964892144488043 0,00017711578992923605 1,8959464536650463 1,927340336268882 -1,9755674426699037 -0,050023913998157046 1,9790040815720071 -2,037023332898887 1,8815751378666223 -0,027205578908081153 3,0550297908896216 -0,9845099540780369 3,959528249467398 3,011190688773109 ), 68,14279657002047
( 0,001980836653796826 3,0498036016775494 3,9648865509343323 4,467731634243794E-05 1,8960352814680126 1,9273155184744872 -1,9754727407239518 -0,0498942229598502 1,979047218970136 -2,0367505616255555 1,8813401928058995 -0,0272385399401834 3,055140218598842 -0,9846782105041615 3,959472540089763 3,0113008400905357 ), 68,14282249893157
( 0,0020042659056176463 3,0497904721686746 3,9649031354762787 6,178740417912015E-05 1,8959046569056976 1,9273976962671355 -1,9755481723338932 -0,05011528155517077 1,9791573829452815 -2,036805623559283 1,8814963639158682 -0,027314748668000457 3,0551034689785834 -0,9844946177915509 3,9595140444774333 3,011220796590958 ), 68,14283052321635
( 0,001929174432914454 3,049974740351161 3,9649034804349257 0,00023645387600050038 1,8959589245833341 1,927328914352514 -1,9755653274539906 -0,04999118076867096 1,978963880703416 -2,0371158870125314 1,8815824887684183 -0,02717560962261294 3,0549924070827488 -0,9844858881183566 3,9595424580060286 3,011179065425529 ), 68,14283154915418
( 0,0019580826809770286 3,0500450198626807 3,9648782669577995 0,00025841192702894694 1,8958434757516465 1,927357871305939 -1,9756453366415407 -0,05011566301675602 1,978974741005497 -2,0372093685676775 1,8817542345268916 -0,027167631306115086 3,0549220794530796 -0,9843566089639031 3,959559205545999 3,0110963227099328 ), 68,14284170741027
( 0,002096341975155806 3,0495618133906754 3,964836061832785 -0,00018888925032298348 1,8959250889954735 1,9274306139598762 -1,9754527007849205 -0,050113031561198396 1,979292249556279 -2,036331422128429 1,8812540521196741 -0,02745108982653211 3,055239170642184 -0,9846618468321748 3,9594190823717463 3,011286687003687 ), 68,14285503445099
( 0,002121668987052459 3,049573466281553 3,9648202608051837 -0,000137574706770661 1,8957953844370414 1,9274752900922318 -1,9755045716897204 -0,05021714823379637 1,979320552172745 -2,036440398412142 1,8813611863560975 -0,027454342979186433 3,055123538413181 -0,9844706876555728 3,959440677644108 3,011188685614802 ), 68,1428643256342
( 0,0019150105705686862 3,0500797415814027 3,9648899303297487 0,0003143473184409841 1,895923630593811 1,9273145764095123 -1,9756093591198014 -0,04999748991131118 1,9788919434785892 -2,037280763874516 1,8816955367930879 -0,02711480097823869 3,0549129653437306 -0,9844200042275595 3,959560020879743 3,0111232060882664 ), 68,14286554980698
( 0,0019460891288132873 3,050409196431455 3,9648135604165446 0,00036114003002936374 1,8957582871286374 1,927315030730408 -1,9758254422813584 -0,05024099656188376 1,9787980083264567 -2,0375421095282693 1,8821951890490787 -0,027032815162542762 3,0548320989513913 -0,9843090994087854 3,9595892921713536 3,0109708373051265 ), 68,14287469972899
( 0,001910530317761408 3,0501332775988272 3,9649030860240546 0,00032220919910926657 1,895910881932294 1,9273146127482113 -1,975650785950577 -0,05004619836495066 1,9788946643448557 -2,0373266481014993 1,8817847844099893 -0,027106316637425375 3,054931254634968 -0,9844109069164915 3,959577034103641 3,0111234691882327 ), 68,14288093261634
( 0,0019320568737443437 3,0499998060019236 3,9649249791218018 0,00024690590303728867 1,8959178003111608 1,9273443701647912 -1,9756094659363357 -0,05005845700469507 1,978997129110783 -2,037163352299308 1,8816670722213056 -0,027178094278091307 3,0549956846312476 -0,9844277761688646 3,9595654577572756 3,011171616057535 ), 68,14288415780521
( 0,0017899756140905177 3,0503248764349467 3,9647801305335526 0,0004908755816927479 1,896243058721404 1,9270927113067133 -1,9754497504760993 -0,04946065680431685 1,9783930815023314 -2,037501545687328 1,8814796277140973 -0,026849587387314418 3,054792902444624 -0,9847934801367622 3,9594822691846634 3,011141200470127 ), 68,14289000978904
( 0,0019503291994174624 3,049981951046241 3,964931439272318 0,0002142533836990861 1,8958811611882578 1,9273694726496005 -1,9756344391420695 -0,050133086540488696 1,9790541259784955 -2,037124583280768 1,8817080514247668 -0,027212055627112215 3,055020964402195 -0,9843998093062386 3,9595711923625254 3,0111695173588666 ), 68,14289084737842
( 0,0019353674057519215 3,0499435371267967 3,9649423045083565 0,00021285162265580188 1,895937087835182 1,927351367079526 -1,975588212110363 -0,05005162193757961 1,9790397061945468 -2,037089413610332 1,8816080655614718 -0,027206307883598867 3,055039434846067 -0,9844542476962935 3,9595616533919844 3,011207511711224 ), 68,14290249135237
( 0,0020024939382455188 3,0497641542603176 3,964914848007173 9,088419814393365E-05 1,8958767333089614 1,9274111524333148 -1,9755459345280533 -0,05011629812963195 1,97917458992877 -2,036845510831466 1,881483738173686 -0,027314405913393337 3,055064611665693 -0,9844253422827914 3,9595248150536815 3,0112043419875083 ), 68,14290384521192
( 0,0019474832770318504 3,05004028601356 3,9649057684543103 0,0002565209031387122 1,8958559547083578 1,9273564321844385 -1,9756521600583936 -0,05011292397830327 1,9789975017714967 -2,0372157462466185 1,8817567006524538 -0,027166255608982972 3,0549562476723833 -0,9843627747934487 3,959569558635739 3,011126524849211 ), 68,14290525247229
( 0,0018779882758126185 3,0502860525755287 3,9648803996180106 0,0004189607124607047 1,895918115944691 1,9272763848496623 -1,9756883501318356 -0,05001693195420451 1,9787656766559147 -2,037521311597257 1,8819043482414721 -0,027022066641376016 3,054855225163647 -0,9844015920040362 3,9595910858450494 3,0110707439555977 ), 68,14291236151412
( 0,0018854816841610198 3,0499886299802146 3,964982584242994 0,00023920602848796733 1,8960470822366244 1,9273062213727075 -1,9755673134521496 -0,04996520967590838 1,9789860459411583 -2,0371238324466847 1,8815765218483351 -0,027171609628371503 3,0551077470854224 -0,9845714031372061 3,959572924756306 3,0112797027132068 ), 68,14291651680985
( 0,0018658239107587123 3,050267355931569 3,9648641984730526 0,00044172867236207233 1,8959562435494284 1,9272544250244794 -1,9756403335456318 -0,049919498193276436 1,978713668054695 -2,037525903531053 1,8818114895151246 -0,02699670763298153 3,054819442219666 -0,9844305286471979 3,9595739301750057 3,011070741260616 ), 68,14291666702263
( 0,0019391203628212246 3,049969101810564 3,96494527531769 0,00022487131514228713 1,8959042306463423 1,9273605010032162 -1,9756180544999284 -0,05009447420433785 1,9790485442787855 -2,037130389779014 1,8816699847909992 -0,02720291551338631 3,0550258193143076 -0,9844114521651299 3,9595733407793245 3,011188952597209 ), 68,14292303198147
( 0,0019268206666356261 3,049977341164851 3,9649459972417764 0,00024399259094380312 1,895926542463829 1,9273484654658648 -1,9756048412450868 -0,050058073007678276 1,9790214174307952 -2,0371526911908338 1,8816487189416193 -0,027187782524918623 3,055016549837001 -0,9844267749431116 3,959572679458827 3,0111924307120788 ), 68,1429233141484
( 0,0018934430668196957 3,0499506909207317 3,9649521684339954 0,0002562000535716972 1,8960340916150564 1,9273056016561325 -1,9755306518239877 -0,04990857801276482 1,978959320584426 -2,0371236112527313 1,88150144436466 -0,02716071982541699 3,0550385090023546 -0,9845400006671728 3,9595541152041656 3,0112463856570417 ), 68,14292462955657
( 0,0019583817486086 3,0498169383646596 3,964959806916896 0,00011871312189136556 1,8959607944448216 1,9273728579231615 -1,975544675281121 -0,05005519765429553 1,9791362571447126 -2,0368982328913563 1,8814864205343675 -0,0272773050003579 3,055127374168119 -0,9845099781362904 3,959543017505254 3,011269820374535 ), 68,14292804265469
( 0,001969347074351625 3,049797566772043 3,9649493891805547 0,0001233880643805136 1,8959300099622813 1,9273866547725278 -1,9755431916001809 -0,05007104918906416 1,9791469431160325 -2,036899397150151 1,8814824411954567 -0,027286507656672267 3,055094155010626 -0,9844655624776443 3,959541193563723 3,011243941710388 ), 68,14293076199318
( 0,001947613815327748 3,0501978422704723 3,964836110162707 0,00038755844332790274 1,895754530191426 1,9273507096781979 -1,9757139311281742 -0,05014848212302374 1,9788635058886581 -2,0374731961422845 1,881935817827066 -0,027083119945167076 3,0547552804407325 -0,9842095824516102 3,9595819732483726 3,010969879265 ), 68,14294506214344
( 0,0019243871524463737 3,0499648616279313 3,9649573744431126 0,0002405532472209294 1,8959312877785102 1,9273498172739147 -1,9756025570389935 -0,05005521838291581 1,9790352027022287 -2,0371454343168622 1,8816378940038043 -0,027191539199844975 3,055029475659366 -0,9844275226359258 3,9595757495368535 3,0112055419784793 ), 68,14294983038278
( 0,0019388645350628447 3,0499003971202288 3,9649598522748684 0,00020673940022597042 1,8959249986318487 1,9273675111972666 -1,9755827066748124 -0,05006767728523989 1,9790811967664774 -2,0370687762628603 1,8815841910989346 -0,027228055023236542 3,055046116114801 -0,984424505335663 3,9595683543807216 3,0112157726936872 ), 68,142952296817
( 0,0019309004015060506 3,049979795559234 3,9649499900189373 0,0002539998042030318 1,8958975069876889 1,9273602292205345 -1,9756212246044127 -0,050088927156837104 1,9790368273344412 -2,0371783111171937 1,881679814850777 -0,02719089477831216 3,055000392631414 -0,9843825810042428 3,959581468701503 3,011176683704304 ), 68,14295422858092
( 0,0018788178316888414 3,05019265961724 3,9649073348119734 0,0004075849123324836 1,895922670365698 1,9272947762372978 -1,9756528045887605 -0,049999713048684176 1,9788230725012697 -2,0374665283537916 1,8818093538713059 -0,027055320635722052 3,054866787853588 -0,9843774065305995 3,9595933771504046 3,011096187760969 ), 68,14295607976207
( 0,0019593138674055773 3,0498315055259884 3,9649647550966387 0,00015358691191711698 1,8959147441366055 1,9273887475144948 -1,9755699264929496 -0,05009608505644593 1,9791449989736833 -2,0369679659087505 1,881539562165192 -0,027273044126065776 3,055083368089148 -0,9844291802815262 3,959559840076705 3,0112350873595872 ), 68,1429655403035
( 0,0019219234666653393 3,0499204643868585 3,9649786436409813 0,00022013212766010392 1,895950630425613 1,927358563615506 -1,9755867735103538 -0,05005979359161901 1,9790729635120676 -2,037094391559561 1,8815958860344515 -0,027219937131947043 3,0550684365270957 -0,9844462414649596 3,959578634475628 3,011235199639128 ), 68,14296656124415
( 0,0019044222614372519 3,0502320087721913 3,964904797119854 0,0003894267836000837 1,895843154530474 1,9273252207696776 -1,975722763042992 -0,05012999310055154 1,9788718499792493 -2,037486880725703 1,8819502900573981 -0,027075595817540495 3,0548692635669465 -0,9843063213873924 3,9596097563130455 3,011061632048814 ), 68,14297008671477
( 0,001904955899927424 3,04994118628281 3,9650045764506423 0,000203003813220104 1,8960044947359571 1,9273388615820863 -1,9755881817263121 -0,05004074030071122 1,979070993008442 -2,037074090441422 1,8815969253084728 -0,027214258866064395 3,0551395954095595 -0,9845241637418224 3,959583667594598 3,0112895460798335 ), 68,14297041936723
( 0,0019632361519806066 3,0499802436611128 3,964953623032828 0,00020634656573263928 1,8958283183886337 1,9273928814798755 -1,975675751295243 -0,05020730544478759 1,9791118911744836 -2,0371401899197266 1,8817764719112702 -0,027226250223200063 3,0550303446225215 -0,984332417224627 3,9595906650667185 3,0111664175021446 ), 68,14297070515387
( 0,002024003518825737 3,049635335551398 3,964920362735503 2,4633404317899178E-05 1,8958892115013826 1,9274309136456835 -1,9754912939183114 -0,050093646329607146 1,979247414016733 -2,0366899563365455 1,881343578523477 -0,02737039035504767 3,055103814869635 -0,984448871100725 3,959503529943421 3,011241802795379 ), 68,14297626931723
( 0,001927621877809546 3,04988554665316 3,9649902885281887 0,00019141730179727122 1,8959548359908174 1,9273686246248696 -1,9755813467009613 -0,05007613889821396 1,9791112598837493 -2,037041079072153 1,881574141082462 -0,0272455787678646 3,0551031427173037 -0,984458653361014 3,9595779289367234 3,0112561890608336 ), 68,14297989094437
( 0,0018080609929933703 3,050167991309583 3,96507306831935 0,00011487812510798817 1,8963310851290958 1,9271951409721462 -1,9756046669850311 -0,04991283127693033 1,9789400638639434 -2,0369947013925844 1,8816649856205119 -0,027142280142765478 3,05550310124329 -0,985046265629977 3,95958142033306 3,011540447885587 ), 68,14298313022573
( 0,001922650606324679 3,049960359930044 3,9649854512981726 0,0002487367253089007 1,8959052790989754 1,9273722738834969 -1,975628729777149 -0,05012174131173284 1,979080951058347 -2,0371683777500147 1,8816866498154596 -0,027214470628911667 3,055042177216217 -0,9843786222383195 3,959598989301967 3,0112045063321307 ), 68,14299872838743
( 0,0018943918022863446 3,050061594930028 3,9649667069132706 0,0003244125420361239 1,895929359105322 1,9273327886000278 -1,9756362962210812 -0,05005587832998208 1,9789692841201474 -2,0373065068276777 1,8817313507158488 -0,0271404577480732 3,054979407337987 -0,9843885372043292 3,9596027717516264 3,011175090122437 ), 68,14300350276316
( 0,0019278153704149442 3,0498548303615527 3,96499813654187 0,00018626599004377224 1,8959635417524359 1,927368117133317 -1,975564102026916 -0,050052491588404205 1,979122345309314 -2,037018567336756 1,8815301871691767 -0,027249270112687393 3,055107210408808 -0,9844609077401071 3,959575672787353 3,011270764298688 ), 68,14300975599136
( 0,0019145520106696495 3,0499876670492023 3,964985793244764 0,0002646604287477891 1,8959152684534315 1,9273573696160866 -1,9756320978424757 -0,050093919512285166 1,9790538106935798 -2,0372031597375857 1,8816957981346087 -0,02718831489102067 3,0550345566917096 -0,9843870880495222 3,9596001713654285 3,0112078967547373 ), 68,14301335555392
( 0,001927768795355726 3,049895158708502 3,9649984733966153 0,00021016821216771666 1,8959301916395335 1,9273741482835698 -1,975597459380863 -0,05009235232737703 1,979117918487398 -2,037082355391277 1,8816039502562998 -0,02723733859916941 3,0550831616762264 -0,9844139461496509 3,959588941491912 3,011244856378372 ), 68,14302191737437
( 0,0019242203719724716 3,0498504572171767 3,965003665245506 0,0001886421204420234 1,8959699699727188 1,9273664867734164 -1,9755604125723982 -0,05004412227871897 1,9791235391912563 -2,0370198908775694 1,8815209670568258 -0,02724809447182717 3,055111166836425 -0,9844638130505111 3,9595770413669196 3,0112774427751003 ), 68,14302374478244
( 0,001842230629057478 3,050126255406577 3,9649358701430035 0,0004541779439997542 1,8959956545950962 1,9272803515944612 -1,9755789541604545 -0,04988760276691778 1,9787995656144286 -2,03747671677106 1,8816572857774125 -0,027050864263173026 3,054852248488361 -0,9844016926125345 3,9595958993588156 3,0111279813031064 ), 68,1430245152971
( 0,0018715816515095592 3,0499799546348316 3,965011767890497 0,00028497225417324515 1,8960280620582335 1,9273158665530004 -1,975574601261842 -0,049968728532331225 1,9790012806439046 -2,037197530203985 1,8815843197264854 -0,027163227275592255 3,0550781889480514 -0,9845002311808886 3,9595959521911377 3,011273304561116 ), 68,14302460314228
( 0,002142494788044 3,0494685260140972 3,9647870330733443 -0,0001572797141686998 1,895755417228671 1,9274977451208706 -1,975461347821902 -0,05016766353346028 1,9793548125925764 -2,0363861444927642 1,8812465046010174 -0,027469197092974688 3,0550690194256163 -0,9844132353593829 3,9594088504719847 3,0111585589768315 ), 68,14302657039084
( 0,0017559518282018872 3,0505034351170237 3,9649874764497115 0,0006386682045026335 1,8960595566604894 1,9272121139589775 -1,97571624554776 -0,049990463235950605 1,9785988828147256 -2,037857630832325 1,882044402346102 -0,026938934677798017 3,0548439050196303 -0,9844437280458949 3,9596925026162633 3,0111006088779284 ), 68,14302671566782
( 0,0019126120449700816 3,049928365964501 3,9649972883494864 0,00025122970642335303 1,8959369724755097 1,927361875960896 -1,9755983637994334 -0,05006474202204844 1,9790776978651463 -2,037151283749106 1,8816166107335368 -0,02720869693710271 3,0550504910608636 -0,9844017109578713 3,9595947780086838 3,0112309248380114 ), 68,14303430318084
( 0,0019182956061331768 3,050000403044826 3,964994501331333 0,0002753512611109854 1,8958812332783186 1,9273721108820667 -1,9756594925786708 -0,05014452213251134 1,979074954443134 -2,037236737280934 1,8817507640871531 -0,027194311322866583 3,0550247056236035 -0,9843379732315087 3,9596144727203164 3,011191615042754 ), 68,143046935836
( 0,0018765793041513332 3,0501008156163425 3,9649877056983476 0,00035205854389275373 1,895940419803288 1,9273204889697584 -1,975653745998498 -0,05004483805184878 1,9789536369431266 -2,0373695569409582 1,881768207659712 -0,027114051499544798 3,054986151629421 -0,9843863325755878 3,9596180755325423 3,0111880187417968 ), 68,14304805974103
( 0,0018258836738669127 3,0501491348049825 3,965005030868942 0,0004032963064509877 1,8960458036147354 1,927272839825298 -1,975617452493312 -0,04993550194426352 1,97886473640383 -2,0374296702730277 1,881717416418655 -0,027069312854082334 3,0550043250171335 -0,984487368651237 3,959621740659261 3,0112277509847587 ), 68,14304826939278
( 0,0019580840513657525 3,0497861819064136 3,96498192054753 0,00019135892820125203 1,8958776491938802 1,9274145304820067 -1,9755629974830433 -0,0501161482507605 1,9791764232789875 -2,0370082469974142 1,881519377019891 -0,027289336483212804 3,055033088329414 -0,9843343158940964 3,9595766805694277 3,0112090842075476 ), 68,1430483446103
( 0,001789416348002479 3,0500220896441648 3,964944684715217 0,00035898027126115607 1,8963054017695402 1,9271549565665547 -1,9753805051805142 -0,049488523352362604 1,9786874359272941 -2,037210821386457 1,8812347575413715 -0,027002890555039995 3,055029466501831 -0,9848216000540959 3,9595140390739054 3,011346061297493 ), 68,14305494013712
( 0,0018651592170703846 3,050146625276384 3,9649421793528803 0,00040632785570074794 1,895964811932553 1,9272737024064435 -1,9756186238296638 -0,04990568904378648 1,9788325900180412 -2,0374476133233266 1,881712805971863 -0,027032543134532024 3,0548935647159143 -0,9844036934802524 3,9595933476130925 3,0111573836650156 ), 68,14305900647764
( 0,0017969415783888896 3,0504221017817246 3,964910012979636 0,0005405112506895986 1,8960334478963952 1,927202616003046 -1,975678829281396 -0,04987579835708592 1,9786127103430706 -2,0377245496271077 1,8819226282803492 -0,02691593974584293 3,0548398065357336 -0,9844845049027966 3,9596149192071683 3,0111005045959827 ), 68,14305913797543
( 0,0019938468721540153 3,049613391000283 3,964945463478021 2,8252132658040694E-05 1,8959625591789384 1,9274058541176478 -1,9754540316586948 -0,05000187888895961 1,9792332061383402 -2,0366790866065196 1,8812585628556646 -0,027353579965671004 3,0551483964514143 -0,9845214159568996 3,959499155039769 3,0112984369818636 ), 68,1430602493223
( 0,0019677512086870154 3,049841453891797 3,9649914118082528 0,000173426540350336 1,8958409531621545 1,927422121162475 -1,9756242316389538 -0,050196760020071875 1,9792036059518858 -2,037032303285007 1,881640272380155 -0,027287470837791296 3,0550664150406193 -0,9843169428558228 3,959591525315409 3,0112093939707143 ), 68,14306188876571
( 0,0018557211434591333 3,050253664394913 3,9649815081494646 0,0004025446346111041 1,8959361773342498 1,9272938072322805 -1,9757216895893837 -0,05007626119003423 1,9788778221133656 -2,0375155443060864 1,8819365023768633 -0,02705380078712939 3,054974035441037 -0,9843929073758709 3,9596378440436064 3,0111625206368853 ), 68,14306747697937
( 0,001900419521326778 3,04998681654029 3,96501289917126 0,00029224445922334174 1,895914901987453 1,9273629566307786 -1,9756387683477308 -0,05010381202376438 1,9790670043339722 -2,0372473045354775 1,8817072064600702 -0,027188316513558117 3,055033686788096 -0,9843563446890105 3,959619112212869 3,0112138606633665 ), 68,14307812218595
( 0,0018902730411308208 3,0500947962328544 3,9649715485958854 0,00035792261559127635 1,8959056837108557 1,9273227676814 -1,9756557591989845 -0,050034223263561016 1,9789489648060548 -2,037384328791715 1,8817657819511857 -0,027099360058767997 3,0549427076414553 -0,9843417891180292 3,959611758414415 3,011164188045012 ), 68,14307857534942
( 0,0017507503576974488 3,050027285621374 3,9651036563055744 0,0003924056188903983 1,896287932594413 1,92722558268087 -1,9754755408168243 -0,04975041254631241 1,9788627743842238 -2,0372839609042876 1,8814235500822873 -0,027107868171050504 3,055166971101367 -0,9847254166209573 3,959627294975614 3,0114077109935806 ), 68,14308449351834
( 0,0019318998500998349 3,0498032936361574 3,9650322630581165 0,00015893777803178735 1,895957658772701 1,9273887222950539 -1,9755667092583984 -0,05009008261453112 1,9791933353293396 -2,036969805279866 1,881515130477267 -0,027285574693174802 3,0551543480133523 -0,984447056818776 3,959587380351693 3,011302928411283 ), 68,14308481228782
( 0,0019774700077056537 3,0496602664832313 3,9650136036858403 4,228788245244182E-05 1,8959548329431426 1,9274185172672742 -1,9755159133895164 -0,05010205855524658 1,9792874547639459 -2,0367373131952533 1,8813807178403368 -0,027367109490505952 3,0552146382828154 -0,9844938908139136 3,9595489262484187 3,0113348416961583 ), 68,14309789030165
( 0,0018624237064599545 3,050219578780778 3,964858454881657 0,0005104932537495403 1,895909666493924 1,9272665007365029 -1,9756144607378123 -0,04986749267872631 1,9787026477382823 -2,0376138029981337 1,8817488772735729 -0,026972766123758 3,054703880995267 -0,9843063569205102 3,959577779600291 3,0110196656295813 ), 68,14310067529024
( 0,0018608124417254465 3,049907943287956 3,9650799419718745 0,00022003637335983193 1,8960883762673115 1,9273239492100045 -1,9755609563698302 -0,049984377145961885 1,9790970830308912 -2,037078206244724 1,8815263808744975 -0,02721666911713148 3,055219926585153 -0,9845796279446074 3,9596090587454325 3,0113776558716188 ), 68,1431022258498
( 0,001945037124049494 3,0498278808517316 3,965017977822779 0,00021065124557406782 1,8958654506745198 1,9274199595177353 -1,9756071297000612 -0,05016969599607333 1,979199320576072 -2,037072048494135 1,881606996362068 -0,027284375419806967 3,055059844753045 -0,9843057914706932 3,95960611957162 3,0112213700653028 ), 68,1431106737209
( 0,0020911780776918074 3,0494437523822615 3,9649215807603797 -0,0001797975844286034 1,8958880397604265 1,9274826166831822 -1,9754525497683904 -0,05017789299822293 1,9794318460724496 -2,036322491180368 1,8812125798414039 -0,027512074569647448 3,0552674719876802 -0,9845434078099143 3,959462210901217 3,0113231568392234 ), 68,14311595145291
( 0,0021010982036068224 3,049630520949436 3,964937661218371 -7,634472964044364E-05 1,8957028019746383 1,9275175475069881 -1,9756305829561065 -0,050388645827898 1,9794418804245428 -2,0366255853063238 1,8815871059678753 -0,02745380206536348 3,0551610049476414 -0,9842881500687342 3,9595335906929825 3,011209358179478 ), 68,1431173532117
( 0,0019458187888201264 3,049762363360625 3,9650540065092685 0,00012596155467369872 1,8959317486946223 1,927414570469581 -1,9755808801098484 -0,05015171308200365 1,979264551273156 -2,036920045363233 1,881526799880109 -0,027324674886446947 3,0551908171042244 -0,9844202204118429 3,959596797457651 3,0113181005751324 ), 68,14313884393856
( 0,0018278718906135287 3,050408395670615 3,9649359417774113 0,0005292937070993666 1,895915454028354 1,927262862095551 -1,9757542506911454 -0,050048709835905744 1,9787251678882012 -2,0377487541190105 1,88205674949151 -0,02696424277772052 3,0548332589925513 -0,9843342512561105 3,959649332446857 3,011063145437333 ), 68,14314097123821
( 0,001803626277611419 3,0501442615615018 3,9650907533991346 0,00032509965906455973 1,8961331438985995 1,9272510486704402 -1,9756374299534702 -0,049932170856369945 1,978943231003481 -2,0373364047324305 1,8817210326646525 -0,02708180268644016 3,0552043613969535 -0,9846254063063351 3,9596400016778293 3,011377299901176 ), 68,143150532287
( 0,0019009245540686061 3,0498614374577144 3,965071580340435 0,00022052507919403407 1,8959610355074918 1,9273819138976063 -1,9755997173779176 -0,0501024806240553 1,9791790799114686 -2,037093541746466 1,8815888402993468 -0,02725568258434075 3,055149442796811 -0,9844094839542106 3,9596219914265363 3,011307646509215 ), 68,14316259585527
( 0,0018423726433234662 3,050030184615149 3,964879773855921 0,0005202619975630359 1,8959961297749641 1,9272642942749707 -1,9754712413754505 -0,04969778934189494 1,9787170538580856 -2,037503351188412 1,881435327006648 -0,02700617416801324 3,054684373515814 -0,9843388196089147 3,959555269495491 3,011068371607411 ), 68,14316584887601
( 0,0018279346781571424 3,0500241859308264 3,9651165744000507 0,0002357725278245098 1,8961382130523083 1,9272790904570272 -1,9756106693305748 -0,049958436135417776 1,9790545044935215 -2,0371658656741625 1,8816291510247516 -0,027152150108992513 3,0552908333675672 -0,9846535859132775 3,9596298206292784 3,0114360357529653 ), 68,14317506082843
( 0,0019235012972896816 3,049801957216236 3,9650677200687254 0,0001813482787632089 1,8959357848198444 1,9274034795399715 -1,9755906297456378 -0,05012961815327385 1,9792304567459993 -2,0370183664199497 1,8815546478900462 -0,02729095670937414 3,055158872799622 -0,9843906478941997 3,959613424982748 3,011308397160155 ), 68,14317635333497
( 0,0018506861706935704 3,049878844384368 3,964912856583152 0,0004461950359681962 1,896043659812709 1,9272804151601708 -1,975403418622912 -0,04965813644165051 1,978809088207405 -2,037324253549232 1,8812603366517522 -0,027071888358193925 3,0547671599368176 -0,9843956063723128 3,9595400825795175 3,0111454150714327 ), 68,14318191488985
( 0,0018633715480405831 3,049985796958727 3,9650765892588433 0,0003190033803063101 1,8959685153933759 1,9273522078065126 -1,9756359693982921 -0,05007961613754355 1,9790843965318319 -2,037285935617205 1,8816929286625348 -0,02718259813091571 3,0550903128348263 -0,9843809431129872 3,9596481907306975 3,01127502454824 ), 68,14318382624927
( 0,0019068367862252948 3,049769302566851 3,9650750778391544 0,00018372030808990733 1,8959929469179122 1,9273849802509464 -1,9755444675225966 -0,05004913764270031 1,9792097023115813 -2,0369891010340666 1,8814590120833004 -0,02728471174131266 3,05517378159381 -0,9844467974113822 3,959603159569048 3,0113414386635213 ), 68,1431910039217
( 0,0019256413198235625 3,0498168943206263 3,965059602026142 0,00022230755987909842 1,8958918326787209 1,9274148985214647 -1,9756053122981316 -0,05015145473253232 1,9792197799999587 -2,0370900065551254 1,881591274550396 -0,027280144661206707 3,0550948249273944 -0,9843121877853338 3,959623288642759 3,01126262655354 ), 68,14319804722128
( 0,0020014333587869827 3,049701243926255 3,965055241404834 4,0164575475290986E-05 1,8958330316823322 1,9274693158026885 -1,975626771968863 -0,050295022095739314 1,979394082793056 -2,036809167755343 1,8815892185794039 -0,027393796103961733 3,0552281665670784 -0,9843439073286282 3,959597413479978 3,011309082819966 ), 68,14321323723584
( 0,001841247531065654 3,049900237086139 3,9651198637400107 0,0002748323936577527 1,8960763169592414 1,9273317693572134 -1,9755671074343948 -0,049983979003426444 1,9791123611835582 -2,0371627516256194 1,8815318717739191 -0,027206446055968447 3,055193214562338 -0,9845069026068302 3,9596383652403295 3,0113785090807395 ), 68,14322229376255
( 0,001829053970705756 3,050129049284148 3,9650551274707664 0,0004312330611934859 1,8959667152154915 1,9273086397881367 -1,9756673506334435 -0,05001270066543351 1,978949064243732 -2,037507894390087 1,8817897575437494 -0,027076567951987453 3,0549883092605628 -0,9843446274307109 3,9596607977657574 3,011220447571333 ), 68,14325197058514
( 0,0019576675315704137 3,0502757933519047 3,964906440500161 0,00042528274247034977 1,8955882608573047 1,927442899006868 -1,9758834672692585 -0,05048465364975375 1,9790145334985496 -2,037634866551639 1,8822781381408422 -0,027148215135936363 3,054768614063513 -0,9839772414376912 3,959673030491763 3,010904321345559 ), 68,1432568852092
( 0,0018379970441626057 3,049929318966194 3,965111535206581 0,00035467976341726934 1,896006283837436 1,9273543217223255 -1,9755933483444106 -0,050030948314970736 1,9790941385458558 -2,037298438125426 1,8816013956907411 -0,027193114736675628 3,0550854349750116 -0,9843710904495194 3,9596608806510996 3,011298152699549 ), 68,14326060873243
( 0,0017995322216145732 3,049898303096642 3,965158652953549 0,0002783192048678468 1,896190975373302 1,927292793924686 -1,9755238563885908 -0,04988508035720757 1,9790806097174856 -2,0371412883519073 1,8814457305828975 -0,027190478324990063 3,055270815751729 -0,9846329877541146 3,959639909394625 3,0114614870376477 ), 68,14326816919618
( 0,0018371918392228645 3,050284500786512 3,9649271948137934 0,000579383207231936 1,8958664143996518 1,9272870068420704 -1,9756895516058623 -0,04997227856392032 1,9787423893892695 -2,037768511588963 1,8819038286517926 -0,02696640891557505 3,054707017729131 -0,9841980585415345 3,959640842474987 3,0110163439437265 ), 68,14327817325065
( 0,001828381311133479 3,0500982669770256 3,965101042398981 0,0004077164115309853 1,8959625379298448 1,9273343254772872 -1,9756867396487983 -0,05009033569594578 1,9790274692356749 -2,0374711743893212 1,881816667512803 -0,027123867535417658 3,0550534440852806 -0,984333047863481 3,9596849538819536 3,0112545210596173 ), 68,14328403087111
( 0,0019229600765781729 3,049685438921642 3,9651573030023517 2,799378874040882E-05 1,8960529208236883 1,9273796486204382 -1,9755526393637735 -0,05005556205744899 1,9793596539971205 -2,0367632961111775 1,8814056402687036 -0,02733116781559406 3,0554093173485897 -0,9845857174545445 3,9596024355038844 3,0115172673228443 ), 68,1433719137027
Liczba wywołań funkcji celu: 9748
