Iteracja nr: 73
( 0,0021822971407817315 3,049897529533667 3,964056432990677 -0,00041636788806245014 1,896514788994123 1,927799675447877 -1,9750815264049881 -0,05183750646427872 1,9786727734233305 -2,034975857061792 1,8816209413445637 -0,028850554718264542 3,0553251843722133 -0,9859709044683326 3,959259898116454 3,0103694553965537 ), 68,13946002097138
( 0,002185822212787383 3,0499032972420177 3,964051824205519 -0,0004224139951725002 1,8965108410060094 1,9278025018724798 -1,9750866628240753 -0,051853753470178565 1,9786742542594455 -2,0349684780940067 1,8816348211008402 -0,028856580251065415 3,0553285425040166 -0,98597413373008 3,9592591209088814 3,0103646055782725 ), 68,13946206753687
( 0,0021823446733583132 3,0498997798113034 3,9640689572359418 -0,0004109193779595504 1,8964994817759266 1,9278140582501244 -1,975097196095389 -0,051884957853594794 1,9786951165539415 -2,034987432401246 1,8816555818618488 -0,02886806951538076 3,0553300100446443 -0,985944663912379 3,9592733828665523 3,010362988217148 ), 68,1394627940187
( 0,00217795080790086 3,0498956348686055 3,964074138236531 -0,00040709245323293476 1,8965080911020145 1,9278110389420622 -1,9750917189680768 -0,05187208240711054 1,978693386299686 -2,03498988387514 1,8816429422157654 -0,0288651964299834 3,055332593428609 -0,985949327663464 3,9592743540578796 3,0103700212263433 ), 68,13946281017594
( 0,002188051301612322 3,049908268017588 3,9640662424581086 -0,00041128576021312975 1,896478876081274 1,927815329194264 -1,975110936936586 -0,05189156965152571 1,978699579263186 -2,0350026463565314 1,8816777884162754 -0,028858316954910493 3,055320810825996 -0,9859227312774477 3,95927389599561 3,010356228579273 ), 68,13946325899705
( 0,0021808257791503466 3,049902326512616 3,964070079551568 -0,00041380088706142543 1,89650724688061 1,9278185541155897 -1,9750971006789309 -0,051906678411699915 1,978697416897319 -2,034975624541047 1,8816636676874174 -0,02888345555091296 3,0553410899740725 -0,9859573229689942 3,959276095026269 3,010361937403923 ), 68,13946329022941
( 0,002162966553686868 3,0498707563113965 3,964108678850114 -0,0003789059552440364 1,896512337921935 1,9278205848976369 -1,9750859346217617 -0,05187532989004491 1,9787172611615667 -2,0350205696336934 1,881625671440586 -0,02887444463553678 3,055331919081122 -0,9859138053539577 3,9592947057997385 3,0103819241491103 ), 68,13946361651118
( 0,002199310063755691 3,049923749798394 3,96404468683195 -0,0004272984015177116 1,8964677293129146 1,9278117256937453 -1,975118470452591 -0,05189451964785411 1,978688274075338 -2,034989297800545 1,8816948922404824 -0,028851650915578696 3,055315996458294 -0,9859330935765203 3,9592623984244413 3,010344876072831 ), 68,13946364545144
( 0,0021828050641247974 3,049903753981253 3,9640713264553824 -0,00040829284695930845 1,8964915204141153 1,9278107668920936 -1,9751032802944084 -0,051874504797754135 1,9786959019691954 -2,0350024393666417 1,88166097340426 -0,028854966672030607 3,0553255496642198 -0,9859329511222872 3,959273972629907 3,010365516360131 ), 68,13946372583166
( 0,002174100565708733 3,049889649187301 3,9640903627203765 -0,00039759416910852577 1,8965024491910847 1,92782853508902 -1,9750990905273584 -0,05192371166030143 1,9787166360407178 -2,034995076054118 1,8816657091060647 -0,028893694048020006 3,0553397382698586 -0,9859283897306754 3,9592902604020215 3,0103640350362584 ), 68,13946379165728
( 0,0021950133743762266 3,049917302626458 3,96403812136672 -0,0004340443072666979 1,89649699530357 1,9278029767748857 -1,9750979860841218 -0,051868051467920034 1,9786713434529202 -2,034962141429264 1,8816592167278468 -0,028854422200373694 3,0553262273318174 -0,9859748080765383 3,959253523525198 3,010354354814869 ), 68,13946387272539
( 0,002182650727352871 3,049901154050626 3,9640720508557745 -0,0004094103586971001 1,8964941505764044 1,9278171033797258 -1,9751021640828756 -0,05189522036040652 1,97870064351673 -2,0349924322947714 1,8816653067396774 -0,028870294837031574 3,0553303330599437 -0,9859363453992271 3,959276630337796 3,0103615085116253 ), 68,13946395238438
( 0,002182917586434859 3,049904184422496 3,964072062373519 -0,00040861983165780316 1,896491034965687 1,927813245705939 -1,975104620553682 -0,05188363779837493 1,9786984092981796 -2,035000587691131 1,881665716516974 -0,02885994523738945 3,0553275189893387 -0,9859326045034521 3,959275477829538 3,0103639756388034 ), 68,13946402845845
( 0,0021771166877715092 3,0498988271686933 3,9640814041613064 -0,000402530813713192 1,8964997462957367 1,9278137605815056 -1,9751003904575481 -0,051881541608142775 1,9787015438368112 -2,035004083754278 1,8816574800482595 -0,028863409262493735 3,055332684536214 -0,9859340399584335 3,9592801405740765 3,010370577401488 ), 68,13946404860518
( 0,0021822193502315022 3,049902506649719 3,964073932887063 -0,00040719658162340826 1,896491122238185 1,9278144729449158 -1,9751043208200378 -0,05188594979760794 1,9787003096658147 -2,0350014135235384 1,881665352402479 -0,028861882632172046 3,0553276708192723 -0,9859305080031896 3,9592768306371338 3,0103640405517997 ), 68,13946409634033
( 0,002176291558127402 3,0498948100673338 3,9640868325905307 -0,0003985325668532469 1,8964958819946633 1,9278205733312035 -1,9751025181493025 -0,05189922375339618 1,9787104821991972 -2,035006513578816 1,8816639719559956 -0,028873399419339883 3,05533273538005 -0,985923310001992 3,9592856437159942 3,010367277700667 ), 68,13946422631635
( 0,0021830108347741 3,049905696526334 3,9640713116091586 -0,00041014999788982503 1,8964926271821456 1,9278136598497697 -1,9751048802613276 -0,05188755886065675 1,978698045928795 -2,0349973806233455 1,881667967143012 -0,02886245632220451 3,0553300395823784 -0,9859365474189018 3,9592753782134444 3,010363692955819 ), 68,13946424612963
( 0,0021724910458657664 3,0498894648678982 3,964096942919881 -0,0003907602418371993 1,8964951882804437 1,9278250690769354 -1,9751032901441756 -0,051907622366645166 1,9787191780911262 -2,035015468359446 1,8816651419472707 -0,028878714269470095 3,0553334861212673 -0,985911553533948 3,9592926319037725 3,0103690017811657 ), 68,13946441073665
( 0,0021701955946904555 3,049887688796684 3,9640937608247078 -0,00039397298052676615 1,8965094269199538 1,9278182495012757 -1,9750937215768978 -0,051887203085968656 1,9787090919981232 -2,0350053571910465 1,881646334802791 -0,02887461371085761 3,055337914156708 -0,9859321056333861 3,9592873926485774 3,0103757967464277 ), 68,13946443650386
( 0,0021836290131158867 3,0499051589308 3,9640719534333204 -0,00041052165906773166 1,8964909367627782 1,9278184706058106 -1,975106543647446 -0,05190346216781305 1,9787025313472644 -2,0349936601840164 1,8816749191579745 -0,0288716290147198 3,05533187759859 -0,9859345509840632 3,9592777194121886 3,0103599134991557 ), 68,13946448735221
( 0,002186816693062088 3,049909011105865 3,9640666895678573 -0,0004108169372692051 1,896481602531781 1,9278092865178402 -1,9751092506526098 -0,05187207152359746 1,9786948635144281 -2,0350075925294333 1,8816696030759201 -0,028846970018114673 3,0553200482605947 -0,9859255943541261 3,959271559704251 3,0103621923320443 ), 68,13946450195355
( 0,0021854812059143194 3,049908926893529 3,9640711041023664 -0,00040889614598492425 1,8964814384860627 1,927813809100655 -1,9751116701459261 -0,051887498350754124 1,978700681340868 -2,0350080582544146 1,8816774079640592 -0,028855357436049323 3,0553239465921016 -0,9859226224554498 3,95927597079996 3,0103611008903552 ), 68,13946454426456
( 0,0021844716250970938 3,0499073456684314 3,9640728375055683 -0,00040851638251054504 1,8964840844521602 1,9278164213900333 -1,975110652649366 -0,05189585735611933 1,9787029907121392 -2,035004392510373 1,8816782230710627 -0,028862227261224116 3,055327023798129 -0,9859246945301887 3,959277790904389 3,0103605729443723 ), 68,13946455477638
( 0,0021859656006167796 3,0499079082968854 3,9640700921204517 -0,00041089126061455433 1,8964834100411052 1,9278179519110163 -1,9751108291693513 -0,05190208545491434 1,9787029480230236 -2,0349992626870197 1,8816807826839121 -0,028866140651298826 3,0553273962434226 -0,9859268509989898 3,959276951025427 3,0103577092564873 ), 68,13946463981688
( 0,0021706040540275923 3,049888092956207 3,964097633542591 -0,0003914910079112648 1,8965026868752948 1,9278243512449469 -1,9750993642976789 -0,0519063636759562 1,9787173368441138 -2,0350096551933574 1,881659432386646 -0,028882067892355003 3,055338050480888 -0,9859208422752971 3,9592923654432397 3,010371670687067 ), 68,13946464382575
( 0,0021781113940658662 3,0498979189663826 3,9640858249175315 -0,0003981386941013478 1,896488440912247 1,9278184288552593 -1,9751069419102993 -0,051892419726852566 1,9787101385496761 -2,0350151531878304 1,8816683324787624 -0,028864164909357826 3,055327797542096 -0,9859148802293386 3,9592847043186303 3,010366936711774 ), 68,13946464857408
( 0,002180721780407025 3,0499023968614845 3,9640792494503203 -0,0004055046229592631 1,896491371681506 1,9278214250336307 -1,9751074294923916 -0,051910131535289956 1,978708452284151 -2,034999443292723 1,881676806397421 -0,02887565764318882 3,0553338640013705 -0,9859280398300467 3,959282747352371 3,0103617083408825 ), 68,1394646746081
( 0,0021769344395805323 3,049897283957519 3,9640904323840696 -0,0003951026449029607 1,8964863607657987 1,9278220874036596 -1,975109588935248 -0,05190330931310612 1,978715726240671 -2,0350190750641404 1,8816746970931657 -0,028869111864128005 3,055329114218611 -0,9859083539103873 3,9592888525305328 3,010366095269723 ), 68,13946469218764
( 0,0021883646348789454 3,0499097474494516 3,9640667967256986 -0,0004109493834640333 1,8964762173498575 1,927813264857872 -1,9751129528468938 -0,051885111961768406 1,9786993072876262 -2,035007854413747 1,8816785936266627 -0,0288520419707427 3,055319336222517 -0,9859193145253964 3,959273485455965 3,010358004401996 ), 68,13946472747159
( 0,0021778448996052197 3,0498987517598106 3,964080694983462 -0,00040536204063700373 1,896501485222936 1,927820072467663 -1,975100950646264 -0,05190492182633689 1,9787058461810516 -2,034992900273482 1,8816657785504312 -0,028878896991068295 3,055338441261624 -0,9859389277340441 3,9592823002212687 3,010365761798917 ), 68,139464743118
( 0,0021802813233863824 3,0498969689005735 3,9640789118901543 -0,0004045873120432593 1,8964935693145661 1,9278205850049328 -1,9751026120295394 -0,0519020503504746 1,9787071983102078 -2,0349973885661683 1,8816660790428208 -0,02887482972873088 3,0553312063289018 -0,9859284133114581 3,9592814045405404 3,0103625635183944 ), 68,13946477034646
( 0,0021796562888554303 3,049900343484762 3,9640819737961204 -0,00040181536470137395 1,8964892166410765 1,927818315309378 -1,9751070879881847 -0,051895594672034855 1,9787079878365046 -2,035009122185586 1,8816706638169718 -0,028866101915710467 3,055329342836007 -0,9859207568513719 3,95928274667974 3,0103651869147994 ), 68,13946478425183
( 0,002181289766784272 3,049902831909837 3,9640791539504026 -0,00040401287632585664 1,8964871847157285 1,9278180968093666 -1,9751086890543639 -0,05189719480180765 1,978706853649341 -2,035007610538652 1,881674228140866 -0,028865447216357226 3,0553288063736184 -0,985921631601481 3,959281418730629 3,0103634045517227 ), 68,13946478441666
( 0,0021697265944189336 3,0498849984533063 3,9640992081998374 -0,00039061014433856123 1,8965047915359399 1,9278267708135024 -1,9750974551518268 -0,0519121643499632 1,978719533224042 -2,0350064765535376 1,8816577010086348 -0,02888799194539169 3,055339470529067 -0,985921401091234 3,9592938222652734 3,010371028146445 ), 68,13946482395833
( 0,002173472638797982 3,0498916844375197 3,964093546116056 -0,00039402525963752025 1,8964970446852112 1,9278230478037344 -1,9751026215350833 -0,05190421252776317 1,9787156648222504 -2,0350111464232357 1,8816642123109804 -0,02887707405925551 3,055334748523304 -0,9859181604293197 3,959290047572925 3,010369362222923 ), 68,13946485004557
( 0,0021819691150050825 3,049903624513876 3,964077635740327 -0,0004056653865902427 1,8964876034437408 1,9278189471668308 -1,9751087928428888 -0,051901501872081875 1,978706666494413 -2,0350039782743967 1,8816761379111038 -0,028868246914547382 3,0553299860481955 -0,9859242376416519 3,959281000989147 3,0103620250688397 ), 68,13946486191959
( 0,0021804366933101385 3,049901653850729 3,9640825965301256 -0,00039902119296227707 1,8964819245858402 1,9278141881408921 -1,9751102061763066 -0,051879422087785614 1,9787067606594038 -2,035022631368389 1,8816696120079295 -0,028851757286714675 3,055321978219579 -0,98590944246702 3,9592816967051303 3,010367165975489 ), 68,13946491608539
( 0,00219003813914988 3,04991154682334 3,9640647025100506 -0,0004120856917672324 1,8964724512367528 1,9278129501471468 -1,9751150209179453 -0,05188486986714489 1,9786988955342546 -2,035009093234345 1,8816817893294702 -0,02884962785525047 3,0553171350411703 -0,9859167183282905 3,959272466471223 3,0103563195190763 ), 68,13946493438627
( 0,00217745796977716 3,0498984510039207 3,96408511841737 -0,00040020576882190067 1,8964935765865616 1,9278186592517146 -1,9751050871517526 -0,0518959934501245 1,97870890879578 -2,0350085305413 1,8816675162188579 -0,02886866899354119 3,0553323371974126 -0,9859233544340553 3,9592843310403074 3,010367647971998 ), 68,1394649942066
( 0,0021769579248990777 3,0498961799944873 3,9640874964018225 -0,0003989942176220838 1,8964933492289366 1,9278234481046104 -1,9751054516449347 -0,05191012510972043 1,9787138204868304 -2,035005936306338 1,8816715778858035 -0,028877983659975036 3,055334229746404 -0,9859208372019033 3,9592874192175262 3,010365038203326 ), 68,13946500064905
( 0,002178618332051643 3,0498997517125654 3,964083780913753 -0,0004010761467874761 1,8964910268975763 1,9278190777835635 -1,9751067032267593 -0,0518981513862692 1,9787091417546872 -2,035008717606567 1,881670737498319 -0,028868406073238127 3,055331319606833 -0,9859217053905587 3,95928396868485 3,0103660417846996 ), 68,1394650124285
( 0,002177640527269859 3,0498988088706502 3,9640967027711 -0,0003874531601693979 1,8964700661520755 1,9278233465488506 -1,9751194188404864 -0,051902241229857246 1,978723394212455 -2,0350429832101664 1,8816866061991966 -0,02885832311530965 3,055319510520788 -0,9858804122609646 3,9592935662126516 3,0103647950473307 ), 68,13946501922102
( 0,0021755684963276696 3,0498946450845246 3,9640891893828925 -0,00039735486833426917 1,8964954722914669 1,9278213795622512 -1,9751036064383913 -0,05190163541099749 1,9787126329390172 -2,035008676138193 1,8816658844387741 -0,028874164361912872 3,0553337871798627 -0,985921081380594 3,95928725597012 3,0103680775832973 ), 68,13946506445427
( 0,002178847217315349 3,0498992848009054 3,9640836723913044 -0,0004015418656321471 1,896491113196722 1,9278208797971093 -1,9751067434294518 -0,05190413463566302 1,9787104780386702 -2,035006109197315 1,8816725508160375 -0,02887243662379916 3,055332293744711 -0,985922145467047 3,959284595977812 3,0103645824706957 ), 68,13946510805408
( 0,0021756497474413857 3,0498943080563468 3,964088489167748 -0,0003988154386699066 1,8964976998198892 1,9278236289055946 -1,9751027582119178 -0,051910234899887046 1,9787134957302959 -2,035002610066548 1,8816675755993202 -0,02888090614689645 3,055336615431132 -0,9859252447783211 3,9592877143380796 3,0103663955585906 ), 68,1394651084208
( 0,002177478056600949 3,049897634126213 3,9640864244764096 -0,000399409265387905 1,8964920818951656 1,9278211554051705 -1,9751061361940823 -0,05190327207600196 1,9787118644409973 -2,0350085595270175 1,8816707732584674 -0,028872590906023936 3,0553326312679543 -0,9859202793247496 3,959286044332417 3,0103660687151588 ), 68,13946513841165
( 0,0021800225395240624 3,0499002198189245 3,9640793820666027 -0,00040386358364313124 1,896491949078679 1,9278160806335278 -1,9751046444786382 -0,051888984911635315 1,9787044518476173 -2,0350053432464703 1,8816655597729341 -0,028864017205276326 3,0553295242073624 -0,9859264910637898 3,959280215717514 3,010366227294744 ), 68,13946513946227
( 0,0021810124779788006 3,049903023731664 3,964081013829081 -0,0004026615084825388 1,8964852467399187 1,9278187740593222 -1,9751103883526837 -0,05189890725308881 1,9787088559599457 -2,035011090535565 1,8816768341127588 -0,028864999688328487 3,0553284802773173 -0,9859176230164616 3,9592828099177613 3,0103635637198307 ), 68,13946514491937
( 0,002179135158586615 3,0498985039373006 3,964078486022897 -0,00040446897185246976 1,896496791373475 1,9278137639860895 -1,9751006879538187 -0,05188077051053088 1,9787010958099818 -2,0350021461356422 1,8816574336827032 -0,028862417805641655 3,055330246039326 -0,9859326832478058 3,9592783971492165 3,0103685839488428 ), 68,13946514628397
( 0,0021707556029970415 3,049886536943771 3,964097462804947 -0,0003897845247945176 1,8965002264963344 1,9278198467450356 -1,9750983475109611 -0,05188778972563284 1,9787145238202901 -2,0350171139487707 1,8816514108733404 -0,028870311171205892 3,0553323303359243 -0,9859157635990189 3,9592901608363382 3,0103746912925184 ), 68,1394651816769
( 0,002179025591131772 3,0498978734766107 3,9640768381022444 -0,00040549023629913894 1,8964995338101245 1,9278114580014731 -1,975098110996053 -0,05187312113889782 1,9786978677661136 -2,034999985053503 1,8816516142837758 -0,02885975318738916 3,055330016880859 -0,9859371565752335 3,95927633706576 3,0103700921792194 ), 68,13946527776395
( 0,002178560127588926 3,0498990509740778 3,964085011273412 -0,0004005404853420675 1,8964901186184526 1,9278214488708296 -1,9751075604303792 -0,05190538275713102 1,9787118724042845 -2,0350081307576815 1,881673792607911 -0,028872524663389836 3,055332124304754 -0,9859196256007889 3,9592855781381906 3,010364694393728 ), 68,13946530528503
( 0,0021833236617459202 3,0499060201299857 3,9640755107333616 -0,0004077436841264447 1,8964859557642295 1,9278190360107912 -1,9751105265507234 -0,05190425792699173 1,9787061681067355 -2,0350023761337126 1,8816801556760612 -0,028868349160791732 3,055330278934687 -0,9859252549879776 3,959280144892756 3,0103605930755664 ), 68,13946533904573
( 0,0021735189847178057 3,049888729561741 3,9640837435553453 -0,00040522002575076835 1,8965180915251336 1,9278250569943804 -1,9750894068400526 -0,05191745712182608 1,9787073866592897 -2,0349738566437465 1,8816517997551256 -0,028899373536609888 3,055347985523179 -0,9859556953245211 3,959284465612308 3,0103669054395237 ), 68,13946536023818
( 0,002176220964789085 3,0498950956122557 3,9640889274517708 -0,0003986855532240365 1,8964950752928436 1,9278252889085548 -1,9751049151543376 -0,051916027830324354 1,9787156600627436 -2,035003629043594 1,8816723634362034 -0,028882688187746922 3,0553364942566117 -0,9859220301539287 3,959288809169321 3,010364819816984 ), 68,13946539328194
( 0,002180137971545484 3,049893308064201 3,964077497307354 -0,0003993097192149776 1,8964885370615387 1,927805181886933 -1,975098230525416 -0,05184118331410774 1,9786956736527284 -2,035020008296028 1,8816393264370752 -0,02883722022264718 3,055313908557278 -0,9859165542456089 3,9592737298071703 3,0103726024017563 ), 68,13946539770286
( 0,002183615518973993 3,049906373788819 3,964077073176878 -0,00040465145046306356 1,8964797902181383 1,9278162480000685 -1,9751131436845275 -0,05189212493275668 1,9787062187419413 -2,0350142689653103 1,881679398400377 -0,028857332697975205 3,055324251694442 -0,9859145692807265 3,9592800381481004 3,0103622869009246 ), 68,13946540687822
( 0,002171211469992625 3,04988233922061 3,964082529290945 -0,0004072015956382341 1,896531725227369 1,927826975823853 -1,9750793847543815 -0,05192230995945293 1,9787048066652528 -2,0349564889287994 1,8816388201040801 -0,028912762462372395 3,0553543453664256 -0,9859728144480375 3,959283522024706 3,01036728582911 ), 68,13946542053988
( 0,0021730626990481496 3,0498920457935763 3,9640878750286546 -0,00039976418471558196 1,8965087153506472 1,9278180040870536 -1,975095277434925 -0,0518920004971578 1,9787064268405974 -2,034997635813315 1,8816516940086625 -0,028876248714093857 3,055339686277878 -0,9859390369191758 3,9592844337443016 3,010372991323972 ), 68,13946543796025
( 0,0021709448818656852 3,049889708908054 3,9640932144152528 -0,00039641111700700136 1,8965096262314658 1,927821716481545 -1,9750957860000513 -0,05190223539205007 1,9787117492494692 -2,0349994344051288 1,8816545491932144 -0,028882975330525695 3,055342289682724 -0,9859352371309305 3,9592887307226197 3,010373141217908 ), 68,13946544855891
( 0,002183236269404232 3,049906640970912 3,9640680776024215 -0,00041238872414269494 1,896495847866625 1,9278076184902668 -1,9751019819870606 -0,05186896059876321 1,978691313303701 -2,0349967583699375 1,8816588141463646 -0,028852726539669186 3,055328960376933 -0,9859434164637858 3,959270962799795 3,010367681501469 ), 68,1394654541604
( 0,002177180954929967 3,0498967709226332 3,964085552763537 -0,0004015309205964656 1,8964966949482613 1,927823376441058 -1,9751039435721833 -0,05191219971779436 1,9787121697237477 -2,0349996829629977 1,8816707289803793 -0,028880991660855854 3,0553370356748903 -0,9859278388342697 3,9592862474237873 3,0103649209988563 ), 68,13946550572176
( 0,002183329650589913 3,049906532604322 3,9640830074279116 -0,0003979863019816673 1,896468804811394 1,9278169565371983 -1,9751196691937227 -0,05188969388863338 1,978712135768991 -2,035032927656407 1,8816863337545315 -0,028849057617491927 3,055317407795472 -0,9858937103943656 3,9592840189062564 3,0103624388483614 ), 68,13946551257345
( 0,0021764682752688108 3,049896069841872 3,964088402268765 -0,0003991833212543732 1,896494775600115 1,9278245177785305 -1,9751053924280586 -0,05191436847569401 1,9787149329746732 -2,035004091271201 1,881672801628596 -0,02888109731577757 3,055336440601191 -0,9859224894287736 3,9592883042140663 3,010365157457745 ), 68,1394655719776
( 0,0021924495048328157 3,049914763250956 3,9640602546324666 -0,0004163871442187838 1,896471085213814 1,927813842074536 -1,9751166881421391 -0,051891872529869126 1,978697817100352 -2,035002884083355 1,8816875205998804 -0,028852613905991066 3,0553183605471834 -0,9859208848605006 3,9592707135377827 3,010353083702114 ), 68,13946557786267
( 0,0021809147375305192 3,0499023930192095 3,964080850862846 -0,0004035847205770484 1,8964870566886471 1,9278200979412417 -1,9751095455697258 -0,05190376389704757 1,978709520947394 -2,0350070413378454 1,8816771309813562 -0,028869240007983334 3,0553305411436313 -0,9859205253854065 3,9592831158602224 3,0103629417128235 ), 68,13946559503769
( 0,0021771828121993826 3,0498957161547735 3,964086029665802 -0,0004014456836401406 1,896496741369069 1,9278255164178584 -1,9751038461788966 -0,051918618716536385 1,978714045514354 -2,034997528093826 1,8816722619927666 -0,0288854579742961 3,055337865776659 -0,9859274347591854 3,9592872808934256 3,0103634698122472 ), 68,13946560420115
( 0,0021927714763885775 3,0499179688796034 3,964058565739009 -0,0004181595483556258 1,8964721150331774 1,9278118371556134 -1,975117437774734 -0,0518888703075054 1,9786951571755513 -2,0350023053123367 1,8816888438971053 -0,028849868902743353 3,0553196527416944 -0,9859250519084953 3,9592693185035905 3,010354035928174 ), 68,13946562539839
( 0,0021782741453137628 3,0498998648063362 3,964090034186364 -0,0003933018877917595 1,8964783833114185 1,9278165923094313 -1,9751133464995188 -0,0518837389012768 1,9787133208691636 -2,0350331478597043 1,8816738064870857 -0,02885185756933077 3,055321420513663 -0,9858976262487305 3,9592867651701757 3,010368683044277 ), 68,13946566103853
( 0,0021777393460049375 3,0498971032149087 3,964083364959583 -0,0004047012929070375 1,8965001746061665 1,9278265558410224 -1,9751027734754785 -0,05192552351249035 1,978712680303248 -2,0349892038426747 1,881673917554367 -0,028891252355127375 3,0553415583843835 -0,9859356554692571 3,959286318875614 3,0103619510355424 ), 68,13946568016671
( 0,002175645360415184 3,0498949868906653 3,9640911282770253 -0,000395869832554011 1,8964920055353376 1,927822417906188 -1,975106181233979 -0,05190426940789796 1,9787153750075337 -2,035013182356368 1,8816698832086376 -0,02887345152999289 3,0553327916527633 -0,9859150848134562 3,959288877569624 3,010367720324033 ), 68,13946568923183
( 0,0021753663022142625 3,04989381576056 3,9640919495937172 -0,00039591153495915064 1,8964930840497694 1,927825378449948 -1,9751058619456423 -0,05191381644695335 1,978717801482602 -2,035009478145002 1,8816721275180448 -0,02888032165569216 3,05533491764399 -0,9859159645326988 3,9592904223597434 3,010366024394481 ), 68,13946571610457
( 0,002162384866507869 3,049873239166291 3,964111264747662 -0,00037802135565300594 1,8965104974686466 1,9278187385856107 -1,9750890673308232 -0,05187096867497699 1,9787182082306392 -2,0350271436419844 1,8816288349416823 -0,028868750025962134 3,0553327334019866 -0,9859106490898782 3,959295614209902 3,0103850690052227 ), 68,13946575330303
( 0,0021828624539465416 3,0499033998223464 3,9640737247481788 -0,0004087242937745432 1,8964904579867314 1,9278158442090052 -1,9751057216313843 -0,05189205419315722 1,9787019371662211 -2,0349989575703185 1,8816693031559968 -0,028864836138311444 3,0553296467807325 -0,9859312690681006 3,9592772877439986 3,0103631930899786 ), 68,13946576586567
( 0,002172468126768248 3,0498903608076926 3,9640928284691177 -0,0003965147130436073 1,8965044976727283 1,9278239846439384 -1,9750987971356935 -0,05190925136114653 1,9787145867000038 -2,0350008964051725 1,8816607067739282 -0,028884610336560437 3,055340490595702 -0,9859293122625319 3,9592896305174716 3,010370099843847 ), 68,13946578929193
( 0,002172279362280864 3,049890124963069 3,9640925662333895 -0,0003969612917751308 1,8965059613446258 1,9278239928146146 -1,9750979577941672 -0,05190961416225091 1,9787141264447023 -2,0349990478841287 1,8816597312503844 -0,028885725844739116 3,055341395953515 -0,9859315101354784 3,959289421723082 3,0103702702315758 ), 68,13946581460361
( 0,002184242163169931 3,049905874621722 3,9640765890694074 -0,0004061380921645034 1,896480067327191 1,9278200488548092 -1,975113486639375 -0,051905436227846075 1,9787089787126029 -2,035008138559004 1,8816839517171433 -0,02886608788464479 3,0553268399329783 -0,9859162474122384 3,9592812549930154 3,0103591873144913 ), 68,13946585363799
( 0,0021777875704816455 3,049896857370332 3,964085985738644 -0,00040130811935104284 1,8964940488345527 1,9278252802571307 -1,975105705355042 -0,05191809899038958 1,9787145499879513 -2,035000309259045 1,8816747754110803 -0,028883222266199497 3,055336615562716 -0,9859243118995019 3,9592873410846545 3,0103631453439696 ), 68,13946587771376
( 0,0021766916184743 3,049896272085098 3,9640843551334033 -0,0004015687406558282 1,896498939281588 1,9278176686269128 -1,9751011063971249 -0,051892432236940886 1,9787068234477845 -2,035002640016126 1,881660625597164 -0,028870387212506916 3,055334610829049 -0,9859306522403412 3,9592829963903404 3,0103694048034173 ), 68,1394659088946
( 0,0021827820315824652 3,0499052855146194 3,9640772191067177 -0,00040736953459609643 1,8964866359041077 1,9278214636390372 -1,975110908329312 -0,05191226092474737 1,9787089031810219 -2,035000632202824 1,8816828552764895 -0,02887358431550008 3,055332562673233 -0,9859251295005607 3,9592819933216243 3,010359899087881 ), 68,1394659129645
( 0,0021692212750903522 3,049885313375306 3,964104991821785 -0,00038380996263103655 1,8964939972152774 1,92782333615478 -1,9751032387309133 -0,051895556799993275 1,9787225592230397 -2,0350291186911784 1,8816590704471088 -0,0288709377836973 3,055330829924247 -0,9859005734949395 3,9592958765310597 3,0103747955227615 ), 68,13946591591981
( 0,0021916913218326018 3,049916194416315 3,9640616277615486 -0,00041681557231019567 1,8964730438963526 1,9278154153321065 -1,9751176730367612 -0,05189970155093195 1,9786993705380689 -2,035000768952161 1,8816918305694745 -0,028857217241930275 3,0553223839244663 -0,9859237588936031 3,959272291149796 3,010353178454104 ), 68,13946591841577
( 0,002190121905324536 3,049917006035073 3,964065594695922 -0,00041140329635698487 1,8964687066441093 1,927808689444549 -1,975119636636924 -0,05187431090134398 1,9786971063298642 -2,035019429703885 1,8816860926150731 -0,028838003404163533 3,0553157655199255 -0,9859127390641039 3,959271945232206 3,01035968115626 ), 68,13946592989785
( 0,0021752495520895965 3,0498925706095186 3,964096572619547 -0,00038915397420469813 1,896482342785342 1,927822547438013 -1,9751102072433482 -0,05189757456447735 1,978720406639646 -2,035030195842208 1,8816713238781335 -0,02886472377793326 3,0553248562684034 -0,9858951525069657 3,9592919295878226 3,0103683699669017 ), 68,1394659936601
( 0,002169327377710935 3,049884864479417 3,9640914913365766 -0,0004005087375089047 1,8965234122806285 1,9278270268324074 -1,9750874847563555 -0,05192123807486516 1,9787117250209816 -2,0349764750094974 1,8816488963451663 -0,028904422775089957 3,0553524756729478 -0,9859550115249259 3,959289070755625 3,01037085418604 ), 68,13946602588354
( 0,002173729814378052 3,049889113387884 3,9640856229407464 -0,00040159334303808974 1,896510940739345 1,9278191678917498 -1,9750920522688569 -0,05189419360395401 1,9787058340857484 -2,0349902775024074 1,8816473354009253 -0,02888086038469555 3,055339935459353 -0,9859431064313521 3,959283151998748 3,010371363705717 ), 68,1394660481715
( 0,002177354369322021 3,049897838171873 3,9640881430681274 -0,00039940693339207966 1,896491472224096 1,927824519172016 -1,975107944922276 -0,051915241433459366 1,9787157103319353 -2,0350067824091926 1,8816768595205176 -0,028879129404713575 3,055335390756609 -0,9859191621345962 3,9592884234118557 3,0103644610937828 ), 68,13946608274097
( 0,0021819822626610126 3,0499012784301054 3,964080107636492 -0,0004049172000572598 1,8964859901579063 1,9278246818297324 -1,975110109451399 -0,05191867781787269 1,9787130242522584 -2,0350009350944736 1,8816822249340983 -0,02887876748568479 3,055332076867273 -0,9859203198138377 3,9592844681210595 3,0103587226084207 ), 68,13946609962981
( 0,0021736286284575104 3,04989303794581 3,96409547939168 -0,000394116279021884 1,8964950406825523 1,9278266282635175 -1,975105945643825 -0,051917750967591436 1,9787202038446023 -2,035010640166198 1,881673085668732 -0,02888321111006801 3,055337624845097 -0,9859156701255807 3,9592927991225357 3,010367514499392 ), 68,13946617534953
( 0,002171861300110311 3,0498902578276614 3,9640962065807526 -0,0003952410108551982 1,8965033051315168 1,9278294500244613 -1,9751014980890216 -0,05192773035979193 1,9787207864037477 -2,0349998465483305 1,881669878327316 -0,028894679949848803 3,0553439103508575 -0,9859259319396834 3,959293878797034 3,01036740261872 ), 68,13946619104259
( 0,002182207367302005 3,049905315815947 3,964080955455345 -0,00040309375664182774 1,8964808032658003 1,927819581921266 -1,9751140843974984 -0,05190289468857518 1,9787107597210734 -2,0350139021418996 1,8816834674305851 -0,02886405705651992 3,055327777482776 -0,9859131617096648 3,9592834411434676 3,0103622299926043 ), 68,13946622494356
( 0,0021647984308009226 3,0498792174322555 3,9641090525766556 -0,0003838408800848195 1,8965092687673764 1,9278280425846253 -1,9750951755985622 -0,05191087164798807 1,9787247842797993 -2,035013241090473 1,8816517922043516 -0,028890026071951947 3,0553422903371636 -0,98591671213593 3,959299040640797 3,0103766225738564 ), 68,13946625708645
( 0,0021762354170372896 3,049856232618859 3,9640908364219807 -0,0003937551664489329 1,8965017747628652 1,9278551771303265 -1,975082918246336 -0,051981081573806355 1,978737184958232 -2,0349614136063328 1,8816510701432627 -0,028947593350977845 3,055333086334585 -0,9859149087486538 3,959297366436016 3,0103416761153374 ), 68,13946628417663
( 0,002177049175817926 3,049897107992683 3,9640889025610964 -0,00039917280943932817 1,8964920587749272 1,9278257180073204 -1,9751077398407713 -0,05191886403516202 1,9787169274476581 -2,0350056072867857 1,881677467200147 -0,02888186095596543 3,0553363712698736 -0,9859192872105406 3,9592892420548056 3,010364085438635 ), 68,13946629229997
( 0,0021753971204673647 3,049895123074833 3,9640928128580746 -0,0003957838778132741 1,8964918190566613 1,927825755130038 -1,9751077007860234 -0,051916150694666444 1,9787189865317072 -2,0350111820977856 1,88167558927717 -0,028880193794736823 3,0553356168498267 -0,9859144249416787 3,9592912341091835 3,010366117870464 ), 68,13946632394976
( 0,0021716404319601177 3,0498908868485257 3,964101610888328 -0,00038860479366001664 1,8964920350771173 1,9278272131951988 -1,9751077270414437 -0,05191543112794668 1,9787244252502751 -2,035021408058443 1,881673386673116 -0,02888001181338601 3,055335438873499 -0,9859049212983725 3,95929633259627 3,0103697106786567 ), 68,13946634198705
( 0,0021862010872457254 3,0499060156493765 3,9640632912381437 -0,0004206937711251498 1,896499822831398 1,9278229201667314 -1,9751020420239829 -0,051925219332858374 1,9786999313593003 -2,0349662376487 1,8816771957855751 -0,028890961424721463 3,055341203204691 -0,9859569601989211 3,9592744691989985 3,0103539416020477 ), 68,13946660396279
( 0,0021530553216476027 3,0498596471281108 3,9641269934327066 -0,00036637835575967914 1,8965234142309642 1,9278213448862989 -1,975079943483205 -0,0518678364929391 1,9787251433685087 -2,035032470662694 1,8816107733221832 -0,02887658290494416 3,0553378932233493 -0,9859083971484551 3,9593036384906815 3,0103941919456436 ), 68,1394668823394
( 0,0021808280811812437 3,0499047171254348 3,9640892311868194 -0,00039007811606112916 1,8964638350987806 1,9278088234318926 -1,9751206011037927 -0,05185597223600558 1,9787102788323703 -2,0350565946811727 1,8816754063666823 -0,02882527177608719 3,0553083482065246 -0,9858782951977391 3,9592839761673995 3,010371268617967 ), 68,13946719431941
( 0,002173392779023443 3,049910091811756 3,96409203173214 -0,00039979280202772076 1,8964988557139684 1,9278131273437686 -1,9751120113257625 -0,05189089673078159 1,978707746271948 -2,0350189525869764 1,8816787414965068 -0,028859614897533598 3,0553437613078236 -0,9859308558520637 3,9592872097143066 3,010378176912066 ), 68,139467866017
Liczba wywołań funkcji celu: 14974
