Iteracja nr: 37
( 0,00025360932060669713 3,0526276728424437 3,9657257205062724 0,00234749006236032 1,8983908167804495 1,9260478644760757 -1,9755677841298698 -0,04789920588424529 1,9764287569667334 -2,0407649087593556 1,8823362944692485 -0,02550495600898517 3,0554237198528242 -0,9864538394766993 3,9601304227206997 3,0120128514683695 ), 68,15387215955924
( 0,000727268490821322 3,0532552502407184 3,965767044796734 0,001626550858187518 1,8976684570728017 1,9259065502055364 -1,9764023932932906 -0,04837454599569338 1,976847844135928 -2,040502564529956 1,8836526148517678 -0,025071786224533005 3,0559035309206055 -0,9862823701361031 3,9601350363850183 3,0123579912401985 ), 68,15397837603727
( 0,00047076504235898833 3,053172045929202 3,9655666372649354 0,001998225290449025 1,8982536663445813 1,9258431342741262 -1,9758856387315455 -0,04795717106589312 1,9762535752933446 -2,04057036053842 1,882938410432341 -0,025210673752822436 3,0556140495097175 -0,9867715271504288 3,960043911411513 3,0121265532118575 ), 68,15419805564272
( 0,0005809554629101868 3,0528994096344544 3,9655141752709286 0,0017424111200181516 1,8983749103764276 1,9256747221757016 -1,9756529381963428 -0,04732393811315708 1,9762087283112129 -2,040077133436051 1,8823060752003222 -0,025037379025046495 3,0556729932960742 -0,9870424889523204 3,9598730497748456 3,0123965611837957 ), 68,15423208057621
( 0,0004635442476559068 3,052615363873292 3,965452005925994 0,0020408138260583197 1,8984196317736473 1,925784743862308 -1,9754050872034852 -0,04720088284000131 1,9761282774356768 -2,040293651613403 1,8818840534780714 -0,02516183736197763 3,0553125638238963 -0,9868029228117343 3,9598674595906624 3,0121403788352694 ), 68,15425158297577
( 0,0006441541038109189 3,0525095561124087 3,96499083537743 0,002099929745930707 1,8981662314170464 1,9257413208189742 -1,9751942658468453 -0,04679469633681784 1,9757414151560566 -2,0402691862229987 1,8814927238410708 -0,024979975598351432 3,054594615333667 -0,9865588042988925 3,9596306206062994 3,0117016038689517 ), 68,1542633350324
( 0,000483613713423142 3,0528661971896134 3,965511444422129 0,0019044229209867398 1,8984201956472682 1,9257516092957012 -1,975608371038327 -0,04742201463874721 1,9761870982473844 -2,0402606564100063 1,882290915145597 -0,025140346176720108 3,055587208299819 -0,9869678935516778 3,9599093450708036 3,0122626186339247 ), 68,15427256703597
( 0,0002788711257386174 3,0524890488098224 3,965832478113705 0,0022416903602160785 1,8985017913161868 1,9259597441045335 -1,975482665736132 -0,04764451114352303 1,9764931572805948 -2,0405413468085962 1,8820505274020018 -0,025434916339589796 3,0555654946261526 -0,9865910529262362 3,9601223331336812 3,012264225001783 ), 68,15427771171751
( 0,0005030998656338851 3,0525786355597786 3,9653903057744504 0,002031149162871006 1,898390028205197 1,9257551621217852 -1,975356168797012 -0,04706851036372957 1,9760650927599939 -2,040255799973379 1,8817669257688603 -0,02510323237747444 3,0552068862998123 -0,9867808010451401 3,9598234998667503 3,0121119286294467 ), 68,1543032642627
( 0,0004302313981302826 3,053314627948994 3,965692778269079 0,0018128035543465235 1,8984349797622708 1,9258216022101242 -1,976001912876419 -0,04817396090988291 1,976373486259212 -2,0403673496280623 1,883185544718835 -0,025307314566341162 3,0560792888882977 -0,9871443604433914 3,960090080032743 3,012363592181514 ), 68,15431456922592
( 0,0005209869365450995 3,0526384685968955 3,9654218478510335 0,0019275110852224912 1,898409793793159 1,9257281000315079 -1,9754190618665572 -0,0471025704420809 1,9761150654829778 -2,0401637669049166 1,8818654108088715 -0,025088489847191305 3,0553646139500263 -0,9868927940937146 3,9598226469752262 3,012212934207232 ), 68,15431504882733
( 0,000656342453756429 3,0529433823247394 3,9653653011739993 0,0016410657175330524 1,8983506899208848 1,925599883544531 -1,9756227362124519 -0,047135305267927724 1,976074886726294 -2,0399528329082157 1,8822303855329463 -0,024925754377120187 3,0555993073229057 -0,9871508291504153 3,9597658796823176 3,012367993263631 ), 68,15436767155408
( 0,0005990813337675329 3,052811491036332 3,9651913201578117 0,001856335998233769 1,8983452527095726 1,9256647848845867 -1,9754415868501756 -0,04702054817263873 1,9758961610483041 -2,0401286724472354 1,8819600845163267 -0,02497771293701281 3,0552255731094182 -0,9869969611218066 3,959705224607053 3,0120661684586603 ), 68,15438717546651
( 0,0004621169761923347 3,0528044037567876 3,965532269131392 0,0019132665757652329 1,8984433309938464 1,9257593030826912 -1,9755801667052957 -0,04737914817141708 1,9762168885846798 -2,040262735173277 1,8822132296570226 -0,025148861977919282 3,0555999208271145 -0,9869633131842122 3,9599089065472914 3,012282890912117 ), 68,15441368798542
( 0,000442424890993767 3,052708225339108 3,9655812335420215 0,001949969308158678 1,898490656766112 1,9257594804726483 -1,9755084314209777 -0,047302160371747164 1,9762332922061028 -2,0402405185994867 1,8820598010672969 -0,025167461614578064 3,055586696756325 -0,9869470899103966 3,9599233683883064 3,0123234127354968 ), 68,15441499846297
( 0,0005273237197788103 3,052728652747769 3,9653845358941195 0,0018704372222402474 1,8984683002990588 1,9256837471707748 -1,9754302807317587 -0,047075050694988144 1,9760439597201622 -2,0400998641679315 1,8819101638923466 -0,02506108802702457 3,0554320569803526 -0,9870498695947709 3,9597944553842312 3,0122422397000657 ), 68,1544217820616
( 0,0004081911538538169 3,052803312350259 3,965679941937001 0,0019607121687278853 1,8984653609784876 1,9258063251534308 -1,9756398576117877 -0,04755078190664918 1,976349065652427 -2,0403433004455893 1,8823329531802746 -0,02522553765024343 3,055725052477286 -0,9869065457839512 3,9600051848906155 3,012356020366708 ), 68,15442736051176
( 0,0005030572810039037 3,0528824051249375 3,9655241292459116 0,0018106411163691292 1,8984610975828766 1,9257039678291525 -1,9756183037238648 -0,04734502424951196 1,976196189568474 -2,040152906791952 1,8822717174143315 -0,02509574868179658 3,055695984651504 -0,9870900193078376 3,9598866807489577 3,012364904826757 ), 68,1544540318673
( 0,00045108966059759166 3,0527298220276196 3,965571852214499 0,0019319579281752773 1,8984811084331965 1,925751759351736 -1,9755247954996416 -0,04730356111947639 1,976230106756065 -2,040234994582815 1,8820882414296891 -0,02515284909545929 3,055597091809784 -0,9869587727267727 3,9599167444686745 3,0123277663621306 ), 68,1544631111424
( 0,0003451907848805769 3,053187046018627 3,9659578418210573 0,001953609332501021 1,8984510064158322 1,9259021958853426 -1,9760215724121546 -0,04832496975199771 1,976599086481604 -2,04051999060138 1,8831867253760768 -0,025412741868397048 3,056168844252124 -0,9869284754551684 3,9602536176372642 3,0124784589195825 ), 68,15446567113617
( 0,0004624450981005077 3,0529942136765427 3,9656404831549708 0,0018089944716506326 1,8984506719669516 1,9257502048408457 -1,9757642497996397 -0,047616728243232626 1,9763257414321844 -2,040247193276308 1,882576133217177 -0,02516231548209272 3,0558787354748933 -0,9870769016436373 3,959976654067161 3,012420295929639 ), 68,15449045590908
( 0,00048572231535200727 3,0528125392658625 3,9655425523302816 0,0018354306184383967 1,8984958759487103 1,9257069242176168 -1,975564063918931 -0,04728763691983352 1,9762013943408354 -2,0401397128871883 1,8821587297044515 -0,02511096267643502 3,055681187348934 -0,9870860107007928 3,9598875245706857 3,012379529938714 ), 68,1544913003919
( 0,0004609314169339561 3,052802758106814 3,965590186287647 0,0018691022451103165 1,8984975761228051 1,9257304887988687 -1,9755795485025736 -0,0473452626992193 1,9762454394590898 -2,040191028377772 1,882191402166658 -0,025139964720343168 3,0557031529935856 -0,9870440922763102 3,9599216873701293 3,012387427552875 ), 68,15449323757431
( 0,0004611801329668123 3,052727141954931 3,9655611878666694 0,001902734129862662 1,8985013347515043 1,925730282960121 -1,9755090858329405 -0,047249599653238446 1,9762118165460523 -2,0401857200739397 1,8820482298170127 -0,02513403691083536 3,055612601397758 -0,9870083432425083 3,959899356352325 3,0123531264912944 ), 68,15449348562471
( 0,0004339253362732197 3,052706120121219 3,9656722812953586 0,0019119163136343805 1,8985315732292 1,9257450522800197 -1,9755337705078748 -0,04731429016065392 1,976304397973501 -2,0401953423730546 1,882079354100045 -0,025170226856548374 3,0557154320285647 -0,9869956935485776 3,959958628225689 3,012440859853781 ), 68,154495456575
( 0,00044879429314808244 3,0526102430192674 3,9655532277054357 0,001970042180678422 1,8985099498596891 1,9257435813845458 -1,9754153442680127 -0,04715139189465668 1,9761929324266965 -2,0401999288327306 1,8818596041718718 -0,02514672234126317 3,055499096988257 -0,9869332326878261 3,959890704886965 3,012314426048316 ), 68,15450277950181
( 0,0003764869182489707 3,0527375279301583 3,9657310450590173 0,0019810150154769886 1,8985297502922631 1,925807041764122 -1,9755907663270835 -0,04750354195734941 1,9763724277271975 -2,0403238193018876 1,8822290148572047 -0,02525076346629814 3,055761809354316 -0,986933366323849 3,960020347527415 3,012407485872572 ), 68,15450314687014
( 0,00047008974583998746 3,052733729830281 3,9655763118023937 0,00188338920904545 1,8984952143823752 1,9257239741100967 -1,975524233893855 -0,047254920470833246 1,976229761267476 -2,040169305115621 1,882066537572606 -0,025125755066207154 3,055638490746716 -0,9870122698090528 3,9599040357071624 3,012379682000505 ), 68,1545032734016
( 0,0004405123373230151 3,05281098319826 3,9656408664363525 0,0018833154892063575 1,898500820068934 1,925750388334032 -1,9756110746948037 -0,047420360055792865 1,9762968867172934 -2,0402269813033045 1,8822539875570659 -0,025168456152908344 3,0557539768345015 -0,9870236665143048 3,9599566458920687 3,0124094105268875 ), 68,15450413847044
( 0,0004659198140738389 3,0527550770570917 3,965565975483488 0,0018823543926185361 1,8985018113032404 1,9257232723795887 -1,9755309062965547 -0,04726610428635603 1,976216598395739 -2,040175608710361 1,8820894864635194 -0,0251272723884351 3,0556447988665765 -0,9870316710564856 3,959901161316389 3,0123704577879016 ), 68,15450775471012
( 0,0005124170413570218 3,0529184155173086 3,965515221896219 0,001786470303605008 1,898447351939435 1,9256963855873963 -1,9756475957564381 -0,04736111352223323 1,976196906427356 -2,0401509362609893 1,882326940886084 -0,02507994262275637 3,0557181209560915 -0,9871055469664219 3,959881208569847 3,012371126014435 ), 68,15451758526105
( 0,0004680882513129803 3,0526735945324606 3,965529928451927 0,0019197859315475375 1,8985040158870605 1,9257219580713127 -1,9754523044754857 -0,04715841554949898 1,9761747809286987 -2,04016955283178 1,881931197408921 -0,025118767004083387 3,0555392807315234 -0,9869914856627203 3,959874737258546 3,0123290539348493 ), 68,15451911240939
( 0,0004239917845934002 3,0527620068433112 3,965666584009754 0,001927476812083046 1,8984985945342998 1,9257667186447538 -1,9755876345736754 -0,0474090342776129 1,9763164775707176 -2,0402665900376844 1,8822031816105202 -0,02518196067078782 3,055720706698062 -0,9869631249172628 3,9599727211870723 3,0124019110062132 ), 68,15451980692566
( 0,0005454242693619728 3,0530148244206985 3,965483607421828 0,0017037880793164518 1,8984452443376756 1,9256644554785531 -1,9757015115243914 -0,04738914490161749 1,976172320280458 -2,0400819725664903 1,8824374052087667 -0,025050464382999245 3,0557899882642947 -0,9872068760936061 3,959860231428519 3,012399340428212 ), 68,15452269484227
( 0,00043052901582188734 3,052941203760667 3,965719860568335 0,001851645764874163 1,8984664390473187 1,9257732783074568 -1,9757585779941995 -0,047640554343538054 1,9763927061008495 -2,0402907157092116 1,882550466927236 -0,02519308698484469 3,0559079744805793 -0,9870210420576998 3,9600207215088825 3,0124589794154475 ), 68,15453055373885
( 0,00046126341900142335 3,052684598854055 3,965561104699991 0,0019105840995721618 1,8985167336298492 1,9257218552759914 -1,975470063442184 -0,047185247209610606 1,9762005918022543 -2,0401658513356873 1,8819621981764503 -0,025126245619057894 3,055588018566749 -0,9870076144701588 3,959890674472085 3,012362227387236 ), 68,15453466369105
( 0,0005196905435916873 3,0526291780106356 3,9653458550151246 0,001934067957770088 1,898467947945713 1,9256894476905235 -1,9753377874609506 -0,04695454295649837 1,9759973968067424 -2,0401239219823926 1,8817273385303654 -0,02505424668477693 3,055296362553949 -0,9869817185106619 3,959768401437086 3,0121823389974827 ), 68,1545364117229
( 0,0004378636883012105 3,0527667009046526 3,9656358882600733 0,0018988814260007699 1,8985082088944902 1,9257481365904774 -1,9755740660675634 -0,0473633471078712 1,9762871161975706 -2,0402225909320055 1,882173440379149 -0,025163206131948102 3,0557184631477874 -0,9870082453391217 3,959947615439728 3,0124050222266976 ), 68,15453916619806
( 0,00045291100685621255 3,0528314750255388 3,965631924045909 0,0018702548244958405 1,898489386223958 1,9257354295641365 -1,9756206335708346 -0,04739633685844267 1,976282649807574 -2,0402238043748047 1,8822668473106678 -0,025140956656662366 3,055749680824585 -0,9870283300147711 3,95994869932538 3,0124161492799457 ), 68,15455027063423
( 0,0004996692090502026 3,0528137695619213 3,9654987023687776 0,0018048946247508197 1,898507453996539 1,9256868154730313 -1,9755438584150091 -0,04722829179039361 1,9761623950527627 -2,0400927976442724 1,8821155986761038 -0,02508897130632458 3,0556703423689178 -0,9871382188269239 3,959853829209636 3,0123743251684525 ), 68,15455075898298
( 0,00040819347086454977 3,0528429339520353 3,9657177572848537 0,0018949366680070254 1,8985173917504756 1,925776979552705 -1,9756669910953626 -0,047550188578772544 1,9763711050800306 -2,040271213696569 1,8823717618509392 -0,025215741303867528 3,055854031401493 -0,9870211900602326 3,9600103473625414 3,0124503206264217 ), 68,15455320129077
( 0,0003125190953217853 3,052525522768036 3,965800684977586 0,0021415976046115816 1,8985491451230463 1,9258682398636837 -1,9754655267335786 -0,047431645228982106 1,976422006275465 -2,040431982462473 1,8819704816011498 -0,025317233440542875 3,055622720578689 -0,9867450281772367 3,960062618819926 3,012363429438748 ), 68,15455577630243
( 0,00041915444304307324 3,0527910679056682 3,9656964315142504 0,001911527627201959 1,8984939846871698 1,9257701503768303 -1,9756286894462785 -0,04745634730611464 1,9763524638737595 -2,0402790232664443 1,8822759907342534 -0,02518382460880303 3,055778055231326 -0,9869688470658345 3,9599900815853943 3,012430743504278 ), 68,15456118863345
( 0,00045472075900479606 3,0526531066725493 3,965549834639726 0,0019454072903652773 1,8985107615620629 1,925730775541826 -1,9754424523895722 -0,04716256879305264 1,9761869336682143 -2,040193260951135 1,8819124733412849 -0,025130361226566197 3,0555322936717406 -0,9869675369778053 3,959887846548066 3,0123300530985646 ), 68,15456342109678
( 0,0004828240342121939 3,052618317408313 3,965481309956677 0,0019092911740780751 1,898523753976594 1,9257020658494006 -1,975383062697252 -0,04704425739161026 1,9761242914668393 -2,040105389551576 1,8817899038018426 -0,025101455261029287 3,055481449833519 -0,9870220921283012 3,9598328638907754 3,012315954363614 ), 68,15457025417162
( 0,0004956894045529015 3,0526705997901447 3,965511980832629 0,0018916915662404363 1,8984706105710916 1,9257037218786721 -1,9754570418522903 -0,047104363965076806 1,976169833806076 -2,0401487068342026 1,8819157659869916 -0,025075824168312836 3,055518323086841 -0,9869752675243315 3,9598551657973173 3,012338252899265 ), 68,15457076215594
( 0,00047841572105930113 3,052689007649122 3,9655208765968912 0,0018848001672999212 1,8985190648530004 1,9257022681615745 -1,9754538420913637 -0,047130979120869484 1,976163152128475 -2,0401262966456453 1,881927870853337 -0,02510174711764121 3,055569667200844 -0,987044479888935 3,959860798480681 3,012355562749857 ), 68,15457485197902
( 0,0004149325333603067 3,052797138395708 3,9657111777222336 0,001910292482745166 1,8984960017070427 1,9257730288405597 -1,9756399489955667 -0,04747564165941939 1,9763669564684652 -2,040284373416175 1,8822969660369049 -0,025188989051913666 3,0557984869969883 -0,986969429884522 3,9599990539379286 3,0124419803733846 ), 68,15457499557706
( 0,00031179552045781613 3,0527201159753736 3,965891287869009 0,0019586128306783323 1,8985821804416418 1,925879670976335 -1,9756789790361264 -0,04777608864463372 1,9765846816462838 -2,040324090120491 1,882392864060113 -0,02539167270548369 3,056015058455331 -0,9869605047783029 3,9601164385912897 3,012517281283305 ), 68,15458068690121
( 0,00045876532084112394 3,05265793157979 3,9655503846102507 0,0019192639667280306 1,8985265877433064 1,9257195427386637 -1,9754425826304356 -0,04714714333479792 1,976187030998002 -2,0401585580022195 1,881906957563896 -0,025124728472333623 3,05556417581081 -0,98700826114267 3,9598807464859553 3,0123549992371585 ), 68,15458091616297
( 0,0003800190473968533 3,0531294691006496 3,965876277662647 0,0018542077281429648 1,8984595253034706 1,9258466542022503 -1,9759695912279944 -0,04809853855512693 1,9765574443930816 -2,0404035391917628 1,8830226101048155 -0,025322077172186448 3,056163220029942 -0,9870219389868721 3,9601596736505207 3,0125145745061523 ), 68,1545897602449
( 0,0006025795885277112 3,0529707802262274 3,965352571653712 0,001672618223836109 1,898413470131482 1,925613202737981 -1,975617366743949 -0,04716083723851256 1,9760491244627696 -2,0400077553933573 1,8822509590161374 -0,024956851956024085 3,0556326286546525 -0,9872184077681885 3,959765630533274 3,0123397482690812 ), 68,15459161549708
( 0,0004884085693085085 3,052521783198111 3,9654372406010943 0,0019699797715737816 1,89848635555331 1,9257155969936914 -1,975309650162053 -0,04694454250414294 1,9760913746597075 -2,0401421649779867 1,881635284684697 -0,025088714015202393 3,055326783977412 -0,986912715024991 3,9598087890382545 3,012239982466218 ), 68,1546065075161
( 0,00039917537754384546 3,0530351862323255 3,9658201307702443 0,0018512351291930923 1,898479785199386 1,9258033147185118 -1,975864664181959 -0,04786162981384982 1,9764842376975256 -2,040343547440349 1,8827821835431937 -0,02525456900253645 3,0560619529952007 -0,9870361740276546 3,960098690162602 3,0125154561065504 ), 68,15461823618587
( 0,00039177799766059167 3,0529927808178132 3,965808585473329 0,0018533428577299468 1,898511086931538 1,9257980978420126 -1,975820684275401 -0,04780361760438588 1,976467682080395 -2,040314439783843 1,8826926196177363 -0,025258584838744498 3,0560493397887116 -0,9870639056276135 3,9600830747154996 3,012517581991216 ), 68,15461828770071
( 0,0005787605027460152 3,053204777102581 3,965672143811195 0,0015975895637909414 1,8983883408817237 1,9256393684105264 -1,9759274146694459 -0,0476147466557108 1,9763412593127072 -2,0400859332621786 1,882840509242033 -0,025013266153566867 3,0560741010020154 -0,987214608823772 3,959968037610621 3,0126099031827485 ), 68,15461877769629
( 0,00034292597692721664 3,052482110103147 3,9657809768155246 0,002094568204391722 1,8985736098931107 1,9258265172281115 -1,9754134764872238 -0,04730173324135317 1,976391858344776 -2,040326834085531 1,8818409726257364 -0,025276661069257158 3,0556156273621236 -0,9868029493865881 3,9600271601712405 3,012411304224829 ), 68,154619222406
( 0,0004751095852065222 3,052702288106275 3,965555895320733 0,0018746902404267987 1,8985181484117744 1,925700068660532 -1,9754802723027869 -0,047149617225772884 1,9761947897531622 -2,040134290764735 1,8819672712598088 -0,025096217735932052 3,05561478075951 -0,9870433829988292 3,959877632495893 3,012392410042037 ), 68,15461931201287
( 0,00046027753599975607 3,052648217650815 3,965532346156297 0,0019206948492424712 1,898539725107137 1,925709479880893 -1,9754186073940585 -0,047103365654067565 1,9761594796514694 -2,040144771345509 1,8818615809810206 -0,025114943992526607 3,0555432924806216 -0,9870262333502597 3,959866822910612 3,012349007100631 ), 68,15462948226923
( 0,0006274439799202353 3,052665608274742 3,964912743396017 0,0020528422352698284 1,8982691113064127 1,9256821189825641 -1,9752003587102185 -0,04676035664550478 1,9756051748546437 -2,040224360086687 1,8815738902259456 -0,024951106438672176 3,054675474029371 -0,986798607545114 3,9595802851016746 3,01170680233947 ), 68,15463175822948
( 0,0004120390925835701 3,0528741551002816 3,965803321197338 0,0018256694867110233 1,8985718101741722 1,9257452808355542 -1,9757013766389533 -0,04756477561709372 1,976426492680931 -2,040183618223923 1,8824176438382416 -0,025211444116001007 3,056015621282918 -0,9871225539729707 3,9600389273028336 3,012590279117805 ), 68,15463324808407
( 0,0006681652969513078 3,0528282309865253 3,965177472247584 0,0017001058376122126 1,8984596672185858 1,9255318586417678 -1,9753715921285457 -0,04675804923534544 1,975800757879466 -2,039845802147772 1,8817796671733287 -0,024870994679294645 3,0553312400183907 -0,9872650058164915 3,959641133145136 3,0122479989468185 ), 68,15464181221593
( 0,0003987786898593339 3,052730201525146 3,965734897122006 0,001919727344192953 1,8985551539921697 1,9257652781090364 -1,9755787372628792 -0,04741041386372676 1,9763673585813502 -2,040237630784591 1,8821710185147 -0,02520608763983768 3,055810072242468 -0,9870069363254393 3,9599985864345424 3,01248029210328 ), 68,15464948819441
( 0,00042839866081939115 3,052438670192191 3,965556080661018 0,0020440492750321173 1,8985144775604124 1,9257638555782182 -1,9753028776795303 -0,04700857467901597 1,9762000522377663 -2,0402233262396066 1,8816071846132072 -0,025154393557566268 3,0553743116786367 -0,986826132285017 3,959878656141261 3,0122828224290905 ), 68,15465062232948
( 0,0004923416457469174 3,0524788413955215 3,965390538869243 0,0020058563354149435 1,8985013172198595 1,9257031104703561 -1,9752360610696675 -0,04684070595087191 1,9760176111738643 -2,040133659319509 1,8815038521409189 -0,02507407134089494 3,055224560689442 -0,9869052941568096 3,9597805870960965 3,0121946690427417 ), 68,15465473117854
( 0,0003732427992000506 3,052866744816988 3,9658070911625396 0,0019265662636732013 1,8985156039594433 1,9258094245731612 -1,9757277013323993 -0,047680947625789054 1,9764562238428611 -2,040350504275011 1,8824935073443356 -0,025256826579347073 3,055933920152247 -0,9869736880109009 3,9600735715256374 3,012485780418971 ), 68,15465723662156
( 0,00041644810023518884 3,0527649928297027 3,965706667985917 0,001888624153342552 1,8985382443373084 1,9257519944477364 -1,9755991847385723 -0,04740247704590115 1,976350181471044 -2,040221856982552 1,8822073491633045 -0,025181049669216363 3,0558143571416605 -0,9870295186998325 3,959980883636478 3,012475982418365 ), 68,15466178792691
( 0,00039831252153851783 3,0528999155851073 3,965774223284166 0,0018726729971315196 1,8985010600616132 1,9257884918038255 -1,9757485208097838 -0,04765531106546448 1,9764413616654224 -2,0403071913893505 1,8825214208772398 -0,025223514573245665 3,0559542754225544 -0,9870174675143192 3,960046745585714 3,0124960040451993 ), 68,15466424737185
( 0,00048304141963430525 3,0527614572529096 3,9655768572007863 0,001814434130924344 1,898518215789059 1,9256882089615646 -1,9755416995622836 -0,047198178263958064 1,9762303737944116 -2,0401062048797387 1,88207404470147 -0,025084375864944726 3,055716854551063 -0,9871010507097377 3,9598835243265516 3,012446563863762 ), 68,15467439269084
( 0,0003233612708480926 3,0524484614083836 3,9657193913668043 0,0021645292765795775 1,8985775761701364 1,925842340287271 -1,9753535222244842 -0,047254463561548096 1,9763218861393532 -2,04038517567269 1,8817529792469363 -0,025287424483056643 3,055493535763358 -0,9867645127936776 3,9600043479061178 3,0123125899593286 ), 68,15467599856493
( 0,0003456812780494001 3,052859536956834 3,965726574436981 0,001974324214116479 1,8985885978119883 1,925813833890992 -1,9756471575597219 -0,04766020264269328 1,9763487895894283 -2,040340388680378 1,882399169415834 -0,025301707824155677 3,055860120971513 -0,9870547061814344 3,960041402358829 3,012396912717012 ), 68,1546777685932
( 0,00030976692021986705 3,052977084165401 3,965969725240238 0,0019099542896727905 1,8985774714171233 1,925869643224134 -1,975869136569699 -0,04803736401587185 1,976619543971332 -2,040381817175412 1,8828110606259787 -0,02539646680853597 3,0562174845804515 -0,9870471080848646 3,960192263512526 3,0125860932198436 ), 68,15469133729921
( 0,0005559011542329529 3,0526949677577986 3,9653184145754867 0,0018435402031234884 1,898476322310107 1,9256349908318107 -1,975367057569137 -0,046885937310556354 1,9759647601544812 -2,0400412246870863 1,8817605662698462 -0,024985898780056727 3,0553602993047773 -0,9870898259914248 3,9597340050175163 3,012241825918971 ), 68,15469587517423
( 0,0004890152541053434 3,0525039389186266 3,9654103258446347 0,0019728300469403757 1,8985147323085947 1,9256968382616988 -1,9752656471240437 -0,046865304908382636 1,9760439061792017 -2,0401159694495283 1,8815529440752696 -0,0250726202928776 3,0552957929704747 -0,9869487658186352 3,9597857150967988 3,012235258445505 ), 68,15471099072519
( 0,0004056057341506585 3,052900739389193 3,965762446814096 0,0018876625263376022 1,8985167912216125 1,9257671685179891 -1,9757181259122212 -0,047600244862526404 1,9763946106002568 -2,040297237931355 1,882469650581474 -0,025202563774223943 3,055914560679432 -0,987029505180389 3,9600395700410886 3,012495035015638 ), 68,15471405915234
( 0,00042360845686904993 3,052161394833417 3,965277957332053 0,0022998332849811618 1,898502718116188 1,9258422265064528 -1,9749631345218437 -0,04684358467998457 1,975934818233369 -2,040261693811699 1,8810734792665216 -0,025271857309747757 3,054784484269307 -0,9866244577995849 3,959769895363047 3,0118684425894653 ), 68,1547274268349
( 0,00046527037825005947 3,0532844765513762 3,9656796164879284 0,0017035049844033837 1,8984320189565416 1,9257582057436007 -1,9760021861769377 -0,04797723280483349 1,9763899456456455 -2,0402735320043863 1,8830914142709954 -0,025195913120018298 3,0561416510254586 -0,9872163856863666 3,960034581101399 3,012468623807243 ), 68,15473324145056
( 0,00047602314964708883 3,052427309434879 3,965343430034901 0,00203268091037635 1,898558531817223 1,9257030281393983 -1,9751536024608265 -0,04678030009732294 1,9759561102464127 -2,040097615606226 1,8813702610436476 -0,025102925873674818 3,0551702058589454 -0,9869565756433971 3,959752127243405 3,012153410492987 ), 68,15474970042003
( 0,000421322416478244 3,053067037362145 3,9658395180360277 0,0017718114150061539 1,8984835288300124 1,9257767060542585 -1,975905235085194 -0,047858189096623864 1,976518052473677 -2,040272505889996 1,8828315272257412 -0,02522667976792561 3,056159820551144 -0,9871044431333448 3,960092607218928 3,012592742574179 ), 68,15475044638438
( 0,00021720996515192962 3,052602646667943 3,9660477130326344 0,0021495401383262495 1,8986203578221024 1,925937920426778 -1,975624060343475 -0,04779194288458647 1,9766603907181783 -2,040520125803419 1,882291039292592 -0,025456769817358973 3,055962986494526 -0,9867730463578076 3,9602202683011205 3,0125276540981965 ), 68,15475924811507
( 0,0004064628715081493 3,0523867996061496 3,9657015457804463 0,0020727944462288176 1,8985352659560015 1,9257567754859544 -1,9753045638818836 -0,046976200530825026 1,9762933307423995 -2,0402485216249957 1,8815729470606577 -0,025145925933455486 3,055449783716815 -0,986764260998605 3,9599423825650883 3,01241166957086 ), 68,1547599120957
( 0,0003798883375148483 3,052788363871065 3,9658175506597915 0,0019059725628753328 1,898541661066645 1,9257836402817416 -1,975671693237002 -0,04754209448450604 1,976459861553218 -2,0402901265784186 1,8823419897696803 -0,025223790777832437 3,0559311512612553 -0,9869919639878166 3,960051873135137 3,0125397218316654 ), 68,15476262953626
( 0,0004654149310168154 3,052466372175461 3,965471712326181 0,001984854572992221 1,8985477708605016 1,9257038073493933 -1,9752566560007 -0,04686770442623678 1,9760916299206577 -2,0401172024501038 1,8815219435051929 -0,025093708888835498 3,0553470868540122 -0,9869484565806399 3,9598129174439713 3,0122874371162105 ), 68,15476817141146
( 0,000280888491919825 3,052927762492889 3,9659893863471187 0,002071917870299539 1,8984480057142046 1,9259424472511986 -1,9758885179250938 -0,04810395909628043 1,9766600278607247 -2,0406383601727067 1,882850077338058 -0,025403105913061927 3,05602605846497 -0,9867409680508468 3,960240474660343 3,012450428819816 ), 68,15477005375568
( 0,0005568901711521012 3,052650429790752 3,9653494790467927 0,0017957383502080514 1,8985137226727775 1,925620002795269 -1,9753488288162446 -0,0468348974863664 1,9760025479737113 -2,039962257815517 1,881693766106628 -0,024984804436667972 3,055433584674015 -0,9871477253739502 3,959727666440497 3,0123176963153924 ), 68,1547752044847
( 0,0004937529568654866 3,052539145660321 3,965444916924224 0,001911870118693859 1,8985479112322337 1,9256705517459165 -1,9752963101860097 -0,04686413942419044 1,9760697227979762 -2,040056754460544 1,8815950445304659 -0,025056855116080374 3,0554063494071495 -0,9870357452173933 3,959790143985716 3,0123199997208134 ), 68,15479416532686
( 0,0003994722501914496 3,053074074959365 3,965854934049877 0,0017870939245116838 1,898498254642729 1,9257890359599714 -1,9759146476944407 -0,04789015120318104 1,976531409896213 -2,040302789086443 1,8828578873201036 -0,02524526856327835 3,056183944116605 -0,9871087725618732 3,960105239337839 3,0125915262613416 ), 68,15481425015753
( 0,0006912084731130468 3,052831712707774 3,9650934512696363 0,0016443948167821094 1,8984550344788498 1,925507386500232 -1,975354170316017 -0,046675408492027684 1,9757505814781526 -2,0397877792670585 1,881736956758505 -0,024831804268148513 3,055311269478778 -0,9873309336555471 3,9595780401279645 3,012224969121542 ), 68,15485577644228
( 0,00021926164327145127 3,052476591701999 3,9660478828041215 0,0021872709533174 1,8986576733226794 1,9259089418337774 -1,9755045307755161 -0,047584776623603164 1,9766174713501714 -2,0404795837273078 1,8820281762529603 -0,02542127818431094 3,055866365736225 -0,9867490473970689 3,960196151996018 3,012549898484342 ), 68,15487159972298
( 0,0003752453478824398 3,0531801060119146 3,965898667590501 0,0017745876570584998 1,8985039225477254 1,9258208964133083 -1,9760148255938792 -0,04810786474345677 1,9765885979580506 -2,0403442005271506 1,883090244388273 -0,02530694508780071 3,0563086451349033 -0,9871466099494323 3,9601544189783 3,0126011964385317 ), 68,15493399943637
( 0,0006042515108617001 3,0525805416146548 3,9651722422299818 0,0018248018471293211 1,8985453608695255 1,9255615275938451 -1,9751685830651908 -0,04655526327932987 1,9757731609030618 -2,0398616236046756 1,8813762293528455 -0,02492310100224463 3,0551780846801635 -0,9872006008410709 3,959618714347945 3,0121982045191693 ), 68,15494732141633
( 0,000555777271735257 3,052621630462631 3,965354468730359 0,0017892473346298268 1,8985418146608801 1,925596953709033 -1,9753154436745306 -0,04674225938761404 1,975985778575118 -2,039937062825609 1,8816095392115821 -0,02495694671041755 3,0554332641679727 -0,987175558536559 3,959715344331574 3,012351051209388 ), 68,15495739469438
( 0,000235941601962239 3,052740167835532 3,966128276179009 0,0020454551699516875 1,8985889790933073 1,9259212611590164 -1,975784007347152 -0,04793775525369145 1,976764327420717 -2,0405095617144466 1,8825682137999595 -0,025427388547344935 3,056171314360978 -0,9868296154109487 3,9602629306679873 3,012647624524564 ), 68,1550232304619
( 0,0001938475228752171 3,0521591612434866 3,9658706247905613 0,0026360389257329125 1,8984376217051424 1,9260344840308883 -1,9752342950316228 -0,04737934686083241 1,9764306615428548 -2,040900680356694 1,881567404789817 -0,025433264169069957 3,055057919534843 -0,986092547848959 3,960168078334318 3,012061748436225 ), 68,15503283078752
( 0,00036853809225601903 3,053133153891824 3,9659523495880333 0,0017716663244907679 1,898532625108304 1,925798918354885 -1,9759898770883277 -0,048017515759753694 1,9766132348018555 -2,0403267869958617 1,8830048218738575 -0,02527831306175904 3,056339088923179 -0,987150351352622 3,960164019496724 3,012677119042975 ), 68,15508018902803
( 0,0005192824556755849 3,0522901804482916 3,9651992791577566 0,0020556155952406708 1,8985609591486843 1,9256562383905569 -1,9749757529702792 -0,04645792761787114 1,9757954610728465 -2,040013871464171 1,8810062416831033 -0,025026280717592074 3,0549248037844876 -0,9869441992273243 3,9596460690711077 3,012063852974411 ), 68,15511739917503
( 0,0004460753341675191 3,0522879370361475 3,9656003055635565 0,0017692346450250537 1,8987935671317238 1,9256192198139308 -1,9751503973236775 -0,04660210936784063 1,9762101651089086 -2,0397412960784753 1,8811823088504949 -0,025092159151197644 3,0557079392642694 -0,9873170794381755 3,959779509255492 3,012635353422801 ), 68,15535381983644
( 0,00035959367574809757 3,053046016215397 3,9659475128170314 0,0016717823209447947 1,8987112627174294 1,9257050244775722 -1,9758562396197772 -0,04770759243188364 1,9765501938307608 -2,040104174784335 1,8826991357410547 -0,0252233302908018 3,0564544295102687 -0,9874207532874836 3,9600902742053767 3,012837928271298 ), 68,155471197187
( 0,00037879542808770165 3,053410844554138 3,966065079638691 0,0016843665704581803 1,8983686178514696 1,9258498170414402 -1,9763325112654098 -0,04845070815497433 1,976820124133069 -2,0404950756009876 1,8836613436038148 -0,025278662436080578 3,056600031330511 -0,9870644016433783 3,9602666619003957 3,0127342255526957 ), 68,15571760562622
( 0,00024710827761327043 3,0534037887820364 3,966312515136392 0,0017732069647271383 1,8985324407013566 1,9259257551320723 -1,976372297471921 -0,048750018995823215 1,9769953340952278 -2,0405662583235564 1,883791306146528 -0,025474221221139636 3,0568679087467507 -0,9871203265095385 3,9604288106880996 3,0128692939126225 ), 68,1562022265965
Liczba wywołań funkcji celu: 7738
