Iteracja nr: 16
( 0,021177014729569836 3,071294386087112 3,9576676519369434 -0,08210167560003864 1,8406757592398804 1,919854756170064 -2,0473598043173795 -0,03962380912286072 2,044282557631449 -2,029712310778679 1,9637836920920575 0,02415790329337158 3,1306061125306837 -0,9851898609638988 3,9364547687932907 3,0534785565591553 ), 75,38358304134115
( 0,01961467333828626 3,0837670394523458 3,892882505058217 -0,10466493041098683 1,8362578499065154 1,920986899352846 -2,0492023291726884 -0,024526784101035523 2,0113878960097153 -2,030000442806071 1,9678302112628872 0,0325755805845929 3,114721433821383 -1,021780569666506 3,8980944373330537 3,0079412307016424 ), 77,38008697701244
( 0,0002780612842316066 3,0482739911691192 3,9292617218723516 -0,10281841281850952 1,8705145878074323 1,9443348220805707 -2,0269562718981393 -0,07175903013621789 2,0607166541869004 -1,9853180332789295 1,957074597181419 -0,03334810758921005 3,1759528590957204 -1,0397157382323388 3,912276346731764 3,0382019934254973 ), 77,75889786953252
( 0,019233400249155597 3,075440503545663 3,9154869497825295 -0,10742615479256168 1,8301807191569772 1,9244678826129233 -2,0564582432937955 -0,03256684190571002 2,0378805963569215 -2,029651805548627 1,9749811818474183 0,029158052645857118 3,133803060318043 -1,0054811040384561 3,907862751574182 3,0262028224470336 ), 77,93421921627912
( 0,022021817354013037 3,0643408353561328 3,899722821996868 -0,11718776236448507 1,8431026656442204 1,9304297441397167 -2,0406431245093692 -0,05490690637739099 2,0347629918196084 -1,9885665504279455 1,962703439994323 0,0018330367280407938 3,1389570001860165 -1,0332579410645115 3,900141382144593 3,0192207601612506 ), 77,98399347799104
( 0,025261096100084913 3,0878591885392925 3,850173025659711 -0,09116062193389346 1,8504089919321773 1,9075287430668322 -2,011867636983384 0,018773180812379848 1,9439261849719198 -2,01131167454168 1,9197925563036506 0,03652669936491761 3,0590843346408754 -1,0469960180276718 3,8756729736358593 2,9722671744458973 ), 77,99654290456161
( 0,021078192360585897 3,0796626046025604 3,9197058729706464 -0,095036315281915 1,8248377455467466 1,9256545590371108 -2,061590509077108 -0,05552970342931811 2,042817312829173 -2,0403946419989643 1,9882126510825757 0,026671438229563447 3,128846038407382 -0,9910633176005245 3,9163336380621043 3,030157412406356 ), 78,07757133781796
( 0,017106426033370106 3,089072107082572 3,864324906685192 -0,10009709399391895 1,8432073048380133 1,9202317171411147 -2,0444827080466093 -0,019731133468659796 1,986000670624708 -2,0443442659812145 1,957864405885535 0,03830639292661375 3,093327724660939 -1,0392970836501108 3,887267223542088 2,9765857362127623 ), 78,10919661882926
( 0,01807080643598246 3,0736311828245158 3,9081307928238025 -0,11827764392660481 1,8475722144079263 1,9234831491476942 -2,0485755066091804 -0,030601723073749094 2,030337070875448 -2,0070675071837507 1,961944171080385 0,021482645541983154 3,1458309631003716 -1,037811712912744 3,902768958837927 3,0281182797016775 ), 78,3053839269976
( 0,010712810317179959 3,08928175816796 3,91832727579768 -0,10700921239438221 1,8651244872829866 1,9154783154080122 -2,0520438354165775 -0,0366030089529243 2,024140710774553 -2,0192659970991365 1,9702221118086518 0,023841829162579854 3,1557247671697723 -1,0519031099125469 3,91235909914764 3,038115058803443 ), 78,36759331687225
( 0,012105583243589886 3,0922459245287137 3,9227544436625443 -0,1042265596008692 1,8539253004582006 1,916559786845663 -2,05389154124619 -0,0340007862539203 2,0308511577786827 -2,0310297795174153 1,9836203946896092 0,03137360767799253 3,1496692700443143 -1,0336439325277678 3,9094780271626184 3,039337366400174 ), 78,39412148709692
( 0,0287612859441476 3,0830173840650734 3,9001502583012506 -0,11504030392497905 1,8333749854211572 1,9207635139631392 -2,0540660315954495 -0,04425292677131027 2,024661897372883 -2,0138534808028354 1,9776538479008678 0,029491818134873907 3,1254433486593753 -1,0211420398518392 3,9030581609137376 3,0199291019802343 ), 78,44332875819129
( 0,02344367040646326 3,0791314214330074 3,903772457320723 -0,114632229778566 1,8337757733902937 1,9226942638362048 -2,055550603303124 -0,0380424149899183 2,0294154179240236 -2,0187762975908194 1,9747849995112838 0,02886026303646772 3,132257992736269 -1,0216729851158441 3,9035010063279945 3,022211267195882 ), 78,48588857286332
( 0,006728774813870051 3,08678913601752 3,9310459752381193 -0,09940071057392127 1,8466242502092705 1,922469238751871 -2,06073653166165 -0,033705726390794145 2,0418297896404605 -2,0473750301151736 1,9885572288836106 0,031042499296334673 3,15276227654243 -1,0163468225950147 3,914497801484447 3,0400448298436324 ), 78,49988447937695
( 0,01698871989377934 3,0711424229824686 3,915509330864853 -0,10480464577852004 1,8183641204312666 1,930881898395371 -2,062543721325902 -0,03735740298551456 2,049872055138959 -2,041520665718709 1,982235508225609 0,028617491151466997 3,1312234931405776 -0,9891221739555278 3,907791593883078 3,0202618498802623 ), 78,56774345000883
( 0,011752522197964237 3,0704705982673843 3,918354621394235 -0,10394729070782627 1,8243024807135158 1,9311205344150504 -2,062870659387941 -0,03706424956933426 2,051144100328653 -2,044502764231419 1,9825660689188878 0,027145459465620338 3,1389499030943524 -0,9944245904208853 3,908726878010255 3,022448917374636 ), 78,57556226583705
( 0,026171349245589427 3,083773242622602 3,8985155453930425 -0,11636067941672526 1,842480430554861 1,9163064337942528 -2,051886740651634 -0,035966777762054356 2,0195932142687028 -2,0063813059737248 1,96758176816062 0,030058645748468848 3,1325249290350934 -1,0384218879419114 3,904047188341549 3,024153357476339 ), 78,6224509529101
( 0,021218924664193048 3,079408834540148 3,9067057055323615 -0,1124567014686355 1,82774392096487 1,9265508817312476 -2,061734059162254 -0,04192139211648137 2,0356635307678275 -2,031174275310996 1,9837835577006837 0,030008453115113395 3,131366589638429 -1,010162342593696 3,9060076165125994 3,018303987637309 ), 78,72359118887272
( 0,01766565947021479 3,0834887238226814 3,9113731808960703 -0,10992824790256744 1,8346688763084262 1,9238727101863533 -2,0613023831252364 -0,0401387984148435 2,034691711035991 -2,032119313891147 1,9838425125501908 0,030320053354326377 3,138421079720074 -1,0172517669983006 3,9075510113085175 3,0245728616503555 ), 78,73229564999576
( 0,017740020589486056 3,072617428095995 3,9036263854925624 -0,12383562519129179 1,8416215983161064 1,9237045783966775 -2,0498632519453137 -0,020131535361968603 2,0295539652760684 -2,012018451179421 1,9622380231590193 0,02819222887582014 3,1415291173415443 -1,034185171631489 3,8960707137519863 3,020937104812796 ), 78,75753516008375
( 0,010305623794776078 3,0862432384041614 3,921623555474486 -0,10502311919419795 1,8441177166529943 1,9226613705993743 -2,0616331860591015 -0,03672272122257449 2,0379366004723733 -2,042586620492043 1,9874663602524487 0,0317848763157746 3,1488690010575304 -1,0215262440844468 3,910901146512491 3,0339664934555484 ), 78,7700938785695
( 0,0098779217664533 3,084261845735665 3,9154804121090176 -0,10848407537548584 1,8420421907809001 1,927433414625584 -2,0608942566671145 -0,04411701854842026 2,03819769107253 -2,0367244537592457 1,988839371902626 0,024056525023888133 3,148084327863976 -1,022189738243498 3,9085956956763663 3,02461801180327 ), 78,77050706326533
( 0,019602958431252735 3,0851326192743 3,906360483650763 -0,12108164864926624 1,8641502199739766 1,911718787043266 -2,036416949356224 -0,02271883178931059 2,0049663960801976 -2,0052318989718936 1,955473030895123 0,028813963181272495 3,143862252366185 -1,0649903331539508 3,898525769359461 3,0360470179341026 ), 78,78036783879584
( 0,029527605227444804 3,085025971619362 3,8968524399189377 -0,1178765303019937 1,835455309993518 1,9175582620717393 -2,053624260419818 -0,035945460505276056 2,0187714861227724 -2,007009376751846 1,9710766581596537 0,031657052729206256 3,1265711624410404 -1,0310906124275943 3,900923577565262 3,019803382714197 ), 78,78037683466694
( 0,03341351612024865 3,07108013941252 3,9121819763055967 -0,10113792409598624 1,8028828243384378 1,9267319505851401 -2,063015814445035 -0,04735186180115157 2,0472586743445547 -2,031585631837608 1,9862803541707341 0,03418922802988105 3,112863282233664 -0,9695401304540487 3,9109814769588085 3,0262812954049565 ), 78,79792043124856
( 0,026189531811805094 3,082448728192427 3,9003518376433783 -0,11631673426871107 1,8312736139511059 1,9200797356157997 -2,0576225488634536 -0,03625438548375727 2,0249653575658573 -2,0155937406106004 1,9735158582823389 0,0315086487318995 3,1291097910343812 -1,0228459054399541 3,9028206114458484 3,020124025980747 ), 78,82509042202545
( 0,02770582765669159 3,0826910634665197 3,898395622536792 -0,11564726696638129 1,8301397293740704 1,9203650770772283 -2,0575009649625993 -0,040178238823631654 2,025506862921061 -2,015258403787534 1,9776797073661667 0,03209484510368642 3,1263160210160734 -1,0217249543555174 3,902449671491743 3,019973909420634 ), 78,8279117741319
( 0,015639153574282125 3,0745952394068956 3,9120734390841734 -0,10740187136236626 1,823872818071613 1,9296821657926004 -2,064130343045252 -0,041126184925160104 2,045713472190558 -2,041230257870033 1,9855410071209307 0,028928474192805153 3,1353990092130477 -0,999800357576725 3,9070455700522873 3,019650488630071 ), 78,8526286615885
( 0,010857188191368503 3,081956855959115 3,9273983156360446 -0,09804061555611827 1,8311215466580313 1,9283063684993837 -2,0662207737979656 -0,04450725492311822 2,050245598370862 -2,0518196268509907 1,9942500479558825 0,02890626757930082 3,1448359793736347 -0,9968113008689876 3,9166688041298565 3,032683982137534 ), 78,85398560456976
( 0,024354955730409758 3,081052537362361 3,9011032939721364 -0,11475567212646216 1,8288824387801341 1,9235716713629314 -2,0598367491582907 -0,041275359104924886 2,0305361587213913 -2,022988311199768 1,9803933096113115 0,030814863997263443 3,1292714146770715 -1,0172506680990026 3,903388023412044 3,018065867141982 ), 78,867900816506
( -0,0006287261350620427 3,069067488493192 3,9273671771425493 -0,11881746239192088 1,8588973481020155 1,9266614172949963 -2,0475034921311073 -0,007129812772957189 2,0441694958667567 -2,0265337376879593 1,9598525386522694 0,024236737926437213 3,169148373614596 -1,0396011334473292 3,9006772406350163 3,0368100438991554 ), 78,88567293825011
( 0,009187026937684896 3,0809862939358346 3,919419706576075 -0,10561342335998368 1,8376206899185166 1,9259417702848072 -2,0636911144964296 -0,03586343520432916 2,0417493635965873 -2,0493849468295404 1,9871214882749457 0,032445331604894885 3,145965971220826 -1,0134402172841586 3,9090936698115804 3,0285441071687753 ), 78,90413187981765
( 0,01967501725773916 3,0830017922947737 3,903754615207562 -0,11291256649654874 1,8362741113092877 1,9222799201198892 -2,058845512926255 -0,04188758191059582 2,0299861762317284 -2,0254447850515547 1,9807067072636046 0,03005110916011 3,136542090167299 -1,02642843677101 3,9043995550551394 3,0228345019423855 ), 78,90563212149857
( 0,011027679742263853 3,0807105493639257 3,9237807923227983 -0,10173211225185536 1,8317665588513479 1,926395729959842 -2,0654858206727162 -0,03611890692110412 2,046662829061036 -2,0525620621240144 1,989763321034721 0,03440910635906856 3,143455184247851 -1,0016684749789475 3,91238776759248 3,0310433978644595 ), 78,915742084352
( 0,025648370166083824 3,0801798614233196 3,8991671387456037 -0,1158340284556246 1,8268922834674954 1,9240946263144967 -2,0599003499507083 -0,041935059370845726 2,0302594515734116 -2,021623960551671 1,9800235737506182 0,030607595416888043 3,127180892841999 -1,0160026909896447 3,902682554318525 3,0160042495786468 ), 78,92044032801414
( 0,02635307639608836 3,080647575956284 3,898449118475649 -0,11595822551086588 1,8271955634255745 1,9233843784606042 -2,059348226176208 -0,0419387104803968 2,029254462001951 -2,01991128803455 1,9794672997736287 0,030684364043420318 3,1266617497280937 -1,0170672852218698 3,9023955508844113 3,016278682757021 ), 78,9206254229683
( 0,011105168334650868 3,0802821694873312 3,9224813873800817 -0,10221537014311452 1,8313017957444206 1,9263648726083087 -2,06550665373754 -0,036727323936617554 2,0465737799112054 -2,05238930944758 1,9897671494278464 0,03445537233577664 3,1427845441738977 -1,001873578478923 3,9119926258895488 3,0302794743047765 ), 78,94439131055991
( 0,021495062876156733 3,080366059560077 3,9016771746988974 -0,11493718984571742 1,8315489258387452 1,925132917762774 -2,060697046674952 -0,04328268213805471 2,0321787021430207 -2,025453920292612 1,9813089157288895 0,028912122850973766 3,133367204402957 -1,0204093344421121 3,9038172447288106 3,01813820320695 ), 78,961385860123
( 0,022562901474019098 3,0816596345075906 3,9028108833951416 -0,11352703772731913 1,8287193524020733 1,924354795232516 -2,061597671093784 -0,042649009808097604 2,032761382171999 -2,0271863910664174 1,9833484024774408 0,030941960072890178 3,1311560195371158 -1,0155783940940797 3,9043408662809607 3,018644347799973 ), 78,97534392925907
( 0,026688555372820156 3,0809491317205926 3,8970853813944397 -0,11728063179036215 1,8278919616260898 1,9229998932452914 -2,0593525235099897 -0,04059140287538276 2,0281036230220897 -2,0181566374377575 1,978354859832608 0,03113633880933851 3,1266676941232356 -1,019440439662191 3,901587759312576 3,0154083142013124 ), 78,99970663339217
( 0,02813059334740099 3,087567406030568 3,898290324092676 -0,11809093976838689 1,8452484693710098 1,9130376131080482 -2,050553294555805 -0,03446190626727331 2,0139028586472394 -1,9984363008002437 1,9677637042079292 0,03175171485993221 3,132862187689844 -1,0455369907183663 3,9012246553518506 3,029670734233322 ), 79,00196434496118
( 0,01591113475387566 3,0821470329506275 3,9060732916167753 -0,11417900501926193 1,8402522188294355 1,9236489791964575 -2,0594700929784646 -0,03946421944487091 2,0316542796314456 -2,0281337760184455 1,9799667302652333 0,028711649926977095 3,1421727175187146 -1,0300213600830124 3,90379654466201 3,02286389662451 ), 79,00222012133594
( 0,027084720843899426 3,0676213132980252 3,8875253005819155 -0,11242834115990494 1,811676314546302 1,920984869683313 -2,05669192576264 -0,04693528918199462 2,0330307328724366 -2,0290746559994433 1,9760548770415158 0,035151708636806535 3,108157699709624 -0,9977610720480414 3,8981032371220383 3,008861993922768 ), 79,0040072034734
( 0,013319360974901714 3,080695642747221 3,9039196433645147 -0,11992591865477317 1,847203208097143 1,9246003607419038 -2,053406324698429 -0,04041423888008331 2,0279460692324274 -2,0172860446386185 1,9770633508266557 0,020659873513710125 3,146547934000744 -1,0422804005340702 3,900293015565949 3,0206688247191673 ), 79,01135175843316
( 0,011303056285726457 3,0829438118187493 3,924536182398298 -0,09750121368220188 1,8289130266358926 1,9266565711220516 -2,0667861509680634 -0,045943040018719225 2,048573345441683 -2,054934249984064 1,9956500791556429 0,03152930550780779 3,140950327432666 -0,996615201809035 3,9140734298500544 3,03033479757497 ), 79,03443991073445
( 0,02271246602799783 3,081102127884116 3,900406445023733 -0,11648688072817724 1,8314561880300275 1,9243194315843657 -2,0603133007733434 -0,041846551555276834 2,0305761335267936 -2,0228733297222834 1,98041154358035 0,029760790121759376 3,132555747459257 -1,0219627275872263 3,90288581767435 3,017493519317432 ), 79,03979234121262
( 0,02157757462655028 3,0758706729157717 3,8962234242428786 -0,12233523646282587 1,837401563778933 1,9245112545544272 -2,0555242410094756 -0,03446993603362999 2,027615626647355 -2,014981487387831 1,970117224305536 0,02829284263007268 3,1357093416394988 -1,0335170496417245 3,898415469363635 3,016374826844921 ), 79,05180573185045
( 0,013860268111068198 3,082574862483531 3,907264619101277 -0,11516217265160503 1,8436998761463363 1,9250346808289207 -2,0599472653877644 -0,040087997029143556 2,0323945874394425 -2,0281968328002815 1,9803469544330923 0,026744179860689925 3,1462655677716156 -1,0336537488804414 3,9048827272271667 3,0229896465133743 ), 79,07124551394084
( 0,03567172391172758 3,0837394092501738 3,886846641297796 -0,12289693081651228 1,8355352529082263 1,9154847956858787 -2,0474547222069734 -0,0387524293146794 2,012546862001858 -1,990829761535423 1,9658830769643303 0,02916453135201746 3,1194006028558507 -1,038908135228872 3,8952145563443574 3,013533250732347 ), 79,10788079887755
( 0,031379712517767944 3,0801435231641685 3,8885474465447314 -0,12586905526316214 1,8380436306608514 1,9175087859695625 -2,0468159099887506 -0,0342003751910202 2,011200005004756 -2,00020218989088 1,9623092546555947 0,0301596010579726 3,1242540259235243 -1,0422201647555371 3,8952134529678513 3,0165541183568223 ), 79,14325120225774
( 0,02073660360140238 3,070033236349211 3,893015863790293 -0,12641315855014698 1,839123408244152 1,926118039967351 -2,052379565332492 -0,031936826512105526 2,027483981752266 -2,009177946984887 1,9630405383104015 0,025290989557326508 3,137174802439208 -1,038625672728142 3,89494712349822 3,0138487714050726 ), 79,14420491357376
( 0,018035762960836053 3,0802340539280393 3,903112739307201 -0,11511365661972006 1,8347807186583494 1,9265580777684328 -2,0618351046784444 -0,04709051425557596 2,034506465334236 -2,0272753362976594 1,9840741375155915 0,026027324610285965 3,1392919763832414 -1,0246321948084884 3,9049013639523276 3,0182236520325754 ), 79,15747326879898
( 0,03346687501609028 3,080280048439734 3,889315477645746 -0,12230378537360652 1,8269578442372894 1,9233724775250116 -2,0566154888286325 -0,04559865731470442 2,0227916955873977 -2,0027386662097566 1,9751983456946847 0,027055609035484658 3,1221114643485364 -1,0240508502302017 3,9010941848675094 3,0120469224306894 ), 79,16980265934828
( 0,02861915793783688 3,0801223049920234 3,891067714140456 -0,12398614054037438 1,832456940803667 1,9224523554028659 -2,054208576122065 -0,03899836836808546 2,021356592704245 -2,0020864507073313 1,970327273158442 0,02520770974799425 3,1278297754385123 -1,0321709543079765 3,8983988225942747 3,0127299758545343 ), 79,17313876158332
( 0,004728723963151896 3,0878891128542643 3,9319164327468137 -0,0988643050889631 1,8453145273087839 1,9243842271795606 -2,0662284941530555 -0,0369332979160231 2,04558560574116 -2,057826134693722 1,9934966477711147 0,03368154913487012 3,1554991031803525 -1,014623289635126 3,9163087483633414 3,0391720519947096 ), 79,17503173350157
( 0,014942391631017848 3,0848053967020514 3,913016127046179 -0,11188295612562174 1,8364897834242535 1,9269577226539158 -2,065375967547658 -0,03834806096221696 2,0373504885424962 -2,036348770767994 1,9861192969511694 0,029766061688426052 3,145517945029643 -1,0199850033291118 3,9096808515068364 3,0242101999628273 ), 79,1761190761061
( 0,008107652069861207 3,0804272060658993 3,9297589206921666 -0,09741249043610017 1,829857812908166 1,927831322538426 -2,0680781921644136 -0,03696268259011953 2,0523413510154844 -2,0619110633959767 1,9942799925568782 0,03523261193724986 3,145659992265874 -0,9936305283158275 3,9153034786171945 3,0337333894232237 ), 79,21201115862036
( 0,03609957618730051 3,0829879530851074 3,885028719974451 -0,12690366046950943 1,8452407038418395 1,9082737121026212 -2,0383225640363904 -0,02070264806871208 1,9967732186486693 -1,9832471762370438 1,9481355060188505 0,03292591324635767 3,1164734600559303 -1,0527571614534532 3,889383101082397 3,0162161395618208 ), 79,23331035473439
( 0,025787406345721818 3,0775424856191145 3,8921141703824107 -0,12010697209058466 1,8270010322748231 1,925628212612311 -2,059358238767874 -0,04335041352012654 2,028867877352135 -2,0195620962740115 1,9783010094870848 0,029094911756579456 3,1260270627013598 -1,0214607637219775 3,8988605766550783 3,0108876668016795 ), 79,2395364212619
( 0,04110761729560432 3,091542745396848 3,888845668168395 -0,12186642398618122 1,8403442302048871 1,911703568163056 -2,047505502233144 -0,0450905281886856 2,0061438905522357 -1,9821000867488034 1,968104135772618 0,028957377407889236 3,1186696023125426 -1,044485017956397 3,9005518843271387 3,0198372074890134 ), 79,24360314208755
( 0,011160639392465518 3,0824034148253956 3,91591609911828 -0,10712776711272656 1,8351169181916602 1,9284813691346328 -2,0664178229997527 -0,04676814143200311 2,0435981422277285 -2,0450529057946882 1,9923192680933353 0,027745454981593344 3,1459849233794115 -1,0134821661367257 3,910335178614579 3,0254206440234377 ), 79,24906895374176
( 0,03141606949035851 3,0725188167774173 3,8792113402365787 -0,12766717227715108 1,8230458965674199 1,9270638308689874 -2,053336648173593 -0,035459775742227743 2,021988578586106 -2,0085790074982133 1,9683393256424748 0,027482904694432 3,113345427045849 -1,0238866424258468 3,8905931154127953 2,999011264722112 ), 79,30264358876661
( 0,022043475499628453 3,0872391315340746 3,898394075091623 -0,11499474843329185 1,8326342356033127 1,9192624542032501 -2,0602772597884815 -0,04444149386662589 2,0234853053510835 -2,0271432388785118 1,9882762564811842 0,03291846638734142 3,129173163187475 -1,0271508985857236 3,8998738607823804 3,01373252282394 ), 79,31158393087831
( 0,020878681109638 3,088227737187081 3,9030336031213526 -0,12478641337660104 1,8635324113846858 1,910550841616767 -2,0450825792956766 -0,008884370382865827 2,0038679645827235 -2,0005654300938964 1,9546899647761757 0,0376095087488066 3,1427987248464757 -1,0689874848474479 3,897968566942454 3,0274038634267533 ), 79,32169280590014
( 0,0341515974743206 3,080617880686129 3,8865081976252047 -0,1263763096773941 1,8331704982318766 1,9186876303220033 -2,0516292363657316 -0,03387474275192848 2,0148035545238474 -1,9965628261527897 1,9642982763406187 0,031193543726384117 3,1218109894750112 -1,0363552864920655 3,8954573698299813 3,0121007336885324 ), 79,33144749952697
( 0,008286266730178668 3,082018714805565 3,9241768321344215 -0,10196659480679379 1,832301615257987 1,9269897939286689 -2,0700877981426946 -0,03532459935651782 2,0471108763156076 -2,057736854352832 1,992994739759205 0,03472782334356666 3,1464174909962943 -1,0050518127728298 3,9127695015423853 3,0293636314235415 ), 79,33868179747574
( 0,02601803837755469 3,0864050401379983 3,8943297796999494 -0,12594441518480648 1,8519296952295723 1,9145359993397586 -2,047411592988037 -0,02382648351502148 2,009848184272937 -1,996395623912593 1,9610917036102082 0,03162101798273156 3,1357407535500372 -1,0571734340610466 3,896270728968569 3,021939072229248 ), 79,34466946272656
( 0,027644613038842504 3,079725650653817 3,889304827167162 -0,1252536139662465 1,8354395357799445 1,9213128029812379 -2,054260072940798 -0,03554919518342422 2,0196035487714394 -2,0054848477402207 1,9685334675179302 0,02955370343467175 3,128483958556627 -1,037548730242695 3,896019115570701 3,0127095423131482 ), 79,35645657256293
( 0,016947714168776124 3,0814063995827414 3,902390225498878 -0,11791565687528367 1,8377876209357884 1,9263773498136327 -2,061972504239832 -0,04396866539616414 2,0328061104387047 -2,027082999163113 1,9826836491046977 0,02708604878700607 3,1416073636612962 -1,029930024467344 3,9032303181889283 3,0179937367865617 ), 79,36272864346213
( 0,02944533390129063 3,0797795131446777 3,887877050896764 -0,12480884216679515 1,8320271897881133 1,9211437213516827 -2,054469606611936 -0,03906764667581045 2,0198551039503254 -2,0045920953030922 1,970801079165028 0,029202852810360388 3,125109552747041 -1,0334706160979354 3,8956185300624813 3,0115559034206756 ), 79,38551697578595
( 0,03611048063758591 3,0747146318572467 3,8840552234435224 -0,1301316475472875 1,8340022949317971 1,9174579252777446 -2,04590121237528 -0,02631384006129932 2,013937715660027 -1,9858403249242063 1,953893027676826 0,030991236235009566 3,120782739134894 -1,0392092016357686 3,8927093288547145 3,01422149470242 ), 79,39166314154016
( 0,011964998195226454 3,0976852487996847 3,927351130299598 -0,10507893365041422 1,849130580654614 1,9182925132188378 -2,0649635907491706 -0,036637158091563475 2,0315880797426416 -2,0370203939072233 1,9940571560281681 0,0328754035560773 3,1567857855740824 -1,0316761983197758 3,9172638003050784 3,041258972879878 ), 79,39748728153613
( 0,016702746491428614 3,0760890557532243 3,909626701774579 -0,11076138807057351 1,8181533362478839 1,932448176137191 -2,0661947997735886 -0,036700999217666196 2,0477905393937634 -2,04161779529869 1,988014072667632 0,03200016758842009 3,1328354940137952 -0,9977018861546919 3,9032910358211783 3,0208025012129878 ), 79,40896073310452
( 0,029210711335022874 3,087520502956579 3,8909459559049844 -0,12129161860278664 1,8335433479293735 1,9198568683524964 -2,0576573061317465 -0,04327459239730329 2,0182492357704738 -2,007648424532183 1,976622411475087 0,029468423524228803 3,1265278223696615 -1,0341982739670692 3,9000538618967244 3,012551110749138 ), 79,42650070518451
( 0,023380630093648283 3,093688787979514 3,89606601328382 -0,1242523737333446 1,856178292610823 1,9159300331851656 -2,055997833009127 -0,022735302745632693 2,015403589402167 -1,9937370858612948 1,9666756767378843 0,02995526304425681 3,1412718683756737 -1,0580042692722054 3,9021403724238484 3,0171924757508575 ), 79,44440219981954
( 0,019367702273998533 3,0815543847494697 3,8978113518839335 -0,11907174838395443 1,8364603415142533 1,92558379113342 -2,060643387953021 -0,04408090420696799 2,0303630302315328 -2,0225311419273146 1,9805653437840443 0,02735438241579723 3,138320608765927 -1,0321258569678915 3,9013055647568042 3,0171754768576804 ), 79,445496270394
( 0,038485646686436566 3,081271489134844 3,8808583567432198 -0,12885296686412084 1,841644350082906 1,908644782644422 -2,038440588567928 -0,02045889065455049 1,9963893136761433 -1,980402058792706 1,9466043958596961 0,03344422659459787 3,1131537715346647 -1,051422880695767 3,8878137719003907 3,0131813510022742 ), 79,49518365666329
( 0,03017588711706658 3,0798660931834894 3,8869328148168774 -0,12735682658961137 1,8327914486138033 1,9205547724950183 -2,0541501840112244 -0,031138099598093945 2,0180980334891943 -2,003795405011615 1,9666332384875234 0,03268519515249768 3,124569075533645 -1,0356894188450982 3,8942802734757915 3,0109970195718367 ), 79,49812176357052
( 0,0171781073798159 3,0913229438025946 3,902335172747182 -0,11529315029409033 1,8508111024812826 1,9195689511962775 -2,0597255518985813 -0,044935672836502724 2,022205233669819 -2,024623281131105 1,9834421146993946 0,03053517836239142 3,144482212887369 -1,0477281140140655 3,9044661814345507 3,0264198660961465 ), 79,51426770621089
( 0,005162586262612 3,0817270226440483 3,9091922017249097 -0,11772061370484935 1,8534224241815709 1,928669156008067 -2,0608687148572726 -0,0388815048481339 2,035413443133555 -2,0322711792654626 1,9788415880908838 0,02229604246197276 3,159159560933735 -1,0453546149778448 3,9043118693338443 3,0232298963160225 ), 79,57631616799381
( 0,027078467638462216 3,080227980520271 3,8872488541596524 -0,12891231715844734 1,8398079817921225 1,9196921511192075 -2,0517208831230715 -0,028368404540353033 2,015878548346316 -2,002224950511301 1,96383445958193 0,03097603991292805 3,130332688663113 -1,045256540322536 3,8937079841789495 3,0121164434899725 ), 79,58781392283007
( 0,0284849747448694 3,0785125147444616 3,8855128894683557 -0,12499928626117907 1,8276449569978888 1,9223538735551338 -2,056603334183073 -0,03969847641644161 2,022946455205476 -2,0091023425466363 1,9731813461529368 0,03109066838681112 3,123666844617868 -1,0296005788988543 3,894724957487043 3,008732375260605 ), 79,63761398599988
( 0,021005484610080557 3,0865105330905496 3,8970303903726413 -0,12126165565160442 1,841754429402784 1,9219641302205768 -2,06014858594235 -0,04003053736452523 2,024634635014955 -2,0123750456033553 1,976781858911706 0,028279235148826354 3,1415936878193373 -1,042545547223069 3,9025597885370695 3,0194475868064137 ), 79,67493911892828
( 0,025819344926286927 3,0822751545399076 3,885734576842712 -0,12637162458796333 1,8369345694300452 1,9225331454038752 -2,056331126147541 -0,04197032678669023 2,020123297020314 -2,0058695504229327 1,9720120449561263 0,02767589171790295 3,130481526369197 -1,042116820461676 3,8962741295331345 3,00771938723736 ), 79,76073210057169
( 0,03732664141145638 3,077062151487936 3,8792645620890736 -0,1274228042502076 1,8220809338409232 1,9209151014994115 -2,0549449253767196 -0,03981375617524764 2,0183600397942665 -1,9997371235965054 1,9685438344435853 0,032620337160996 3,1139170827475238 -1,027117676268846 3,893888480550417 3,005628523391838 ), 79,7790002300113
( 0,044866369513239704 3,075126532884364 3,874437464992631 -0,13371888306031307 1,8311157161726324 1,9149569117341303 -2,040475908800361 -0,025343422809816107 2,0024279205515634 -1,96802285490038 1,9451297946775175 0,026850630784725674 3,1084406430043012 -1,04274860029397 3,888782729582142 3,0063086205755503 ), 79,84086296727432
( 0,02554215333525606 3,0829164143935333 3,889209152893634 -0,12176334676604333 1,8267937234277125 1,9239435775927867 -2,06169646542649 -0,04099034250357473 2,0269148680572635 -2,0201109771759076 1,9826614870527661 0,032196463160133575 3,128497496518824 -1,0245470695700443 3,896405262296451 3,0108814229326755 ), 79,90768577426539
( 0,013695197484926945 3,09205939584715 3,899958594202719 -0,12457439326919229 1,8686845033972357 1,9179285221527855 -2,0492654349040236 -0,033423427187230625 2,0093302909922146 -2,0004416860041365 1,9620309752346858 0,019331696547548197 3,1555781290533265 -1,0764243281297532 3,90128934323499 3,0211053952898075 ), 79,91623464287368
( 0,03379823490213969 3,081182316042941 3,8854252044199473 -0,13691701936557416 1,8493215846936697 1,9286395346608896 -2,050440481348807 -0,04555719358831057 2,0135420502271106 -1,9695992812413952 1,9658463633038095 0,009622290633500554 3,141657393575962 -1,0565595972082908 3,9077914473881754 3,0143207684161295 ), 79,92941804736469
( 0,03363752808011039 3,0807681508529576 3,8821604435455326 -0,12937232280703992 1,843087628445573 1,9114845451126987 -2,0445480907404354 -0,010007741024419665 2,007109805898416 -1,9876339952830422 1,9473141700408718 0,03938696618843771 3,124703029554799 -1,0543224452410938 3,8898802585496246 3,018427831842486 ), 79,96591714472848
( 0,04722546472906555 3,088365640919293 3,8730176119888102 -0,12747703810208227 1,83605294614108 1,9073830087381463 -2,043642531102479 -0,033286633240493656 1,9967465160732623 -1,97346296154787 1,9500701653857528 0,033395506635340855 3,1077417351726426 -1,0506032303411321 3,8984641867570473 3,007282321238293 ), 80,0168096462259
( 0,0295539328196031 3,0711148477676997 3,8785924937843723 -0,13597546797582402 1,8330221382667684 1,9207831591547821 -2,0499710349054454 -0,01668587897085709 2,013024114990405 -2,0015084553131968 1,9534162995241642 0,035907285101991676 3,121809549821347 -1,0429662967444189 3,8852986086108356 3,0024354408790512 ), 80,0529709317013
( 0,0007998571585683956 3,07713973932962 3,929539864278416 -0,10366074454021733 1,8315330755726704 1,9343972976657455 -2,0733015203138283 -0,03472311168806784 2,058097126031326 -2,0730588434257364 1,9998167009485859 0,03452482150877499 3,1532700407111083 -0,9959411449879572 3,913224511272201 3,027508514892554 ), 80,10486788807668
( 0,048198094639226224 3,071330357572901 3,876181333350764 -0,13586870657212155 1,8408039047014306 1,908627638802733 -2,028380758366818 -0,007718629176995521 1,9934033365497104 -1,949151366669967 1,925749020433345 0,02682260482285777 3,1071427492080903 -1,0544177438802669 3,885584547539346 3,0133718919345975 ), 80,12290260191752
( 0,044609716284924744 3,084321954630107 3,875450839850923 -0,13170385927309053 1,8393429326582122 1,9092871983631314 -2,040372189637671 -0,0289200009902437 1,995994608537413 -1,9678051295435282 1,9490430810338908 0,031637108291036525 3,111324659564978 -1,0546873720178378 3,8907664990677726 3,0109100325295213 ), 80,13584813603083
( 0,010990198522228066 3,05406989820959 3,8722985828848127 -0,1269937767362226 1,8261022904902295 1,9328643441693056 -2,056222510293505 -0,0331418039743797 2,0399509327340604 -2,037397383949354 1,9588845030171687 0,030499644831758946 3,1226388039563853 -1,0234349669908027 3,8820169170223977 2,992568940929623 ), 80,16419345657252
( 0,0018729607052430514 3,0671074343529487 3,921063349889283 -0,0982086625657834 1,820495189964897 1,9358302478079468 -2,0723266567086727 -0,04630187396220341 2,0624876663450595 -2,078106190420723 1,9985529707707226 0,03190587154885034 3,1423917159706956 -0,9843215198431607 3,9092934676617968 3,020513722189647 ), 80,17541987078005
( 0,03452223707152111 3,0897251539952504 3,878258383837872 -0,12993801837673483 1,8418227180179596 1,9159062456856328 -2,051073572869547 -0,04131859341872333 2,004374359265512 -1,9853839957146269 1,9645141674446593 0,02656725789120783 3,1244592579262718 -1,0566685710833361 3,894928502613219 3,008313552125358 ), 80,31081160516825
( 0,028787878379986677 3,0808762612881657 3,9164496088248066 -0,09557452606973352 1,7978882333046111 1,9276952498143665 -2,0759011322713787 -0,05174793038508267 2,05322597115251 -2,0602438017233125 2,004464218449151 0,04344215176090978 3,1143575729856705 -0,9589133456081492 3,915806584854999 3,022760631310535 ), 80,46536930369305
( 2,175855984245197 2,8680991996855023 2,9613512582630155 -0,32771002168384045 -0,20190689672023784 1,1592895775863314 -1,4367352912901183 0,94762950866745 0,9972663285331532 -0,025353052325037345 0,9434853797639615 1,0693951744361347 0,09875764801613576 1,0387473776055203 3,476837097062849 2,600689383156302 ), 125,38754327433173
Liczba wywołań funkcji celu: 3517
