Iteracja nr: 26
( -0,0010604391709892996 3,0470558194188606 3,9701250304221687 -0,0013558531573004261 1,9049683444888408 1,9243627425695693 -1,9721358147233972 -0,04136665416157958 1,9799992219141573 -2,0328729648636426 1,8728313555851757 -0,026154715728749396 3,0640068437922334 -0,9941359169474456 3,9599528403776216 3,0209498388751705 ), 68,25968365899388
( -0,0013682429917588875 3,046467774090591 3,9710371621585594 -0,00044227843391558277 1,906092276062581 1,9246873447625796 -1,9713147673391211 -0,04292995581043415 1,979968504717216 -2,0322339579332764 1,8720316496305986 -0,027659925526494846 3,064005201703319 -0,9944732485510608 3,960798119058276 3,021037148018083 ), 68,26249253805344
( -0,00032986474637967906 3,047465351822846 3,9713911283886336 -0,0005544770016750665 1,903238842439595 1,9228305372007986 -1,9725783260294123 -0,03588866513098068 1,9790196917891216 -2,03548310820575 1,871658542631145 -0,022035755455684165 3,061712788087485 -0,9910133429085761 3,960304365429475 3,0221926727332313 ), 68,26635007617855
( -0,002490393980322582 3,047445432433884 3,9700318653204723 -0,0003163661001076732 1,9067414566795415 1,9245635132359473 -1,9717623799438 -0,04129538437165407 1,979045429936052 -2,034542259057804 1,8726840715654998 -0,026634397943540104 3,0645061753566414 -0,9957401007612696 3,9600677148712813 3,0204071366509093 ), 68,26690677809844
( -0,0018655118394638136 3,048084013619063 3,9695169523504905 -0,0018079912358333109 1,9056092387139827 1,9243630024451839 -1,9728907317799016 -0,04121593519438166 1,9797067852270718 -2,0339113785749423 1,8740913822072545 -0,02583195499862734 3,065326216037702 -0,995849875751884 3,959525199356135 3,020673344534198 ), 68,26777601594098
( -0,0012947162129681613 3,046980811696492 3,9703503410592353 -0,0008693189982458588 1,9058512733130941 1,9240443981760573 -1,971490802864807 -0,04036978564039388 1,979091670984114 -2,0328619481618655 1,8716269719245717 -0,02602655517527861 3,0636634072966444 -0,9948177826107457 3,960115996610401 3,0210711439369917 ), 68,26792063021213
( -0,0025297636048082525 3,046051423612681 3,9693440963135767 0,002075331106225861 1,9076134257296624 1,9248256216005535 -1,9694680295309925 -0,04182912128596801 1,9772663347912063 -2,0344546779354253 1,86937141219732 -0,02796270351116761 3,0609871916694162 -0,9948984315564964 3,960436521476382 3,0185541515757306 ), 68,26871219553831
( -0,0025884598285180176 3,0485692694820345 3,9696077779806065 -0,0008035312645395172 1,9070038473325426 1,924521005802418 -1,972390149383251 -0,04219522532015313 1,9787713135465872 -2,0344723801480074 1,8740825514077262 -0,026755987405346876 3,065333778862523 -0,9969388629179081 3,9599535419093908 3,02016804693667 ), 68,26917113035208
( -0,0015419609346363505 3,046395722631045 3,970852992323392 0,000175285487393244 1,90684816640091 1,9243142862436708 -1,97037693617202 -0,04117642075537717 1,9786418407219684 -2,0322678577231685 1,8703667923349787 -0,02733888121924173 3,063089998667973 -0,9949633919162469 3,960684961105894 3,0207908408989588 ), 68,26924260710014
( -0,0017225010687035823 3,0471935736384976 3,9707976854162665 4,007045006408923E-05 1,9072439414714055 1,924602526318373 -1,9709938150956396 -0,04407893256977575 1,9790059383714322 -2,0322101217501407 1,8723183890995956 -0,02834575955571811 3,0640951945554926 -0,9958725391542985 3,960941772257351 3,020698644977322 ), 68,26979595380551
( -0,001443332195714064 3,0470569180559854 3,9705377603072827 -0,0005746885553351669 1,9060447548557737 1,9238882178853312 -1,9713638048201534 -0,03969839508243934 1,9788362417586252 -2,0332685393350163 1,8713353883753532 -0,025720343563898383 3,0635350435797077 -0,9947827435418214 3,960192030212308 3,0212073200852663 ), 68,2703952556226
( -0,0018383970625743297 3,046262633034898 3,96924299620603 0,0004650539151641127 1,9069091544114427 1,9247355370929282 -1,970307544866196 -0,04282654648267091 1,9782738788996839 -2,0329001565913503 1,870591030754139 -0,027970819485172663 3,0622809912823405 -0,9953646597764005 3,96017883022573 3,019275301273223 ), 68,27084035204847
( -0,002412045148363768 3,0482976725549364 3,9703254227658427 -0,0003727985334102876 1,9069865966010016 1,9242279123763877 -1,97202046606878 -0,04131466282248552 1,9787148521117126 -2,0343864039316717 1,8732790333532876 -0,026415103452368135 3,064927990668399 -0,9962877898676769 3,9602782380597263 3,02078421055489 ), 68,27114261878533
( -0,002235008175114557 3,047959367087464 3,970188120061435 -0,0009294460952963136 1,9067165967667903 1,9244867835596622 -1,9722221155357953 -0,04221504599784835 1,9793980678574887 -2,0336963538099706 1,8735643422440524 -0,026873228679708892 3,065361899635307 -0,9963262974508269 3,960174195170836 3,0207993511839577 ), 68,27208886092052
( -0,0024173977231302483 3,047946615452179 3,970403183472753 -0,00039094175171805874 1,9071827092855649 1,924469660453727 -1,9718254362351162 -0,042147908736956785 1,978990039179257 -2,033840367843474 1,8731268589750218 -0,027097750253822928 3,065086743469644 -0,9964268989569576 3,960392806894705 3,0207320567825913 ), 68,2721320544038
( -0,002364562099097482 3,0477824349658302 3,9704992864466266 -0,00013173526408195778 1,9072939334127794 1,9243773665029733 -1,9714989902214777 -0,0417507339746262 1,9787129989051542 -2,033753592788772 1,872553031656709 -0,0270589664815864 3,064686978658529 -0,9962889765360357 3,960470480196667 3,0207396610682897 ), 68,27218011817948
( -0,002156578472963253 3,0476743800307116 3,9702007120598006 -0,0006361147731283607 1,9069273597518368 1,9243885699199592 -1,9716833492648906 -0,041717557878405157 1,978982657253746 -2,033403614461971 1,8726989850859244 -0,026929591010716483 3,0648311983449323 -0,996276760056465 3,9601914657865938 3,0207412886626495 ), 68,27250548963357
( -0,0030931812596230817 3,0473505775063217 3,969444433744609 0,0014294206880324759 1,9083824593490635 1,9243875257972325 -1,9698862175156078 -0,039706550613552265 1,9764717134408059 -2,0348725380098087 1,8700326281018336 -0,02707198125910694 3,062481098365547 -0,9966759194990287 3,960090557883401 3,018989870150663 ), 68,2730173210459
( 0,001313281844166082 3,0450831142180066 3,971908284336596 -0,002118361407620385 1,9021287827098945 1,9233949915182469 -1,9720147303832372 -0,03848651572437898 1,9814225296762233 -2,031069078626665 1,8704667681476972 -0,02390434648117362 3,0620089142375977 -0,9899360178915891 3,9604631586281243 3,0230779113771065 ), 68,27307647089869
( -0,0023613084659624166 3,0467632643345746 3,9700656045402023 0,0003835493003270141 1,9078670565758455 1,9246911400720164 -1,9702648634000826 -0,04215407720673861 1,978164514037382 -2,0327637630040063 1,8708623069708792 -0,02818128226589439 3,063664266843855 -0,9964911302101322 3,9603900145207223 3,0199620244634064 ), 68,27315605731029
( -0,001427933512697514 3,0468445818252015 3,9705127806627574 -0,0006618400375272562 1,9062487565963817 1,923970652742146 -1,971169661245925 -0,04003614212415814 1,9789118812319901 -2,0327844167037763 1,8711079659493335 -0,026096892143667626 3,06366691748444 -0,9950515378576161 3,960183004921196 3,021221949794465 ), 68,2733914548559
( -0,0002453047629938039 3,0466134674670604 3,9697040277446427 -0,0022821335008639636 1,904871085057843 1,9236410924728118 -1,9716547897200738 -0,03905378127746853 1,9792591671212472 -2,031312888564041 1,8709754363155147 -0,02505673724163372 3,0634050013623604 -0,9947261497157179 3,9594786174365937 3,021382421820791 ), 68,27378167792074
( -0,002251201022459206 3,047922886925936 3,970454166387207 -0,0021887227041368145 1,9055346537218913 1,9247985375453078 -1,9737467569718816 -0,04265821116256585 1,9813571202411617 -2,0345046364793555 1,8754177273435118 -0,026186207323714433 3,0668452025319772 -0,9955611615224024 3,9599045631169596 3,0214364535958382 ), 68,27389736264443
( -0,0005549310773203487 3,046393870027602 3,970490231273564 -0,0011650638351891301 1,9047704144251776 1,9234517978332413 -1,9713644541328528 -0,037795238970640715 1,9790626133367013 -2,0327901952524043 1,8703219151818251 -0,024416255979937802 3,0625708453164173 -0,9933975858708282 3,959855133369973 3,021630160914037 ), 68,27400546359377
( -0,001456244489868955 3,0467126996128755 3,969950371825386 -0,000900877808535364 1,9059310403690464 1,9238874141824973 -1,971263566923989 -0,03903240964566218 1,9787676146283122 -2,033295173621783 1,8708917002510659 -0,025428833758675835 3,0633793444815507 -0,9949441566235209 3,959711947200481 3,0209778421574196 ), 68,27410293102194
( -0,0023327187841180484 3,047700370283482 3,9704047613229365 -0,0005535802265217909 1,9071032246597235 1,9244623761981738 -1,971788187126249 -0,042026738991059305 1,9791692218674368 -2,033645614464866 1,8729211569441129 -0,027046949064856093 3,065127086295633 -0,9963621801476102 3,9603283029700695 3,020880336852416 ), 68,27419916911715
( -0,0013168432110214597 3,0465138747408744 3,9704171115403013 -0,0008247090266045882 1,9062740393970865 1,9241177363941637 -1,971000637494196 -0,04052202977081549 1,9791132018464883 -2,0321951814312236 1,8708814056228922 -0,026525864525282387 3,0636968588402103 -0,9951409055103261 3,9601431673367213 3,0211463945133974 ), 68,27479996549665
( -0,0010690023626003264 3,046612467067236 3,9710447408942637 -0,0005869280999932831 1,9059684372238759 1,9237680391855883 -1,9710780052208892 -0,03967315959871482 1,979046160326555 -2,032493267260923 1,8706838551428928 -0,025817450298383164 3,0633467918014707 -0,9943897347000429 3,960465219875327 3,0217160469760382 ), 68,27497036624383
( -0,002129890892633844 3,0490994036954895 3,9699719654133707 -0,000343812327556711 1,9068720846016043 1,9234426226528436 -1,9719885657942404 -0,03913120616580151 1,977497859018412 -2,0347410159426205 1,8728963731670667 -0,02495951235549914 3,0642151436090397 -0,9964780091954515 3,959988385326784 3,0209244730252465 ), 68,27540685424489
( -0,0016611360251603214 3,0481963553799702 3,970061381592207 -0,002140930446751763 1,9045927419344948 1,9239091657998943 -1,973695515581199 -0,0394848614315358 1,9802907413642576 -2,0350348223112746 1,8743359368651138 -0,024164312778632395 3,065349489401324 -0,9945875806318544 3,9595141640746503 3,0214733633779036 ), 68,27545908824004
( -0,0015150387181890337 3,0466652896271804 3,9707308849955805 -0,0002445801768619951 1,9071225904729647 1,9243984912088656 -1,9706610458527316 -0,042747912570986424 1,9789783965814098 -2,0317325832888837 1,8712519275751407 -0,027899578561874177 3,063877151450039 -0,9957636268711937 3,9606806363596103 3,0209731474303276 ), 68,27558598002062
( -0,0011341640034230605 3,046000241516615 3,97072316554292 -0,0006846100385284844 1,90607299841556 1,9240713541877077 -1,9707158691063436 -0,03997566069984399 1,9792283144264802 -2,0320176103649983 1,8701369900714053 -0,026394260055978253 3,0632686987528843 -0,9945140140903751 3,9602560551515524 3,0213447059006806 ), 68,27567108657088
( -0,000783836918003697 3,0461374330675386 3,970784745878044 -0,001216179892522478 1,9056500953531346 1,923927602859704 -1,971147925242717 -0,04004595814510267 1,9795781712799807 -2,031723601467494 1,8705810640493252 -0,026023853200971593 3,0635427765300385 -0,9943841400976184 3,960250626024077 3,0217252527635963 ), 68,27628494789084
( -0,002171009835929556 3,047446015962449 3,970330111692925 -0,000522568270532832 1,9072178601669225 1,9243943219066584 -1,9713756718216808 -0,04177274958993279 1,9789257158939708 -2,0330701745009776 1,8722408426606045 -0,02719076055228693 3,0647984930691035 -0,9964360443746277 3,960275725776235 3,0208344956184368 ), 68,27629883762042
( -1,8382090077524813E-05 3,04865829537098 3,969659413247879 -0,004833454125649615 1,9035638385780764 1,9239495164760194 -1,9746483641834742 -0,04261684603822308 1,9817421080996458 -2,0309305597778047 1,8768163327972036 -0,02512722027765637 3,0672969365800897 -0,9957432164031457 3,959147687930947 3,022534273313164 ), 68,27709657022092
( -0,0021950039556142636 3,047478356921675 3,9700824756709143 -0,00045677383107106234 1,9073708914246241 1,9243079642928058 -1,9711738665289977 -0,04143144044733733 1,9785599763596564 -2,0330451061759987 1,8719483781263946 -0,027109525207513696 3,0645676339910035 -0,9966728774925234 3,9601333791326017 3,0206616396398536 ), 68,27726168539311
( -0,00041201220394833154 3,0460072708555006 3,9703885659806 -0,001339281093080955 1,9049856916773964 1,9235456894155774 -1,9709445959936527 -0,03805141922885181 1,979106120876355 -2,0317995734890295 1,8698069061390548 -0,02496504477096456 3,0626517690731374 -0,9937242604566126 3,959768933883516 3,0216663958888486 ), 68,27734826561385
( -0,0009583306081851614 3,046167821155635 3,9705775915699855 -0,0007427159401867452 1,9058622325348162 1,923746882414637 -1,9707230492055852 -0,03897525625514324 1,9788605509989012 -2,032195368750386 1,869907153314977 -0,025685401548510477 3,0629032844677333 -0,994377400732106 3,9600827990130196 3,0214481117877687 ), 68,27749545185371
( 0,0008259791241658646 3,044302300119945 3,969590061652823 -0,00291626695892105 1,9031078573223614 1,9239891511930414 -1,9710478936882045 -0,03855738962327685 1,9806592893514177 -2,029690427358358 1,869157447578208 -0,025181849343920686 3,0621228425639466 -0,9923344664560467 3,95905316037515 3,0214055452905577 ), 68,27776448955944
( -0,002154310865402016 3,0478251339871534 3,970229332900965 -0,0010208554443211237 1,907164981454242 1,9245337857421192 -1,971913550202883 -0,04290321486261006 1,9793666739987816 -2,0328317194310466 1,8733377678502057 -0,027485918754931303 3,065608905203553 -0,9969107301886784 3,960260083159317 3,020925963619613 ), 68,27795226305096
( -0,0008790229526376872 3,046068934235642 3,970595532485845 -0,0009246516831118324 1,905768891451952 1,9237771925188873 -1,9707908151585334 -0,03906034492752728 1,9790308721413832 -2,0319919028595206 1,8699116353709226 -0,025717722617478705 3,0630145100137245 -0,994365471288437 3,9600820662819176 3,0215137806186 ), 68,2781126485477
( -0,0016042006989123057 3,046831996839783 3,973268453189579 -0,0017203863575734294 1,9042801506913314 1,9249325698454387 -1,9742051192818006 -0,04336006783647557 1,9837063440487006 -2,0342392159609477 1,8755919195172377 -0,026269342707258475 3,0672782538570464 -0,9924413395711369 3,961492393797224 3,0235140198863766 ), 68,27816808918844
( -1,834674641589524E-05 3,045541949367939 3,970547078138269 -0,001747105814342254 1,9046557349715822 1,9235917548654853 -1,9710638072481474 -0,038557738304040294 1,9796086832228534 -2,0312197578512 1,8696240883664275 -0,02502301465332795 3,0626013432381716 -0,9933808279730587 3,9599071962540253 3,0218890237610445 ), 68,27882515406579
( -0,0015586152496563153 3,0464970264861813 3,9709262002623453 0,00028457304642731597 1,9069750211096261 1,92382516732866 -1,9702037661002296 -0,039384954728019464 1,9781412892530934 -2,032712111568806 1,8696830712449268 -0,02634507887307588 3,0628615223297446 -0,994992757463927 3,9605296780997024 3,0212422917830852 ), 68,27888133693214
( -0,0002184828333352863 3,048726730142481 3,9693711518619126 -0,003798492134191381 1,904277479614032 1,9232346065792107 -1,9736373234311704 -0,03967509624726336 1,979776013137962 -2,031843114689245 1,8745773218442565 -0,023963364809632078 3,065609867641565 -0,995954697426107 3,959015829767311 3,0221286324140557 ), 68,2790886512663
( -0,001537449628174004 3,0468720212186273 3,9715417894764835 -0,0013047049039334505 1,9064504668795712 1,9248888965098196 -1,972088126355966 -0,04478612703050741 1,9811716783698516 -2,0315197010408563 1,873688977151952 -0,02838397112907749 3,0661812604498166 -0,9955206192340701 3,9609860661413956 3,0220398257387386 ), 68,27951977563174
( -0,0010298000277378918 3,046082806964582 3,970268709331273 -0,0006232126392601318 1,9061918660989685 1,9237421334118903 -1,9703361875786936 -0,038816415470340045 1,978439866505689 -2,0319638330631236 1,8694427998226644 -0,025882746290111443 3,062671226196403 -0,9947848777181818 3,9599276982288503 3,021177319423899 ), 68,27953185970799
( -0,0016213913081627022 3,0473185175382085 3,9703257622270405 -0,0007814747304085529 1,9066269713180792 1,9237888450037066 -1,9712868983600533 -0,03994203721647753 1,978626350282081 -2,0329624021043373 1,8714798739768592 -0,025918999868440564 3,064093453345318 -0,9958147651337126 3,960026447045635 3,0213389570000895 ), 68,27961393850354
( -0,0017028155257905206 3,0463465623262795 3,9700973361207814 -0,00015506144093238382 1,906968285387223 1,9240520205171892 -1,970337718420846 -0,0399758079685778 1,978210271179355 -2,032730030838407 1,8698857740760881 -0,02657946582046372 3,0629612443031284 -0,9955414066341698 3,960065773285576 3,0206158043929805 ), 68,27977337698941
( -0,000720879533333044 3,0456011320440624 3,970132347192512 -0,0009183242363983506 1,9051419730819594 1,9235488271955907 -1,9706389787148855 -0,037205273197869836 1,9787243765498763 -2,032695300631362 1,869015306196968 -0,024611297846575897 3,061994908878182 -0,9935294957945211 3,95961160284511 3,0213013911788993 ), 68,27997799712402
( -0,0019242207268455732 3,0476304501086475 3,97039288772109 -0,0002623701103571647 1,9078033706760282 1,9244526574362872 -1,9709837829324446 -0,043820044586700385 1,9786413618077092 -2,0319362740762172 1,872432639043255 -0,028337415851739302 3,064710294327123 -0,9970838629251413 3,960667705210894 3,0207366516469056 ), 68,27999792800486
( -0,0008351860868262428 3,0465044483702366 3,9703838362088586 -0,0009687152354744843 1,9056911988872742 1,9235381762416168 -1,9709512249764634 -0,03856956049862331 1,9786633329060566 -2,0322415817921486 1,8701191592084014 -0,02524393148011529 3,062935185015036 -0,994537631134151 3,9599469537896654 3,0215075684041444 ), 68,28009733824976
( -0,0006926526988705068 3,048151951434302 3,9724733639916674 -0,0021002511744708055 1,9033837852369233 1,9232990977661018 -1,9743336935240083 -0,03864962265715907 1,9816135287479824 -2,034791331773493 1,8747458807651394 -0,02294156180999031 3,0656227761793757 -0,9922243062841987 3,960710721475811 3,02387636900562 ), 68,28014282456655
( -0,0008112950327665038 3,0480517284807966 3,969719034408888 -0,0019222238624950878 1,9051315427227822 1,9231823498737437 -1,9723368429286983 -0,03836028447435177 1,9786833127815875 -2,0330585274966233 1,8723571467124878 -0,024071095740163247 3,063983139626696 -0,9952474191238984 3,9594564119206366 3,0216376996172256 ), 68,28014373380753
( -0,0010036744089115708 3,0460764483013554 3,970557487796646 -0,0004948238638980474 1,905984205665909 1,923596692408133 -1,9704327315242578 -0,03810454387746071 1,978477276626365 -2,032400880103225 1,8692913940367477 -0,02537576571198831 3,0624959053393725 -0,9943023048367613 3,960023407934429 3,021414007322606 ), 68,28015857981725
( -0,002783764608435227 3,0474647247114284 3,970538607441318 0,0010393176059754357 1,9084967478898127 1,9242557776081988 -1,9703739890665877 -0,04145035762157552 1,9775062966466233 -2,03403652469645 1,8709700184696005 -0,027462914818314997 3,063659207118873 -0,996838834082356 3,9607376049953644 3,0203023669506432 ), 68,28036941392132
( -0,000426722388194589 3,0460253329015545 3,9704885179811082 -0,001060025846926725 1,9050565201404057 1,9233287864965147 -1,9708128831626712 -0,037399325571652556 1,9787570199212647 -2,0321892458065727 1,8693936379409213 -0,024540786951801532 3,0622305858066245 -0,9935677174285086 3,9598344224298074 3,0217185708249263 ), 68,28044957136824
( -0,002622618472162524 3,046412301739039 3,9711055401175983 0,0021460495515703074 1,9093566578845262 1,9244606396772876 -1,9686328219690132 -0,04136296055605027 1,9768747061072038 -2,0325638170070857 1,8687891791375417 -0,028780208706531304 3,0625765971564225 -0,9965609381079942 3,9612251235179445 3,020254290640531 ), 68,28048471060252
( -0,00035120275399766346 3,0442676625437235 3,970649076034152 -0,001065712809441167 1,9052754604526778 1,9242435210674882 -1,9700130846032966 -0,04003553676617518 1,9798772295499127 -2,030589777050315 1,868484173232883 -0,026717479624797383 3,0621757101669114 -0,9932583214876981 3,9600635437233263 3,021343195620958 ), 68,28061215671097
( -0,001965843123980492 3,042847551107278 3,9721702664101683 -0,0005520651543130146 1,90541094140072 1,9264788158518533 -1,9709348436032919 -0,04491046466363507 1,9835638263507334 -2,0318487477442453 1,8707180456249517 -0,02997547018471371 3,064937427757141 -0,992131305011232 3,9610963467664266 3,0211427086491156 ), 68,28067797482096
( -0,0009436469804337802 3,0466612942160483 3,9695412594138597 -0,0009956048289494488 1,906791121810415 1,923925208047048 -1,9703300544070568 -0,040684132812688685 1,9780541483224585 -2,030757144116193 1,870123059373086 -0,026981459277806687 3,063158775239158 -0,9962966686454183 3,959840084483995 3,020631902349739 ), 68,28083550689037
( -0,0020674505657237944 3,0470950832050687 3,9718643215610734 -0,00023154008303514454 1,9065222512038758 1,9239928039380723 -1,9717067342305097 -0,0400165296111107 1,9797916927446806 -2,0341789665944083 1,8719128344934024 -0,025838243377693516 3,0647813746479518 -0,9945827355375025 3,960774596062714 3,0222425564060496 ), 68,28114198698624
( -0,0027491808111127945 3,0489877284012254 3,969688693779442 -0,0007135018226665471 1,907743491786789 1,9242688136155104 -1,9721920444267158 -0,04227517945672746 1,9783854823070177 -2,034203975179204 1,8740702822877828 -0,02686026580312334 3,0657475685858233 -0,997928907324143 3,959990186558359 3,020494569035031 ), 68,28140349092928
( -0,0025466376052858493 3,047300609102166 3,9711302187987654 0,0009438558059301752 1,9077121867936246 1,9238387649321256 -1,9706054060388412 -0,03915549601843834 1,977806391605851 -2,0346534383669606 1,8705180102774093 -0,02604030018018011 3,063478116428265 -0,9955983398559006 3,960708192233791 3,0211404956636287 ), 68,28155480535288
( -0,0014098221919939243 3,0467684035450344 3,970562378327733 -0,0005513954041978871 1,9066236768540314 1,9236997866294328 -1,9707777884012077 -0,03945681887166942 1,978503111889794 -2,0325470106634898 1,8704659461221627 -0,025931222815400314 3,0635068097239233 -0,9953887416658438 3,9601368235107364 3,0214813905088937 ), 68,28208046030367
( -0,0009875962222184714 3,0463236072412285 3,9700438089541525 -0,000650765457207038 1,906270252844429 1,9235683314127248 -1,970323025975163 -0,03840923033520079 1,9780347824650901 -2,031967967031687 1,8693373134511455 -0,025615700430506254 3,06253202989603 -0,9950938712831388 3,9598316733299384 3,0210974352845703 ), 68,28212094827663
( -0,002750109165616672 3,0485330688085956 3,9696789227198153 -0,0010312723406979514 1,9076947893283094 1,924736537035296 -1,9722044073430416 -0,04344714642120094 1,9791107077462617 -2,033420595857702 1,874261477609233 -0,027813301742907207 3,066308587891765 -0,9980020637982938 3,9600158505126357 3,020384706931009 ), 68,28212774185032
( -0,0006122195320956878 3,0443715309695354 3,971160075642647 -0,0003649615258660237 1,9060927493288995 1,9243009371620237 -1,9695173137717723 -0,04035374765819107 1,9794957219876983 -2,030360393628634 1,868070318408855 -0,027398982137798154 3,062244305943861 -0,9936639502769052 3,960569216149991 3,021432863143993 ), 68,2828601229347
( -0,0027526331418103816 3,0489642412579143 3,9697403077223314 -0,0006714821140995488 1,907900941438419 1,9243163701247978 -1,9720592275814284 -0,042405483982179075 1,9783833233622194 -2,0338326094901538 1,8739790732145094 -0,027159415782456727 3,0659209673554124 -0,9981115433777396 3,9600841448146205 3,020552137998191 ), 68,28313579980973
( -0,001613007007248122 3,048431652027028 3,9709677169118236 -0,0015783487890752676 1,9066316843914344 1,9240058115483782 -1,9725833651324565 -0,04289292131435606 1,9800053778954523 -2,032381350973371 1,8744341856906914 -0,026713750877502183 3,0663770385202747 -0,9966572404974103 3,9604991883307794 3,0223049521416887 ), 68,28346745978922
( -0,0018621256360979734 3,0471601300753886 3,9703969831003274 -0,001350728640856152 1,9067243049171323 1,924356569219032 -1,9716994569040482 -0,041576267519332924 1,9797385225766566 -2,0324243379702978 1,8723476645544395 -0,02696613336207668 3,0654035337406236 -0,9962598656323913 3,9600437070297807 3,0213641891586063 ), 68,28374600105273
( 0,001584994534185426 3,04644029334084 3,971178903965543 -0,0055495336837829215 1,8999030499467153 1,9244217287862333 -1,9758427580071354 -0,04302987995588512 1,9852284035227734 -2,0308520348097314 1,876856598935607 -0,024267999230220418 3,066435310918073 -0,9904239376136642 3,9598379796933907 3,023775073887762 ), 68,2837464494774
( -0,0023341498468944883 3,0458614717100785 3,973176450826795 0,0011190409043458339 1,9072504485769044 1,9244494906518685 -1,970870134775259 -0,04148388994089921 1,9800891651895665 -2,0342201022383564 1,8706064253286783 -0,027140783530984102 3,064146954340244 -0,993734387561996 3,9619629655784423 3,0223801315282652 ), 68,28380850062231
( -0,0027402470666467657 3,0479175195605435 3,9703189408666457 3,225262784190314E-05 1,9082462320907347 1,924180816753278 -1,971007695424926 -0,04109469598936969 1,9780081672894472 -2,0336588089239185 1,8718899218106115 -0,02711296865788898 3,0648684302911837 -0,9974533306303799 3,960316757923218 3,0207294653877943 ), 68,28409433305944
( -0,002711284985487205 3,047670868408182 3,9700925377984997 -0,00020438106522985972 1,9082792013817962 1,9246786973797276 -1,971042859021468 -0,0428781851193607 1,97852339958885 -2,032892512516309 1,872339186793868 -0,028242398587483543 3,065288817388521 -0,9977229038889313 3,9603543871629077 3,0204093145840827 ), 68,28432598310994
( -0,0005988519665320927 3,045569083597694 3,9706030525502443 -0,0008359970163908095 1,9056931053229025 1,923548973238793 -1,9702507121889932 -0,03806150976257102 1,9787503132397288 -2,0315598736049845 1,8687638889845162 -0,02542486247439822 3,0623298410810613 -0,9940228112353492 3,9599711361617915 3,021648354940606 ), 68,28474722802298
( -0,00203356949342941 3,0468686317775724 3,9697405674178756 -0,0003397963735178007 1,907368056072017 1,9239415413117336 -1,9704899924578283 -0,03935220582027835 1,97785478272544 -2,0330615076998924 1,8701715683560833 -0,0262705722466358 3,0635017933668482 -0,9964467618141535 3,9597754976536925 3,0205706115397146 ), 68,28488123169127
( -0,0014037468889142053 3,0463142346543095 3,9702831580284705 -0,0011369442468931435 1,906747229104964 1,9241381943395637 -1,9707732910793876 -0,0406083648697309 1,9791295687735775 -2,031539886714651 1,8705165508404586 -0,026866748836569903 3,064172569086993 -0,9959504061900479 3,9600015946273346 3,02128356003014 ), 68,28527508889712
( 1,1362071420513157E-05 3,045114101611066 3,9708185234754763 -0,0013271835824106568 1,9049684774995983 1,923473219126433 -1,9703994063575232 -0,038000548058374814 1,9793262171469364 -2,0308474273230566 1,868556361589812 -0,025162460533181715 3,062152093226644 -0,9932574921205739 3,960020078693203 3,0220596634614325 ), 68,28594911213816
( -0,00247490906023086 3,052270938797259 3,9690500726889613 -0,0016207453019424973 1,9060390680697055 1,9231331746703093 -1,9748898769409786 -0,040197866127797535 1,9777150436494026 -2,036950649103833 1,8779240928444352 -0,023434018296670456 3,066465417349933 -0,9977741541355575 3,959567047674111 3,02088763414891 ), 68,28650092482637
( -0,00041401268494192735 3,046123768872191 3,9703695548826397 -0,0024453161889652192 1,9055456122996026 1,924027683511122 -1,9715108196432436 -0,04130672921641944 1,9803028861805336 -2,0302143357119933 1,8713362281204462 -0,026544195364143243 3,0646956919641473 -0,9953289771868029 3,9598760958679224 3,022076235023966 ), 68,28699151746446
( -0,003367932844435273 3,0484351353121393 3,9706730048441057 -0,00044461009242982325 1,9082653969811425 1,92531922733192 -1,9724403894936342 -0,045666693319359186 1,980020725322066 -2,033981092767902 1,8752080101851694 -0,029043162883637542 3,0672559069975387 -0,9979120705905338 3,9608032983238526 3,020632566144415 ), 68,2871222816407
( -0,0016279653522151072 3,046088915403121 3,9705861894220975 -0,00080150045034776 1,9073551535040332 1,9245214460746654 -1,970454241732758 -0,04220703676402442 1,9793788211001109 -2,0310242366055102 1,8705898693329752 -0,02810148254747497 3,064529820458958 -0,9963144520649343 3,9603537805409412 3,021200664380699 ), 68,28747842590691
( -0,0020305810529055502 3,0473681963732915 3,970370091821639 -0,0007731797799282812 1,9075677538923232 1,924072346630326 -1,9710938908657103 -0,04106909551624333 1,9787155608499463 -2,0324054961643903 1,8716068615726777 -0,026959593668744865 3,0649964809138397 -0,9970252991952003 3,9601705331996526 3,0213331259548966 ), 68,28833405284885
( -0,0027964195945508062 3,0480543777382545 3,9700401344178187 -0,0008803624397238644 1,9081920704786337 1,9249012385966795 -1,9717767448651937 -0,0441265358975892 1,9792881511511213 -2,0327374965789495 1,8737078046396094 -0,02856683278151194 3,066481116006597 -0,9982497470658097 3,960301015681181 3,020579941285774 ), 68,28853059153633
( -0,001067220545671583 3,0462532225909578 3,9701530415787336 -0,0033673664669001792 1,904653985717211 1,9244150135919218 -1,9730550222691898 -0,04043375258596391 1,9815376729833063 -2,0324184648118204 1,8727183409233727 -0,025393862992694572 3,0659234482653375 -0,9948888646965743 3,959467676347255 3,022036654476348 ), 68,28932227208404
( -0,0002522205644229032 3,046882533432245 3,9708452479205913 -0,001297393491683347 1,9045924746196286 1,9226083069169408 -1,9714486305093466 -0,03564440842064777 1,978590895612388 -2,0330430641568 1,8699928162061112 -0,022878163070888607 3,0624402912920465 -0,9932705592610039 3,9597604076752146 3,022600418537858 ), 68,29011105158146
( -0,00018642070675975393 3,0469399277288693 3,9709123177789523 -0,0012899938052275068 1,9044084936344348 1,9225279546890324 -1,9715437056666882 -0,03535644552049849 1,9785926493149917 -2,0332197420269127 1,870034076527264 -0,022607393167694365 3,062331726378215 -0,9930251552438295 3,9597726258453 3,0226763016178566 ), 68,29023351101904
( -0,003728005524801275 3,0509837326479503 3,9693116264555215 -0,0012366678477438956 1,9077619909607195 1,9246955989220698 -1,9742030976890799 -0,044431093193507284 1,9790573180199549 -2,0362486595513545 1,8780825043168432 -0,02694638167012686 3,0680423441164035 -0,9991013279803713 3,9598931483232565 3,020156314263138 ), 68,2912905249661
( -0,0028891633578979007 3,0469491929323183 3,9716759735836633 0,00036569537193380795 1,908686189150392 1,9250932290168412 -1,9708699486795114 -0,04493706570653667 1,9797763423160957 -2,032556519960461 1,8724786605157784 -0,029542128438778615 3,0659795626501434 -0,9970202108877667 3,9613549117627254 3,021286939138565 ), 68,29179364098215
( -0,001505168974437056 3,0463384575975585 3,9692846736183225 -0,0005206959929534177 1,9078117969544952 1,9239412627457975 -1,969525690753402 -0,0399414323690145 1,9773131892587488 -2,0309126498679073 1,868910833409279 -0,02728927315480915 3,06297177757637 -0,9971826173088021 3,959656596406037 3,0203075335069256 ), 68,29348086040031
( 0,000747530039143786 3,0465584375910746 3,96949086482277 -0,0013780655193655034 1,9027636477027081 1,922015845418292 -1,9713376333957149 -0,032235613140765576 1,9775533728921282 -2,033581943601447 1,8685436973885736 -0,020646712363493164 3,059835851151159 -0,9913962920009983 3,958927381195997 3,021805114843567 ), 68,29761726677904
( -0,00192936598504099 3,049069621899906 3,972424838586736 0,0017369104772856298 1,9052868075993203 1,921827567431462 -1,9720077135283203 -0,03199509993294753 1,976478336572869 -2,0389839288933422 1,8708692854809583 -0,020270644158935244 3,0614165213078395 -0,9919792066459655 3,9608937535427984 3,0227405680675776 ), 68,29878403727797
( 0,001690253755743337 3,04302695779808 3,97077277862357 -0,002535315992153009 1,9038519577370325 1,9237282204048254 -1,9694090651620533 -0,03901472182258299 1,9804756919755906 -2,026712952641973 1,866651952411792 -0,026449684584505213 3,0613988718679868 -0,9922198975798031 3,959850154161456 3,0224179201039294 ), 68,30254947193572
( -0,00212877982170035 3,04570014748151 3,9697808595376203 -0,0006311551598971681 1,9087275299749769 1,9249746228004796 -1,9694992310244168 -0,043362398277035336 1,978761218608539 -2,029992678013495 1,8696971201382961 -0,02972021369446089 3,0647043260282816 -0,9980944481024028 3,9601065095153793 3,0202861354729573 ), 68,30280007228862
( -0,001459705752652786 3,0450810759319062 3,970586914096436 -0,0005982929391572867 1,9081514201565364 1,924633539746934 -1,9692212010277863 -0,04251818224411035 1,979074770040591 -2,0293252294748902 1,8687852618552274 -0,029209553527828648 3,064113002839397 -0,9968858205810145 3,9604384408990585 3,021172893527827 ), 68,302892058348
( -0,004108356237519164 3,048900322939977 3,9713105372693187 0,0005219298872278834 1,9098677405134383 1,9255833908006932 -1,9718897379370974 -0,047319492489499494 1,9795448614501856 -2,033880830865082 1,875410374485778 -0,030556649504394733 3,0679196659566763 -0,9991848797199284 3,9614718551736203 3,0205589703533624 ), 68,30290391165866
( 0,0006964359006624705 3,044518142502482 3,9709087344668226 -0,000702077051885333 1,9038182657795633 1,92240753748095 -1,9696493857942103 -0,03289140089747858 1,978107431761043 -2,031887437858613 1,8659157994753315 -0,022376969895741745 3,059518669851474 -0,9910412242861149 3,959627867551898 3,022373961650303 ), 68,30750397973641
( -0,004013181879522484 3,0507917889367238 3,9737275962624543 -0,0007962636781815425 1,9075184057555452 1,9256485778711594 -1,9759300552639778 -0,049240722386689195 1,9832629666729749 -2,03641609511354 1,8814020698369467 -0,028839871444253394 3,0715646461221566 -0,9969880632567324 3,9626419711195484 3,023293364169155 ), 68,3209883320488
( -0,006798343663713957 3,05043729996425 3,9746236060161277 0,00511183824906515 1,9130561357313836 1,9259648237998477 -1,9714952259145413 -0,04963664918334565 1,9784308598160645 -2,038693072545208 1,8767423903057239 -0,032133173032293134 3,068403436869182 -0,999128939809411 3,964335644391422 3,0209487458237354 ), 68,33641251723007
Liczba wywołań funkcji celu: 5527
